-99.6247 0.352499
-98.4796 0.357736
-97.3345 0.363106
-96.1894 0.368598
-95.0442 0.374191
-93.8991 0.379841
-92.754 0.385484
-91.6089 0.391099
-90.4638 0.396702
-89.3187 0.402369
-88.1736 0.408211
-87.0285 0.414315
-85.8834 0.42077
-84.7382 0.427647
-83.5931 0.435
-82.448 0.442832
-81.3029 0.451123
-80.1578 0.459894
-79.0127 0.469164
-77.8676 0.478906
-76.7225 0.489065
-75.5774 0.499571
-74.4322 0.510293
-73.2871 0.521046
-72.142 0.531622
-70.9969 0.541791
-69.8518 0.55131
-68.7067 0.560034
-67.5616 0.567934
-66.4165 0.575056
-65.2714 0.581513
-64.1262 0.587492
-62.9811 0.593231
-61.836 0.598949
-60.6909 0.604823
-59.5458 0.611039
-58.4007 0.617758
-57.2556 0.625072
-56.1105 0.632974
-54.9653 0.641437
-53.8202 0.650425
-52.6751 0.659862
-51.53 0.66965
-50.3849 0.679664
-49.2398 0.689794
-48.0947 0.69994
-46.9496 0.709991
-45.8045 0.71985
-44.6593 0.729418
-43.5142 0.738577
-42.3691 0.747195
-41.224 0.755184
-40.0789 0.762486
-38.9338 0.769036
-37.7887 0.774809
-36.6436 0.779834
-35.4985 0.78446
-34.3533 0.788543
-33.2082 0.79223
-32.0631 0.795711
-30.918 0.799166
-29.7729 0.802671
-28.6278 0.806281
-27.4827 0.810069
-26.3376 0.814112
-25.1925 0.818493
-24.0473 0.823277
-22.9022 0.828541
-21.7571 0.834354
-20.612 0.840779
-19.4669 0.847906
-18.3218 0.85584
-17.1767 0.86473
-16.0316 0.874713
-14.8864 0.8859
-13.7413 0.898339
-12.5962 0.9119
-11.4511 0.926336
-10.306 0.941127
-9.16089 0.955443
-8.01578 0.9683
-6.87067 0.978684
-5.72556 0.985723
-4.58045 0.98876
-3.43533 0.987528
-2.29022 0.982192
-1.14511 0.973276
0 0.961325
1.14511 0.947667
2.29022 0.933203
3.43533 0.918457
4.58045 0.904266
5.72556 0.891011
6.87067 0.878845
8.01578 0.867809
9.16089 0.85792
10.306 0.849092
11.4511 0.841164
12.5962 0.833998
13.7413 0.827484
14.8864 0.821538
16.0316 0.816036
17.1767 0.810918
18.3218 0.806124
19.4669 0.801589
20.612 0.797238
21.7571 0.793358
22.9022 0.789719
24.0473 0.785943
25.1925 0.781893
26.3376 0.777431
27.4827 0.772474
28.6278 0.766848
29.7729 0.760472
30.918 0.753498
32.0631 0.745766
33.2082 0.737266
34.3533 0.728113
35.4985 0.718407
36.6436 0.708351
37.7887 0.697959
38.9338 0.687393
40.0789 0.676721
41.224 0.666011
42.3691 0.655357
43.5142 0.644789
44.6593 0.634367
45.8045 0.624163
46.9496 0.61428
48.0947 0.604834
49.2398 0.595908
50.3849 0.587581
51.53 0.579832
52.6751 0.572591
53.8202 0.565736
54.9653 0.559086
56.1105 0.55244
57.2556 0.545606
58.4007 0.53839
59.5458 0.530652
60.6909 0.522339
61.836 0.51352
62.9811 0.504288
64.1262 0.494803
65.2714 0.485146
66.4165 0.475527
67.5616 0.466143
68.7067 0.457089
69.8518 0.448398
70.9969 0.440073
72.142 0.432098
73.2871 0.424437
74.4322 0.417102
75.5774 0.410073
76.7225 0.403353
77.8676 0.396913
79.0127 0.390775
80.1578 0.384914
81.3029 0.37931
82.448 0.373916
83.5931 0.3687
84.7382 0.36368
85.8834 0.35883
87.0285 0.354154
88.1736 0.349642
89.3187 0.345256
90.4638 0.340915
91.6089 0.336557
92.754 0.33206
93.8991 0.327338
95.0442 0.322275
96.1894 0.316785
97.3345 0.3108
98.4796 0.304314
