-99.6247 0.00892796
-98.4796 0.0116556
-97.3345 0.0146227
-96.1894 0.0178295
-95.0442 0.0213021
-93.8991 0.0250246
-92.754 0.0289199
-91.6089 0.0328618
-90.4638 0.0367011
-89.3187 0.0402919
-88.1736 0.043484
-87.0285 0.0463051
-85.8834 0.0487994
-84.7382 0.050847
-83.5931 0.0523226
-82.448 0.0534354
-81.3029 0.0544674
-80.1578 0.0554713
-79.0127 0.0564912
-77.8676 0.0575945
-76.7225 0.0588755
-75.5774 0.0604606
-74.4322 0.0624281
-73.2871 0.0647532
-72.142 0.0674397
-70.9969 0.0705378
-69.8518 0.0740502
-68.7067 0.0779577
-67.5616 0.0822358
-66.4165 0.0868666
-65.2714 0.0918434
-64.1262 0.0971478
-62.9811 0.102788
-61.836 0.108767
-60.6909 0.11503
-59.5458 0.121512
-58.4007 0.128174
-57.2556 0.134998
-56.1105 0.141946
-54.9653 0.148953
-53.8202 0.155979
-52.6751 0.163047
-51.53 0.170174
-50.3849 0.177235
-49.2398 0.184101
-48.0947 0.190685
-46.9496 0.196901
-45.8045 0.202703
-44.6593 0.208024
-43.5142 0.212882
-42.3691 0.217341
-41.224 0.221507
-40.0789 0.225543
-38.9338 0.229665
-37.7887 0.234072
-36.6436 0.238795
-35.4985 0.243829
-34.3533 0.249324
-33.2082 0.255395
-32.0631 0.261892
-30.918 0.268637
-29.7729 0.275513
-28.6278 0.282437
-27.4827 0.289266
-26.3376 0.295829
-25.1925 0.301993
-24.0473 0.307696
-22.9022 0.313136
-21.7571 0.318574
-20.612 0.324076
-19.4669 0.329612
-18.3218 0.335251
-17.1767 0.341081
-16.0316 0.347162
-14.8864 0.353442
-13.7413 0.35977
-12.5962 0.366075
-11.4511 0.372252
-10.306 0.37822
-9.16089 0.384026
-8.01578 0.389729
-6.87067 0.395421
-5.72556 0.401274
-4.58045 0.407429
-3.43533 0.414042
-2.29022 0.421144
-1.14511 0.428725
0 0.437367
1.14511 0.446271
2.29022 0.455579
3.43533 0.465128
4.58045 0.47478
5.72556 0.484442
6.87067 0.494019
8.01578 0.503353
9.16089 0.512297
10.306 0.520812
11.4511 0.528932
12.5962 0.536697
13.7413 0.544189
14.8864 0.551504
16.0316 0.558721
17.1767 0.565961
18.3218 0.573377
19.4669 0.581124
20.612 0.589255
21.7571 0.597765
22.9022 0.606708
24.0473 0.616105
25.1925 0.625911
26.3376 0.636004
27.4827 0.646327
28.6278 0.656831
29.7729 0.667327
30.918 0.677679
32.0631 0.687791
33.2082 0.697567
34.3533 0.706776
35.4985 0.715255
36.6436 0.723033
37.7887 0.730122
38.9338 0.736616
40.0789 0.742521
41.224 0.747811
42.3691 0.752645
43.5142 0.757226
44.6593 0.761656
45.8045 0.766037
46.9496 0.770491
48.0947 0.775104
49.2398 0.779791
50.3849 0.784813
51.53 0.790758
52.6751 0.797083
53.8202 0.80383
54.9653 0.81103
56.1105 0.818743
57.2556 0.826998
58.4007 0.835787
59.5458 0.845149
60.6909 0.855284
61.836 0.866467
62.9811 0.878729
64.1262 0.891989
65.2714 0.905974
66.4165 0.920247
67.5616 0.934168
68.7067 0.946946
69.8518 0.957713
70.9969 0.96562
72.142 0.970011
73.2871 0.970535
74.4322 0.96717
75.5774 0.960286
76.7225 0.950546
77.8676 0.938669
79.0127 0.925683
80.1578 0.912468
81.3029 0.899708
82.448 0.887838
83.5931 0.877098
84.7382 0.867563
85.8834 0.859182
87.0285 0.851846
88.1736 0.845406
89.3187 0.839636
90.4638 0.834332
91.6089 0.829395
92.754 0.824731
93.8991 0.820228
95.0442 0.815824
96.1894 0.811505
97.3345 0.807294
98.4796 0.803168
