-99.6247 0.151702
-98.4796 0.158352
-97.3345 0.165139
-96.1894 0.172026
-95.0442 0.178981
-93.8991 0.185989
-92.754 0.193013
-91.6089 0.200044
-90.4638 0.20704
-89.3187 0.213926
-88.1736 0.2206
-87.0285 0.22689
-85.8834 0.232763
-84.7382 0.238199
-83.5931 0.243223
-82.448 0.247905
-81.3029 0.252393
-80.1578 0.256889
-79.0127 0.261509
-77.8676 0.26637
-76.7225 0.271548
-75.5774 0.277085
-74.4322 0.282956
-73.2871 0.289075
-72.142 0.29534
-70.9969 0.301657
-69.8518 0.307886
-68.7067 0.313916
-67.5616 0.319742
-66.4165 0.3254
-65.2714 0.330918
-64.1262 0.336361
-62.9811 0.341834
-61.836 0.34744
-60.6909 0.353253
-59.5458 0.359261
-58.4007 0.365422
-57.2556 0.371699
-56.1105 0.378034
-54.9653 0.384345
-53.8202 0.390601
-52.6751 0.396823
-51.53 0.40303
-50.3849 0.409262
-49.2398 0.415584
-48.0947 0.4221
-46.9496 0.428864
-45.8045 0.435905
-44.6593 0.443258
-43.5142 0.450926
-42.3691 0.458942
-41.224 0.467342
-40.0789 0.476122
-38.9338 0.485245
-37.7887 0.494631
-36.6436 0.504147
-35.4985 0.513649
-34.3533 0.523
-33.2082 0.532101
-32.0631 0.540877
-30.918 0.549259
-29.7729 0.55726
-28.6278 0.564956
-27.4827 0.572452
-26.3376 0.579812
-25.1925 0.587157
-24.0473 0.594598
-22.9022 0.602229
-21.7571 0.61013
-20.612 0.618338
-19.4669 0.626909
-18.3218 0.635861
-17.1767 0.645171
-16.0316 0.654772
-14.8864 0.664612
-13.7413 0.6746
-12.5962 0.684608
-11.4511 0.694534
-10.306 0.704267
-9.16089 0.713693
-8.01578 0.722712
-6.87067 0.73122
-5.72556 0.739154
-4.58045 0.746473
-3.43533 0.753159
-2.29022 0.759247
-1.14511 0.764819
0 0.770352
1.14511 0.775226
2.29022 0.779906
3.43533 0.784489
4.58045 0.789067
5.72556 0.793684
6.87067 0.798379
8.01578 0.803282
9.16089 0.808492
10.306 0.814013
11.4511 0.819845
12.5962 0.826014
13.7413 0.832526
14.8864 0.839425
16.0316 0.846748
17.1767 0.854594
18.3218 0.863143
19.4669 0.872627
20.612 0.883184
21.7571 0.894855
22.9022 0.907602
24.0473 0.921195
25.1925 0.935148
26.3376 0.948744
27.4827 0.961098
28.6278 0.971326
29.7729 0.978607
30.918 0.982313
32.0631 0.982083
33.2082 0.97799
34.3533 0.970425
35.4985 0.960115
36.6436 0.947885
37.7887 0.934769
38.9338 0.921531
40.0789 0.908795
41.224 0.896943
42.3691 0.886164
43.5142 0.876482
44.6593 0.867778
45.8045 0.8599
46.9496 0.852684
48.0947 0.846018
49.2398 0.839806
50.3849 0.833794
51.53 0.828144
52.6751 0.823431
53.8202 0.819018
54.9653 0.814953
56.1105 0.811202
57.2556 0.807711
58.4007 0.804375
59.5458 0.800973
60.6909 0.797318
61.836 0.793289
62.9811 0.788881
64.1262 0.783974
65.2714 0.778411
66.4165 0.772276
67.5616 0.765653
68.7067 0.758618
69.8518 0.751284
70.9969 0.743706
72.142 0.73592
73.2871 0.727963
74.4322 0.719822
75.5774 0.711483
76.7225 0.702985
77.8676 0.694315
79.0127 0.68541
80.1578 0.676463
81.3029 0.667724
82.448 0.659275
83.5931 0.651215
84.7382 0.643596
85.8834 0.636423
87.0285 0.629632
88.1736 0.62315
89.3187 0.616819
90.4638 0.610465
91.6089 0.603937
92.754 0.597152
93.8991 0.590022
95.0442 0.582492
96.1894 0.574602
97.3345 0.566416
98.4796 0.55801
