-99.6247 0.00976751
-98.4796 0.0123885
-97.3345 0.0153609
-96.1894 0.0187771
-95.0443 0.0226062
-93.8991 0.0265651
-92.754 0.0305704
-91.6089 0.0347468
-90.4638 0.0388215
-89.3187 0.0422682
-88.1736 0.0451307
-87.0285 0.0476929
-85.8834 0.0498956
-84.7382 0.0517255
-83.5931 0.0532595
-82.448 0.0545932
-81.3029 0.0559658
-80.1578 0.0575225
-79.0127 0.0590843
-77.8676 0.0605294
-76.7225 0.0620613
-75.5774 0.063777
-74.4322 0.0656487
-73.2871 0.0677641
-72.142 0.0702329
-70.9969 0.0731331
-69.8518 0.0764471
-68.7067 0.0801366
-67.5616 0.0842092
-66.4165 0.0886859
-65.2714 0.0935038
-64.1262 0.0985868
-62.9811 0.104016
-61.836 0.109846
-60.6909 0.115928
-59.5458 0.122115
-58.4007 0.128455
-57.2556 0.135076
-56.1105 0.141903
-54.9654 0.148693
-53.8202 0.155468
-52.6751 0.16246
-51.53 0.169579
-50.3849 0.176607
-49.2398 0.183463
-48.0947 0.190131
-46.9496 0.196578
-45.8045 0.202699
-44.6593 0.208377
-43.5142 0.213549
-42.3691 0.218375
-41.224 0.222969
-40.0789 0.227373
-38.9338 0.231725
-37.7887 0.236214
-36.6436 0.240968
-35.4985 0.246107
-34.3533 0.251784
-33.2082 0.257922
-32.0631 0.264392
-30.918 0.271095
-29.7729 0.277868
-28.6278 0.28456
-27.4827 0.291065
-26.3376 0.297283
-25.1925 0.30321
-24.0473 0.308999
-22.9022 0.314739
-21.7571 0.320373
-20.612 0.325856
-19.4669 0.331392
-18.3218 0.33718
-17.1767 0.343223
-16.0316 0.349472
-14.8864 0.355816
-13.7413 0.362157
-12.5962 0.368481
-11.4511 0.374744
-10.306 0.38087
-9.16089 0.386852
-8.01578 0.392801
-6.87067 0.398828
-5.72556 0.40495
-4.58045 0.411228
-3.43533 0.417777
-2.29022 0.424744
-1.14511 0.432244
0 0.440798
1.14511 0.44943
2.29022 0.458397
3.43533 0.467656
4.58045 0.47712
5.72556 0.486618
6.87067 0.496014
8.01578 0.505182
9.16089 0.513956
10.306 0.522228
11.4511 0.530009
12.5962 0.537339
13.7413 0.544274
14.8864 0.550986
16.0316 0.557664
17.1767 0.564421
18.3218 0.571418
19.4669 0.578742
20.612 0.586433
21.7571 0.594598
22.9022 0.603253
24.0473 0.612376
25.1925 0.621923
26.3376 0.631738
27.4827 0.641669
28.6278 0.651673
29.7729 0.661687
30.918 0.671688
32.0631 0.681651
33.2082 0.691423
34.3533 0.700897
35.4985 0.710001
36.6436 0.718614
37.7887 0.726634
38.9338 0.73396
40.0789 0.740556
41.224 0.746487
42.3691 0.751792
43.5142 0.756548
44.6593 0.760942
45.8045 0.765196
46.9496 0.769457
48.0947 0.773816
49.2398 0.778346
50.3849 0.782932
51.53 0.787825
52.6751 0.793732
53.8202 0.800107
54.9654 0.806938
56.1105 0.814244
57.2556 0.822062
58.4007 0.830465
59.5458 0.839475
60.6909 0.849179
61.836 0.859735
62.9811 0.871372
64.1262 0.884103
65.2714 0.8977
66.4165 0.911877
67.5616 0.926102
68.7067 0.939638
69.8518 0.95163
70.9969 0.961172
72.142 0.967448
73.2871 0.969964
74.4322 0.96858
75.5774 0.963453
76.7225 0.955212
77.8676 0.94452
79.0127 0.93228
80.1578 0.919385
81.3029 0.906744
82.448 0.894851
83.5931 0.884018
84.7382 0.874352
85.8834 0.86581
87.0285 0.858246
88.1736 0.851509
89.3187 0.845429
90.4638 0.839854
91.6089 0.834639
92.754 0.829733
93.8991 0.825091
95.0443 0.820665
96.1894 0.816419
97.3345 0.812339
98.4796 0.808353
