-99.6247 0.00425848
-98.4796 0.00664517
-97.3345 0.00932205
-96.1894 0.0125371
-95.0442 0.0162218
-93.8991 0.0201119
-92.754 0.0240536
-91.6089 0.0278067
-90.4638 0.0312505
-89.3187 0.0343282
-88.1736 0.0370181
-87.0285 0.0394567
-85.8834 0.0415741
-84.7382 0.0433684
-83.5931 0.0449628
-82.448 0.0464011
-81.3029 0.0477925
-80.1578 0.0492494
-79.0127 0.0507979
-77.8676 0.0523591
-76.7225 0.0539534
-75.5774 0.0557577
-74.4322 0.0578851
-73.2871 0.0603591
-72.142 0.0631914
-70.9969 0.0663854
-69.8518 0.0699267
-68.7067 0.0738732
-67.5616 0.0782376
-66.4165 0.0829958
-65.2714 0.0881419
-64.1262 0.0935988
-62.9811 0.0992982
-61.836 0.105198
-60.6909 0.111209
-59.5458 0.117233
-58.4007 0.123402
-57.2556 0.12992
-56.1105 0.136615
-54.9653 0.143254
-53.8202 0.149888
-52.6751 0.156636
-51.53 0.163489
-50.3849 0.170376
-49.2398 0.177182
-48.0947 0.183861
-46.9496 0.190402
-45.8045 0.196716
-44.6593 0.202676
-43.5142 0.208152
-42.3691 0.213183
-41.224 0.217854
-40.0789 0.222293
-38.9338 0.226662
-37.7887 0.231077
-36.6436 0.235683
-35.4985 0.240763
-34.3533 0.24655
-33.2082 0.252872
-32.0631 0.259468
-30.918 0.266193
-29.7729 0.272971
-28.6278 0.279664
-27.4827 0.286012
-26.3376 0.29199
-25.1925 0.29774
-24.0473 0.303228
-22.9022 0.308388
-21.7571 0.313406
-20.612 0.318561
-19.4669 0.323985
-18.3218 0.32978
-17.1767 0.335907
-16.0316 0.342211
-14.8864 0.348665
-13.7413 0.35522
-12.5962 0.361735
-11.4511 0.368142
-10.306 0.374487
-9.16089 0.380752
-8.01578 0.386903
-6.87067 0.393048
-5.72556 0.399316
-4.58045 0.405849
-3.43533 0.412721
-2.29022 0.419972
-1.14511 0.42768
0 0.436356
1.14511 0.444973
2.29022 0.453888
3.43533 0.463097
4.58045 0.472485
5.72556 0.481872
6.87067 0.491132
8.01578 0.500191
9.16089 0.50898
10.306 0.517404
11.4511 0.525383
12.5962 0.532923
13.7413 0.540092
14.8864 0.547001
16.0316 0.553739
17.1767 0.560402
18.3218 0.567163
19.4669 0.574158
20.612 0.58147
21.7571 0.589096
22.9022 0.59707
24.0473 0.605536
25.1925 0.61452
26.3376 0.623952
27.4827 0.633729
28.6278 0.643773
29.7729 0.654031
30.918 0.664375
32.0631 0.674689
33.2082 0.684706
34.3533 0.694235
35.4985 0.703388
36.6436 0.712088
37.7887 0.720112
38.9338 0.727392
40.0789 0.733921
41.224 0.739775
42.3691 0.745174
43.5142 0.750254
44.6593 0.75503
45.8045 0.759676
46.9496 0.764371
48.0947 0.769193
49.2398 0.774168
50.3849 0.779122
51.53 0.784337
52.6751 0.790554
53.8202 0.797122
54.9653 0.804053
56.1105 0.811367
57.2556 0.819136
58.4007 0.827421
59.5458 0.836237
60.6909 0.845675
61.836 0.855867
62.9811 0.867063
64.1262 0.879332
65.2714 0.892495
66.4165 0.90635
67.5616 0.920434
68.7067 0.934051
69.8518 0.946371
70.9969 0.956509
72.142 0.963605
73.2871 0.967063
74.4322 0.9666
75.5774 0.962256
76.7225 0.954602
77.8676 0.944273
79.0127 0.932166
80.1578 0.919219
81.3029 0.906388
82.448 0.894191
83.5931 0.882992
84.7382 0.872986
85.8834 0.864197
87.0285 0.856503
88.1736 0.849763
89.3187 0.843741
90.4638 0.838186
91.6089 0.83292
92.754 0.827925
93.8991 0.823154
95.0442 0.818595
96.1894 0.814256
97.3345 0.810142
98.4796 0.806205
