-99.6247 0.00184268
-98.4796 0.00419667
-97.3345 0.00694183
-96.1894 0.010041
-95.0442 0.013456
-93.8991 0.0170257
-92.754 0.0207827
-91.6089 0.0247314
-90.4638 0.0286535
-89.3187 0.0324031
-88.1736 0.0359177
-87.0285 0.0390223
-85.8834 0.0416667
-84.7382 0.044001
-83.5931 0.0460297
-82.448 0.0477048
-81.3029 0.049171
-80.1578 0.0505641
-79.0127 0.0518976
-77.8676 0.0531855
-76.7225 0.0544358
-75.5774 0.0557277
-74.4322 0.0572279
-73.2871 0.0589712
-72.142 0.0609266
-70.9969 0.0631754
-69.8518 0.0657964
-68.7067 0.0688057
-67.5616 0.0722227
-66.4165 0.0760161
-65.2714 0.0800682
-64.1262 0.0843375
-62.9811 0.0889119
-61.836 0.0939132
-60.6909 0.0993205
-59.5458 0.105067
-58.4007 0.111102
-57.2556 0.11738
-56.1105 0.123892
-54.9653 0.130554
-53.8202 0.137324
-52.6751 0.144218
-51.53 0.151135
-50.3849 0.157993
-49.2398 0.16479
-48.0947 0.171558
-46.9496 0.178262
-45.8045 0.184842
-44.6593 0.191212
-43.5142 0.197302
-42.3691 0.203129
-41.224 0.20859
-40.0789 0.213702
-38.9338 0.218632
-37.7887 0.223459
-36.6436 0.228183
-35.4985 0.232992
-34.3533 0.238159
-33.2082 0.243691
-32.0631 0.249528
-30.918 0.255666
-29.7729 0.26207
-28.6278 0.268623
-27.4827 0.275163
-26.3376 0.281522
-25.1925 0.28761
-24.0473 0.293417
-22.9022 0.298879
-21.7571 0.30405
-20.612 0.309139
-19.4669 0.314291
-18.3218 0.319615
-17.1767 0.325209
-16.0316 0.331148
-14.8864 0.33746
-13.7413 0.344007
-12.5962 0.350577
-11.4511 0.356999
-10.306 0.363285
-9.16089 0.369448
-8.01578 0.375378
-6.87067 0.381084
-5.72556 0.386709
-4.58045 0.392443
-3.43533 0.398447
-2.29022 0.404845
-1.14511 0.411739
0 0.419745
1.14511 0.427967
2.29022 0.436638
3.43533 0.445669
4.58045 0.454971
5.72556 0.464447
6.87067 0.473994
8.01578 0.483394
9.16089 0.492493
10.306 0.501307
11.4511 0.509767
12.5962 0.517789
13.7413 0.525384
14.8864 0.532621
16.0316 0.539615
17.1767 0.546461
18.3218 0.553284
19.4669 0.560235
20.612 0.567466
21.7571 0.575084
22.9022 0.583129
24.0473 0.591601
25.1925 0.600481
26.3376 0.60974
27.4827 0.619305
28.6278 0.629124
29.7729 0.639154
30.918 0.649297
32.0631 0.65947
33.2082 0.669592
34.3533 0.679582
35.4985 0.689192
36.6436 0.698222
37.7887 0.706704
38.9338 0.714617
40.0789 0.721951
41.224 0.728709
42.3691 0.734916
43.5142 0.740658
44.6593 0.746011
45.8045 0.751079
46.9496 0.755947
48.0947 0.760715
49.2398 0.765496
50.3849 0.77021
51.53 0.775088
52.6751 0.780738
53.8202 0.786687
54.9653 0.793046
56.1105 0.799855
57.2556 0.807148
58.4007 0.814938
59.5458 0.823167
60.6909 0.831807
61.836 0.840931
62.9811 0.850799
64.1262 0.861523
65.2714 0.873077
66.4165 0.885522
67.5616 0.898792
68.7067 0.912594
69.8518 0.926406
70.9969 0.93952
72.142 0.951059
73.2871 0.960204
74.4322 0.966223
75.5774 0.968591
76.7225 0.967092
77.8676 0.961866
79.0127 0.953495
80.1578 0.942745
81.3029 0.930636
82.448 0.917972
83.5931 0.905518
84.7382 0.893808
85.8834 0.883186
87.0285 0.873764
88.1736 0.865534
89.3187 0.85833
90.4638 0.851939
91.6089 0.846126
92.754 0.840757
93.8991 0.835682
95.0442 0.830808
96.1894 0.826058
97.3345 0.821444
98.4796 0.816987
