-99.6247 0.0390752
-98.4796 0.0415013
-97.3345 0.0442501
-96.1894 0.0473523
-95.0442 0.0508053
-93.8991 0.0545535
-92.754 0.0585389
-91.6089 0.0626315
-90.4638 0.0666731
-89.3187 0.0705377
-88.1736 0.0740402
-87.0285 0.0770483
-85.8834 0.079466
-84.7382 0.0813513
-83.5931 0.0827924
-82.448 0.0839233
-81.3029 0.0849653
-80.1578 0.0860369
-79.0127 0.0872471
-77.8676 0.0886339
-76.7225 0.0901899
-75.5774 0.0920258
-74.4322 0.0942691
-73.2871 0.0969145
-72.142 0.0999222
-70.9969 0.103266
-69.8518 0.106889
-68.7067 0.110734
-67.5616 0.114757
-66.4165 0.118966
-65.2714 0.123443
-64.1262 0.128168
-62.9811 0.133058
-61.836 0.138228
-60.6909 0.143837
-59.5458 0.149863
-58.4007 0.156223
-57.2556 0.162863
-56.1105 0.169702
-54.9653 0.176683
-53.8202 0.183782
-52.6751 0.190976
-51.53 0.198213
-50.3849 0.205325
-49.2398 0.21222
-48.0947 0.218909
-46.9496 0.225311
-45.8045 0.23129
-44.6593 0.236784
-43.5142 0.241805
-42.3691 0.246368
-41.224 0.250615
-40.0789 0.25471
-38.9338 0.258761
-37.7887 0.26292
-36.6436 0.267415
-35.4985 0.272422
-34.3533 0.277947
-33.2082 0.283982
-32.0631 0.290455
-30.918 0.297228
-29.7729 0.304095
-28.6278 0.310801
-27.4827 0.317238
-26.3376 0.32342
-25.1925 0.329346
-24.0473 0.335016
-22.9022 0.340448
-21.7571 0.345741
-20.612 0.350974
-19.4669 0.356166
-18.3218 0.361428
-17.1767 0.366855
-16.0316 0.372555
-14.8864 0.378517
-13.7413 0.384503
-12.5962 0.390388
-11.4511 0.396255
-10.306 0.402149
-9.16089 0.407952
-8.01578 0.413623
-6.87067 0.419216
-5.72556 0.424772
-4.58045 0.430555
-3.43533 0.436809
-2.29022 0.44332
-1.14511 0.449981
0 0.457523
1.14511 0.465368
2.29022 0.473601
3.43533 0.481948
4.58045 0.490419
5.72556 0.49906
6.87067 0.507854
8.01578 0.516639
9.16089 0.525191
10.306 0.533437
11.4511 0.541461
12.5962 0.549284
13.7413 0.556826
14.8864 0.564068
16.0316 0.571111
17.1767 0.578122
18.3218 0.585227
19.4669 0.592521
20.612 0.600073
21.7571 0.607975
22.9022 0.6165
24.0473 0.625826
25.1925 0.63573
26.3376 0.645931
27.4827 0.656332
28.6278 0.666847
29.7729 0.677434
30.918 0.687913
32.0631 0.698004
33.2082 0.707637
34.3533 0.716646
35.4985 0.724937
36.6436 0.73273
37.7887 0.740057
38.9338 0.746699
40.0789 0.752619
41.224 0.758043
42.3691 0.763097
43.5142 0.767705
44.6593 0.771887
45.8045 0.775767
46.9496 0.779548
48.0947 0.783498
49.2398 0.787519
50.3849 0.791832
51.53 0.79715
52.6751 0.802912
53.8202 0.809183
54.9653 0.815943
56.1105 0.823229
57.2556 0.831092
58.4007 0.839511
59.5458 0.848437
60.6909 0.858009
61.836 0.868482
62.9811 0.879795
64.1262 0.891902
65.2714 0.904693
66.4165 0.917906
67.5616 0.931031
68.7067 0.94343
69.8518 0.954424
70.9969 0.963219
72.142 0.969101
73.2871 0.971622
74.4322 0.970514
75.5774 0.965882
76.7225 0.958196
77.8676 0.947994
79.0127 0.936153
80.1578 0.923582
81.3029 0.91105
82.448 0.899091
83.5931 0.888095
84.7382 0.878257
85.8834 0.869568
87.0285 0.861937
88.1736 0.85527
89.3187 0.849425
90.4638 0.84422
91.6089 0.83949
92.754 0.83507
93.8991 0.830802
95.0442 0.826593
96.1894 0.822385
97.3345 0.818146
98.4796 0.813833
