-99.6247 -0.00488232
-98.4796 -0.00200637
-97.3345 0.00106571
-96.1894 0.00430478
-95.0442 0.00771574
-93.8991 0.011308
-92.754 0.0150483
-91.6089 0.0187958
-90.4638 0.0224568
-89.3187 0.025965
-88.1736 0.0291721
-87.0285 0.0319875
-85.8834 0.0344691
-84.7382 0.0366434
-83.5931 0.0384873
-82.448 0.0401448
-81.3029 0.0417936
-80.1578 0.0433637
-79.0127 0.044772
-77.8676 0.046131
-76.7225 0.047564
-75.5774 0.0490946
-74.4322 0.0508202
-73.2871 0.0528823
-72.142 0.0553227
-70.9969 0.0582351
-69.8518 0.0616813
-68.7067 0.0656318
-67.5616 0.07002
-66.4165 0.0747651
-65.2714 0.079865
-64.1262 0.0853393
-62.9811 0.0911151
-61.836 0.0971349
-60.6909 0.103396
-59.5458 0.109842
-58.4007 0.116408
-57.2556 0.123078
-56.1105 0.129851
-54.9653 0.136751
-53.8202 0.143702
-52.6751 0.15058
-51.53 0.157312
-50.3849 0.163953
-49.2398 0.170589
-48.0947 0.177113
-46.9496 0.18336
-45.8045 0.18935
-44.6593 0.195126
-43.5142 0.200538
-42.3691 0.205592
-41.224 0.210396
-40.0789 0.215003
-38.9338 0.219485
-37.7887 0.224042
-36.6436 0.228889
-35.4985 0.234111
-34.3533 0.239778
-33.2082 0.245884
-32.0631 0.252399
-30.918 0.259162
-29.7729 0.265879
-28.6278 0.272571
-27.4827 0.279264
-26.3376 0.285695
-25.1925 0.291769
-24.0473 0.297564
-22.9022 0.303243
-21.7571 0.308995
-20.612 0.314924
-19.4669 0.320997
-18.3218 0.327134
-17.1767 0.33344
-16.0316 0.339907
-14.8864 0.346403
-13.7413 0.352918
-12.5962 0.359399
-11.4511 0.365704
-10.306 0.371788
-9.16089 0.377683
-8.01578 0.383459
-6.87067 0.389225
-5.72556 0.395104
-4.58045 0.401278
-3.43533 0.40786
-2.29022 0.414894
-1.14511 0.422409
0 0.430978
1.14511 0.439556
2.29022 0.448313
3.43533 0.457287
4.58045 0.466505
5.72556 0.475688
6.87067 0.484602
8.01578 0.493317
9.16089 0.501879
10.306 0.51012
11.4511 0.517934
12.5962 0.525404
13.7413 0.532655
14.8864 0.539777
16.0316 0.546813
17.1767 0.553865
18.3218 0.561106
19.4669 0.568591
20.612 0.576375
21.7571 0.584489
22.9022 0.592951
24.0473 0.601978
25.1925 0.611606
26.3376 0.62159
27.4827 0.631792
28.6278 0.642043
29.7729 0.652158
30.918 0.661993
32.0631 0.671495
33.2082 0.680761
34.3533 0.689734
35.4985 0.698394
36.6436 0.70671
37.7887 0.714434
38.9338 0.72146
40.0789 0.727993
41.224 0.734116
42.3691 0.739662
43.5142 0.744682
44.6593 0.74946
45.8045 0.754195
46.9496 0.75892
48.0947 0.763669
49.2398 0.768491
50.3849 0.773294
51.53 0.778394
52.6751 0.784484
53.8202 0.790923
54.9653 0.797789
56.1105 0.805146
57.2556 0.813064
58.4007 0.821603
59.5458 0.830742
60.6909 0.840537
61.836 0.851119
62.9811 0.86273
64.1262 0.875432
65.2714 0.889008
66.4165 0.90317
67.5616 0.917442
68.7067 0.931209
69.8518 0.943664
70.9969 0.95384
72.142 0.960865
73.2871 0.96419
74.4322 0.963573
75.5774 0.9591
76.7225 0.951375
77.8676 0.941028
79.0127 0.928916
80.1578 0.91596
81.3029 0.903142
82.448 0.890988
83.5931 0.879855
84.7382 0.869937
85.8834 0.861246
87.0285 0.853594
88.1736 0.846756
89.3187 0.840515
90.4638 0.834711
91.6089 0.829221
92.754 0.824085
93.8991 0.819298
95.0442 0.814813
96.1894 0.810635
97.3345 0.806731
98.4796 0.803002
