-99.6247 0.0776745
-98.4796 0.0789888
-97.3345 0.0798947
-96.1894 0.0804479
-95.0442 0.0807632
-93.8991 0.0810154
-92.754 0.081294
-91.6089 0.081685
-90.4638 0.0822987
-89.3187 0.0832765
-88.1736 0.0846809
-87.0285 0.0864771
-85.8834 0.0887265
-84.7382 0.091531
-83.5931 0.09487
-82.448 0.09863
-81.3029 0.102688
-80.1578 0.106902
-79.0127 0.111201
-77.8676 0.115591
-76.7225 0.120109
-75.5774 0.124848
-74.4322 0.129818
-73.2871 0.134912
-72.142 0.140063
-70.9969 0.14527
-69.8518 0.150562
-68.7067 0.155887
-67.5616 0.161107
-66.4165 0.166175
-65.2714 0.171113
-64.1262 0.175987
-62.9811 0.180785
-61.836 0.185517
-60.6909 0.190206
-59.5458 0.194783
-58.4007 0.199232
-57.2556 0.203583
-56.1105 0.20789
-54.9653 0.212052
-53.8202 0.216115
-52.6751 0.220212
-51.53 0.224485
-50.3849 0.229118
-49.2398 0.234076
-48.0947 0.239356
-46.9496 0.244961
-45.8045 0.250749
-44.6593 0.256644
-43.5142 0.262656
-42.3691 0.268569
-41.224 0.27417
-40.0789 0.279469
-38.9338 0.284527
-37.7887 0.289382
-36.6436 0.294061
-35.4985 0.298593
-34.3533 0.303041
-33.2082 0.307534
-32.0631 0.312102
-30.918 0.316723
-29.7729 0.321422
-28.6278 0.326097
-27.4827 0.330615
-26.3376 0.335103
-25.1925 0.339667
-24.0473 0.344246
-22.9022 0.3489
-21.7571 0.353758
-20.612 0.358954
-19.4669 0.36458
-18.3218 0.370596
-17.1767 0.376993
-16.0316 0.383913
-14.8864 0.391361
-13.7413 0.399217
-12.5962 0.407494
-11.4511 0.416269
-10.306 0.425505
-9.16089 0.435097
-8.01578 0.444943
-6.87067 0.454906
-5.72556 0.464828
-4.58045 0.474489
-3.43533 0.483749
-2.29022 0.492583
-1.14511 0.501061
0 0.508962
1.14511 0.516327
2.29022 0.523574
3.43533 0.530892
4.58045 0.538459
5.72556 0.546329
6.87067 0.554586
8.01578 0.563259
9.16089 0.572361
10.306 0.581948
11.4511 0.591995
12.5962 0.602371
13.7413 0.612943
14.8864 0.623777
16.0316 0.63485
17.1767 0.645956
18.3218 0.657001
19.4669 0.667895
20.612 0.678594
21.7571 0.689053
22.9022 0.699103
24.0473 0.708666
25.1925 0.717711
26.3376 0.726234
27.4827 0.734254
28.6278 0.741819
29.7729 0.749479
30.918 0.756635
32.0631 0.763456
33.2082 0.770021
34.3533 0.776453
35.4985 0.782829
36.6436 0.789112
37.7887 0.795258
38.9338 0.801362
40.0789 0.807646
41.224 0.814128
42.3691 0.820839
43.5142 0.827894
44.6593 0.835396
45.8045 0.843428
46.9496 0.852085
48.0947 0.861465
49.2398 0.87165
50.3849 0.882754
51.53 0.894859
52.6751 0.907921
53.8202 0.9217
54.9653 0.935654
56.1105 0.949037
57.2556 0.961083
58.4007 0.971007
59.5458 0.977975
60.6909 0.981371
61.836 0.980892
62.9811 0.976545
64.1262 0.968793
65.2714 0.958357
66.4165 0.946041
67.5616 0.932672
68.7067 0.918955
69.8518 0.905436
70.9969 0.892478
72.142 0.880298
73.2871 0.868949
74.4322 0.858423
75.5774 0.848675
76.7225 0.83964
77.8676 0.831218
79.0127 0.823362
80.1578 0.816008
81.3029 0.809102
82.448 0.802607
83.5931 0.796482
84.7382 0.79065
85.8834 0.785057
87.0285 0.779626
88.1736 0.774263
89.3187 0.768861
90.4638 0.763314
91.6089 0.757414
92.754 0.751018
93.8991 0.74402
95.0442 0.736355
96.1894 0.727958
97.3345 0.718841
98.4796 0.70915
