-99.6247 0.0154806
-98.4796 0.0179373
-97.3345 0.0206472
-96.1894 0.0237179
-95.0442 0.0271926
-93.8991 0.0310111
-92.754 0.035042
-91.6089 0.0391383
-90.4638 0.0431783
-89.3187 0.0469808
-88.1736 0.0504214
-87.0285 0.0534289
-85.8834 0.0559349
-84.7382 0.0580207
-83.5931 0.0598109
-82.448 0.0613296
-81.3029 0.0626315
-80.1578 0.0638895
-79.0127 0.0651851
-77.8676 0.066553
-76.7225 0.0680946
-75.5774 0.069906
-74.4322 0.0720545
-73.2871 0.0745654
-72.142 0.077416
-70.9969 0.0805546
-69.8518 0.0839721
-68.7067 0.0877196
-67.5616 0.0917498
-66.4165 0.0960469
-65.2714 0.100649
-64.1262 0.105575
-62.9811 0.110871
-61.836 0.116562
-60.6909 0.122592
-59.5458 0.128894
-58.4007 0.135474
-57.2556 0.142238
-56.1105 0.149104
-54.9653 0.156113
-53.8202 0.163142
-52.6751 0.170149
-51.53 0.177257
-50.3849 0.184526
-49.2398 0.191833
-48.0947 0.198958
-46.9496 0.20579
-45.8045 0.212269
-44.6593 0.218391
-43.5142 0.224022
-42.3691 0.22909
-41.224 0.233725
-40.0789 0.238121
-38.9338 0.24239
-37.7887 0.246654
-36.6436 0.25112
-35.4985 0.25597
-34.3533 0.261379
-33.2082 0.267296
-32.0631 0.273543
-30.918 0.280069
-29.7729 0.286841
-28.6278 0.293671
-27.4827 0.300332
-26.3376 0.30672
-25.1925 0.312821
-24.0473 0.318615
-22.9022 0.324111
-21.7571 0.329422
-20.612 0.334658
-19.4669 0.339929
-18.3218 0.345353
-17.1767 0.351024
-16.0316 0.356983
-14.8864 0.363147
-13.7413 0.369381
-12.5962 0.375632
-11.4511 0.381854
-10.306 0.388002
-9.16089 0.394085
-8.01578 0.40004
-6.87067 0.405853
-5.72556 0.411674
-4.58045 0.417657
-3.43533 0.423925
-2.29022 0.430653
-1.14511 0.437879
0 0.446071
1.14511 0.454194
2.29022 0.462599
3.43533 0.471356
4.58045 0.48043
5.72556 0.489602
6.87067 0.498668
8.01578 0.507601
9.16089 0.516399
10.306 0.524914
11.4511 0.533006
12.5962 0.540725
13.7413 0.5482
14.8864 0.555514
16.0316 0.562738
17.1767 0.569891
18.3218 0.577085
19.4669 0.584498
20.612 0.592241
21.7571 0.600292
22.9022 0.608634
24.0473 0.617374
25.1925 0.626562
26.3376 0.636148
27.4827 0.646014
28.6278 0.655976
29.7729 0.665921
30.918 0.675899
32.0631 0.685904
33.2082 0.695744
34.3533 0.705257
35.4985 0.714347
36.6436 0.722926
37.7887 0.730934
38.9338 0.738279
40.0789 0.744855
41.224 0.750704
42.3691 0.755958
43.5142 0.76074
44.6593 0.76518
45.8045 0.769433
46.9496 0.77363
48.0947 0.777919
49.2398 0.782405
50.3849 0.786944
51.53 0.791747
52.6751 0.797473
53.8202 0.803511
54.9653 0.809953
56.1105 0.81688
57.2556 0.824387
58.4007 0.832526
59.5458 0.84123
60.6909 0.850593
61.836 0.86081
62.9811 0.872118
64.1262 0.884532
65.2714 0.897804
66.4165 0.911683
67.5616 0.925684
68.7067 0.93912
69.8518 0.951195
70.9969 0.961023
72.142 0.967818
73.2871 0.971058
74.4322 0.970478
75.5774 0.96614
76.7225 0.958632
77.8676 0.948565
79.0127 0.936737
80.1578 0.924019
81.3029 0.911335
82.448 0.899181
83.5931 0.887905
84.7382 0.877695
85.8834 0.868597
87.0285 0.860534
88.1736 0.853402
89.3187 0.847001
90.4638 0.841157
91.6089 0.835722
92.754 0.830656
93.8991 0.825926
95.0442 0.821481
96.1894 0.817264
97.3345 0.81324
98.4796 0.809324
