-99.6247 0.157473
-98.4796 0.163973
-97.3345 0.170699
-96.1894 0.177654
-95.0442 0.184827
-93.8991 0.192181
-92.754 0.199719
-91.6089 0.207349
-90.4638 0.21494
-89.3187 0.222376
-88.1736 0.229466
-87.0285 0.236118
-85.8834 0.242172
-84.7382 0.247638
-83.5931 0.252596
-82.448 0.257162
-81.3029 0.261502
-80.1578 0.265783
-79.0127 0.270218
-77.8676 0.274943
-76.7225 0.280083
-75.5774 0.285641
-74.4322 0.291579
-73.2871 0.297809
-72.142 0.304175
-70.9969 0.310528
-69.8518 0.316739
-68.7067 0.322717
-67.5616 0.328419
-66.4165 0.333895
-65.2714 0.339247
-64.1262 0.344591
-62.9811 0.350028
-61.836 0.355665
-60.6909 0.361575
-59.5458 0.367746
-58.4007 0.374115
-57.2556 0.380595
-56.1105 0.387135
-54.9653 0.393659
-53.8202 0.4001
-52.6751 0.406488
-51.53 0.412889
-50.3849 0.419363
-49.2398 0.425979
-48.0947 0.432754
-46.9496 0.439694
-45.8045 0.446855
-44.6593 0.454278
-43.5142 0.461971
-42.3691 0.469934
-41.224 0.478198
-40.0789 0.486752
-38.9338 0.495553
-37.7887 0.504539
-36.6436 0.513609
-35.4985 0.522669
-34.3533 0.531594
-33.2082 0.54028
-32.0631 0.548686
-30.918 0.556802
-29.7729 0.564653
-28.6278 0.57229
-27.4827 0.579791
-26.3376 0.587237
-25.1925 0.594689
-24.0473 0.602216
-22.9022 0.609825
-21.7571 0.617541
-20.612 0.625449
-19.4669 0.633604
-18.3218 0.642047
-17.1767 0.650788
-16.0316 0.659883
-14.8864 0.669335
-13.7413 0.679074
-12.5962 0.688992
-11.4511 0.698942
-10.306 0.708767
-9.16089 0.718293
-8.01578 0.727344
-6.87067 0.735755
-5.72556 0.7434
-4.58045 0.750222
-3.43533 0.756248
-2.29022 0.761577
-1.14511 0.766379
0 0.771316
1.14511 0.775653
2.29022 0.779856
3.43533 0.784058
4.58045 0.788376
5.72556 0.792872
6.87067 0.797597
8.01578 0.802616
9.16089 0.807934
10.306 0.813546
11.4511 0.819444
12.5962 0.825626
13.7413 0.832169
14.8864 0.839148
16.0316 0.846579
17.1767 0.854548
18.3218 0.863237
19.4669 0.872861
20.612 0.883621
21.7571 0.895582
22.9022 0.908583
24.0473 0.922356
25.1925 0.936346
26.3376 0.949798
27.4827 0.961772
28.6278 0.971314
29.7729 0.977598
30.918 0.98009
32.0631 0.978587
33.2082 0.973343
34.3533 0.964901
35.4985 0.954174
36.6436 0.942011
37.7887 0.929337
38.9338 0.916835
40.0789 0.904948
41.224 0.893972
42.3691 0.883976
43.5142 0.874954
44.6593 0.866758
45.8045 0.859198
46.9496 0.852089
48.0947 0.845374
49.2398 0.839005
50.3849 0.832978
51.53 0.827104
52.6751 0.821583
53.8202 0.817079
54.9653 0.812939
56.1105 0.809165
57.2556 0.805708
58.4007 0.802483
59.5458 0.79927
60.6909 0.795843
61.836 0.792015
62.9811 0.787661
64.1262 0.782843
65.2714 0.777401
66.4165 0.771351
67.5616 0.764827
68.7067 0.757907
69.8518 0.750677
70.9969 0.743221
72.142 0.735621
73.2871 0.727939
74.4322 0.72016
75.5774 0.712275
76.7225 0.704277
77.8676 0.696191
79.0127 0.687985
80.1578 0.679594
81.3029 0.671114
82.448 0.662744
83.5931 0.654563
84.7382 0.646682
85.8834 0.63918
87.0285 0.632081
88.1736 0.625343
89.3187 0.618848
90.4638 0.612444
91.6089 0.605933
92.754 0.599172
93.8991 0.592116
95.0442 0.58472
96.1894 0.577009
97.3345 0.569019
98.4796 0.560789
