-99.6247 0.353023
-98.4796 0.358049
-97.3345 0.363133
-96.1894 0.368279
-95.0443 0.373486
-93.8991 0.378712
-92.754 0.383923
-91.6089 0.38913
-90.4638 0.394349
-89.3187 0.399658
-88.1736 0.405175
-87.0285 0.410998
-85.8834 0.417215
-84.7382 0.42388
-83.5931 0.431042
-82.448 0.438728
-81.3029 0.446941
-80.1578 0.455672
-79.0127 0.464908
-77.8676 0.474634
-76.7225 0.484783
-75.5774 0.495297
-74.4322 0.506107
-73.2871 0.517031
-72.142 0.52781
-70.9969 0.538186
-69.8518 0.547931
-68.7067 0.556889
-67.5616 0.564978
-66.4165 0.572259
-65.2714 0.578897
-64.1262 0.585094
-62.9811 0.591076
-61.836 0.597062
-60.6909 0.603286
-59.5458 0.609907
-58.4007 0.61699
-57.2556 0.624615
-56.1105 0.632805
-54.9654 0.641513
-53.8202 0.65067
-52.6751 0.660187
-51.53 0.669976
-50.3849 0.679923
-49.2398 0.689929
-48.0947 0.699928
-46.9496 0.709852
-45.8045 0.719587
-44.6593 0.729
-43.5142 0.738052
-42.3691 0.746714
-41.224 0.754898
-40.0789 0.762518
-38.9338 0.769483
-37.7887 0.775745
-36.6436 0.781344
-35.4985 0.786619
-34.3533 0.791452
-33.2082 0.795971
-32.0631 0.800264
-30.918 0.804415
-29.7729 0.808476
-28.6278 0.812519
-27.4827 0.816688
-26.3376 0.821101
-25.1925 0.825811
-24.0473 0.830852
-22.9022 0.836291
-21.7571 0.842192
-20.612 0.848622
-19.4669 0.855684
-18.3218 0.863507
-17.1767 0.872239
-16.0316 0.882014
-14.8864 0.892952
-13.7413 0.905095
-12.5962 0.918299
-11.4511 0.932247
-10.306 0.946376
-9.16089 0.959887
-8.01578 0.971848
-6.87067 0.981307
-5.72556 0.987451
-4.58045 0.989677
-3.43533 0.987756
-2.29022 0.981904
-1.14511 0.9727
0 0.960697
1.14511 0.947142
2.29022 0.932927
3.43533 0.918631
4.58045 0.905042
5.72556 0.892479
6.87067 0.881055
8.01578 0.870758
9.16089 0.861541
10.306 0.853257
11.4511 0.845718
12.5962 0.838817
13.7413 0.832468
14.8864 0.826587
16.0316 0.821084
17.1767 0.815921
18.3218 0.811027
19.4669 0.806342
20.612 0.801847
21.7571 0.797801
22.9022 0.793926
24.0473 0.78985
25.1925 0.785492
26.3376 0.780736
27.4827 0.775474
28.6278 0.769565
29.7729 0.762967
30.918 0.755816
32.0631 0.747975
33.2082 0.739447
34.3533 0.730326
35.4985 0.720702
36.6436 0.710754
37.7887 0.700488
38.9338 0.690044
40.0789 0.679457
41.224 0.668773
42.3691 0.658082
43.5142 0.647429
44.6593 0.636885
45.8045 0.626537
46.9496 0.61653
48.0947 0.606983
49.2398 0.59794
50.3849 0.58946
51.53 0.581518
52.6751 0.574046
53.8202 0.566931
54.9654 0.56001
56.1105 0.553103
57.2556 0.546055
58.4007 0.538707
59.5458 0.530942
60.6909 0.522689
61.836 0.513965
62.9811 0.504825
64.1262 0.4954
65.2714 0.485788
66.4165 0.476199
67.5616 0.466795
68.7067 0.457703
69.8518 0.449022
70.9969 0.440751
72.142 0.43284
73.2871 0.425224
74.4322 0.417866
75.5774 0.41074
76.7225 0.403857
77.8676 0.397183
79.0127 0.390748
80.1578 0.384571
81.3029 0.378675
82.448 0.373035
83.5931 0.36761
84.7382 0.362403
85.8834 0.357407
87.0285 0.352632
88.1736 0.348039
89.3187 0.343559
90.4638 0.339108
91.6089 0.334631
92.754 0.330027
93.8991 0.325204
95.0443 0.32004
96.1894 0.314467
97.3345 0.308421
98.4796 0.30191
