-99.6247 0.0282248
-98.4796 0.0306953
-97.3345 0.0334393
-96.1894 0.0364953
-95.0442 0.0399278
-93.8991 0.0436477
-92.754 0.0475079
-91.6089 0.0513642
-90.4638 0.0550859
-89.3187 0.0585407
-88.1736 0.0615625
-87.0285 0.0641697
-85.8834 0.0664368
-84.7382 0.0683747
-83.5931 0.0699325
-82.448 0.0712194
-81.3029 0.0724468
-80.1578 0.0736665
-79.0127 0.0749331
-77.8676 0.0763817
-76.7225 0.0781523
-75.5774 0.0802977
-74.4322 0.0828485
-73.2871 0.0857514
-72.142 0.0889002
-70.9969 0.0923773
-69.8518 0.0963031
-68.7067 0.100526
-67.5616 0.104839
-66.4165 0.109285
-65.2714 0.113991
-64.1262 0.119002
-62.9811 0.124372
-61.836 0.130098
-60.6909 0.136132
-59.5458 0.142411
-58.4007 0.148833
-57.2556 0.155357
-56.1105 0.161916
-54.9653 0.168464
-53.8202 0.175026
-52.6751 0.181707
-51.53 0.188575
-50.3849 0.195511
-49.2398 0.202422
-48.0947 0.209189
-46.9496 0.215684
-45.8045 0.221805
-44.6593 0.227428
-43.5142 0.232543
-42.3691 0.237173
-41.224 0.241525
-40.0789 0.245804
-38.9338 0.250116
-37.7887 0.254633
-36.6436 0.259456
-35.4985 0.264666
-34.3533 0.270344
-33.2082 0.276483
-32.0631 0.282965
-30.918 0.289652
-29.7729 0.296412
-28.6278 0.303151
-27.4827 0.309619
-26.3376 0.315568
-25.1925 0.321093
-24.0473 0.32632
-22.9022 0.331327
-21.7571 0.33632
-20.612 0.341447
-19.4669 0.346738
-18.3218 0.352283
-17.1767 0.358125
-16.0316 0.364295
-14.8864 0.370717
-13.7413 0.377092
-12.5962 0.383313
-11.4511 0.389387
-10.306 0.395273
-9.16089 0.401043
-8.01578 0.406727
-6.87067 0.412432
-5.72556 0.418373
-4.58045 0.424609
-3.43533 0.43121
-2.29022 0.438157
-1.14511 0.445422
0 0.453508
1.14511 0.461708
2.29022 0.470205
3.43533 0.478887
4.58045 0.48774
5.72556 0.496751
6.87067 0.505742
8.01578 0.514534
9.16089 0.522985
10.306 0.53106
11.4511 0.538902
12.5962 0.546599
13.7413 0.554152
14.8864 0.561588
16.0316 0.569004
17.1767 0.57647
18.3218 0.583995
19.4669 0.591655
20.612 0.59951
21.7571 0.607692
22.9022 0.616443
24.0473 0.625831
25.1925 0.63557
26.3376 0.645435
27.4827 0.655627
28.6278 0.666153
29.7729 0.676623
30.918 0.686812
32.0631 0.696677
33.2082 0.70623
34.3533 0.71521
35.4985 0.723412
36.6436 0.731118
37.7887 0.738455
38.9338 0.745353
40.0789 0.751767
41.224 0.757604
42.3691 0.762943
43.5142 0.767947
44.6593 0.772685
45.8045 0.777256
46.9496 0.781787
48.0947 0.786433
49.2398 0.791139
50.3849 0.796103
51.53 0.801936
52.6751 0.808181
53.8202 0.814865
54.9653 0.821975
56.1105 0.829581
57.2556 0.837717
58.4007 0.846292
59.5458 0.855203
60.6909 0.864582
61.836 0.874721
62.9811 0.885658
64.1262 0.897376
65.2714 0.90979
66.4165 0.922653
67.5616 0.935499
68.7067 0.947673
69.8518 0.958344
70.9969 0.966652
72.142 0.971875
73.2871 0.973597
74.4322 0.971638
75.5774 0.966169
76.7225 0.957753
77.8676 0.947022
79.0127 0.934897
80.1578 0.922287
81.3029 0.909908
82.448 0.898242
83.5931 0.887603
84.7382 0.878071
85.8834 0.869583
87.0285 0.862028
88.1736 0.855321
89.3187 0.849344
90.4638 0.8439
91.6089 0.838801
92.754 0.833928
93.8991 0.829137
95.0442 0.824344
96.1894 0.819589
97.3345 0.814928
98.4796 0.810321
