-99.6247 0.141244
-98.4796 0.147817
-97.3345 0.154549
-96.1894 0.161404
-95.0442 0.168365
-93.8991 0.175441
-92.754 0.182579
-91.6089 0.189724
-90.4638 0.196791
-89.3187 0.203726
-88.1736 0.210475
-87.0285 0.216881
-85.8834 0.2229
-84.7382 0.228488
-83.5931 0.233682
-82.448 0.23857
-81.3029 0.243258
-80.1578 0.247872
-79.0127 0.252562
-77.8676 0.257519
-76.7225 0.262819
-75.5774 0.268498
-74.4322 0.274572
-73.2871 0.28101
-72.142 0.287692
-70.9969 0.294438
-69.8518 0.301081
-68.7067 0.307493
-67.5616 0.313622
-66.4165 0.319458
-65.2714 0.325056
-64.1262 0.330542
-62.9811 0.33601
-61.836 0.341511
-60.6909 0.347159
-59.5458 0.35302
-58.4007 0.35908
-57.2556 0.365286
-56.1105 0.371595
-54.9653 0.377994
-53.8202 0.384438
-52.6751 0.39089
-51.53 0.397336
-50.3849 0.403791
-49.2398 0.410329
-48.0947 0.417026
-46.9496 0.423895
-45.8045 0.430975
-44.6593 0.43832
-43.5142 0.445955
-42.3691 0.453917
-41.224 0.462233
-40.0789 0.470908
-38.9338 0.479917
-37.7887 0.489192
-36.6436 0.498637
-35.4985 0.50816
-34.3533 0.51764
-33.2082 0.526949
-32.0631 0.535982
-30.918 0.544699
-29.7729 0.553093
-28.6278 0.561168
-27.4827 0.569006
-26.3376 0.576669
-25.1925 0.584239
-24.0473 0.591805
-22.9022 0.599473
-21.7571 0.607315
-20.612 0.615384
-19.4669 0.623747
-18.3218 0.632412
-17.1767 0.641401
-16.0316 0.6507
-14.8864 0.660284
-13.7413 0.670093
-12.5962 0.680033
-11.4511 0.690017
-10.306 0.699947
-9.16089 0.709703
-8.01578 0.719145
-6.87067 0.728126
-5.72556 0.736561
-4.58045 0.744384
-3.43533 0.751552
-2.29022 0.758091
-1.14511 0.764055
0 0.769938
1.14511 0.775039
2.29022 0.779832
3.43533 0.784493
4.58045 0.789155
5.72556 0.793897
6.87067 0.798769
8.01578 0.803821
9.16089 0.809096
10.306 0.814602
11.4511 0.820338
12.5962 0.826332
13.7413 0.832625
14.8864 0.839233
16.0316 0.84615
17.1767 0.85352
18.3218 0.861547
19.4669 0.870414
20.612 0.880296
21.7571 0.891289
22.9022 0.903336
24.0473 0.916261
25.1925 0.929754
26.3376 0.943241
27.4827 0.955941
28.6278 0.967002
29.7729 0.975563
30.918 0.980903
32.0631 0.982557
33.2082 0.980474
34.3533 0.974877
35.4985 0.966251
36.6436 0.955307
37.7887 0.943137
38.9338 0.930536
40.0789 0.918148
41.224 0.906428
42.3691 0.895655
43.5142 0.88593
44.6593 0.877223
45.8045 0.869384
46.9496 0.862231
48.0947 0.855643
49.2398 0.8495
50.3849 0.843503
51.53 0.837769
52.6751 0.832928
53.8202 0.828353
54.9653 0.824064
56.1105 0.820041
57.2556 0.816247
58.4007 0.812612
59.5458 0.80896
60.6909 0.805096
61.836 0.800918
62.9811 0.796454
64.1262 0.791585
65.2714 0.786134
66.4165 0.78016
67.5616 0.773735
68.7067 0.766913
69.8518 0.759775
70.9969 0.752361
72.142 0.744688
73.2871 0.736783
74.4322 0.728634
75.5774 0.720226
76.7225 0.711568
77.8676 0.702664
79.0127 0.693525
80.1578 0.684329
81.3029 0.675304
82.448 0.666544
83.5931 0.658147
84.7382 0.650204
85.8834 0.642776
87.0285 0.635819
88.1736 0.629264
89.3187 0.622955
90.4638 0.616708
91.6089 0.6103
92.754 0.603615
93.8991 0.596604
95.0442 0.589212
96.1894 0.581413
97.3345 0.573271
98.4796 0.564906
