3.8159145495947	0.987912
3.8159162084577	0.98646734315424
3.8159178673207	0.98493972704211
3.8159195261837	0.98274748793469
3.8159211850468	0.98038604220729
3.8159228439098	0.97743172713515
3.8159245027728	0.97361250245841
3.8159261616358	0.96806297431808
3.8159278204988	0.9642278024813
3.8159294793618	0.96253386138564
3.8159311382248	0.96167627215295
3.8159327970878	0.96148616430627
3.8159344559508	0.96316465576631
3.8159361148138	0.96577292103396
3.8159377736768	0.96622125231159
3.8159394325398	0.96605865452447
3.8159410914028	0.96614204251889
3.8159427502658	0.96626139123327
3.8159444091288	0.9681079583877
3.8159460679918	0.96994651168005
3.8159477268548	0.97172377502029
3.8159493857178	0.97356084086578
3.8159510445808	0.97560051095709
3.8159527034439	0.97700965279353
3.8159543623069	0.97719667993794
3.8159560211699	0.97767336941198
3.8159576800329	0.97849995014331
3.8159593388959	0.9779050098852
3.8159609977589	0.97621838363324
3.8159626566219	0.97699579297945
3.8159643154849	0.97894118240114
3.8159659743479	0.97864028189018
3.8159676332109	0.97774727909902
3.8159692920739	0.9780455161446
3.8159709509369	0.97847776336984
3.8159726097999	0.97936612219553
3.8159742686629	0.97968831647241
3.8159759275259	0.97625874205491
3.8159775863889	0.97299090793661
3.8159792452519	0.97022261033333
3.8159809041149	0.96772658648128
3.8159825629779	0.96571834176543
3.815984221841	0.96232386142338
3.815985880704	0.95737871228075
3.815987539567	0.95519865353072
3.81598919843	0.95497277353391
3.815990857293	0.96054812191161
3.815992516156	0.96861021081053
3.815994175019	0.97536219528962
3.815995833882	0.98181500550752
3.815997492745	0.98517562181892
3.815999151608	0.98813186578747
3.816000810471	0.98738190142901
3.816002469334	0.98661247282918
3.816004128197	0.98573886688942
3.81600578706	0.98377939114877
3.816007445923	0.9789156022478
3.816009104786	0.97234221564931
3.816010763649	0.96306062775253
3.816012422512	0.94935848867607
3.816014081375	0.9312702716054
3.8160157402381	0.90620393438964
3.8160173991011	0.87680648260205
3.8160190579641	0.83620982857483
3.8160207168271	0.79151863036797
3.8160223756901	0.75222015537747
3.8160240345531	0.71389091402534
3.8160256934161	0.69631326712474
3.8160273522791	0.68213462815425
3.8160290111421	0.69840978859344
3.8160306700051	0.71870863846328
3.8160323288681	0.75566180488444
3.8160339877311	0.79268121533276
3.8160356465941	0.82984772781298
3.8160373054571	0.86442051946196
3.8160389643201	0.89550628404069
3.8160406231831	0.92227174865865
3.8160422820461	0.94539714097367
3.8160439409091	0.95938305407802
3.8160455997721	0.96864055618881
3.8160472586351	0.9739903001972
3.8160489174982	0.9782086903003
3.8160505763612	0.97933993409981
3.8160522352242	0.98004897744731
3.8160538940872	0.9752623242013
3.8160555529502	0.97110335254194
3.8160572118132	0.97131312202096
3.8160588706762	0.97109099535329
3.8160605295392	0.96952053375825
3.8160621884022	0.9676989777224
3.8160638472652	0.96543049037904
3.8160655061282	0.96096256276673
3.8160671649912	0.95408278484018
3.8160688238542	0.94639351122921
3.8160704827172	0.93815174749743
3.8160721415802	0.93282758945686
3.8160738004432	0.9286843684611
3.8160754593062	0.9279943062652
3.8160771181692	0.9280139639199
3.8160787770322	0.92952395784229
3.8160804358953	0.93110246526354
3.8160820947583	0.93247444538684
3.8160837536213	0.93278194791626
3.8160854124843	0.92834528077971
3.8160870713473	0.92326933443166
3.8160887302103	0.91671191209654
3.8160903890733	0.91110261105469
3.8160920479363	0.90680393844474
3.8160937067993	0.90202710414063
3.8160953656623	0.89684005783211
3.8160970245253	0.89623030798159
3.8160986833883	0.89801206971568
3.8161003422513	0.90142363333022
3.8161020011143	0.9053068949435
3.8161036599773	0.90903254264635
3.8161053188403	0.91266013433799
3.8161069777033	0.91042709393907
3.8161086365663	0.90784557978844
3.8161102954293	0.90298315850116
3.8161119542924	0.89878242839921
3.8161136131554	0.89654805506178
3.8161152720184	0.89635528803718
3.8161169308814	0.89962146960717
3.8161185897444	0.90288023124002
3.8161202486074	0.90613129107779
3.8161219074704	0.90916657209094
3.8161235663334	0.91206411085284
3.8161252251964	0.91400759272019
3.8161268840594	0.91559847993935
3.8161285429224	0.9169005442936
3.8161302017854	0.9181516683046
3.8161318606484	0.92258766761685
3.8161335195114	0.92722369102365
3.8161351783744	0.93288741296236
3.8161368372374	0.93844454113176
3.8161384961004	0.94360227043777
3.8161401549634	0.94699913994209
3.8161418138264	0.94683951587259
3.8161434726894	0.94435153700465
3.8161451315525	0.93903769352439
3.8161467904155	0.93292214713717
3.8161484492785	0.92620793752536
3.8161501081415	0.92196524454029
3.8161517670045	0.91881565593943
3.8161534258675	0.92228837220926
3.8161550847305	0.92727059004753
3.8161567435935	0.93635827453021
3.8161584024565	0.94544486958638
3.8161600613195	0.949810318998
3.8161617201825	0.95391007892254
3.8161633790455	0.95678426949581
3.8161650379085	0.96033235489663
3.8161666967715	0.96545494006212
3.8161683556345	0.96997242011724
3.8161700144975	0.97365897737707
3.8161716733605	0.97811504726102
3.8161733322235	0.98321823537391
3.8161749910865	0.98697884406222
3.8161766499496	0.99006359358406
3.8161783088126	0.98983375948593
3.8161799676756	0.98870795893684
3.8161816265386	0.991452036289
3.8161832854016	0.99448535276185
3.8161849442646	0.99459080944885
3.8161866031276	0.99487800508781
3.8161882619906	0.99616171258672
3.8161899208536	0.99637925680827
3.8161915797166	0.99381219208149
3.8161932385796	0.99217115180353
3.8161948974426	0.9919212993639
3.8161965563056	0.98938757081537
3.8161982151686	0.9847668369207
3.8161998740316	0.98009229897326
3.8162015328946	0.97538821851566
3.8162031917576	0.97089924398883
3.8162048506206	0.96647500707103
3.8162065094836	0.96337375654359
3.8162081683467	0.96056215883051
3.8162098272097	0.96603315397133
3.8162114860727	0.97119644897743
3.8162131449357	0.97445284448904
3.8162148037987	0.97795931179429
3.8162164626617	0.98216787589689
3.8162181215247	0.98544091534195
3.8162197803877	0.98722872276612
3.8162214392507	0.98682598598552
3.8162230981137	0.98432213135408
3.8162247569767	0.98426484302034
3.8162264158397	0.98561681806226
3.8162280747027	0.98573548056943
3.8162297335657	0.98546197406046
3.8162313924287	0.98472701055557
3.8162330512917	0.98392483698251
3.8162347101547	0.98232195689473
3.8162363690177	0.98032238720025
3.8162380278807	0.97571914711201
3.8162396867437	0.97251679753825
3.8162413456068	0.97336421560204
3.8162430044698	0.97521012430235
3.8162446633328	0.97867203860457
3.8162463221958	0.98152597884308
3.8162479810588	0.98378857087379
3.8162496399218	0.98444364610318
3.8162512987848	0.98416306302254
3.8162529576478	0.98449501014445
3.8162546165108	0.98502313007638
3.8162562753738	0.98669155747521
3.8162579342368	0.98849192228164
3.8162595930998	0.98800693283371
3.8162612519628	0.98738766920202
3.8162629108258	0.98590168142311
3.8162645696888	0.98443120274759
3.8162662285518	0.98300487315905
3.8162678874148	0.98322074686428
3.8162695462778	0.98604965533424
3.8162712051408	0.98696789031864
3.8162728640039	0.98606543370068
3.8162745228669	0.98507094239592
3.8162761817299	0.98402429479233
3.8162778405929	0.98475389949642
3.8162794994559	0.98603011525389
3.8162811583189	0.98396643637058
3.8162828171819	0.98145546594173
3.8162844760449	0.97677310693006
3.8162861349079	0.97134570748353
3.8162877937709	0.96151231698902
3.8162894526339	0.95239819741667
3.8162911114969	0.94521374967011
3.8162927703599	0.94064930442407
3.8162944292229	0.94003792079194
3.8162960880859	0.941932090877
3.8162977469489	0.94608596885716
3.8162994058119	0.95249351410512
3.8163010646749	0.96009817991064
3.8163027235379	0.9670412742933
3.816304382401	0.97379837265554
3.816306041264	0.97777606127876
3.816307700127	0.98136750505609
3.81630935899	0.98213400970108
3.816311017853	0.98317273823242
3.816312676716	0.98560168928217
3.816314335579	0.98748346990419
3.816315994442	0.98803692766775
3.816317653305	0.98837460014126
3.816319312168	0.98841413565346
3.816320971031	0.98735920091552
3.816322629894	0.98540205371121
3.816324288757	0.98312018196334
3.81632594762	0.9806830582801
3.816327606483	0.97587273556897
3.816329265346	0.97048781027492
3.816330924209	0.96711651096384
3.816332583072	0.96397064564947
3.816334241935	0.9620621106377
3.8163359007981	0.96036917659284
3.8163375596611	0.95958668029965
3.8163392185241	0.96132197655255
3.8163408773871	0.96839449503142
3.8163425362501	0.97452659732508
3.8163441951131	0.97950823790411
3.8163458539761	0.98338360365934
3.8163475128391	0.98645491644259
3.8163491717021	0.98712686375735
3.8163508305651	0.98681195152921
3.8163524894281	0.98733690223333
3.8163541482911	0.98802396911951
3.8163558071541	0.98674637012989
3.8163574660171	0.9852586993191
3.8163591248801	0.98243350929968
3.8163607837431	0.97885966487116
3.8163624426061	0.97274854302286
3.8163641014691	0.96741587498583
3.8163657603321	0.96347940670367
3.8163674191951	0.95915679473467
3.8163690780582	0.95442948687035
3.8163707369212	0.9512138286141
3.8163723957842	0.94892975850522
3.8163740546472	0.94750246736483
3.8163757135102	0.94636193138946
3.8163773723732	0.9387430935785
3.8163790312362	0.93020477563982
3.8163806900992	0.91840051000679
3.8163823489622	0.90611521192867
3.8163840078252	0.89091640696723
3.8163856666882	0.87921042678867
3.8163873255512	0.87681472531939
3.8163889844142	0.88016689862787
3.8163906432772	0.89199695267104
3.8163923021402	0.90620639034092
3.8163939610032	0.92248043034171
3.8163956198662	0.93984359555232
3.8163972787292	0.95775070467028
3.8163989375922	0.96953662165816
3.8164005964553	0.97977839631593
3.8164022553183	0.98173751346761
3.8164039141813	0.98308714102256
3.8164055730443	0.98460001772203
3.8164072319073	0.9857483812661
3.8164088907703	0.98538485807801
3.8164105496333	0.98344483803099
3.8164122084963	0.97825181471593
3.8164138673593	0.97504921799299
3.8164155262223	0.97419516470076
3.8164171850853	0.96970331368332
3.8164188439483	0.96269567883626
3.8164205028113	0.96446589885886
3.8164221616743	0.96958612977722
3.8164238205373	0.97370027586678
3.8164254794003	0.97764582880436
3.8164271382633	0.97673153775136
3.8164287971263	0.97555349939114
3.8164304559893	0.97285972763103
3.8164321148524	0.9704342117409
3.8164337737154	0.96879069251036
3.8164354325784	0.9657838404031
3.8164370914414	0.96063285392092
3.8164387503044	0.95787814686091
3.8164404091674	0.95731719178473
3.8164420680304	0.957161937363
3.8164437268934	0.95721980381364
3.8164453857564	0.95262817949676
3.8164470446194	0.94679491454678
3.8164487034824	0.94462066890364
3.8164503623454	0.94299071928574
3.8164520212084	0.94531985649254
3.8164536800714	0.94728837485591
3.8164553389344	0.94773000047107
3.8164569977974	0.95053192780623
3.8164586566604	0.95823107694261
3.8164603155234	0.96419720545867
3.8164619743864	0.96812531681669
3.8164636332494	0.96971458636596
3.8164652921125	0.9697054730118
3.8164669509755	0.96768575437844
3.8164686098385	0.96491724143608
3.8164702687015	0.96252304812912
3.8164719275645	0.96018808792437
3.8164735864275	0.96253858992166
3.8164752452905	0.96460293602473
3.8164769041535	0.96475254495946
3.8164785630165	0.96503083472978
3.8164802218795	0.96565989411696
3.8164818807425	0.96561172300921
3.8164835396055	0.9645632383059
3.8164851984685	0.9619024171067
3.8164868573315	0.95786318330654
3.8164885161945	0.95630002791337
3.8164901750575	0.95593098650662
3.8164918339205	0.9563509007511
3.8164934927835	0.95695545082627
3.8164951516465	0.96079281361473
3.8164968105096	0.96487455399957
3.8164984693726	0.96963180871091
3.8165001282356	0.97336282470354
3.8165017870986	0.97341701515608
3.8165034459616	0.97336604216652
3.8165051048246	0.97312350395864
3.8165067636876	0.97324229940543
3.8165084225506	0.97373599650465
3.8165100814136	0.97292320803962
3.8165117402766	0.97133417522395
3.8165133991396	0.97108158599364
3.8165150580026	0.97124206047431
3.8165167168656	0.97413488616041
3.8165183757286	0.97722862809619
3.8165200345916	0.97775091565335
3.8165216934546	0.97755974906049
3.8165233523176	0.97399634464409
3.8165250111806	0.96997169959579
3.8165266700436	0.96492899861432
3.8165283289067	0.96067291872204
3.8165299877697	0.95738174809441
3.8165316466327	0.95725807039672
3.8165333054957	0.95936714739096
3.8165349643587	0.96273964986317
3.8165366232217	0.96659350099495
3.8165382820847	0.96940348945547
3.8165399409477	0.97204611961953
3.8165415998107	0.96806664384822
3.8165432586737	0.96319875553704
3.8165449175367	0.95277849616716
3.8165465763997	0.93935605201652
3.8165482352627	0.91804987690311
3.8165498941257	0.89509686652913
3.8165515529887	0.86981307274688
3.8165532118517	0.8489356303305
3.8165548707147	0.8316280324491
3.8165565295777	0.82508444291133
3.8165581884407	0.82335556382009
3.8165598473038	0.84119543189158
3.8165615061668	0.86305411300556
3.8165631650298	0.88723550546788
3.8165648238928	0.91083190029065
3.8165664827558	0.92893274974351
3.8165681416188	0.94474608033352
3.8165698004818	0.95356223115456
3.8165714593448	0.96051105900303
3.8165731182078	0.96448438807709
3.8165747770708	0.96720318654195
3.8165764359338	0.96878661200847
3.8165780947968	0.96818374678967
3.8165797536598	0.966476578118
3.8165814125228	0.96731500918394
3.8165830713858	0.96877394719357
3.8165847302488	0.96488689782844
3.8165863891118	0.96078555812562
3.8165880479748	0.95782694194735
3.8165897068378	0.95487693625688
3.8165913657008	0.95195682109213
3.8165930245639	0.9485501423098
3.8165946834269	0.94429252387271
3.8165963422899	0.94244610175579
3.8165980011529	0.94297203483528
3.8165996600159	0.94339122890755
3.8166013188789	0.94375154874659
3.8166029777419	0.94606551058223
3.8166046366049	0.94891439226775
3.8166062954679	0.94978824290233
3.8166079543309	0.95020727695817
3.8166096131939	0.94647098022146
3.8166112720569	0.9420946310591
3.8166129309199	0.93527388333724
3.8166145897829	0.93087657633818
3.8166162486459	0.93100730906913
3.8166179075089	0.93218411345078
3.8166195663719	0.93445026091857
3.8166212252349	0.93738562190749
3.8166228840979	0.94071198164807
3.816624542961	0.94118400310469
3.816626201824	0.94081647377835
3.816627860687	0.93063224688356
3.81662951955	0.91917183195058
3.816631178413	0.90171303536734
3.816632837276	0.88394859070075
3.816634496139	0.86494652742555
3.816636155002	0.84900095130802
3.816637813865	0.83898600450241
3.816639472728	0.83638800529192
3.816641131591	0.84175219367306
3.816642790454	0.85246147747439
3.816644449317	0.86638352531314
3.81664610818	0.88567842317283
3.816647767043	0.90660525282635
3.816649425906	0.92002441052115
3.816651084769	0.93202120241627
3.816652743632	0.93177674290568
3.816654402495	0.93113852775236
3.8166560613581	0.92887679748469
3.8166577202211	0.92619229128738
3.8166593790841	0.92268050985467
3.8166610379471	0.91982986290082
3.8166626968101	0.91769168309376
3.8166643556731	0.91498624234377
3.8166660145361	0.9119398567123
3.8166676733991	0.90196005725571
3.8166693322621	0.88988542150057
3.8166709911251	0.87029080446072
3.8166726499881	0.84976926051825
3.8166743088511	0.82587674028984
3.8166759677141	0.80484720206735
3.8166776265771	0.79534101651137
3.8166792854401	0.79368698618087
3.8166809443031	0.80707655957679
3.8166826031661	0.82644652691046
3.8166842620291	0.85211539654232
3.8166859208921	0.87603320171322
3.8166875797551	0.89892807227092
3.8166892386182	0.91791184847306
3.8166908974812	0.93576395914389
3.8166925563442	0.94225003602341
3.8166942152072	0.94752637510795
3.8166958740702	0.94958866744628
3.8166975329332	0.9510201711146
3.8166991917962	0.95007090847119
3.8167008506592	0.94965360407036
3.8167025095222	0.9502056401449
3.8167041683852	0.9503543856646
3.8167058272482	0.9500988405294
3.8167074861112	0.9478443999085
3.8167091449742	0.94448749634644
3.8167108038372	0.94375602120948
3.8167124627002	0.94372312988522
3.8167141215632	0.93581104298406
3.8167157804262	0.92699659072847
3.8167174392892	0.91412425512227
3.8167190981522	0.90085133004376
3.8167207570153	0.88621068860499
3.8167224158783	0.87364386075016
3.8167240747413	0.86457222587087
3.8167257336043	0.85985209052946
3.8167273924673	0.85917513482723
3.8167290513303	0.8661198416805
3.8167307101933	0.87691306936496
3.8167323690563	0.89386729879406
3.8167340279193	0.91225993644353
3.8167356867823	0.92048482678223
3.8167373456453	0.92794812016651
3.8167390045083	0.93276543035291
3.8167406633713	0.93769841098015
3.8167423222343	0.9429778607188
3.8167439810973	0.94542302304684
3.8167456399603	0.94356446616247
3.8167472988233	0.94370230508116
3.8167489576863	0.94551346356788
3.8167506165493	0.94630238598225
3.8167522754124	0.94663431874659
3.8167539342754	0.94716037260614
3.8167555931384	0.94772387698542
3.8167572520014	0.94894927116104
3.8167589108644	0.95031430701669
3.8167605697274	0.95252604879008
3.8167622285904	0.95367952113205
3.8167638874534	0.95212087906476
3.8167655463164	0.95043589025153
3.8167672051794	0.94858233913335
3.8167688640424	0.9465392013966
3.8167705229054	0.94435668140909
3.8167721817684	0.94107379615457
3.8167738406314	0.9373721019632
3.8167754994944	0.93940753071735
3.8167771583574	0.94225190980493
3.8167788172204	0.94369394554293
3.8167804760834	0.94486440223021
3.8167821349464	0.94470128737901
3.8167837938094	0.9443026973035
3.8167854526725	0.94339847923892
3.8167871115355	0.94312814888491
3.8167887703985	0.94358300113574
3.8167904292615	0.94416051717909
3.8167920881245	0.94481473775921
3.8167937469875	0.94034137315748
3.8167954058505	0.93428589117159
3.8167970647135	0.93247596322421
3.8167987235765	0.93099715090646
3.8168003824395	0.92844233032588
3.8168020413025	0.92499858304704
3.8168037001655	0.91824969211412
3.8168053590285	0.91185860603215
3.8168070178915	0.90609970652415
3.8168086767545	0.89943735510484
3.8168103356175	0.89191068542474
3.8168119944805	0.887571970741
3.8168136533435	0.8848693380865
3.8168153122065	0.88341788741915
3.8168169710696	0.88225839978247
3.8168186299326	0.88811315505552
3.8168202887956	0.89462263156762
3.8168219476586	0.90408584197917
3.8168236065216	0.91360000940468
3.8168252653846	0.92325820838454
3.8168269242476	0.92972748496457
3.8168285831106	0.93164213538448
3.8168302419736	0.93317795375381
3.8168319008366	0.93441899671922
3.8168335596996	0.93485714683759
3.8168352185626	0.9349723368756
3.8168368774256	0.93273007414797
3.8168385362886	0.93016616459403
3.8168401951516	0.93084388221217
3.8168418540146	0.93194040512636
3.8168435128776	0.93513883460483
3.8168451717406	0.93825113725652
3.8168468306036	0.94117823774167
3.8168484894667	0.94344623088671
3.8168501483297	0.94496750197989
3.8168518071927	0.9464247321979
3.8168534660557	0.94784277558205
3.8168551249187	0.94704643151047
3.8168567837817	0.94559633177828
3.8168584426447	0.93927776323187
3.8168601015077	0.93283762364616
3.8168617603707	0.92980070071768
3.8168634192337	0.92685314787721
3.8168650780967	0.92420831012768
3.8168667369597	0.9236480366023
3.8168683958227	0.92648622490948
3.8168700546857	0.93079287229587
3.8168717135487	0.93638858802326
3.8168733724117	0.94027433863604
3.8168750312747	0.94337391022575
3.8168766901377	0.94339267553407
3.8168783490007	0.94281450920689
3.8168800078638	0.94489544275963
3.8168816667268	0.94713571078323
3.8168833255898	0.95017531041063
3.8168849844528	0.95166786481321
3.8168866433158	0.94948785550026
3.8168883021788	0.94780763718291
3.8168899610418	0.94673923812014
3.8168916199048	0.94412182203554
3.8168932787678	0.94048423843394
3.8168949376308	0.93794060191988
3.8168965964938	0.93574933775266
3.8168982553568	0.92775938536482
3.8168999142198	0.91858927003733
3.8169015730828	0.90050684502922
3.8169032319458	0.88170273602729
3.8169048908088	0.86030277412715
3.8169065496718	0.84255977230316
3.8169082085348	0.83100221490084
3.8169098673978	0.82489571967557
3.8169115262608	0.82370810668371
3.8169131851239	0.8322078925017
3.8169148439869	0.84526769846833
3.8169165028499	0.86214593331642
3.8169181617129	0.87978224733542
3.8169198205759	0.88875758855189
3.8169214794389	0.89658657996147
3.8169231383019	0.89815769342295
3.8169247971649	0.90024846284873
3.8169264560279	0.90356110039605
3.8169281148909	0.90791993484705
3.8169297737539	0.91354034597121
3.8169314326169	0.91825094896389
3.8169330914799	0.92237607969228
3.8169347503429	0.92482354988822
3.8169364092059	0.92675182133102
3.8169380680689	0.9256255165351
3.8169397269319	0.92416955133131
3.8169413857949	0.92196281418953
3.8169430446579	0.91901347319919
3.816944703521	0.91358039732435
3.816946362384	0.90613542285073
3.816948021247	0.89548895947919
3.81694968011	0.88547236321398
3.816951338973	0.87598839486743
3.816952997836	0.86906898338266
3.816954656699	0.86325985164202
3.816956315562	0.86537063847288
3.816957974425	0.86882130412806
3.816959633288	0.87097420889952
3.816961292151	0.87293051312139
3.816962951014	0.87390478757189
3.816964609877	0.87441522627415
3.81696626874	0.87395516942914
3.816967927603	0.86754152125082
3.816969586466	0.85468152557482
3.816971245329	0.84039093176459
3.816972904192	0.82528500396737
3.816974563055	0.81247440761537
3.8169762219181	0.80025936953649
3.8169778807811	0.79877063166272
3.8169795396441	0.79853634705976
3.8169811985071	0.80408506719114
3.8169828573701	0.81074121772296
3.8169845162331	0.82045651920687
3.8169861750961	0.83148808447841
3.8169878339591	0.84431266314474
3.8169894928221	0.85392960598546
3.8169911516851	0.86123341656755
3.8169928105481	0.86631960870283
3.8169944694111	0.87062186567538
3.8169961282741	0.87320333480052
3.8169977871371	0.87549825477005
3.8169994460001	0.87626871715059
3.8170011048631	0.87675732629124
3.8170027637261	0.87620510662564
3.8170044225891	0.87638928650139
3.8170060814521	0.87781965316265
3.8170077403151	0.87887448256993
3.8170093991782	0.87959621872944
3.8170110580412	0.8758300296582
3.8170127169042	0.87003387457203
3.8170143757672	0.86789301703915
3.8170160346302	0.86640460275748
3.8170176934932	0.86393957819681
3.8170193523562	0.86177317219586
3.8170210112192	0.86111477090947
3.8170226700822	0.86036187062108
3.8170243289452	0.85941222674376
3.8170259878082	0.859297866043
3.8170276466712	0.86007480460352
3.8170293055342	0.86099893098875
3.8170309643972	0.8620046988858
3.8170326232602	0.85917364728506
3.8170342821232	0.8554003332934
3.8170359409862	0.8546836034936
3.8170375998492	0.85413032383564
3.8170392587122	0.85389608812581
3.8170409175753	0.85218650933345
3.8170425764383	0.84672792508056
3.8170442353013	0.84216376831359
3.8170458941643	0.83872629194127
3.8170475530273	0.83504879453133
3.8170492118903	0.83121315541185
3.8170508707533	0.82692130516443
3.8170525296163	0.8224879304386
3.8170541884793	0.81578565767881
3.8170558473423	0.8087675574303
3.8170575062053	0.80035516441561
3.8170591650683	0.79274826267169
3.8170608239313	0.78762009572031
3.8170624827943	0.78032938610366
3.8170641416573	0.76987740705136
3.8170658005203	0.76006192685126
3.8170674593833	0.75073189600515
3.8170691182463	0.74132792439457
3.8170707771093	0.73189639937047
3.8170724359724	0.7193765803259
3.8170740948354	0.70641815183142
3.8170757536984	0.69241681370775
3.8170774125614	0.67787252003993
3.8170790714244	0.66132229945972
3.8170807302874	0.64428511673247
3.8170823891504	0.62643561621766
3.8170840480134	0.61003584124142
3.8170857068764	0.5948875087099
3.8170873657394	0.57897458654386
3.8170890246024	0.5627320215311
3.8170906834654	0.54928689556242
3.8170923423284	0.53626447876362
3.8170940011914	0.52201569496957
3.8170956600544	0.50848608488026
3.8170973189174	0.49810994154126
3.8170989777804	0.48842217834292
3.8171006366434	0.48002233057649
3.8171022955064	0.47335755117187
3.8171039543695	0.46835298627995
3.8171056132325	0.4620887808108
3.8171072720955	0.45521503695092
3.8171089309585	0.4482306177403
3.8171105898215	0.44122467590135
3.8171122486845	0.4350696992026
3.8171139075475	0.42910691592077
3.8171155664105	0.42412867500619
3.8171172252735	0.41934851478763
3.8171188841365	0.41497651639922
3.8171205429995	0.41084705425811
3.8171222018625	0.40696975005778
3.8171238607255	0.4016262918807
3.8171255195885	0.39550698271704
3.8171271784515	0.3925413391175
3.8171288373145	0.39027834404356
3.8171304961775	0.3865649156461
3.8171321550405	0.3827547037662
3.8171338139035	0.37853573661695
3.8171354727665	0.37484236995861
3.8171371316296	0.37231843373094
3.8171387904926	0.36981560730235
3.8171404493556	0.36733616349688
3.8171421082186	0.36695833916402
3.8171437670816	0.36776798969027
3.8171454259446	0.36712918567975
3.8171470848076	0.36613639309202
3.8171487436706	0.36490395539423
3.8171504025336	0.36407131364626
3.8171520613966	0.36588933475299
3.8171537202596	0.36854556844198
3.8171553791226	0.373173346536
3.8171570379856	0.37723558872564
3.8171586968486	0.38064330965698
3.8171603557116	0.38316639131424
3.8171620145746	0.38516741101257
3.8171636734376	0.39296009020038
3.8171653323006	0.40225254112939
3.8171669911636	0.41151162016686
3.8171686500267	0.42156405194427
3.8171703088897	0.4371463950559
3.8171719677527	0.45180137793907
3.8171736266157	0.46420272211681
3.8171752854787	0.47707077928231
3.8171769443417	0.49049217999325
3.8171786032047	0.50088628139433
3.8171802620677	0.50945370619304
3.8171819209307	0.51857983952632
3.8171835797937	0.5278545043829
3.8171852386567	0.53539711640885
3.8171868975197	0.54250444553786
3.8171885563827	0.54707044817524
3.8171902152457	0.5519280757176
3.8171918741087	0.55750096652993
3.8171935329717	0.56046699663043
3.8171951918347	0.56032897359996
3.8171968506977	0.55841949049444
3.8171985095607	0.555440050775
3.8172001684238	0.55295907226783
3.8172018272868	0.55061015904295
3.8172034861498	0.54857309256038
3.8172051450128	0.54675382467219
3.8172068038758	0.54636090972369
3.8172084627388	0.54798323789313
3.8172101216018	0.55447539401204
3.8172117804648	0.56141103050522
3.8172134393278	0.5688665781348
3.8172150981908	0.57579231276322
3.8172167570538	0.58240439680381
3.8172184159168	0.59145950607261
3.8172200747798	0.60114056454279
3.8172217336428	0.60803648236982
3.8172233925058	0.61479209377343
3.8172250513688	0.62130748488417
3.8172267102318	0.62723042056047
3.8172283690948	0.63177525361592
3.8172300279578	0.63560659081227
3.8172316868208	0.63863051029094
3.8172333456839	0.64354178067454
3.8172350045469	0.64952520495573
3.8172366634099	0.65138241467594
3.8172383222729	0.65224963728033
3.8172399811359	0.65538946963845
3.8172416399989	0.65874479615723
3.8172432988619	0.66303684249215
3.8172449577249	0.66651381195555
3.8172466165879	0.66820657398948
3.8172482754509	0.67127020842433
3.8172499343139	0.6758021463751
3.8172515931769	0.68024164661319
3.8172532520399	0.6846318693989
3.8172549109029	0.68841033414225
3.8172565697659	0.69205618733887
3.8172582286289	0.69980970928776
3.8172598874919	0.70751936087123
3.8172615463549	0.71481922622832
3.8172632052179	0.72007234228656
3.817264864081	0.72119592461599
3.817266522944	0.72355733995248
3.817268181807	0.7271490503233
3.81726984067	0.72959030255565
3.817271499533	0.7314694052745
3.817273158396	0.73695348495876
3.817274817259	0.74311295378518
3.817276476122	0.74925235393842
3.817278134985	0.75491126788512
3.817279793848	0.75843029373823
3.817281452711	0.76284689458095
3.817283111574	0.76890025401551
3.817284770437	0.77208363952509
3.8172864293	0.77267141341153
3.817288088163	0.77267336670562
3.817289747026	0.77241964319458
3.817291405889	0.76608635654134
3.817293064752	0.75897140135753
3.817294723615	0.75552212136946
3.8172963824781	0.75233667971498
3.8172980413411	0.75014236968904
3.8172997002041	0.74917282553108
3.8173013590671	0.75018580354844
3.8173030179301	0.75282016670212
3.8173046767931	0.7567619633557
3.8173063356561	0.76461980121136
3.8173079945191	0.77395933685546
3.8173096533821	0.78646758580193
3.8173113122451	0.79932401074038
3.8173129711081	0.81200112334532
3.8173146299711	0.82379160614791
3.8173162888341	0.83280540666557
3.8173179476971	0.84076196416315
3.8173196065601	0.8472251091057
3.8173212654231	0.8484620649972
3.8173229242861	0.84602290215947
3.8173245831491	0.84468308368487
3.8173262420121	0.8436908192505
3.8173279008751	0.84418400381467
3.8173295597382	0.84524053820734
3.8173312186012	0.85015769375675
3.8173328774642	0.85671924374552
3.8173345363272	0.85943177433164
3.8173361951902	0.86096337125962
3.8173378540532	0.86467892509764
3.8173395129162	0.86880155542706
3.8173411717792	0.87300767128788
3.8173428306422	0.87723297492029
3.8173444895052	0.88055019649477
3.8173461483682	0.88361640660776
3.8173478072312	0.8867488957718
3.8173494660942	0.88990302076046
3.8173511249572	0.89194336633613
3.8173527838202	0.89356017166818
3.8173544426832	0.89604313040056
3.8173561015462	0.89890586997835
3.8173577604092	0.90108042084735
3.8173594192722	0.90290985759326
3.8173610781353	0.9056504060813
3.8173627369983	0.90891022933528
3.8173643958613	0.90742211196528
3.8173660547243	0.90287313774413
3.8173677135873	0.90299957128751
3.8173693724503	0.90652256266259
3.8173710313133	0.90735261321485
3.8173726901763	0.90598416712125
3.8173743490393	0.90543627409742
3.8173760079023	0.90563987854204
3.8173776667653	0.90577560376226
3.8173793256283	0.90584166739281
3.8173809844913	0.90526394398843
3.8173826433543	0.90394603454605
3.8173843022173	0.90414726543236
3.8173859610803	0.90630596071128
3.8173876199433	0.90767252791011
3.8173892788063	0.90789393033001
3.8173909376693	0.9089904852946
3.8173925965324	0.91150946358354
3.8173942553954	0.91285272699475
3.8173959142584	0.91204197644742
3.8173975731214	0.91114343127791
3.8173992319844	0.91006283036234
3.8174008908474	0.91096800363362
3.8174025497104	0.91655622117537
3.8174042085734	0.92200439102859
3.8174058674364	0.92707446974034
3.8174075262994	0.92892674247533
3.8174091851624	0.92074965291393
3.8174108440254	0.9162596646843
3.8174125028884	0.92517973472603
3.8174141617514	0.93145835295808
3.8174158206144	0.92636851197695
3.8174174794774	0.92240581090867
3.8174191383404	0.92429245122725
3.8174207972034	0.92566464510372
3.8174224560664	0.92373149914699
3.8174241149295	0.92185309043695
3.8174257737925	0.92042709379761
3.8174274326555	0.91908290865346
3.8174290915185	0.91866346988154
3.8174307503815	0.91838444642481
3.8174324092445	0.92052915534887
3.8174340681075	0.92271347617173
3.8174357269705	0.92625401205294
3.8174373858335	0.92980129903191
3.8174390446965	0.93650859595927
3.8174407035595	0.94321589288663
3.8174423624225	0.93623992015391
3.8174440212855	0.92892719090495
3.8174456801485	0.9292573081205
3.8174473390115	0.92999032253818
3.8174489978745	0.93185459764039
3.8174506567375	0.9338118629789
3.8174523156005	0.93581843215206
3.8174539744635	0.93783058579745
3.8174556333265	0.94113697789102
3.8174572921896	0.944632385001
3.8174589510526	0.94576127736304
3.8174606099156	0.94646286033212
3.8174622687786	0.94882694469349
3.8174639276416	0.95155194030432
3.8174655865046	0.95209127161783
3.8174672453676	0.95207151998734
3.8174689042306	0.95059329812173
3.8174705630936	0.94868227547847
3.8174722219566	0.94952412799653
3.8174738808196	0.95130296488606
3.8174755396826	0.95342341268411
3.8174771985456	0.95567595494066
3.8174788574086	0.95487668927039
3.8174805162716	0.95274648457255
3.8174821751346	0.94694277320774
3.8174838339976	0.93934307030321
3.8174854928606	0.94017248165423
3.8174871517236	0.94559912074874
3.8174888105867	0.94524363271675
3.8174904694497	0.94138357533985
3.8174921283127	0.93938254998254
3.8174937871757	0.93862966994929
3.8174954460387	0.93896898691073
3.8174971049017	0.9401186384014
3.8174987637647	0.94245120354289
3.8175004226277	0.94575166980867
3.8175020814907	0.94754186427115
3.8175037403537	0.94797124156394
3.8175053992167	0.95102644589917
3.8175070580797	0.95668482089623
3.8175087169427	0.95791194171632
3.8175103758057	0.95430844619168
3.8175120346687	0.9514097783638
3.8175136935317	0.94935586612494
3.8175153523947	0.94979835169681
3.8175170112577	0.95353125115542
3.8175186701207	0.95293938402876
3.8175203289838	0.94607325362383
3.8175219878468	0.93966315800797
3.8175236467098	0.93398224348947
3.8175253055728	0.92967983781096
3.8175269644358	0.92781033191815
3.8175286232988	0.92424238444121
3.8175302821618	0.91735806954301
3.8175319410248	0.91082636305553
3.8175335998878	0.90505851246501
3.8175352587508	0.89667786233445
3.8175369176138	0.88199449529052
3.8175385764768	0.86651513783113
3.8175402353398	0.84888838199011
3.8175418942028	0.82770586456767
3.8175435530658	0.79573787766433
3.8175452119288	0.76595549429038
3.8175468707918	0.74367797707165
3.8175485296548	0.72905860724083
3.8175501885178	0.74445427050783
3.8175518473808	0.76054455431376
3.8175535062439	0.77977470946157
3.8175551651069	0.80089278336071
3.8175568239699	0.83198783291705
3.8175584828329	0.86245535360795
3.8175601416959	0.88897726544831
3.8175618005589	0.91414249060042
3.8175634594219	0.92891396432153
3.8175651182849	0.94301802808316
3.8175667771479	0.95067360894288
3.8175684360109	0.95791634153268
3.8175700948739	0.95985852475147
3.8175717537369	0.96161527731421
3.8175734125999	0.95990891718349
3.8175750714629	0.95814658069313
3.8175767303259	0.95454667877724
3.8175783891889	0.95089981852751
3.8175800480519	0.9417066723775
3.8175817069149	0.93251352622749
3.8175833657779	0.92978223809647
3.817585024641	0.92713390771228
3.817586683504	0.92045580186029
3.817588342367	0.91363771204951
3.81759000123	0.89907348940772
3.817591660093	0.88406387875178
3.817593318956	0.88038868687034
3.817594977819	0.87763352396944
3.817596636682	0.87686913230821
3.817598295545	0.87631529119373
3.817599954408	0.88246069325271
3.817601613271	0.88948588779548
3.817603272134	0.89502071013725
3.817604930997	0.90032017325436
3.81760658986	0.90281923234625
3.817608248723	0.90479837215041
3.817609907586	0.90541783718695
3.817611566449	0.90574557060176
3.817613225312	0.90578772549785
3.817614884175	0.90576000051763
3.8176165430381	0.90469330974851
3.8176182019011	0.90333964605632
3.8176198607641	0.90118065685197
3.8176215196271	0.8987727172283
3.8176231784901	0.89064353726597
3.8176248373531	0.88054882766127
3.8176264962161	0.88499181635032
3.8176281550791	0.89495398940831
3.8176298139421	0.89139218355993
3.8176314728051	0.88218459226715
3.8176331316681	0.87703502944363
3.8176347905311	0.87374050562368
3.8176364493941	0.87292422311357
3.8176381082571	0.8733442386185
3.8176397671201	0.87094522616249
3.8176414259831	0.86701623333099
3.8176430848461	0.86431483264873
3.8176447437091	0.86233637352396
3.8176464025721	0.86162044916388
3.8176480614352	0.86170961953811
3.8176497202982	0.85925062982085
3.8176513791612	0.85503556139456
3.8176530380242	0.85970260745114
3.8176546968872	0.87097403806045
3.8176563557502	0.88075224664252
3.8176580146132	0.88933397166119
3.8176596734762	0.89155099852347
3.8176613323392	0.88827862523665
3.8176629912022	0.89434576931183
3.8176646500652	0.9090751172605
3.8176663089282	0.91162940285002
3.8176679677912	0.90204754960686
3.8176696266542	0.89520030971397
3.8176712855172	0.89128107683432
3.8176729443802	0.88969153298911
3.8176746032432	0.89078042538022
3.8176762621062	0.8939329920535
3.8176779209692	0.89963308345231
3.8176795798322	0.90643878624028
3.8176812386953	0.91470992472979
3.8176828975583	0.92213154859986
3.8176845564213	0.92834399300291
3.8176862152843	0.93811161653508
3.8176878741473	0.95331527424114
3.8176895330103	0.95875295939743
3.8176911918733	0.94813845316473
3.8176928507363	0.94072007000325
3.8176945095993	0.93895397240197
3.8176961684623	0.93798841702816
3.8176978273253	0.93854722835889
3.8176994861883	0.94130137591445
3.8177011450513	0.94856244269477
3.8177028039143	0.95221109117679
3.8177044627773	0.94785315445266
3.8177061216403	0.94571097365726
3.8177077805033	0.94888052179809
3.8177094393663	0.95058431525393
3.8177110982293	0.9484809788807
3.8177127570924	0.94793095486714
3.8177144159554	0.95176401152829
3.8177160748184	0.95412199652413
3.8177177336814	0.95194695160898
3.8177193925444	0.94957119813702
3.8177210514074	0.94652146682454
3.8177227102704	0.94395529981444
3.8177243691334	0.94316999596864
3.8177260279964	0.94123242841403
3.8177276868594	0.93462078054488
3.8177293457224	0.93046031069316
3.8177310045854	0.93731054985187
3.8177326634484	0.94262784041818
3.8177343223114	0.94027299048629
3.8177359811744	0.93746379289843
3.8177376400374	0.93210236112645
3.8177392989004	0.9293338752358
3.8177409577634	0.94306661037831
3.8177426166264	0.95404206756165
3.8177442754895	0.94491425371154
3.8177459343525	0.93707151622223
3.8177475932155	0.94011724228416
3.8177492520785	0.94281504644952
3.8177509109415	0.94202093072194
3.8177525698045	0.94119114895623
3.8177542286675	0.93992643492089
3.8177558875305	0.93902608060045
3.8177575463935	0.94372430815228
3.8177592052565	0.94815294719273
3.8177608641195	0.94705537960432
3.8177625229825	0.94606689812703
3.8177641818455	0.94837189488047
3.8177658407085	0.95017900118255
3.8177674995715	0.9244187003655
3.8177691584345	0.89878246579586
3.8177708172975	0.90791264641598
3.8177724761605	0.9170428270361
3.8177741350235	0.89650958180134
3.8177757938865	0.87566054985349
3.8177774527496	0.83141600741809
3.8177791116126	0.786584175607
3.8177807704756	0.77350578573313
3.8177824293386	0.76169360739951
3.8177840882016	0.7519876643521
3.8177857470646	0.74239732743031
3.8177874059276	0.7554233842422
3.8177890647906	0.7700377796185
3.8177907236536	0.79678074882928
3.8177923825166	0.82456570956353
3.8177940413796	0.85800942659636
3.8177957002426	0.89202948180201
3.8177973591056	0.91084548399491
3.8177990179686	0.92786525674988
3.8178006768316	0.93970881968856
3.8178023356946	0.95085462648174
3.8178039945576	0.96009343688546
3.8178056534206	0.96904289546228
3.8178073122836	0.97113684136309
3.8178089711467	0.9720718924542
3.8178106300097	0.97095873317349
3.8178122888727	0.96946317695219
3.8178139477357	0.96123353137779
3.8178156065987	0.95162505634316
3.8178172654617	0.96394826820535
3.8178189243247	0.98116587008553
3.8178205831877	0.96928828534616
3.8178222420507	0.95037140799314
3.8178239009137	0.94974804734126
3.8178255597767	0.95390086224177
3.8178272186397	0.95896668639826
3.8178288775027	0.96428876924502
3.8178305363657	0.96370261249637
3.8178321952287	0.96134012124318
3.8178338540917	0.96056694835681
3.8178355129547	0.96030399507348
3.8178371718177	0.95979763889351
3.8178388306807	0.95920806703733
3.8178404895438	0.95628037647002
3.8178421484068	0.95250358234858
3.8178438072698	0.95134953032139
3.8178454661328	0.95120485491629
3.8178471249958	0.95073472923678
3.8178487838588	0.95013212321069
3.8178504427218	0.94831851397764
3.8178521015848	0.94598450205914
3.8178537604478	0.94176002249762
3.8178554193108	0.93667945164289
3.8178570781738	0.94206806976497
3.8178587370368	0.95244452120847
3.8178603958998	0.95346110515706
3.8178620547628	0.9497923512951
3.8178637136258	0.9405471335984
3.8178653724888	0.92837307858157
3.8178670313518	0.91752936011644
3.8178686902148	0.90741791831613
3.8178703490778	0.88858930857842
3.8178720079408	0.86473882638961
3.8178736668039	0.83651320896944
3.8178753256669	0.80565221297925
3.8178769845299	0.7785898595084
3.8178786433929	0.7539178210989
3.8178803022559	0.74644633557933
3.8178819611189	0.75026865756992
3.8178836199819	0.76974232322254
3.8178852788449	0.79993089200657
3.8178869377079	0.83178418323462
3.8178885965709	0.86482470558848
3.8178902554339	0.89396101179325
3.8178919142969	0.92019867631096
3.8178935731599	0.93879337469536
3.8178952320229	0.95148636073205
3.8178968908859	0.95652402360014
3.8178985497489	0.95541724756338
3.8179002086119	0.954540561429
3.8179018674749	0.95385573398536
3.8179035263379	0.95303909211931
3.817905185201	0.95210835962915
3.817906844064	0.94789090135314
3.817908502927	0.94072193114971
3.81791016179	0.93460657467643
3.817911820653	0.92947242289168
3.817913479516	0.92464037097275
3.817915138379	0.92009986155532
3.817916797242	0.91310939428684
3.817918456105	0.90366981756772
3.817920114968	0.88977949458535
3.817921773831	0.87128293529006
3.817923432694	0.84806928647413
3.817925091557	0.81980407525523
3.81792675042	0.79220368431914
3.817928409283	0.76533974790964
3.817930068146	0.74246764228299
3.817931727009	0.72416740768242
3.817933385872	0.72073404074842
3.817935044735	0.73489685170778
3.8179367035981	0.7565217548276
3.8179383624611	0.78727116274776
3.8179400213241	0.81651766617565
3.8179416801871	0.84386642043078
3.8179433390501	0.86651649523753
3.8179449979131	0.88304227813437
3.8179466567761	0.8939496945357
3.8179483156391	0.89730006933994
3.8179499745021	0.90006477548908
3.8179516333651	0.90201701164006
3.8179532922281	0.90330046172317
3.8179549510911	0.90362726129838
3.8179566099541	0.9077489381973
3.8179582688171	0.91746659112361
3.8179599276801	0.92278235232081
3.8179615865431	0.92141020758612
3.8179632454061	0.92080901753718
3.8179649042691	0.92141441617477
3.8179665631321	0.92288149266191
3.8179682219952	0.9257372159912
3.8179698808582	0.92750044701875
3.8179715397212	0.92745111259139
3.8179731985842	0.92675329369593
3.8179748574472	0.92494823004735
3.8179765163102	0.92417371387354
3.8179781751732	0.92520937767292
3.8179798340362	0.92449460419658
3.8179814928992	0.9206179081241
3.8179831517622	0.91727459174252
3.8179848106252	0.91492190018031
3.8179864694882	0.91092233065457
3.8179881283512	0.90377903922263
3.8179897872142	0.89841333133611
3.8179914460772	0.89653391623542
3.8179931049402	0.89560150703796
3.8179947638032	0.89657665558463
3.8179964226662	0.89816554065916
3.8179980815292	0.90102387518183
3.8179997403922	0.90697157133004
3.8180013992553	0.91947843661441
3.8180030581183	0.91971772302756
3.8180047169813	0.89322682955954
3.8180063758443	0.874014735485
3.8180080347073	0.87107011073129
3.8180096935703	0.87236666172725
3.8180113524333	0.88338344035495
3.8180130112963	0.89234002989448
3.8180146701593	0.89645649351266
3.8180163290223	0.899900387927
3.8180179878853	0.90172487727918
3.8180196467483	0.90459120704551
3.8180213056113	0.91002691836551
3.8180229644743	0.91431514152364
3.8180246233373	0.9157048653736
3.8180262822003	0.91732334447072
3.8180279410633	0.9195332836504
3.8180295999263	0.92017917729333
3.8180312587893	0.91668750752826
3.8180329176524	0.91167197796405
3.8180345765154	0.90253285707107
3.8180362353784	0.89534434074886
3.8180378942414	0.89355265290324
3.8180395531044	0.89440014515232
3.8180412119674	0.90271152113779
3.8180428708304	0.90878284932372
3.8180445296934	0.90838164888952
3.8180461885564	0.90908280471925
3.8180478474194	0.91303669128148
3.8180495062824	0.91454052914124
3.8180511651454	0.90866544612659
3.8180528240084	0.90526257583978
3.8180544828714	0.909455483687
3.8180561417344	0.91594943947913
3.8180578005974	0.92965354853385
3.8180594594604	0.94052156642975
3.8180611183234	0.94233149701685
3.8180627771864	0.94612199919637
3.8180644360495	0.95635803347744
3.8180660949125	0.96426579008759
3.8180677537755	0.96445898847833
3.8180694126385	0.9630722337072
3.8180710715015	0.95635739777106
3.8180727303645	0.95193403956264
3.8180743892275	0.95537263472486
3.8180760480905	0.95931372854996
3.8180777069535	0.96500737731985
3.8180793658165	0.96716870836713
3.8180810246795	0.9568117923316
3.8180826835425	0.94959461861234
3.8180843424055	0.95367653978907
3.8180860012685	0.9568482573672
3.8180876601315	0.95669593965574
3.8180893189945	0.95590695004686
3.8180909778575	0.95275950479663
3.8180926367205	0.95005897567782
3.8180942955835	0.9490365615349
3.8180959544465	0.94834128468806
3.8180976133096	0.94889023864491
3.8180992721726	0.94965333679928
3.8181009310356	0.95124083305264
3.8181025898986	0.95187121931662
3.8181042487616	0.94877394458538
3.8181059076246	0.9472394931435
3.8181075664876	0.95185824021585
3.8181092253506	0.95737930080265
3.8181108842136	0.9664890123054
3.8181125430766	0.97325956625016
3.8181142019396	0.97063989411344
3.8181158608026	0.96817593979158
3.8181175196656	0.96634259553011
3.8181191785286	0.96572063648412
3.8181208373916	0.97004361639014
3.8181224962546	0.97377291211072
3.8181241551176	0.97506077370337
3.8181258139806	0.97409233623057
3.8181274728436	0.96378645602392
3.8181291317067	0.95509290864396
3.8181307905697	0.95311016392567
3.8181324494327	0.95195346481064
3.8181341082957	0.95425174409704
3.8181357671587	0.95669896272357
3.8181374260217	0.95977164493331
3.8181390848847	0.96358292100738
3.8181407437477	0.97050654450478
3.8181424026107	0.97378823986846
3.8181440614737	0.96168383132694
3.8181457203367	0.95179849164068
3.8181473791997	0.95130403319572
3.8181490380627	0.95144940351014
3.8181506969257	0.9543054126143
3.8181523557887	0.9567102501352
3.8181540146517	0.95720377511799
3.8181556735147	0.95709601922274
3.8181573323777	0.95444270626423
3.8181589912407	0.95213655959121
3.8181606501038	0.95129792089613
3.8181623089668	0.9521388231804
3.8181639678298	0.96006416746963
3.8181656266928	0.96535792340645
3.8181672855558	0.95958469124859
3.8181689444188	0.95463039973662
3.8181706032818	0.95310684004728
3.8181722621448	0.95264811980388
3.8181739210078	0.95662927111426
3.8181755798708	0.95938975781072
3.8181772387338	0.95708760213077
3.8181788975968	0.95600070358777
3.8181805564598	0.9599218579573
3.8181822153228	0.9609815480703
3.8181838741858	0.95033119146297
3.8181855330488	0.94176374694723
3.8181871919118	0.94165617336078
3.8181888507748	0.94197184563115
3.8181905096378	0.94399182319708
3.8181921685008	0.94604822946423
3.8181938273639	0.94824998820735
3.8181954862269	0.94918357259266
3.8181971450899	0.94510712307126
3.8181988039529	0.94280628471054
3.8182004628159	0.94744711652452
3.8182021216789	0.95346255510195
3.8182037805419	0.96479066602945
3.8182054394049	0.97380424901021
3.8182070982679	0.97397892862304
3.8182087571309	0.9730757247243
3.8182104159939	0.9681071825999
3.8182120748569	0.96387917889697
3.8182137337199	0.96240696692987
3.8182153925829	0.96093130341641
3.8182170514459	0.95944297253463
3.8182187103089	0.95901187041368
3.8182203691719	0.96240477256883
3.8182220280349	0.96657382371909
3.8182236868979	0.97350778692324
3.818225345761	0.97335972535076
3.818227004624	0.9483804504418
3.818228663487	0.93190999213773
3.81823032235	0.9447915499582
3.818231981213	0.95483851801473
3.818233640076	0.95527118725122
3.818235298939	0.95618143830838
3.818236957802	0.95868342688958
3.818238616665	0.96017707186737
3.818240275528	0.95836953275828
3.818241934391	0.95732302317289
3.818243593254	0.95872194155487
3.818245252117	0.96002366075069
3.81824691098	0.96101892849526
3.818248569843	0.96125506558318
3.818250228706	0.95914363127918
3.818251887569	0.95792423299245
3.818253546432	0.95940856915562
3.818255205295	0.95980294133855
3.8182568641581	0.95696031858692
3.8182585230211	0.95299828688235
3.8182601818841	0.94578052438532
3.8182618407471	0.93999121345469
3.8182634996101	0.93826860857141
3.8182651584731	0.93731415163603
3.8182668173361	0.93849973605367
3.8182684761991	0.93359740288682
3.8182701350621	0.91210854166067
3.8182717939251	0.89961682069867
3.8182734527881	0.91109092021321
3.8182751116511	0.92677528583116
3.8182767705141	0.95342171981088
3.8182784293771	0.97368059600073
3.8182800882401	0.9776937645342
3.8182817471031	0.97378191914428
3.8182834059661	0.95018548309452
3.8182850648291	0.93569413256856
3.8182867236921	0.94328043023057
3.8182883825552	0.95105284261207
3.8182900414182	0.95926562303004
3.8182917002812	0.96468005296327
3.8182933591442	0.9636347741878
3.8182950180072	0.96493083268248
3.8182966768702	0.97149773192419
3.8182983357332	0.97532076128275
3.8182999945962	0.97312212059983
3.8183016534592	0.96942388304593
3.8183033123222	0.96251863256248
3.8183049711852	0.95488936215112
3.8183066300482	0.94575179386453
3.8183082889112	0.93614298142549
3.8183099477742	0.92557805231563
3.8183116066372	0.91640150548914
3.8183132655002	0.90996743229208
3.8183149243632	0.9060307056309
3.8183165832262	0.90689487547334
3.8183182420892	0.90840820016664
3.8183199009522	0.91113581054709
3.8183215598153	0.91672698206469
3.8183232186783	0.92752830561435
3.8183248775413	0.9267513090212
3.8183265364043	0.90549083516191
3.8183281952673	0.8923883533833
3.8183298541303	0.89331396205988
3.8183315129933	0.885433454341
3.8183331718563	0.8628400036017
3.8183348307193	0.84066660195223
3.8183364895823	0.8191749584531
3.8183381484453	0.80294086420445
3.8183398073083	0.79499322644771
3.8183414661713	0.79691718721156
3.8183431250343	0.81394427622687
3.8183447838973	0.83632132419886
3.8183464427603	0.86664225032942
3.8183481016233	0.89239873371567
3.8183497604863	0.9115811354379
3.8183514193493	0.92672887266048
3.8183530782124	0.93624123053858
3.8183547370754	0.94611724923557
3.8183563959384	0.95648573782999
3.8183580548014	0.95181071536709
3.8183597136644	0.92739539555056
3.8183613725274	0.9152647967428
3.8183630313904	0.91875064021495
3.8183646902534	0.92374989738524
3.8183663491164	0.93061211099414
3.8183680079794	0.94313714307049
3.8183696668424	0.96240927097389
3.8183713257054	0.96598184579371
3.8183729845684	0.95145702170688
3.8183746434314	0.94990971550757
3.8183763022944	0.96283124965467
3.8183779611574	0.9660435220575
3.8183796200204	0.95879092551108
3.8183812788834	0.95134719666385
3.8183829377464	0.9437044132831
3.8183845966095	0.94075058758867
3.8183862554725	0.94251284544003
3.8183879143355	0.94294040727465
3.8183895731985	0.94207200873841
3.8183912320615	0.93904691049817
3.8183928909245	0.93400162195442
3.8183945497875	0.92381686811003
3.8183962086505	0.90898910239366
3.8183978675135	0.90009753972665
3.8183995263765	0.89637414724745
3.8184011852395	0.89537279182127
3.8184028441025	0.89665383640107
3.8184045029655	0.89990491707071
3.8184061618285	0.90474608545551
3.8184078206915	0.90920786780895
3.8184094795545	0.91337509102448
3.8184111384175	0.91771420221418
3.8184127972805	0.92218159359045
3.8184144561435	0.92335307095651
3.8184161150065	0.9221616526108
3.8184177738696	0.92490112971008
3.8184194327326	0.93034554067231
3.8184210915956	0.93454186658359
3.8184227504586	0.937914573847
3.8184244093216	0.94509756674118
3.8184260681846	0.95468964946022
3.8184277270476	0.95377975853413
3.8184293859106	0.94651435887354
3.8184310447736	0.94031526038511
3.8184327036366	0.9347332669638
3.8184343624996	0.93049384314642
3.8184360213626	0.92699662996788
3.8184376802256	0.92587687696244
3.8184393390886	0.92601110421818
3.8184409979516	0.93045854481516
3.8184426568146	0.93707369939533
3.8184443156776	0.93368541498547
3.8184459745406	0.92551253500301
3.8184476334036	0.92078967593448
3.8184492922667	0.9176345706161
3.8184509511297	0.91482500163996
3.8184526099927	0.9121644240557
3.8184542688557	0.9205291083387
3.8184559277187	0.93339588951123
3.8184575865817	0.95539482423095
3.8184592454447	0.98091839013102
3.8184609043077	0.97358180024923
3.8184625631707	0.95428091409076
3.8184642220337	0.95042562870958
3.8184658808967	0.95186313291789
3.8184675397597	0.956927206562
3.8184691986227	0.96315786162929
3.8184708574857	0.9569153560129
3.8184725163487	0.94691635861299
3.8184741752117	0.94750892531209
3.8184758340747	0.95107768639782
3.8184774929377	0.95935339627179
3.8184791518007	0.96885899688737
3.8184808106638	0.97526635096103
3.8184824695268	0.98092399717024
3.8184841283898	0.97704156889856
