6545.058818 0.981999
6545.106045 0.982318
6545.153268 0.982528
6545.200488 0.979649
6545.247705 0.979423
6545.294919 0.98047
6545.342131 0.982552
6545.389339 0.984693
6545.436544 0.990296
6545.483746 0.98576
6545.530946 0.984755
6545.578142 0.968417
6545.625335 0.940549
6545.672526 0.907338
6545.719713 0.852046
6545.766897 0.784596
6545.814078 0.736884
6545.861257 0.72238
6545.908432 0.76583
6545.955604 0.825926
6546.002773 0.899684
6546.04994 0.955428
6546.097103 0.975405
6546.144263 0.98542
6546.191421 0.989821
6546.238575 0.985056
6546.285726 0.980899
6546.332875 0.970259
6546.38002 0.963113
6546.427162 0.957403
6546.474301 0.951275
6546.521438 0.942757
6546.568571 0.943514
6546.615701 0.940411
6546.662829 0.951339
6546.709953 0.948535
6546.757074 0.949551
6546.804192 0.92808
6546.851308 0.9252
6546.89842 0.913499
6546.945529 0.923618
6546.992635 0.930299
6547.039739 0.931878
6547.086839 0.923609
6547.133936 0.921315
6547.18103 0.916498
6547.228122 0.916626
6547.27521 0.927408
6547.322295 0.928361
6547.369377 0.938925
6547.416457 0.935643
6547.463533 0.946109
6547.510606 0.956746
6547.557676 0.955214
6547.604743 0.958281
6547.651808 0.945152
6547.698869 0.930628
6547.745927 0.93832
6547.792982 0.95334
6547.840034 0.962314
6547.887083 0.975002
6547.934129 0.97437
6547.981173 0.978621
6548.028213 0.985884
6548.07525 1.005245
6548.122284 0.994719
6548.169315 0.986315
6548.216343 1.001597
6548.263368 1.000068
6548.31039 0.995098
6548.357409 0.999523
6548.404425 0.986673
6548.451438 0.988273
6548.498448 0.97985
6548.545455 0.967232
6548.592459 0.952174
6548.63946 0.959047
6548.686458 0.97331
6548.733453 0.990358
6548.780444 1.000618
6548.827433 1.006197
6548.874419 0.996
6548.921402 0.996161
6548.968382 0.993654
6549.015359 0.996811
6549.062332 0.988383
6549.109303 0.992892
6549.156271 0.992805
6549.203236 0.98723
6549.250197 0.996175
6549.297156 0.998809
6549.344112 1.001948
6549.391065 0.993879
6549.438014 0.984756
6549.484961 0.987996
6549.531904 0.991987
6549.578845 0.989604
6549.625783 0.989531
6549.672717 0.987837
6549.719649 0.979629
6549.766577 0.97114
6549.813503 0.963381
6549.860425 0.959447
6549.907345 0.96082
6549.954261 0.969447
6550.001174 0.979612
6550.048085 0.989063
6550.094992 0.988064
6550.141896 0.99113
6550.188798 0.995111
6550.235696 0.99324
6550.282591 0.99299
6550.329483 0.989133
6550.376373 0.979953
6550.423259 0.980969
6550.470142 0.970611
6550.517022 0.971507
6550.563899 0.981855
6550.610773 0.98641
6550.657644 0.998391
6550.704512 1.001555
6550.751377 1.000778
6550.798239 0.989151
6550.845098 0.990285
6550.891954 0.985108
6550.938807 0.980809
6550.985657 0.972435
6551.032504 0.963899
6551.079347 0.95948
6551.126188 0.955713
6551.173026 0.937506
6551.219861 0.918124
6551.266692 0.906984
6551.313521 0.916906
6551.360347 0.930773
6551.407169 0.966124
6551.453989 0.993268
6551.500805 0.992727
6551.547619 0.991049
6551.594429 0.99867
6551.641237 0.991259
6551.688041 0.991409
6551.734842 0.994484
6551.781641 0.997696
6551.828436 0.986058
6551.875228 0.985306
6551.922017 0.984258
6551.968803 0.97263
6552.015587 0.972445
6552.062367 0.969546
6552.109144 0.969332
6552.155918 0.9646
6552.202689 0.961556
6552.249457 0.954685
6552.296222 0.962009
6552.342984 0.969813
6552.389742 0.974105
6552.436498 0.975325
6552.483251 0.97258
6552.530001 0.95701
6552.576747 0.948205
6552.623491 0.93478
6552.670232 0.947253
6552.716969 0.957374
6552.763704 0.96794
6552.810435 0.969802
6552.857164 0.97733
6552.903889 0.991179
6552.950612 0.981403
6552.997331 0.985688
6553.044047 0.988668
6553.090761 0.983133
6553.137471 0.987734
6553.184178 0.98648
6553.230882 0.991735
6553.277583 0.989966
6553.324281 0.992903
6553.370976 0.98255
6553.417668 0.971543
6553.464357 0.967824
6553.511043 0.971927
6553.557726 0.973188
6553.604406 0.975802
6553.651082 0.960229
6553.697756 0.936356
6553.744427 0.900174
6553.791094 0.859728
6553.837759 0.849163
6553.88442 0.876686
6553.931079 0.914362
6553.977734 0.948863
6554.024386 0.964534
6554.071036 0.976181
6554.117682 0.987318
6554.164325 0.990628
6554.210965 0.984378
6554.257603 0.982857
6554.304237 0.975064
6554.350868 0.969682
6554.397496 0.970555
6554.44412 0.96055
6554.490742 0.968817
6554.537361 0.972294
6554.583977 0.97121
6554.63059 0.960172
6554.677199 0.947053
6554.723806 0.946532
6554.770409 0.946899
6554.81701 0.953776
6554.863607 0.955284
6554.910202 0.945019
6554.956793 0.926116
6555.003381 0.892755
6555.049967 0.868798
6555.096549 0.863134
6555.143128 0.889492
6555.189704 0.907129
6555.236277 0.944983
6555.282847 0.946606
6555.329414 0.942512
6555.375978 0.929713
6555.422539 0.926367
6555.469096 0.92692
6555.515651 0.913229
6555.562203 0.881528
6555.608751 0.849767
6555.655297 0.8123
6555.701839 0.828567
6555.748379 0.869857
6555.794915 0.9175
6555.841448 0.941025
6555.887979 0.952749
6555.934506 0.962571
6555.98103 0.958442
6556.027551 0.962439
6556.074069 0.96532
6556.120584 0.96128
6556.167096 0.962127
6556.213604 0.952478
6556.26011 0.940102
6556.306613 0.912677
6556.353112 0.888438
6556.399609 0.885649
6556.446102 0.902962
6556.492593 0.922768
6556.53908 0.946749
6556.585565 0.954087
6556.632046 0.965669
6556.678524 0.959302
6556.724999 0.964025
6556.771471 0.960538
6556.81794 0.963783
6556.864406 0.963484
6556.910869 0.966743
6556.957329 0.967448
6557.003785 0.962371
6557.050239 0.962737
6557.09669 0.943927
6557.143137 0.932187
6557.189582 0.936685
6557.236023 0.950034
6557.282461 0.963648
6557.328897 0.963872
6557.375329 0.954023
6557.421758 0.957531
6557.468184 0.952043
6557.514607 0.954621
6557.561027 0.940273
6557.607444 0.928987
6557.653857 0.924114
6557.700268 0.909086
6557.746676 0.910609
6557.79308 0.915721
6557.839482 0.919239
6557.88588 0.936607
6557.932275 0.950444
6557.978668 0.957108
6558.025057 0.954364
6558.071443 0.949774
6558.117826 0.946308
6558.164206 0.944607
6558.210583 0.949014
6558.256957 0.96355
6558.303328 0.963445
6558.349695 0.968976
6558.39606 0.959475
6558.442421 0.949353
6558.48878 0.948271
6558.535135 0.954949
6558.581487 0.953824
6558.627837 0.959625
6558.674183 0.955649
6558.720526 0.964927
6558.766866 0.963632
6558.813203 0.970661
6558.859537 0.966404
6558.905867 0.960516
6558.952195 0.952769
6558.99852 0.940868
6559.044841 0.925746
6559.09116 0.888858
6559.137475 0.860041
6559.183787 0.854587
6559.230097 0.865071
6559.276403 0.889541
6559.322706 0.90614
6559.369006 0.924772
6559.415303 0.927764
6559.461596 0.93484
6559.507887 0.940323
6559.554175 0.942707
6559.600459 0.93867
6559.646741 0.939828
6559.693019 0.92901
6559.739295 0.911191
6559.785567 0.904141
6559.831836 0.891463
6559.878102 0.885983
6559.924365 0.888445
6559.970625 0.898531
6560.016882 0.891926
6560.063136 0.875102
6560.109386 0.854224
6560.155634 0.829887
6560.201878 0.82025
6560.24812 0.835687
6560.294358 0.85225
6560.340593 0.872314
6560.386825 0.884114
6560.433054 0.879417
6560.47928 0.884439
6560.525503 0.883476
6560.571723 0.893187
6560.61794 0.896741
6560.664153 0.895933
6560.710364 0.888668
6560.756571 0.883352
6560.802775 0.883634
6560.848977 0.886771
6560.895175 0.881111
6560.94137 0.881292
6560.987562 0.876356
6561.033751 0.875646
6561.079936 0.868667
6561.126119 0.863779
6561.172299 0.858661
6561.218475 0.85597
6561.264649 0.853398
6561.310819 0.846291
6561.356986 0.83723
6561.40315 0.827008
6561.449311 0.80434
6561.495469 0.783235
6561.541624 0.770776
6561.587776 0.751344
6561.633925 0.731366
6561.68007 0.702987
6561.726213 0.673362
6561.772352 0.640119
6561.818488 0.61006
6561.864622 0.575405
6561.910752 0.54717
6561.956879 0.522517
6562.003003 0.499782
6562.049123 0.47773
6562.095241 0.459282
6562.141356 0.447005
6562.187467 0.436235
6562.233576 0.424995
6562.279681 0.414682
6562.325783 0.4022
6562.371882 0.395698
6562.417978 0.388528
6562.464071 0.380789
6562.510161 0.373433
6562.556248 0.368399
6562.602331 0.361791
6562.648412 0.358211
6562.694489 0.359838
6562.740564 0.356485
6562.786635 0.358535
6562.832703 0.362054
6562.878768 0.363736
6562.92483 0.375319
6562.970889 0.382177
6563.016944 0.398312
6563.062997 0.420816
6563.109046 0.446339
6563.155093 0.475325
6563.201136 0.498257
6563.247176 0.521679
6563.293213 0.536655
6563.339247 0.553883
6563.385278 0.569173
6563.431306 0.572454
6563.47733 0.572456
6563.523352 0.566597
6563.56937 0.563893
6563.615386 0.556783
6563.661398 0.560396
6563.707407 0.572372
6563.753413 0.587919
6563.799416 0.603795
6563.845416 0.613861
6563.891412 0.636456
6563.937406 0.645657
6563.983396 0.655005
6564.029384 0.658242
6564.075368 0.658442
6564.121349 0.660001
6564.167327 0.655234
6564.213302 0.667703
6564.259274 0.673597
6564.305243 0.691914
6564.351208 0.711511
6564.397171 0.721592
6564.44313 0.728898
6564.489086 0.731359
6564.535039 0.741886
6564.580989 0.745563
6564.626936 0.757469
6564.67288 0.767574
6564.718821 0.772197
6564.764758 0.774686
6564.810693 0.787614
6564.856624 0.79605
6564.902552 0.787913
6564.948477 0.785201
6564.994399 0.774547
6565.040318 0.765763
6565.086234 0.762229
6565.132147 0.76888
6565.178056 0.790402
6565.223962 0.815956
6565.269866 0.835641
6565.315766 0.856963
6565.361663 0.867733
6565.407557 0.866377
6565.453448 0.863952
6565.499335 0.863357
6565.54522 0.869832
6565.591101 0.880779
6565.63698 0.893527
6565.682855 0.897021
6565.728727 0.901682
6565.774596 0.908702
6565.820462 0.906865
6565.866325 0.916569
6565.912184 0.92103
6565.958041 0.929605
6566.003894 0.929636
6566.049744 0.926909
6566.095591 0.929049
6566.141435 0.932053
6566.187276 0.929955
6566.233114 0.930632
6566.278949 0.92542
6566.32478 0.926541
6566.366989 0.938049
6566.417926 0.935123
6566.468861 0.939821
6566.519792 0.940194
6566.570721 0.941727
6566.621648 0.946002
6566.672571 0.94991
6566.723492 0.952236
6566.774411 0.95417
6566.825326 0.955448
6566.876239 0.955817
6566.927149 0.952391
6566.978056 0.946619
6567.028961 0.947946
6567.079863 0.958698
6567.130762 0.961794
6567.181659 0.971187
6567.232553 0.974854
6567.283444 0.979267
6567.334333 0.966567
6567.385219 0.975054
6567.436102 0.980243
6567.486982 0.978892
6567.53786 0.978626
6567.588735 0.97099
6567.639607 0.974513
6567.690477 0.975284
6567.741344 0.977615
6567.792208 0.977671
6567.843069 0.975785
6567.893928 0.984151
6567.944784 0.981515
6567.995638 0.973021
6568.046488 0.97089
6568.097336 0.978701
6568.148182 0.977348
6568.199024 0.983329
6568.249864 0.982853
6568.300701 0.975554
6568.351536 0.974638
6568.402367 0.97601
6568.453196 0.967217
6568.504023 0.955694
6568.554846 0.942573
6568.605667 0.9297
6568.656485 0.910628
6568.707301 0.861041
6568.758114 0.797872
6568.808924 0.756507
6568.859731 0.766696
6568.910536 0.82835
6568.961338 0.88753
6569.012137 0.938638
6569.062933 0.970533
6569.113727 0.972625
6569.164518 0.975626
6569.215307 0.976801
6569.266092 0.973528
6569.316875 0.974018
6569.367656 0.961104
6569.418433 0.941707
6569.469208 0.929061
6569.51998 0.912915
6569.570749 0.911379
6569.621516 0.919438
6569.67228 0.928929
6569.723041 0.933121
6569.7738 0.937061
6569.824556 0.933267
6569.875309 0.937201
6569.926059 0.944342
6569.976807 0.944394
6570.027552 0.948715
6570.078294 0.933761
6570.129034 0.918647
6570.17977 0.911202
6570.230504 0.903793
6570.281236 0.897591
6570.331964 0.893843
6570.38269 0.900772
6570.433414 0.908349
6570.484134 0.928992
6570.534852 0.940061
6570.585567 0.946034
6570.636279 0.940764
6570.686989 0.93107
6570.737696 0.934422
6570.7884 0.946371
6570.839101 0.96243
6570.8898 0.980261
6570.940496 0.986011
6570.991189 0.985817
6571.04188 0.988022
6571.092568 0.986279
6571.143253 0.995069
6571.193935 0.989112
6571.244615 0.994392
6571.295292 0.993733
6571.345966 0.98758
6571.396637 0.989746
6571.447306 0.992713
6571.497972 0.980152
6571.548636 0.982307
6571.599296 0.9908
6571.649954 0.993199
6571.700609 0.990622
6571.751262 0.979876
6571.801911 0.97531
6571.852558 0.968669
6571.903202 0.976908
6571.953844 0.975215
6572.004483 0.971159
6572.055119 0.959304
6572.105752 0.956509
6572.156383 0.955552
6572.20701 0.945494
6572.257636 0.907995
6572.308258 0.848017
6572.358878 0.788629
6572.409495 0.774617
6572.460109 0.808425
6572.51072 0.871261
6572.561329 0.926072
6572.611935 0.967261
6572.662538 0.984601
6572.713139 1.000328
6572.763737 1.000918
6572.814332 0.997853
6572.864924 0.994958
6572.915514 0.990751
6572.9661 0.990763
6573.016685 0.98941
6573.067266 0.988744
6573.117845 0.980996
6573.168421 0.976926
6573.218994 0.983836
6573.269564 0.991155
6573.320132 0.979533
6573.370697 0.971973
6573.421259 0.973085
6573.471819 0.970245
6573.522375 0.973744
6573.572929 0.970236
6573.623481 0.962512
6573.674029 0.937979
6573.724575 0.884248
6573.775118 0.821231
6573.825659 0.771678
6573.876196 0.795107
6573.926731 0.865999
6573.977263 0.926359
6574.027793 0.972867
6574.078319 0.99158
6574.128843 0.99394
6574.179364 0.995398
6574.229883 0.990041
6574.280398 0.98432
6574.330911 0.97163
6574.381421 0.966081
6574.431929 0.953642
6574.482434 0.913443
6574.532936 0.840921
6574.583435 0.777778
6574.633931 0.745742
6574.684425 0.776962
6574.734916 0.834302
6574.785404 0.872827
6574.83589 0.892574
6574.886372 0.903273
6574.936852 0.932598
6574.98733 0.951091
6575.037804 0.961442
6575.088276 0.973295
6575.138745 0.971851
6575.189211 0.975362
6575.239675 0.970545
6575.290136 0.974941
6575.340594 0.966832
6575.391049 0.96251
6575.441501 0.952797
6575.491951 0.949559
6575.542398 0.956453
6575.592842 0.962944
6575.643284 0.964988
6575.693723 0.967405
6575.744159 0.949299
6575.794592 0.934966
6575.845023 0.93329
6575.89545 0.938432
6575.945875 0.938898
6575.996298 0.945631
6576.046717 0.951612
6576.097134 0.950068
6576.147548 0.95051
6576.197959 0.957827
6576.248368 0.969996
6576.298774 0.976481
6576.349177 0.97916
6576.399577 0.976714
6576.449974 0.964492
6576.500369 0.968004
6576.550761 0.971973
6576.60115 0.992064
6576.651537 0.99862
6576.70192 1.004485
6576.752301 1.008445
6576.80268 1.010867
6576.853055 1.006275
6576.903428 1.010595
6576.953798 1.014993
6577.004165 1.014002
6577.054529 1.007836
6577.104891 1.001395
6577.15525 0.999677
6577.205606 0.996962
6577.255959 0.997532
6577.30631 1.00503
6577.356658 1.012942
6577.407003 1.006892
6577.457345 1.013315
6577.507685 1.011446
6577.558021 1.020235
6577.608355 1.016151
6577.658687 1.01715
6577.709015 1.016192
6577.759341 1.016043
6577.809664 1.015475
6577.859984 1.006416
6577.910302 1.010045
6577.960616 1.014471
6578.010928 1.012935
6578.061238 1.015272
6578.111544 1.014497
6578.161848 1.016962
6578.212149 0.999438
6578.262447 1.009529
6578.312742 1.002675
6578.363035 0.992147
6578.413324 0.992097
6578.463611 0.986656
6578.513896 0.990345
6578.564177 0.993905
6578.614456 1.000262
6578.664732 1.004209
6578.715005 1.000428
6578.765276 1.003431
6578.815543 1.000907
6578.865808 0.993338
6578.91607 0.998515
6578.96633 0.99822
6579.016586 0.997724
6579.06684 1.002498
6579.117091 1.004034
6579.16734 1.004744
6579.217585 1.004072
6579.267828 0.997132
6579.318068 1.000712
6579.368305 1.001699
6579.418539 0.992089
6579.468771 0.986155
6579.519 0.991617
6579.569226 0.989513
6579.619449 0.984848
6579.66967 0.970482
6579.719888 0.96593
6579.770103 0.955485
6579.820315 0.948899
6579.870524 0.955673
6579.920731 0.977015
6579.970935 0.987286
6580.021136 0.994874
6580.071334 0.998377
6580.12153 0.998995
6580.171723 1.003736
6580.221913 1.000886
6580.2721 0.998687
6580.322285 0.989768
6580.372466 0.982664
6580.422645 0.972239
6580.472821 0.956915
6580.522995 0.946931
6580.573165 0.941126
6580.623333 0.927609
6580.673498 0.90181
6580.72366 0.853229
6580.77382 0.823303
6580.823976 0.819658
6580.87413 0.862356
6580.924282 0.915682
6580.97443 0.959535
6581.024575 0.970173
6581.074718 0.984096
6581.124858 0.986489
6581.174995 0.979329
6581.22513 0.977574
6581.275261 0.986455
6581.32539 0.985831
6581.375516 0.98833
6581.42564 0.985495
6581.47576 0.985333
6581.525878 0.986988
6581.575993 0.981708
6581.626105 0.97321
6581.676214 0.964353
6581.726321 0.953627
6581.776425 0.953917
6581.826526 0.967344
6581.876624 0.974732
6581.926719 0.97382
6581.976812 0.987746
6582.026902 0.988285
6582.076989 0.990581
6582.127073 0.985215
6582.177155 0.971847
6582.227233 0.957524
6582.277309 0.957351
6582.327382 0.955913
6582.377453 0.964466
6582.42752 0.963542
6582.477585 0.956199
6582.527647 0.972205
6582.577706 0.993596
6582.627762 0.995501
6582.677816 0.999384
6582.727867 0.986762
6582.777915 0.983837
6582.82796 0.986764
6582.878002 0.992373
6582.928042 0.991092
6582.978079 1.001778
6583.028113 1.003762
6583.078144 1.000958
6583.128172 0.995107
6583.178198 0.98131
6583.228221 0.954921
6583.278241 0.941465
6583.328258 0.936772
6583.378273 0.958317
6583.428284 0.981236
6583.478293 0.98058
6583.528299 0.992469
6583.578303 1.009556
6583.628303 1.013886
6583.678301 1.00758
6583.728296 1.007443
6583.778288 1.005344
6583.828277 0.996856
6583.878263 0.99334
6583.928247 0.982059
