6545.096971 0.990784
6545.144193 0.978908
6545.191413 0.971748
6545.238629 0.970823
6545.285842 0.983582
6545.333052 0.985388
6545.38026 0.997728
6545.427464 0.986266
6545.474665 0.977194
6545.521864 0.981292
6545.569059 0.957325
6545.616251 0.931082
6545.663441 0.880484
6545.710627 0.806193
6545.75781 0.727098
6545.804991 0.70479
6545.852168 0.744134
6545.899342 0.806307
6545.946514 0.880593
6545.993682 0.929465
6546.040847 0.968371
6546.08801 0.98015
6546.135169 0.985496
6546.182326 0.994071
6546.229479 0.983274
6546.276629 0.980863
6546.323777 0.966179
6546.370921 0.963105
6546.418062 0.956426
6546.465201 0.946776
6546.512336 0.943311
6546.559469 0.943316
6546.606598 0.949066
6546.653724 0.952501
6546.700848 0.942579
6546.747968 0.940603
6546.795086 0.92084
6546.8422 0.917123
6546.889311 0.9083
6546.93642 0.918539
6546.983525 0.924892
6547.030627 0.929196
6547.077727 0.919251
6547.124823 0.918005
6547.171916 0.921958
6547.219007 0.924212
6547.266094 0.923973
6547.313179 0.938585
6547.36026 0.942955
6547.407338 0.946698
6547.454414 0.955265
6547.501486 0.968116
6547.548555 0.964754
6547.595622 0.949889
6547.642685 0.931534
6547.689745 0.924376
6547.736802 0.930295
6547.783857 0.950669
6547.830908 0.966542
6547.877956 0.978901
6547.925002 0.986561
6547.972044 0.99303
6548.019083 0.998279
6548.066119 1.003741
6548.113153 1.005749
6548.160183 0.997298
6548.20721 1.001069
6548.254234 1.00911
6548.301255 1.005859
6548.348274 0.999612
6548.395289 0.991739
6548.442301 0.988924
6548.48931 0.975069
6548.536316 0.953627
6548.583319 0.934031
6548.63032 0.939526
6548.677317 0.948407
6548.724311 0.984631
6548.771302 0.98732
6548.81829 0.994457
6548.865275 0.989152
6548.912257 0.992791
6548.959236 0.991855
6549.006212 1.001416
6549.053185 0.988959
6549.100155 0.995272
6549.147122 1.002426
6549.194086 0.991681
6549.241047 0.992979
6549.288005 0.995629
6549.33496 0.999649
6549.381912 1.0013
6549.428861 0.996663
6549.475807 0.993282
6549.522749 0.994642
6549.569689 0.994104
6549.616626 0.997524
6549.66356 0.990406
6549.710491 0.975601
6549.757418 0.969216
6549.804343 0.959115
6549.851265 0.969861
6549.898184 0.967759
6549.945099 0.989359
6549.992012 0.997122
6550.038922 0.99339
6550.085828 0.992497
6550.132732 0.990008
6550.179632 0.986225
6550.22653 0.992327
6550.273424 0.988681
6550.320316 0.990328
6550.367204 0.980317
6550.41409 0.979361
6550.460972 0.975482
6550.507852 0.972336
6550.554728 0.982763
6550.601602 0.98323
6550.648472 1.001842
6550.695339 1.001301
6550.742204 0.996501
6550.789065 0.989142
6550.835923 0.982612
6550.882778 0.984594
6550.929631 0.972857
6550.97648 0.963115
6551.023326 0.966269
6551.070169 0.951475
6551.117009 0.943713
6551.163846 0.920505
6551.21068 0.901285
6551.257511 0.904323
6551.304339 0.924914
6551.351164 0.96032
6551.397986 0.986304
6551.444805 0.996985
6551.491621 1.002943
6551.538434 0.995342
6551.585244 1.001511
6551.632051 0.992143
6551.678854 0.986225
6551.725655 0.989558
6551.772453 0.990727
6551.819248 0.985182
6551.866039 0.987795
6551.912828 0.978385
6551.959614 0.966061
6552.006396 0.958925
6552.053176 0.964266
6552.099952 0.97027
6552.146726 0.954494
6552.193496 0.962132
6552.240263 0.964271
6552.287028 0.967191
6552.333789 0.975801
6552.380547 0.971706
6552.427303 0.977478
6552.474055 0.971759
6552.520804 0.96117
6552.56755 0.933529
6552.614293 0.917725
6552.661034 0.935525
6552.707771 0.942745
6552.754505 0.962423
6552.801236 0.973415
6552.847964 0.989169
6552.894688 0.988806
6552.94141 0.99292
6552.988129 0.990977
6553.034845 0.988371
6553.081558 0.986236
6553.128267 0.989609
6553.174974 0.993568
6553.221678 0.998315
6553.268378 0.990944
6553.315076 0.989861
6553.361771 0.981208
6553.408462 0.970081
6553.455151 0.973647
6553.501836 0.984622
6553.548518 0.984049
6553.595198 0.977286
6553.641874 0.957093
6553.688547 0.909435
6553.735217 0.858968
6553.781885 0.83439
6553.828549 0.858308
6553.87521 0.902325
6553.921868 0.933168
6553.968523 0.959085
6554.015175 0.979704
6554.061824 0.986797
6554.10847 0.993495
6554.155112 0.98483
6554.201752 0.980114
6554.248389 0.978097
6554.295023 0.975393
6554.341653 0.972956
6554.388281 0.966832
6554.434905 0.978493
6554.481527 0.971648
6554.528145 0.968071
6554.574761 0.969111
6554.621373 0.951355
6554.667983 0.947384
6554.714589 0.953673
6554.761192 0.960521
6554.807792 0.955204
6554.854389 0.952439
6554.900983 0.929479
6554.947574 0.894069
6554.994162 0.869688
6555.040747 0.861283
6555.087329 0.879496
6555.133908 0.898505
6555.180484 0.939628
6555.227057 0.948509
6555.273626 0.950377
6555.320193 0.948384
6555.366757 0.937444
6555.413317 0.934122
6555.459875 0.92409
6555.506429 0.894556
6555.55298 0.846361
6555.599529 0.815941
6555.646074 0.817799
6555.692616 0.853947
6555.739155 0.905207
6555.785692 0.941128
6555.832225 0.958325
6555.878755 0.957721
6555.925282 0.963117
6555.971806 0.960764
6556.018326 0.976226
6556.064844 0.965967
6556.111359 0.968044
6556.157871 0.95906
6556.204379 0.941982
6556.250885 0.922447
6556.297387 0.897855
6556.343887 0.892406
6556.390383 0.8817
6556.436877 0.916504
6556.483367 0.941401
6556.529854 0.958436
6556.576338 0.962562
6556.622819 0.963833
6556.669297 0.973211
6556.715772 0.96658
6556.762244 0.965319
6556.808713 0.969051
6556.855179 0.975369
6556.901642 0.978381
6556.948101 0.961118
6556.994558 0.960592
6557.041012 0.959478
6557.087462 0.949451
6557.13391 0.934537
6557.180354 0.931209
6557.226795 0.941846
6557.273234 0.954479
6557.319669 0.955601
6557.366101 0.968244
6557.41253 0.94112
6557.458956 0.954406
6557.505379 0.943972
6557.551799 0.941885
6557.598216 0.925864
6557.64463 0.919027
6557.69104 0.906891
6557.737448 0.912717
6557.783852 0.919869
6557.830254 0.942475
6557.876652 0.956185
6557.923048 0.959325
6557.96944 0.960982
6558.015829 0.966983
6558.062216 0.953187
6558.108599 0.946993
6558.154979 0.952949
6558.201356 0.95604
6558.24773 0.964162
6558.2941 0.960452
6558.340468 0.958424
6558.386833 0.953063
6558.433194 0.958106
6558.479553 0.956391
6558.525909 0.957402
6558.572261 0.960233
6558.61861 0.960252
6558.664957 0.956324
6558.7113 0.970085
6558.75764 0.971696
6558.803977 0.966212
6558.850311 0.9624
6558.896642 0.959485
6558.94297 0.950759
6558.989295 0.931526
6559.035616 0.890773
6559.081935 0.866754
6559.128251 0.853049
6559.174563 0.858874
6559.220872 0.879084
6559.267179 0.908626
6559.313482 0.924311
6559.359782 0.932153
6559.406079 0.944338
6559.452374 0.951536
6559.498664 0.950783
6559.544952 0.951987
6559.591237 0.944448
6559.637519 0.927269
6559.683798 0.910771
6559.730073 0.900534
6559.776346 0.894291
6559.822615 0.893853
6559.868882 0.893066
6559.915145 0.895749
6559.961405 0.898551
6560.007662 0.884828
6560.053916 0.855406
6560.100167 0.821224
6560.146415 0.826947
6560.19266 0.826177
6560.238902 0.837006
6560.28514 0.858352
6560.331376 0.875862
6560.377609 0.884622
6560.423838 0.887681
6560.470064 0.881443
6560.516288 0.884332
6560.562508 0.879452
6560.608725 0.890822
6560.654939 0.884913
6560.70115 0.874917
6560.747358 0.885878
6560.793562 0.883783
6560.839764 0.882116
6560.885963 0.881083
6560.932158 0.888212
6560.978351 0.880903
6561.02454 0.874349
6561.070726 0.870769
6561.11691 0.851952
6561.16309 0.848077
6561.209267 0.849009
6561.255441 0.850612
6561.301611 0.836172
6561.347779 0.820914
6561.393944 0.805859
6561.440105 0.794247
6561.486264 0.771721
6561.532419 0.760349
6561.578572 0.742274
6561.624721 0.712562
6561.670867 0.688764
6561.71701 0.650787
6561.76315 0.617152
6561.809287 0.583193
6561.855421 0.554577
6561.901552 0.533443
6561.947679 0.509367
6561.993804 0.494257
6562.039925 0.478144
6562.086044 0.461175
6562.132159 0.44698
6562.178271 0.439194
6562.22438 0.430288
6562.270486 0.418643
6562.316589 0.410709
6562.362689 0.399845
6562.408786 0.387654
6562.454879 0.386525
6562.50097 0.380192
6562.547057 0.37293
6562.593141 0.372963
6562.639223 0.372737
6562.685301 0.373747
6562.731376 0.370952
6562.777448 0.372853
6562.823517 0.377972
6562.869583 0.386343
6562.915645 0.392636
6562.961705 0.403558
6563.007761 0.418947
6563.053815 0.446701
6563.099865 0.477782
6563.145912 0.500387
6563.191956 0.519195
6563.237997 0.532216
6563.284035 0.546661
6563.33007 0.560978
6563.376102 0.562062
6563.422131 0.56447
6563.468156 0.560613
6563.514179 0.546455
6563.560198 0.544427
6563.606214 0.55954
6563.652227 0.564943
6563.698237 0.583778
6563.744244 0.596228
6563.790248 0.617123
6563.836249 0.619808
6563.882247 0.634242
6563.928241 0.639853
6563.974233 0.648271
6564.020221 0.649226
6564.066206 0.658884
6564.112188 0.661373
6564.158167 0.65814
6564.204143 0.654231
6564.250116 0.667644
6564.296086 0.685886
6564.342052 0.699133
6564.388016 0.711093
6564.433976 0.722685
6564.479934 0.738535
6564.525888 0.741012
6564.571839 0.749524
6564.617787 0.758759
6564.663732 0.766035
6564.709674 0.770426
6564.755612 0.776555
6564.801548 0.786034
6564.84748 0.783254
6564.89341 0.785943
6564.939336 0.770399
6564.985259 0.765254
6565.031179 0.760978
6565.077096 0.770262
6565.12301 0.786216
6565.168921 0.809303
6565.214828 0.830936
6565.260733 0.863051
6565.306634 0.861374
6565.352533 0.858042
6565.398428 0.86258
6565.44432 0.864979
6565.490209 0.873479
6565.536095 0.880149
6565.581977 0.889767
6565.627857 0.897348
6565.673734 0.907916
6565.719607 0.907226
6565.765477 0.917024
6565.811344 0.911047
6565.857209 0.923733
6565.90307 0.923549
6565.948927 0.918286
6565.994782 0.931849
6566.040634 0.934849
6566.086482 0.927129
6566.132328 0.931499
6566.17817 0.928078
6566.224009 0.924078
6566.269845 0.92125
6566.315678 0.92726
6566.35696 0.940189
6566.407902 0.939473
6566.458842 0.943921
6566.509779 0.936304
6566.560713 0.945522
6566.611644 0.954867
6566.662573 0.952835
6566.713499 0.957795
6566.764423 0.958672
6566.815343 0.95798
6566.866261 0.953024
6566.917176 0.954643
6566.968089 0.950741
6567.018999 0.955766
6567.069906 0.963857
6567.12081 0.97058
6567.171712 0.976065
6567.222611 0.973319
6567.273507 0.97725
6567.324401 0.979365
6567.375292 0.983848
6567.42618 0.978552
6567.477065 0.970135
6567.527948 0.975453
6567.578828 0.979787
6567.629705 0.986099
6567.680579 0.987557
6567.731451 0.979125
6567.78232 0.979771
6567.833187 0.975291
6567.88405 0.987758
6567.934911 0.988378
6567.98577 0.992784
6568.036625 0.990336
6568.087478 0.982553
6568.138328 0.981206
6568.189175 0.978887
6568.24002 0.976887
6568.290862 0.974637
6568.341701 0.987549
6568.392538 0.969979
6568.443371 0.958567
6568.494202 0.951212
6568.545031 0.941273
6568.595856 0.920533
6568.646679 0.876412
6568.697499 0.820508
6568.748317 0.768735
6568.799132 0.766473
6568.849944 0.808846
6568.900753 0.865009
6568.951559 0.92254
6569.002363 0.958081
6569.053164 0.977834
6569.103963 0.980413
6569.154758 0.974336
6569.205551 0.982911
6569.256342 0.980145
6569.307129 0.965228
6569.357914 0.949762
6569.408696 0.936674
6569.459475 0.91958
6569.510252 0.914086
6569.561026 0.913077
6569.611797 0.920879
6569.662565 0.92857
6569.713331 0.93571
6569.764094 0.932059
6569.814854 0.935044
6569.865611 0.941445
6569.916366 0.950152
6569.967118 0.942937
6570.017867 0.933516
6570.068614 0.922557
6570.119358 0.908275
6570.170099 0.89352
6570.220837 0.899747
6570.271573 0.894353
6570.322306 0.894029
6570.373036 0.902396
6570.423764 0.920923
6570.474488 0.945322
6570.52521 0.953947
6570.57593 0.95067
6570.626646 0.938893
6570.67736 0.929848
6570.728071 0.937729
6570.778779 0.948794
6570.829485 0.967461
6570.880188 0.983896
6570.930888 0.986348
6570.981585 0.988697
6571.03228 0.98897
6571.082972 0.992264
6571.133661 0.991484
6571.184348 0.989366
6571.235031 0.989244
6571.285712 0.997251
6571.336391 0.986543
6571.387066 0.991426
6571.437739 0.986327
6571.488409 0.98455
6571.539076 0.981683
6571.589741 0.984285
6571.640403 0.999506
6571.691062 0.985257
6571.741718 0.980185
6571.792372 0.974087
6571.843023 0.972052
6571.893671 0.980526
6571.944316 0.992124
6571.994959 0.972985
6572.045599 0.945394
6572.096236 0.930822
6572.14687 0.926705
6572.197502 0.912216
6572.248131 0.862987
6572.298757 0.800226
6572.349381 0.770518
6572.400001 0.794002
6572.450619 0.846694
6572.501235 0.911451
6572.551847 0.95788
6572.602457 0.984872
6572.653064 0.996983
6572.703668 1.005827
6572.75427 1.00302
6572.804868 1.004898
6572.855465 0.992608
6572.906058 0.991407
6572.956648 0.99261
6573.007236 0.998176
6573.057821 0.995723
6573.108404 0.991166
6573.158983 0.977154
6573.20956 0.979465
6573.260134 0.981645
6573.310705 0.981061
6573.361274 0.97763
6573.41184 0.978771
6573.462403 0.981415
6573.512963 0.979835
6573.563521 0.977572
6573.614075 0.953672
6573.664628 0.903187
6573.715177 0.831701
6573.765723 0.791168
6573.816267 0.79374
6573.866808 0.852046
6573.917347 0.919729
6573.967882 0.95993
6574.018415 0.981692
6574.068945 0.986228
6574.119472 0.998518
6574.169997 0.996342
6574.220519 0.993256
6574.271038 0.981152
6574.321554 0.98358
6574.372068 0.958934
6574.422578 0.927287
6574.473087 0.874128
6574.523592 0.791264
6574.574094 0.761614
6574.624594 0.774727
6574.675091 0.828083
6574.725585 0.880797
6574.776077 0.897395
6574.826566 0.890097
6574.877052 0.892986
6574.927535 0.924706
6574.978015 0.953007
6575.028493 0.971819
6575.078968 0.977859
6575.12944 0.979482
6575.17991 0.973088
6575.230377 0.969299
6575.28084 0.965962
6575.331302 0.960669
6575.38176 0.950732
6575.432216 0.952141
6575.482669 0.954898
6575.533119 0.96088
6575.583566 0.96946
6575.634011 0.966241
6575.684453 0.958424
6575.734892 0.943423
6575.785328 0.928189
6575.835762 0.927032
6575.886192 0.939922
6575.93662 0.947504
6575.987046 0.95318
6576.037468 0.954353
6576.087888 0.95829
6576.138305 0.956727
6576.188719 0.962863
6576.239131 0.977391
6576.289539 0.977129
6576.339945 0.967516
6576.390349 0.971832
6576.440749 0.966019
6576.491147 0.975696
6576.541542 0.982012
6576.591934 1.002612
6576.642323 1.007622
6576.69271 1.008544
6576.743093 1.010672
6576.793474 1.008537
6576.843853 1.01204
6576.894228 1.008122
6576.944601 1.005841
6576.994971 1.000644
6577.045338 1.004812
6577.095703 0.999196
6577.146064 0.996532
6577.196423 0.997262
6577.246779 1.003621
6577.297133 1.008934
6577.347483 1.016521
6577.397831 1.015149
6577.448176 1.008665
6577.498518 1.00906
6577.548858 1.016764
6577.599195 1.010981
6577.649528 1.018388
6577.69986 1.012591
6577.750188 1.014699
6577.800514 1.019873
6577.850837 1.015207
6577.901157 1.008463
6577.951474 1.006887
6578.001789 1.006414
6578.0521 1.010981
6578.102409 1.001812
6578.152716 1.001586
6578.203019 0.999292
6578.25332 0.995614
6578.303618 0.994327
6578.353913 0.994588
6578.404205 0.987932
6578.454495 0.987078
6578.504781 0.995318
6578.555065 0.999314
6578.605347 0.999353
6578.655625 1.01055
6578.705901 1.013634
6578.756174 1.00825
6578.806444 0.997278
6578.856711 0.988832
6578.906976 0.984304
6578.957237 0.996332
6579.007496 1.003956
6579.057753 1.003541
6579.108006 1.00827
6579.158257 0.999182
6579.208505 1.008129
6579.25875 1.008557
6579.308992 1.006342
6579.359232 0.99869
6579.409468 1.000318
6579.459702 0.990343
6579.509933 0.979837
6579.560162 0.980456
6579.610387 0.974945
6579.66061 0.97312
6579.71083 0.951561
6579.761048 0.944398
6579.811262 0.949164
6579.861474 0.965239
6579.911683 0.990728
6579.961889 1.004859
6580.012092 1.009964
6580.062293 1.015515
6580.11249 1.008546
6580.162685 1.0031
6580.212878 0.993755
6580.263067 0.982446
6580.313254 0.975952
6580.363438 0.980165
6580.413619 0.954338
6580.463797 0.945342
6580.513972 0.948146
6580.564145 0.947532
6580.614315 0.922015
6580.664482 0.878291
6580.714646 0.830791
6580.764808 0.809266
6580.814967 0.833915
6580.865122 0.896116
6580.915276 0.947772
6580.965426 0.977262
6581.015574 0.976464
6581.065718 0.977666
6581.11586 0.976029
6581.166 0.973025
6581.216136 0.982949
6581.26627 0.988035
6581.3164 0.987602
6581.366528 0.992656
6581.416654 0.987191
6581.466776 0.98745
6581.516896 0.983226
6581.567013 0.972505
6581.617127 0.965868
6581.667238 0.949675
6581.717346 0.951782
6581.767452 0.955859
6581.817555 0.976665
6581.867655 0.987725
6581.917752 0.998074
6581.967847 0.998461
6582.017938 0.992529
6582.068027 0.97954
6582.118113 0.973894
6582.168197 0.962122
6582.218277 0.954204
6582.268355 0.95839
6582.31843 0.959143
6582.368502 0.959951
6582.418571 0.953696
6582.468638 0.967888
6582.518701 0.978287
6582.568762 0.99282
6582.61882 0.990535
6582.668876 0.992909
6582.718928 0.989723
6582.768978 0.981941
6582.819025 0.982137
6582.869069 0.984457
6582.91911 0.992595
6582.969148 0.998246
6583.019184 0.993812
6583.069217 0.987743
6583.119247 0.980018
6583.169274 0.962728
6583.219299 0.948841
6583.269321 0.941198
6583.319339 0.947382
6583.369355 0.970719
6583.419369 0.977218
6583.469379 0.999174
6583.519387 0.986002
6583.569392 1.003584
6583.619394 1.003652
6583.669393 1.000909
6583.719389 1.002484
6583.769383 1.004412
6583.819374 1.000436
6583.869362 0.990537
6583.919347 0.991219
