3.8159144595518	0.984061
3.8159161184148	0.97990489939681
3.8159177772778	0.97606864831185
3.8159194361408	0.97479486188575
3.8159210950038	0.97378894757427
3.8159227538668	0.9737211783537
3.8159244127298	0.97180506147632
3.8159260715928	0.96619252583433
3.8159277304558	0.96082213206088
3.8159293893188	0.95575407739947
3.8159310481818	0.95370883571396
3.8159327070449	0.954075298599
3.8159343659079	0.95583365828759
3.8159360247709	0.958284103137
3.8159376836339	0.9580840077218
3.8159393424969	0.95713490292066
3.8159410013599	0.95813941285663
3.8159426602229	0.95937541136913
3.8159443190859	0.95893627301965
3.8159459779489	0.95895432921195
3.8159476368119	0.96246231274491
3.8159492956749	0.96571605776261
3.8159509545379	0.96810962336102
3.8159526134009	0.97017160056455
3.8159542722639	0.97159155315503
3.8159559311269	0.96914694993853
3.8159575899899	0.96203941684997
3.8159592488529	0.95863464283381
3.8159609077159	0.95807030269765
3.8159625665789	0.95597727407536
3.815964225442	0.95316067298071
3.815965884305	0.95416299617017
3.815967543168	0.95617004219301
3.815969202031	0.96115298668
3.815970860894	0.96639433368433
3.815972519757	0.96867830586896
3.81597417862	0.97056268795613
3.815975837483	0.96980730159646
3.815977496346	0.96866340360586
3.815979155209	0.9663223849041
3.815980814072	0.96365653408044
3.815982472935	0.96040983712413
3.815984131798	0.95635166178644
3.815985790661	0.95138732131688
3.815987449524	0.94876532348644
3.815989108387	0.94779552436034
3.81599076725	0.95620991538445
3.815992426113	0.96863790440765
3.815994084976	0.97349297038678
3.8159957438391	0.9766245157929
3.8159974027021	0.97795106937261
3.8159990615651	0.97910151103827
3.8160007204281	0.97941284695501
3.8160023792911	0.9797626490964
3.8160040381541	0.98031748273676
3.8160056970171	0.97909969330861
3.8160073558801	0.97315482791565
3.8160090147431	0.96524854555706
3.8160106736061	0.95424284241516
3.8160123324691	0.9399339654693
3.8160139913321	0.92235537031139
3.8160156501951	0.89668484636391
3.8160173090581	0.8660060674974
3.8160189679211	0.82488279984626
3.8160206267841	0.77995389757748
3.8160222856471	0.74540595810866
3.8160239445101	0.71271416571255
3.8160256033731	0.69603828702036
3.8160272622361	0.68229455234921
3.8160289210992	0.69554433772786
3.8160305799622	0.71357191626263
3.8160322388252	0.75128140904207
3.8160338976882	0.78868312419052
3.8160355565512	0.82540375819529
3.8160372154142	0.86113823607577
3.8160388742772	0.8955509431881
3.8160405331402	0.92183192753326
3.8160421920032	0.94128313839164
3.8160438508662	0.95243237190949
3.8160455097292	0.95930144801008
3.8160471685922	0.96519763118745
3.8160488274552	0.97081347797513
3.8160504863182	0.97078299558508
3.8160521451812	0.97005406562616
3.8160538040442	0.96715679753118
3.8160554629072	0.96429657602075
3.8160571217702	0.9616921933524
3.8160587806332	0.96007596867196
3.8160604394963	0.96152958804271
3.8160620983593	0.959900547819
3.8160637572223	0.95280599792533
3.8160654160853	0.94567980179497
3.8160670749483	0.93851903383202
3.8160687338113	0.93172154011771
3.8160703926743	0.92517101959727
3.8160720515373	0.92050959461454
3.8160737104003	0.91660915582414
3.8160753692633	0.91623568825267
3.8160770281263	0.9165820952915
3.8160786869893	0.91767272424226
3.8160803458523	0.91840727713538
3.8160820047153	0.91354945137018
3.8160836635783	0.90764273808304
3.8160853224413	0.89709420588573
3.8160869813043	0.88403380848773
3.8160886401673	0.86518261828627
3.8160902990303	0.85185777818234
3.8160919578934	0.84613790864224
3.8160936167564	0.84595721147448
3.8160952756194	0.85050759960666
3.8160969344824	0.86052284660935
3.8160985933454	0.87337895644701
3.8161002522084	0.88202169072127
3.8161019110714	0.88945293731956
3.8161035699344	0.89519824551449
3.8161052287974	0.90068962012921
3.8161068876604	0.90230853966091
3.8161085465234	0.90285795127229
3.8161102053864	0.89647791617118
3.8161118642494	0.89160249203691
3.8161135231124	0.89116964620663
3.8161151819754	0.89194824849002
3.8161168408384	0.8947683275285
3.8161184997014	0.89847674244381
3.8161201585644	0.90310247632424
3.8161218174274	0.90664554296615
3.8161234762904	0.90950112540355
3.8161251351535	0.91169467820876
3.8161267940165	0.91364516508725
3.8161284528795	0.91732447409499
3.8161301117425	0.92130551580852
3.8161317706055	0.92362269266765
3.8161334294685	0.92595756985561
3.8161350883315	0.92895122328791
3.8161367471945	0.93206936249704
3.8161384060575	0.93565000748408
3.8161400649205	0.93697574510713
3.8161417237835	0.93377521511241
3.8161433826465	0.92780709324551
3.8161450415095	0.91849908899947
3.8161467003725	0.89713206062149
3.8161483592355	0.86681184584007
3.8161500180985	0.84075066942643
3.8161516769615	0.81656036523534
3.8161533358245	0.81651965629113
3.8161549946875	0.82193096659823
3.8161566535506	0.84762668105342
3.8161583124136	0.87462858111886
3.8161599712766	0.90069034681085
3.8161616301396	0.92402353645749
3.8161632890026	0.93490063393498
3.8161649478656	0.9443843883093
3.8161666067286	0.95063628864823
3.8161682655916	0.95654091249043
3.8161699244546	0.96197171492063
3.8161715833176	0.96765015834103
3.8161732421806	0.97353554295949
3.8161749010436	0.97602565897006
3.8161765599066	0.97681857915245
3.8161782187696	0.97863195588871
3.8161798776326	0.98071846752954
3.8161815364956	0.98061965775038
3.8161831953586	0.9802874026514
3.8161848542216	0.97937236019164
3.8161865130846	0.97863446877088
3.8161881719477	0.97885552208963
3.8161898308107	0.97940778351359
3.8161914896737	0.98081786103517
3.8161931485367	0.9823425712376
3.8161948073997	0.98403826451125
3.8161964662627	0.9844422452977
3.8161981251257	0.98367398784922
3.8161997839887	0.98083405098509
3.8162014428517	0.9768651491692
3.8162031017147	0.97219067503224
3.8162047605777	0.96730595444686
3.8162064194407	0.96738472108625
3.8162080783037	0.96804382251783
3.8162097371667	0.96814987657908
3.8162113960297	0.96864624825241
3.8162130548927	0.97152477335661
3.8162147137557	0.97441491171524
3.8162163726187	0.97733734738296
3.8162180314817	0.98005911436893
3.8162196903448	0.98246476287402
3.8162213492078	0.98330127523221
3.8162230080708	0.98264399354202
3.8162246669338	0.9825719235892
3.8162263257968	0.9828342208102
3.8162279846598	0.98400981450085
3.8162296435228	0.98547278077667
3.8162313023858	0.98500677957271
3.8162329612488	0.98428579513424
3.8162346201118	0.98311213794575
3.8162362789748	0.98198885867886
3.8162379378378	0.981190561407
3.8162395967008	0.98024487858955
3.8162412555638	0.97887746149398
3.8162429144268	0.97886239907282
3.8162445732898	0.9810176282648
3.8162462321528	0.98044291303184
3.8162478910158	0.97723403964083
3.8162495498788	0.97505265859466
3.8162512087418	0.97346411062067
3.8162528676049	0.97477874916318
3.8162545264679	0.9770129036662
3.8162561853309	0.9795205027929
3.8162578441939	0.98204900314051
3.8162595030569	0.98319398348289
3.8162611619199	0.98392418047968
3.8162628207829	0.98202410357106
3.8162644796459	0.98011937615905
3.8162661385089	0.97820155469775
3.8162677973719	0.97689193487696
3.8162694562349	0.9765413232067
3.8162711150979	0.97694099357832
3.8162727739609	0.97804947493413
3.8162744328239	0.9792530390105
3.8162760916869	0.98050997658044
3.8162777505499	0.97908379511682
3.8162794094129	0.97684196351051
3.8162810682759	0.97728879268301
3.8162827271389	0.97790700310932
3.816284386002	0.97123126638639
3.816286044865	0.96477250387204
3.816287703728	0.95957408128922
3.816289362591	0.95327490019526
3.816291021454	0.94405621351396
3.816292680317	0.93742252395838
3.81629433918	0.93465234264974
3.816295998043	0.93605776212181
3.816297656906	0.94119492668801
3.816299315769	0.94819930270476
3.816300974632	0.95618526814304
3.816302633495	0.96341319535576
3.816304292358	0.9704309200859
3.816305951221	0.97524903796377
3.816307610084	0.97958426379057
3.816309268947	0.97721098706571
3.81631092781	0.97600650762458
3.816312586673	0.98066836186292
3.816314245536	0.98348429634725
3.8163159043991	0.98187040103673
3.8163175632621	0.98080940427374
3.8163192221251	0.98050486754092
3.8163208809881	0.97941635635639
3.8163225398511	0.97768789066301
3.8163241987141	0.97477547405444
3.8163258575771	0.97130326084888
3.8163275164401	0.96762981413135
3.8163291753031	0.9639084077981
3.8163308341661	0.95838597940833
3.8163324930291	0.95302109263896
3.8163341518921	0.95168492954739
3.8163358107551	0.95122241413568
3.8163374696181	0.95438927856927
3.8163391284811	0.95867618654725
3.8163407873441	0.96530984502124
3.8163424462071	0.97069047650291
3.8163441050701	0.97455388220466
3.8163457639331	0.97813379284393
3.8163474227961	0.98150983044402
3.8163490816592	0.98538379857735
3.8163507405222	0.9894600130183
3.8163523993852	0.98747051220255
3.8163540582482	0.98433239482046
3.8163557171112	0.97982808448048
3.8163573759742	0.97553302425655
3.8163590348372	0.97348271644331
3.8163606937002	0.97033697951022
3.8163623525632	0.96353422163944
3.8163640114262	0.95807658618165
3.8163656702892	0.95500336038999
3.8163673291522	0.95250777514945
3.8163689880152	0.95061107566558
3.8163706468782	0.94857767376943
3.8163723057412	0.94646098603249
3.8163739646042	0.9379729015086
3.8163756234672	0.92738335895952
3.8163772823302	0.91667934209762
3.8163789411932	0.90593867866618
3.8163806000563	0.89363390390239
3.8163822589193	0.88223068020535
3.8163839177823	0.8761656065668
3.8163855766453	0.87194277531794
3.8163872355083	0.87256244943327
3.8163888943713	0.8778318486207
3.8163905532343	0.88987970660329
3.8163922120973	0.90391101114353
3.8163938709603	0.91964397120603
3.8163955298233	0.9339669745693
3.8163971886863	0.9475946924248
3.8163988475493	0.95906438817049
3.8164005064123	0.96999932957281
3.8164021652753	0.97094680278513
3.8164038241383	0.97101987815847
3.8164054830013	0.96880677451002
3.8164071418643	0.96586001439408
3.8164088007273	0.9599257340881
3.8164104595903	0.94787930289282
3.8164121184534	0.92338766317629
3.8164137773164	0.89511541566021
3.8164154361794	0.86243473585796
3.8164170950424	0.84355377306643
3.8164187539054	0.83409941220926
3.8164204127684	0.84483786027123
3.8164220716314	0.86316861498171
3.8164237304944	0.89109177634905
3.8164253893574	0.92058362838971
3.8164270482204	0.93341687268218
3.8164287070834	0.9448398349302
3.8164303659464	0.94731993583187
3.8164320248094	0.94900669099134
3.8164336836724	0.94841742412109
3.8164353425354	0.94874171366864
3.8164370013984	0.95048446083415
3.8164386602614	0.9507107276261
3.8164403191244	0.94956577945508
3.8164419779874	0.95031251015328
3.8164436368505	0.9520394316524
3.8164452957135	0.94765746229133
3.8164469545765	0.94167469645532
3.8164486134395	0.93866700153595
3.8164502723025	0.93622062917789
3.8164519311655	0.9388429176856
3.8164535900285	0.94258988483698
3.8164552488915	0.95100399583426
3.8164569077545	0.95728744563164
3.8164585666175	0.95921334573932
3.8164602254805	0.96043528756723
3.8164618843435	0.96083999873319
3.8164635432065	0.96050417761436
3.8164652020695	0.95966896569291
3.8164668609325	0.96058050111577
3.8164685197955	0.96213205926766
3.8164701786585	0.95895405621661
3.8164718375215	0.95505742299808
3.8164734963845	0.95734648568915
3.8164751552475	0.95921712800657
3.8164768141106	0.95844173563368
3.8164784729736	0.95807150404529
3.8164801318366	0.95878744104202
3.8164817906996	0.95697078710902
3.8164834495626	0.95146396431256
3.8164851084256	0.94716416980078
3.8164867672886	0.94388272557845
3.8164884261516	0.93586589368383
3.8164900850146	0.92559978622758
3.8164917438776	0.91839285359591
3.8164934027406	0.91188642646522
3.8164950616036	0.91366536366693
3.8164967204666	0.91678827380814
3.8164983793296	0.92957523150157
3.8165000381926	0.94264242121694
3.8165016970556	0.95669414266676
3.8165033559186	0.96457369474258
3.8165050147816	0.96137562527252
3.8165066736446	0.96010699548995
3.8165083325077	0.96081319683724
3.8165099913707	0.96071588826607
3.8165116502337	0.96014808400065
3.8165133090967	0.96234750825675
3.8165149679597	0.96538578864
3.8165166268227	0.96696934541627
3.8165182856857	0.96826510617906
3.8165199445487	0.96644112598607
3.8165216034117	0.96412472168958
3.8165232622747	0.95953589562963
3.8165249211377	0.95509799470073
3.8165265800007	0.95098781582375
3.8165282388637	0.9486580492193
3.8165298977267	0.94848141057372
3.8165315565897	0.95080393370954
3.8165332154527	0.95486270443353
3.8165348743157	0.95632709239439
3.8165365331787	0.95682056994875
3.8165381920417	0.95878728235684
3.8165398509048	0.96096222052323
3.8165415097678	0.95673985021833
3.8165431686308	0.95170153792778
3.8165448274938	0.94170365513259
3.8165464863568	0.928751004216
3.8165481452198	0.90817703205994
3.8165498040828	0.88566108274078
3.8165514629458	0.86043745823823
3.8165531218088	0.8399605480262
3.8165547806718	0.8232730649488
3.8165564395348	0.8198290901502
3.8165580983978	0.8222075071927
3.8165597572608	0.83854201279857
3.8165614161238	0.85766849633943
3.8165630749868	0.88122733122954
3.8165647338498	0.90414933676486
3.8165663927128	0.92095551432808
3.8165680515758	0.93595646002763
3.8165697104388	0.94554539902336
3.8165713693018	0.95301785622228
3.8165730281649	0.95717069092437
3.8165746870279	0.95912942078596
3.8165763458909	0.95913210820129
3.8165780047539	0.95953920624747
3.8165796636169	0.96014715611862
3.8165813224799	0.95951145422385
3.8165829813429	0.95857986284199
3.8165846402059	0.95605633067719
3.8165862990689	0.95331210629848
3.8165879579319	0.94918404201468
3.8165896167949	0.9458871256714
3.8165912756579	0.94541289606292
3.8165929345209	0.94295141879697
3.8165945933839	0.93707139264191
3.8165962522469	0.9321436115556
3.8165979111099	0.9281383470295
3.8165995699729	0.92879424827633
3.8166012288359	0.93197796913195
3.8166028876989	0.93813507377218
3.816604546562	0.94508774064172
3.816606205425	0.94407941429162
3.816607864288	0.9420922719034
3.816609523151	0.93514345137852
3.816611182014	0.92922672959104
3.816612840877	0.92715882609636
3.81661449974	0.92498066640519
3.816616158603	0.92260004004384
3.816617817466	0.92416028315401
3.816619476329	0.92976013224634
3.816621135192	0.93258738281709
3.816622794055	0.93382225727612
3.816624452918	0.93370888647011
3.816626111781	0.93320790590391
3.816627770644	0.92320574480942
3.816629429507	0.91204279988847
3.81663108837	0.89593989284814
3.816632747233	0.87925091867568
3.816634406096	0.86024778318191
3.8166360649591	0.84541211339497
3.8166377238221	0.83851949156001
3.8166393826851	0.83701812928631
3.8166410415481	0.84121096962671
3.8166427004111	0.85359785884386
3.8166443592741	0.87082515125412
3.8166460181371	0.88790531228304
3.8166476770001	0.90494180443149
3.8166493358631	0.91578492037981
3.8166509947261	0.9256087520474
3.8166526535891	0.92817293918568
3.8166543124521	0.92978707828818
3.8166559713151	0.92758512281184
3.8166576301781	0.92485436938063
3.8166592890411	0.92110778787858
3.8166609479041	0.91660803810556
3.8166626067671	0.91130998519106
3.8166642656301	0.90701917935511
3.8166659244931	0.90332314980465
3.8166675833561	0.89312058561277
3.8166692422192	0.88099801169192
3.8166709010822	0.85868441635019
3.8166725599452	0.83558730175147
3.8166742188082	0.8149401477415
3.8166758776712	0.79681266712222
3.8166775365342	0.78856398947851
3.8166791953972	0.78791910818119
3.8166808542602	0.80157269828156
3.8166825131232	0.82263367766159
3.8166841719862	0.85136600766094
3.8166858308492	0.87626535319756
3.8166874897122	0.89896621718677
3.8166891485752	0.91434769308967
3.8166908074382	0.92766282180602
3.8166924663012	0.93358436584741
3.8166941251642	0.93849847794318
3.8166957840272	0.93798372458303
3.8166974428902	0.93700864063166
3.8166991017532	0.93434029868485
3.8167007606163	0.93333861625615
3.8167024194793	0.93531710447886
3.8167040783423	0.9348566885149
3.8167057372053	0.93199333593141
3.8167073960683	0.92979704877432
3.8167090549313	0.92796169747914
3.8167107137943	0.92280431719858
3.8167123726573	0.91678615505087
3.8167140315203	0.89483352262545
3.8167156903833	0.87183020622878
3.8167173492463	0.8485328425559
3.8167190081093	0.82766559399271
3.8167206669723	0.81489049651793
3.8167223258353	0.80887230020217
3.8167239846983	0.81402973841279
3.8167256435613	0.8223742437757
3.8167273024243	0.83362813047873
3.8167289612873	0.84880013342773
3.8167306201503	0.86591134421184
3.8167322790134	0.88056064175694
3.8167339378764	0.89465173207859
3.8167355967394	0.90893182597776
3.8167372556024	0.92214948962651
3.8167389144654	0.92653891722166
3.8167405733284	0.93018271668212
3.8167422321914	0.93164560439356
3.8167438910544	0.93326954279978
3.8167455499174	0.9351334556149
3.8167472087804	0.93684589995314
3.8167488676434	0.93843366570927
3.8167505265064	0.93982628785075
3.8167521853694	0.94113350894785
3.8167538442324	0.94432598527022
3.8167555030954	0.94787009317565
3.8167571619584	0.94913325502688
3.8167588208214	0.949678434893
3.8167604796844	0.94586705340814
3.8167621385474	0.94226924338224
3.8167637974105	0.93920648811406
3.8167654562735	0.93602393075667
3.8167671151365	0.9326845159341
3.8167687739995	0.92890394439324
3.8167704328625	0.92480510582293
3.8167720917255	0.92317047802398
3.8167737505885	0.92245226382975
3.8167754094515	0.92211153353648
3.8167770683145	0.92172827308033
3.8167787271775	0.91768139242343
3.8167803860405	0.91336893246057
3.8167820449035	0.90779428246086
3.8167837037665	0.90527527268051
3.8167853626295	0.90917788561104
3.8167870214925	0.91416300425588
3.8167886803555	0.92036347095267
3.8167903392185	0.92510932037822
3.8167919980815	0.92896341552339
3.8167936569445	0.92807676302587
3.8167953158075	0.9257654366431
3.8167969746706	0.92630715707562
3.8167986335336	0.92703156578718
3.8168002923966	0.92675760348971
3.8168019512596	0.9245785156454
3.8168036101226	0.91551171212461
3.8168052689856	0.90769078813024
3.8168069278486	0.90202634422207
3.8168085867116	0.89423635671471
3.8168102455746	0.88445158024252
3.8168119044376	0.8767166911503
3.8168135633006	0.8700114610481
3.8168152221636	0.86790383269998
3.8168168810266	0.86683569887565
3.8168185398896	0.87305135323385
3.8168201987526	0.88032244916317
3.8168218576156	0.89367009250756
3.8168235164786	0.90590878637604
3.8168251753416	0.91509010193582
3.8168268342046	0.92303889156871
3.8168284930677	0.92926204387351
3.8168301519307	0.93113657617247
3.8168318107937	0.92969383025374
3.8168334696567	0.92904897079804
3.8168351285197	0.92871746151473
3.8168367873827	0.92710536621116
3.8168384462457	0.92530654397666
3.8168401051087	0.92382724847277
3.8168417639717	0.92334816693137
3.8168434228347	0.9277160533174
3.8168450816977	0.93061392414354
3.8168467405607	0.93042134466895
3.8168483994237	0.93095306467891
3.8168500582867	0.93228934486708
3.8168517171497	0.93447046891213
3.8168533760127	0.93715777142896
3.8168550348757	0.93672863154032
3.8168566937387	0.93540514529335
3.8168583526017	0.92873776658017
3.8168600114648	0.92189115649683
3.8168616703278	0.91766091167939
3.8168633291908	0.91590551426491
3.8168649880538	0.92230031593794
3.8168666469168	0.92571874413042
3.8168683057798	0.92438621762869
3.8168699646428	0.9259123888207
3.8168716235058	0.92989780626849
3.8168732823688	0.93206537155505
3.8168749412318	0.93341649431692
3.8168766000948	0.93276995750751
3.8168782589578	0.93175058770653
3.8168799178208	0.93640042808749
3.8168815766838	0.94004884702843
3.8168832355468	0.93780407018512
3.8168848944098	0.93660523627109
3.8168865532728	0.93783006983969
3.8168882121358	0.93819589794963
3.8168898709988	0.93753146543417
3.8168915298618	0.93672047341575
3.8168931887249	0.93581498437926
3.8168948475879	0.9311281292792
3.8168965064509	0.92525677746342
3.8168981653139	0.91590166671314
3.8168998241769	0.90591153549389
3.8169014830399	0.89170388276844
3.8169031419029	0.87569101973019
3.8169048007659	0.85337664572945
3.8169064596289	0.83470954057025
3.8169081184919	0.82207743542055
3.8169097773549	0.81712023841734
3.8169114362179	0.81894608461876
3.8169130950809	0.82937882107682
3.8169147539439	0.8437671988168
3.8169164128069	0.85708965401906
3.8169180716699	0.87020837664801
3.8169197305329	0.87560085914934
3.8169213893959	0.88117712318343
3.8169230482589	0.88806816670958
3.816924707122	0.89484330428637
3.816926365985	0.90135259222775
3.816928024848	0.90542854611683
3.816929683711	0.90663133225361
3.816931342574	0.90508445134589
3.816933001437	0.90180657226018
3.8169346603	0.89641556979633
3.816936319163	0.89038938925122
3.816937978026	0.8846920285497
3.816939636889	0.87970663419721
3.816941295752	0.88262256285794
3.816942954615	0.8843223498943
3.816944613478	0.88207261791455
3.816946272341	0.87887688116088
3.816947931204	0.87420898853921
3.816949590067	0.86905430615974
3.81695124893	0.863496684619
3.816952907793	0.86085697908027
3.816954566656	0.85944903373739
3.8169562255191	0.85887111930872
3.8169578843821	0.85849834176202
3.8169595432451	0.86247001350545
3.8169612021081	0.86634743257881
3.8169628609711	0.8697715706917
3.8169645198341	0.8702805822319
3.8169661786971	0.86483759950437
3.8169678375601	0.85573661872817
3.8169694964231	0.84275861230626
3.8169711552861	0.82811922905572
3.8169728141491	0.81255480950938
3.8169744730121	0.79788868592207
3.8169761318751	0.78344803212161
3.8169777907381	0.7814205745795
3.8169794496011	0.78096541393223
3.8169811084641	0.78835990674768
3.8169827673271	0.79727993495237
3.8169844261901	0.81029952148123
3.8169860850531	0.82209307061836
3.8169877439162	0.83225307437305
3.8169894027792	0.84286153674863
3.8169910616422	0.85378627389121
3.8169927205052	0.86098733092125
3.8169943793682	0.86690897235243
3.8169960382312	0.86835353749593
3.8169976970942	0.86937116125581
3.8169993559572	0.87129646061542
3.8170010148202	0.87232905436787
3.8170026736832	0.87016954139792
3.8170043325462	0.86825968486776
3.8170059914092	0.86676252466085
3.8170076502722	0.86631823794243
3.8170093091352	0.86678745796607
3.8170109679982	0.86561763904993
3.8170126268612	0.86372541643892
3.8170142857242	0.86368464127807
3.8170159445872	0.86394165043296
3.8170176034502	0.86238322076176
3.8170192623132	0.86052198269292
3.8170209211763	0.85719086407383
3.8170225800393	0.85539573109516
3.8170242389023	0.85671917623251
3.8170258977653	0.85697785339647
3.8170275566283	0.8561253944294
3.8170292154913	0.85525067435276
3.8170308743543	0.85436390350855
3.8170325332173	0.85414919256245
3.8170341920803	0.8540937653903
3.8170358509433	0.85365321390902
3.8170375098063	0.85288147191407
3.8170391686693	0.84993960393331
3.8170408275323	0.84639783193579
3.8170424863953	0.84137297881743
3.8170441452583	0.83648997931049
3.8170458041213	0.83178165965111
3.8170474629843	0.82773527418394
3.8170491218473	0.82411490135294
3.8170507807103	0.8190330168928
3.8170524395734	0.81351170236505
3.8170540984364	0.80549342045224
3.8170557572994	0.79751466619564
3.8170574161624	0.7918502213688
3.8170590750254	0.78649725571636
3.8170607338884	0.78207424592786
3.8170623927514	0.7743531473958
3.8170640516144	0.76192279971281
3.8170657104774	0.75030572100779
3.8170673693404	0.73929469913324
3.8170690282034	0.72630188027656
3.8170706870664	0.71259160818411
3.8170723459294	0.70161421885901
3.8170740047924	0.69100858942951
3.8170756636554	0.68128033350873
3.8170773225184	0.67041327736884
3.8170789813814	0.65547875080984
3.8170806402444	0.63952405794117
3.8170822991074	0.62190849987241
3.8170839579705	0.60510659887513
3.8170856168335	0.58899108644671
3.8170872756965	0.57217924845972
3.8170889345595	0.555075343346
3.8170905934225	0.54067668330093
3.8170922522855	0.52681339065256
3.8170939111485	0.51693834304775
3.8170955700115	0.50687117459065
3.8170972288745	0.49599269016909
3.8170988877375	0.48555660391624
3.8171005466005	0.47592756878275
3.8171022054635	0.46701244507531
3.8171038643265	0.45876476725828
3.8171055231895	0.45131663561925
3.8171071820525	0.44424528753615
3.8171088409155	0.43765338832903
3.8171104997785	0.43115397975219
3.8171121586415	0.42516451640597
3.8171138175045	0.41935701268349
3.8171154763675	0.41444346008206
3.8171171352306	0.40903327053444
3.8171187940936	0.40262638035883
3.8171204529566	0.39762515111016
3.8171221118196	0.39405163748589
3.8171237706826	0.39068929734127
3.8171254295456	0.3874358307688
3.8171270884086	0.38335132050718
3.8171287472716	0.37908884634525
3.8171304061346	0.37183887802748
3.8171320649976	0.3650523873786
3.8171337238606	0.36106711215916
3.8171353827236	0.35642148109484
3.8171370415866	0.35034616696972
3.8171387004496	0.34630867756066
3.8171403593126	0.34447592716611
3.8171420181756	0.34305273736996
3.8171436770386	0.34185512625026
3.8171453359016	0.34417654750081
3.8171469947646	0.3473260205183
3.8171486536277	0.34781580807103
3.8171503124907	0.34881048660955
3.8171519713537	0.35336163193119
3.8171536302167	0.35706878371117
3.8171552890797	0.35884609862015
3.8171569479427	0.36174941207132
3.8171586068057	0.36592512289148
3.8171602656687	0.3694089418599
3.8171619245317	0.37249475395159
3.8171635833947	0.37895968290159
3.8171652422577	0.38626782372549
3.8171669011207	0.39624892212658
3.8171685599837	0.40651553426959
3.8171702188467	0.41804308516447
3.8171718777097	0.42952886804833
3.8171735365727	0.4409160300318
3.8171751954357	0.45100044568223
3.8171768542987	0.45957706506421
3.8171785131617	0.46480102319276
3.8171801720248	0.46805341010496
3.8171818308878	0.47099434840973
3.8171834897508	0.47385545266519
3.8171851486138	0.482384369797
3.8171868074768	0.49174832434752
3.8171884663398	0.50525625925743
3.8171901252028	0.51856995261602
3.8171917840658	0.53142098349923
3.8171934429288	0.54033328467424
3.8171951017918	0.54466873435863
3.8171967606548	0.54598787746681
3.8171984195178	0.54553176850666
3.8172000783808	0.54351089622602
3.8172017372438	0.5410905067567
3.8172033961068	0.53901491929314
3.8172050549698	0.53727521573938
3.8172067138328	0.53767303337502
3.8172083726958	0.54031456945269
3.8172100315588	0.54822255263628
3.8172116904218	0.55645615029456
3.8172133492849	0.56506222993592
3.8172150081479	0.57295243970195
3.8172166670109	0.58042981217256
3.8172183258739	0.58967826552482
3.8172199847369	0.59936347790291
3.8172216435999	0.60597933286926
3.8172233024629	0.6125994827969
3.8172249613259	0.61983279911203
3.8172266201889	0.62568586585763
3.8172282790519	0.62842019054392
3.8172299379149	0.6324898282084
3.8172315967779	0.63803380002718
3.8172332556409	0.64087965485392
3.8172349145039	0.64223336320123
3.8172365733669	0.6475019166382
3.8172382322299	0.6536730920706
3.8172398910929	0.6567273996007
3.8172415499559	0.65987370827252
3.8172432088189	0.66386962578385
3.817244867682	0.66781484341055
3.817246526545	0.67165218112456
3.817248185408	0.675264188905
3.817249844271	0.67864074411346
3.817251503134	0.68234342655815
3.817253161997	0.68621527567835
3.81725482086	0.69131786409048
3.817256479723	0.69667600496288
3.817258138586	0.69990078714084
3.817259797449	0.70357616312667
3.817261456312	0.70951266428102
3.817263115175	0.71533515171087
3.817264774038	0.72093393493276
3.817266432901	0.7240884810826
3.817268091764	0.72487329655782
3.817269750627	0.7294535199228
3.81727140949	0.73583620701471
3.817273068353	0.73929096796393
3.817274727216	0.74221588918686
3.8172763860791	0.74480158850223
3.8172780449421	0.74823027714666
3.8172797038051	0.75526176698091
3.8172813626681	0.75872587371256
3.8172830215311	0.75585938561863
3.8172846803941	0.75795674036252
3.8172863392571	0.76443223458792
3.8172879981201	0.76503422085662
3.8172896569831	0.76314828743545
3.8172913158461	0.76063107516907
3.8172929747091	0.75799906838354
3.8172946335721	0.75486863012692
3.8172962924351	0.75146162347259
3.8172979512981	0.74705386165668
3.8172996101611	0.74397865965312
3.8173012690241	0.74300394810997
3.8173029278871	0.7461484472926
3.8173045867501	0.7525304804469
3.8173062456131	0.76210121765734
3.8173079044762	0.77284046218991
3.8173095633392	0.78085095560995
3.8173112222022	0.78924697711914
3.8173128810652	0.80585251352479
3.8173145399282	0.81906987595109
3.8173161987912	0.82203288927587
3.8173178576542	0.82783057018251
3.8173195165172	0.8375296010695
3.8173211753802	0.84101995959134
3.8173228342432	0.84025652423797
3.8173244931062	0.83947082247225
3.8173261519692	0.83867832464096
3.8173278108322	0.83814224342448
3.8173294696952	0.8380939168889
3.8173311285582	0.84178000369714
3.8173327874212	0.84292303914611
3.8173344462842	0.84650951021519
3.8173361051472	0.8509501617375
3.8173377640102	0.85523169188878
3.8173394228732	0.85949184883532
3.8173410817363	0.86297476998519
3.8173427405993	0.86632226397654
3.8173443994623	0.8699695887444
3.8173460583253	0.87368195733921
3.8173477171883	0.87670057201612
3.8173493760513	0.87953702742473
3.8173510349143	0.88281807425445
3.8173526937773	0.88623768515525
3.8173543526403	0.88917996738033
3.8173560115033	0.89194830711992
3.8173576703663	0.89368394888608
3.8173593292293	0.89498443585508
3.8173609880923	0.8945370174869
3.8173626469553	0.89324534006969
3.8173643058183	0.89541182205905
3.8173659646813	0.89948031051447
3.8173676235443	0.90185740934798
3.8173692824073	0.90318080366819
3.8173709412703	0.90432562981804
3.8173726001334	0.90534496248865
3.8173742589964	0.90620685801127
3.8173759178594	0.90694429678923
3.8173775767224	0.9073795482575
3.8173792355854	0.90754666618655
3.8173808944484	0.90651084859325
3.8173825533114	0.90427856071819
3.8173842121744	0.90266014124869
3.8173858710374	0.90172585067313
3.8173875299004	0.90265442126806
3.8173891887634	0.90590955406033
3.8173908476264	0.9069271729538
3.8173925064894	0.90480982252757
3.8173941653524	0.90336673112373
3.8173958242154	0.90298505754296
3.8173974830784	0.90382704433851
3.8173991419414	0.90683915279717
3.8174008008044	0.91035249219658
3.8174024596674	0.91487095635601
3.8174041185305	0.91672893222462
3.8174057773935	0.91252631246665
3.8174074362565	0.91157952808889
3.8174090951195	0.91910884055787
3.8174107539825	0.92393829120022
3.8174124128455	0.9206728870286
3.8174140717085	0.91834535660697
3.8174157305715	0.91928952589358
3.8174173894345	0.91982907307766
3.8174190482975	0.91870479768963
3.8174207071605	0.91757435298452
3.8174223660235	0.91641347164543
3.8174240248865	0.91722143361625
3.8174256837495	0.92996236917786
3.8174273426125	0.94029192615925
3.8174290014755	0.93202272732413
3.8174306603385	0.92456919987159
3.8174323192015	0.92555904376489
3.8174339780645	0.92679922773222
3.8174356369275	0.93185882239058
3.8174372957906	0.93670085302519
3.8174389546536	0.93555593814504
3.8174406135166	0.93445021457721
3.8174422723796	0.9378028348263
3.8174439312426	0.9411554550754
3.8174455901056	0.93721328361792
3.8174472489686	0.93314146332476
3.8174489078316	0.93399455952574
3.8174505666946	0.93507208098159
3.8174522255576	0.94391455801392
3.8174538844206	0.95333726787635
3.8174555432836	0.9457994271465
3.8174572021466	0.9364733377704
3.8174588610096	0.94284560448923
3.8174605198726	0.9513807702837
3.8174621787356	0.95052831041841
3.8174638375986	0.94806174002263
3.8174654964616	0.94699653525966
3.8174671553246	0.94622284152445
3.8174688141877	0.94404728155354
3.8174704730507	0.94152660986551
3.8174721319137	0.94025806486099
3.8174737907767	0.93934847060025
3.8174754496397	0.9390572599306
3.8174771085027	0.93896985352546
3.8174787673657	0.93876394295966
3.8174804262287	0.93851355381116
3.8174820850917	0.93398602912521
3.8174837439547	0.92764500801706
3.8174854028177	0.92171261645208
3.8174870616807	0.9159747426118
3.8174887205437	0.91587308430687
3.8174903794067	0.91876808841613
3.8174920382697	0.91896217316742
3.8174936971327	0.91755878534172
3.8174953559957	0.92225395126419
3.8174970148587	0.93094802804755
3.8174986737217	0.93704985529965
3.8175003325848	0.94127235515703
3.8175019914478	0.94327279456205
3.8175036503108	0.94349562270675
3.8175053091738	0.94364044774134
3.8175069680368	0.94371653748701
3.8175086268998	0.94494979185934
3.8175102857628	0.94730531909092
3.8175119446258	0.94853965160526
3.8175136034888	0.94857819571706
3.8175152623518	0.9472793414866
3.8175169212148	0.94441206099245
3.8175185800778	0.94270332732301
3.8175202389408	0.94248883949624
3.8175218978038	0.93922782606109
3.8175235566668	0.93164215986028
3.8175252155298	0.92465196937407
3.8175268743928	0.91859311416562
3.8175285332558	0.91106161381818
3.8175301921188	0.90098855115209
3.8175318509819	0.894257470535
3.8175335098449	0.89390402175569
3.8175351687079	0.89008470195802
3.8175368275709	0.87893128821836
3.8175384864339	0.86420776692257
3.8175401452969	0.84107920024097
3.8175418041599	0.81633524424633
3.8175434630229	0.78734176542954
3.8175451218859	0.76169549553246
3.8175467807489	0.74593865401762
3.8175484396119	0.73580057829772
3.8175500984749	0.74442529301141
3.8175517573379	0.75638174369526
3.8175534162009	0.78101489772774
3.8175550750639	0.80734761893145
3.8175567339269	0.84111965680738
3.8175583927899	0.87233495358976
3.8175600516529	0.89050888463535
3.8175617105159	0.90824635532256
3.8175633693789	0.92334557040456
3.817565028242	0.9369824563154
3.817566687105	0.93990822374354
3.817568345968	0.94280421120678
3.817570004831	0.94542743723817
3.817571663694	0.94777179921972
3.817573322557	0.9467675752135
3.81757498142	0.94566199411589
3.817576640283	0.94282870573279
3.817578299146	0.94006956923669
3.817579958009	0.9394115543562
3.817581616872	0.93866008956902
3.817583275735	0.93073403466294
3.817584934598	0.92280797975686
3.817586593461	0.91694862514439
3.817588252324	0.91110635390537
3.817589911187	0.90459844924842
3.81759157005	0.89807055254192
3.817593228913	0.89306908290428
3.817594887776	0.88814799239513
3.8175965466391	0.88565361470558
3.8175982055021	0.88334389905155
3.8175998643651	0.8872273919959
3.8176015232281	0.8917332079283
3.8176031820911	0.89590745155499
3.8176048409541	0.90003995542583
3.8176064998171	0.89781129247652
3.8176081586801	0.89461413097748
3.8176098175431	0.89318752879451
3.8176114764061	0.89207918660288
3.8176131352691	0.89359957121682
3.8176147941321	0.89566792975581
3.8176164529951	0.89813296931334
3.8176181118581	0.90069254758639
3.8176197707211	0.90226713991746
3.8176214295841	0.90357622650888
3.8176230884471	0.90373626842773
3.8176247473101	0.9035491057677
3.8176264061731	0.89994327940947
3.8176280650362	0.89518764331801
3.8176297238992	0.89144053188946
3.8176313827622	0.88806867718462
3.8176330416252	0.88263714050498
3.8176347004882	0.87636209475414
3.8176363593512	0.87299769690324
3.8176380182142	0.870939842423
3.8176396770772	0.87043816566272
3.8176413359402	0.87069918108393
3.8176429948032	0.86895062033428
3.8176446536662	0.86612972540575
3.8176463125292	0.86522987078717
3.8176479713922	0.8654428720251
3.8176496302552	0.86622871914617
3.8176512891182	0.86737404895464
3.8176529479812	0.86941200724853
3.8176546068442	0.87205555779233
3.8176562657072	0.87782333101174
3.8176579245702	0.88587871265396
3.8176595834332	0.89388039677368
3.8176612422963	0.90183970001137
3.8176629011593	0.907882847925
3.8176645600223	0.91229782168116
3.8176662188853	0.91177752722335
3.8176678777483	0.90674689549072
3.8176695366113	0.90381151636999
3.8176711954743	0.90293436761293
3.8176728543373	0.90205309098525
3.8176745132003	0.90116745835622
3.8176761720633	0.90445860532537
3.8176778309263	0.91248270660492
3.8176794897893	0.92052516163977
3.8176811486523	0.92858994805954
3.8176828075153	0.93671879991161
3.8176844663783	0.94493134534238
3.8176861252413	0.94961686279159
3.8176877841043	0.94935462671041
3.8176894429673	0.94807649967324
3.8176911018303	0.9452676154167
3.8176927606934	0.94440764698462
3.8176944195564	0.94670408592062
3.8176960784194	0.94396722189714
3.8176977372824	0.93246266997124
3.8176993961454	0.91841617850066
3.8177010550084	0.89960226933414
3.8177027138714	0.88264257026263
3.8177043727344	0.86943119171328
3.8177060315974	0.86286818577879
3.8177076904604	0.87081051991623
3.8177093493234	0.8812114018957
3.8177110081864	0.89741073964145
3.8177126670494	0.91330525489726
3.8177143259124	0.92842102042172
3.8177159847754	0.9408498774901
3.8177176436384	0.94582663939495
3.8177193025014	0.94922866325644
3.8177209613644	0.94787702716494
3.8177226202274	0.94550839347715
3.8177242790905	0.93978748957376
3.8177259379535	0.93607283209885
3.8177275968165	0.93960491951431
3.8177292556795	0.94002757429541
3.8177309145425	0.92809109736792
3.8177325734055	0.92265200960912
3.8177342322685	0.9457709713225
3.8177358911315	0.96243785711422
3.8177375499945	0.94755227331278
3.8177392088575	0.93503598339541
3.8177408677205	0.9355024048347
3.8177425265835	0.93618181158185
3.8177441854465	0.93818065047679
3.8177458443095	0.93958704693248
3.8177475031725	0.936801046049
3.8177491620355	0.93469565907863
3.8177508208985	0.93816864715131
3.8177524797615	0.94154523954054
3.8177541386245	0.94399014147818
3.8177557974875	0.94659177545047
3.8177574563506	0.95102169435229
3.8177591152136	0.9551346306892
3.8177607740766	0.95463081219278
3.8177624329396	0.95382693911838
3.8177640918026	0.94727772309077
3.8177657506656	0.94071345306121
3.8177674095286	0.93373649329342
3.8177690683916	0.92674754740077
3.8177707272546	0.9191957011432
3.8177723861176	0.91153690462614
3.8177740449806	0.8878783662804
3.8177757038436	0.86421982793467
3.8177773627066	0.83566596184281
3.8177790215696	0.80707523171168
3.8177806804326	0.78728482061449
3.8177823392956	0.76768698005146
3.8177839981586	0.75707047123079
3.8177856570216	0.7467821988757
3.8177873158846	0.76089634790214
3.8177889747477	0.77626801747468
3.8177906336107	0.80334064438279
3.8177922924737	0.83119442055871
3.8177939513367	0.86214193079215
3.8177956101997	0.89334412419117
3.8177972690627	0.91243961479719
3.8177989279257	0.93034585031701
3.8178005867887	0.94339461488321
3.8178022456517	0.95588769666404
3.8178039045147	0.95763753223358
3.8178055633777	0.95798080453112
3.8178072222407	0.96027623426503
3.8178088811037	0.96286014008588
3.8178105399667	0.94884704363364
3.8178121988297	0.93209632222609
3.8178138576927	0.93133920063735
3.8178155165557	0.93350106555631
3.8178171754187	0.93730970299889
3.8178188342817	0.9414483792369
3.8178204931448	0.94430930256928
3.8178221520078	0.94689081767501
3.8178238108708	0.9516003133659
3.8178254697338	0.95681487631327
3.8178271285968	0.96104356121314
3.8178287874598	0.96501947860655
3.8178304463228	0.96356457701909
3.8178321051858	0.96061182178977
3.8178337640488	0.95779428913604
3.8178354229118	0.95501673830726
3.8178370817748	0.95516104665906
3.8178387406378	0.95622827707252
3.8178403995008	0.95188537336218
3.8178420583638	0.94572178906291
3.8178437172268	0.9426029417482
3.8178453760898	0.94057313267367
3.8178470349528	0.94318894966954
3.8178486938158	0.94756661845431
3.8178503526788	0.94518714005664
3.8178520115419	0.94009687262714
3.8178536704049	0.93820200707813
3.8178553292679	0.93766101350943
3.8178569881309	0.9382426829817
3.8178586469939	0.93932571580139
3.8178603058569	0.9372440846639
3.8178619647199	0.93367500843195
3.8178636235829	0.93366079504971
3.8178652824459	0.9354023996217
3.8178669413089	0.92438249142665
3.8178686001719	0.90674708839662
3.8178702590349	0.88387292146941
3.8178719178979	0.85815270449403
3.8178735767609	0.82631202731791
3.8178752356239	0.79099042920049
3.8178768944869	0.76328856847501
3.8178785533499	0.74011827512789
3.8178802122129	0.72966617372042
3.8178818710759	0.7271161212523
3.8178835299389	0.7306753348685
3.817885188802	0.73819615620354
3.817886847665	0.75038533081669
3.817888506528	0.76573098537894
3.817890165391	0.78848659780901
3.817891824254	0.81646166164386
3.817893483117	0.84810181594372
3.81789514198	0.8824295987176
3.817896800843	0.90815433545203
3.817898459706	0.92731662189106
3.817900118569	0.93930282416568
3.817901777432	0.94559915254987
3.817903436295	0.94827571317783
3.817905095158	0.94797063031514
3.817906754021	0.94429228897679
3.817908412884	0.93772933192654
3.817910071747	0.93290797200228
3.81791173061	0.92963174849292
3.817913389473	0.92545523738044
3.817915048336	0.92045057168344
3.8179167071991	0.91415007449206
3.8179183660621	0.9066141966714
3.8179200249251	0.89438736615178
3.8179216837881	0.87752832928625
3.8179233426511	0.85126208443977
3.8179250015141	0.81537917458308
3.8179266603771	0.7822211201683
3.8179283192401	0.75194566725011
3.8179299781031	0.73290380910139
3.8179316369661	0.72615379104499
3.8179332958291	0.72850165463583
3.8179349546921	0.74114111045439
3.8179366135551	0.76092340414696
3.8179382724181	0.78905501904173
3.8179399312811	0.81766216501661
3.8179415901441	0.84684351637455
3.8179432490071	0.86998247566115
3.8179449078701	0.8855876827506
3.8179465667331	0.89814513059251
3.8179482255962	0.90678057185461
3.8179498844592	0.91264633392306
3.8179515433222	0.91483505889623
3.8179532021852	0.91643240791854
3.8179548610482	0.9172199833858
3.8179565199112	0.92135511591586
3.8179581787742	0.93021613294884
3.8179598376372	0.93710156300904
3.8179614965002	0.94111221086807
3.8179631553632	0.93863660606791
3.8179648142262	0.92643768052244
3.8179664730892	0.92328055658821
3.8179681319522	0.93408363909919
3.8179697908152	0.94109734413824
3.8179714496782	0.94208746180644
3.8179731085412	0.94215512230749
3.8179747674042	0.94071342140988
3.8179764262672	0.93925146201707
3.8179780851302	0.93775540078858
3.8179797439932	0.9344112787816
3.8179814028563	0.9278668118675
3.8179830617193	0.92226364038226
3.8179847205823	0.9183364970218
3.8179863794453	0.91436684112265
3.8179880383083	0.9103193840847
3.8179896971713	0.90782218909149
3.8179913560343	0.90824042119028
3.8179930148973	0.91028318216766
3.8179946737603	0.91546422153755
3.8179963326233	0.91788482932204
3.8179979914863	0.9148286822987
3.8179996503493	0.91205276765256
3.8180013092123	0.90984755094446
3.8180029680753	0.90636625790347
3.8180046269383	0.90021798410407
3.8180062858013	0.89517262816543
3.8180079446643	0.8924924036287
3.8180096035273	0.89168349129368
3.8180112623903	0.89498967367375
3.8180129212534	0.89810346566774
3.8180145801164	0.90078349860252
3.8180162389794	0.90345123276204
3.8180178978424	0.90609054940444
3.8180195567054	0.90851007847577
3.8180212155684	0.91040935924537
3.8180228744314	0.91301297350095
3.8180245332944	0.91732413767091
3.8180261921574	0.92005929807445
3.8180278510204	0.91888358437241
3.8180295098834	0.91799631350925
3.8180311687464	0.91784166650523
3.8180328276094	0.92069662682927
3.8180344864724	0.93137076892082
3.8180361453354	0.93864493941787
3.8180378041984	0.93688575286285
3.8180394630614	0.933789927602
3.8180411219244	0.92706405430896
3.8180427807874	0.92193109862476
3.8180444396505	0.92121804823855
3.8180460985135	0.922505550587
3.8180477573765	0.92946173906754
3.8180494162395	0.93567874325302
3.8180510751025	0.9397574198368
3.8180527339655	0.94206507888664
3.8180543928285	0.93914498326161
3.8180560516915	0.93809904417723
3.8180577105545	0.94269525591073
3.8180593694175	0.94787060488911
3.8180610282805	0.95482353521812
3.8180626871435	0.96101954628123
3.8180643460065	0.96484815808114
3.8180660048695	0.96842015380866
3.8180676637325	0.97117474323077
3.8180693225955	0.97358832406235
3.8180709814585	0.97489629186125
3.8180726403215	0.97562358736981
3.8180742991845	0.97443532988173
3.8180759580476	0.97517423910819
3.8180776169106	0.98237637609113
3.8180792757736	0.9881879248451
3.8180809346366	0.98925897719159
3.8180825934996	0.98725964343812
3.8180842523626	0.97463011433435
3.8180859112256	0.96416782995023
3.8180875700886	0.96132279207065
3.8180892289516	0.95877695139574
3.8180908878146	0.95729771071615
3.8180925466776	0.95663195787953
3.8180942055406	0.95890695064749
3.8180958644036	0.9610243817409
3.8180975232666	0.96256475721773
3.8180991821296	0.96240201955366
3.8181008409926	0.95592291620679
3.8181024998556	0.95187105329411
3.8181041587186	0.95692840092924
3.8181058175816	0.96163583132444
3.8181074764446	0.9650153827666
3.8181091353077	0.96793850430126
3.8181107941707	0.96911108356663
3.8181124530337	0.97064935142643
3.8181141118967	0.97360367181019
3.8181157707597	0.97634085343948
3.8181174296227	0.97822954962601
3.8181190884857	0.98023903080641
3.8181207473487	0.98272453184948
3.8181224062117	0.98380529365185
3.8181240650747	0.97930829234352
3.8181257239377	0.97469244770088
3.8181273828007	0.96960143360531
3.8181290416637	0.96575266052343
3.8181307005267	0.96690117705376
3.8181323593897	0.96759637646726
3.8181340182527	0.96645830154947
3.8181356771157	0.96641404398838
3.8181373359787	0.9708141967869
3.8181389948417	0.97287373849064
3.8181406537048	0.96538602681464
3.8181423125678	0.96063947683688
3.8181439714308	0.9671078675136
3.8181456302938	0.97170241450393
3.8181472891568	0.96861379768549
3.8181489480198	0.96630339054758
3.8181506068828	0.96718884031632
3.8181522657458	0.96791988607472
3.8181539246088	0.96801638709779
3.8181555834718	0.96653019317991
3.8181572423348	0.95854057053869
3.8181589011978	0.95181664926083
3.8181605600608	0.9502884576821
3.8181622189238	0.95036975662286
3.8181638777868	0.95704754336558
3.8181655366498	0.96253821689132
3.8181671955128	0.96317538256443
3.8181688543758	0.96353818476762
3.8181705132388	0.96278293754506
3.8181721721019	0.9624618884699
3.8181738309649	0.96390292852323
3.8181754898279	0.96546201613895
3.8181771486909	0.96749791618586
3.8181788075539	0.96835510233859
3.8181804664169	0.9644776271218
3.8181821252799	0.95992603747913
3.8181837841429	0.9526838607248
3.8181854430059	0.94758865314784
3.8181871018689	0.95100128313443
3.8181887607319	0.95353625329637
3.8181904195949	0.9526201198232
3.8181920784579	0.95435921532635
3.8181937373209	0.96645038984637
3.8181953961839	0.97456838298693
3.8181970550469	0.96733955513412
3.8181987139099	0.96297951124029
3.8182003727729	0.96959191878316
3.8182020316359	0.97390989125447
3.8182036904989	0.96954678636725
3.818205349362	0.96767217301704
3.818207008225	0.97510666792965
3.818208667088	0.97954231621786
3.818210325951	0.97289429897337
3.818211984814	0.96761054716186
3.818213643677	0.96730619937149
3.81821530254	0.96695539002751
3.818216961403	0.96643727339099
3.818218620266	0.96608701043511
3.818220279129	0.96633281952853
3.818221937992	0.96581713215898
3.818223596855	0.96263648185248
3.818225255718	0.96029010895909
3.818226914581	0.96081983582988
3.818228573444	0.96070852936373
3.818230232307	0.95842169205882
3.81823189117	0.95777010899698
3.818233550033	0.96257725657354
3.818235208896	0.96644043107353
3.8182368677591	0.96720463397017
3.8182385266221	0.96835032743959
3.8182401854851	0.97072668059027
3.8182418443481	0.97202612234663
3.8182435032111	0.96991305390514
3.8182451620741	0.96848299412689
3.8182468209371	0.9691777140834
3.8182484798001	0.96955724280526
3.8182501386631	0.96897468060154
3.8182517975261	0.96781006265159
3.8182534563891	0.96490312456239
3.8182551152521	0.96217579135392
3.8182567741151	0.95997552720861
3.8182584329781	0.95808302824315
3.8182600918411	0.95707550786107
3.8182617507041	0.95536213824557
3.8182634095671	0.95166096724943
3.8182650684301	0.94696903050067
3.8182667272931	0.93954579340416
3.8182683861562	0.93291501830604
3.8182700450192	0.92842219132583
3.8182717038822	0.92147967369046
3.8182733627452	0.90807244655522
3.8182750216082	0.8961911721664
3.8182766804712	0.88824722776071
3.8182783393342	0.887329374955
3.8182799981972	0.90412917714705
3.8182816570602	0.91679265487147
3.8182833159232	0.91926467791234
3.8182849747862	0.92576825231759
3.8182866336492	0.94197332589259
3.8182882925122	0.95455578055918
3.8182899513752	0.95862774971849
3.8182916102382	0.96270695848147
3.8182932691012	0.96680276445886
3.8182949279642	0.97008023077459
3.8182965868272	0.97152761799809
3.8182982456902	0.97299678685144
3.8182999045532	0.97451346218691
3.8183015634163	0.97480723516389
3.8183032222793	0.97250077631732
3.8183048811423	0.96835247080516
3.8183065400053	0.96038697052575
3.8183081988683	0.95332581306427
3.8183098577313	0.94809044798948
3.8183115165943	0.94456082733187
3.8183131754573	0.94438530037785
3.8183148343203	0.94457493912401
3.8183164931833	0.94546366697484
3.8183181520463	0.94638183892575
3.8183198109093	0.94735487163486
3.8183214697723	0.94418028588884
3.8183231286353	0.93348602244477
3.8183247874983	0.92648735887535
3.8183264463613	0.92600478990987
3.8183281052243	0.91887537402544
3.8183297640873	0.90035039826279
3.8183314229503	0.88032739833627
3.8183330818134	0.85780810062067
3.8183347406764	0.83829686394337
3.8183363995394	0.82365681120963
3.8183380584024	0.81280710734669
3.8183397172654	0.80791899697123
3.8183413761284	0.8110196878441
3.8183430349914	0.82632178047538
3.8183446938544	0.84610028657605
3.8183463527174	0.87251527727962
3.8183480115804	0.89612536306019
3.8183496704434	0.91569983079081
3.8183513293064	0.93422462811876
3.8183529881694	0.95128459471214
3.8183546470324	0.95780931423209
3.8183563058954	0.95007730300071
3.8183579647584	0.95107522539761
3.8183596236214	0.96352433018826
3.8183612824844	0.97307050230782
3.8183629413474	0.97892664135838
3.8183646002105	0.97384632520861
3.8183662590735	0.95530217456051
3.8183679179365	0.94718884486081
3.8183695767995	0.95150890955418
3.8183712356625	0.95973362159939
3.8183728945255	0.9724627320147
3.8183745533885	0.9726452865403
3.8183762122515	0.95882674430178
3.8183778711145	0.95868952618607
3.8183795299775	0.9733141466658
3.8183811888405	0.97668331091539
3.8183828477035	0.96831419904626
3.8183845065665	0.96069429001025
3.8183861654295	0.95382920631091
3.8183878242925	0.95076832879473
3.8183894831555	0.9514081629249
3.8183911420185	0.94955573432628
3.8183928008815	0.94536329880221
3.8183944597445	0.94075902065119
3.8183961186076	0.93578180496214
3.8183977774706	0.93005693740116
3.8183994363336	0.92367940199891
3.8184010951966	0.91921145518524
3.8184027540596	0.91634950865021
3.8184044129226	0.9138258868377
3.8184060717856	0.91157621048833
3.8184077306486	0.91742714498063
3.8184093895116	0.92958968266366
3.8184110483746	0.93711191772339
3.8184127072376	0.94115766164718
3.8184143661006	0.94263187141524
3.8184160249636	0.94225500691907
3.8184176838266	0.94819255480041
3.8184193426896	0.95849371108414
3.8184210015526	0.96149811400881
3.8184226604156	0.95966583913864
3.8184243192786	0.95644498866662
3.8184259781416	0.95234194349787
3.8184276370046	0.94797841100931
3.8184292958677	0.94345641302059
3.8184309547307	0.93860694151432
3.8184326135937	0.93356691289008
3.8184342724567	0.93151692479746
3.8184359313197	0.9311293665089
3.8184375901827	0.92687797453959
3.8184392490457	0.92057608218153
3.8184409079087	0.92095249548588
3.8184425667717	0.92470744242121
3.8184442256347	0.92336968528639
3.8184458844977	0.91957929058295
3.8184475433607	0.91540345518965
3.8184492022237	0.9110511705458
3.8184508610867	0.91463702914151
3.8184525199497	0.92167161321972
3.8184541788127	0.92762896507789
3.8184558376757	0.93314286270309
3.8184574965387	0.95033389980999
3.8184591554017	0.97207113831023
3.8184608142648	0.96330513161496
3.8184624731278	0.94333121016022
3.8184641319908	0.94875475296205
3.8184657908538	0.96296525370678
3.8184674497168	0.9577294777328
3.8184691085798	0.94617329719425
3.8184707674428	0.94392793963744
3.8184724263058	0.94451748301889
3.8184740851688	0.94759857990107
3.8184757440318	0.95138811107141
3.8184774028948	0.95652568903575
3.8184790617578	0.96201995001126
3.8184807206208	0.96276261407711
3.8184823794838	0.96233999719924
3.8184840383468	0.96156286709837
