6545.08043 84216.523438
6545.127711 84832.523438
6545.174989 84633.140625
6545.222264 84170.125
6545.269537 85320.867187
6545.316806 85538.757812
6545.364072 85172.53125
6545.411335 86128.398437
6545.458595 85327.046875
6545.505852 85273.445312
6545.553106 85444.132812
6545.600357 86207.875
6545.647605 85787.859375
6545.69485 85149.273438
6545.742093 84466.75
6545.789332 84323.859375
6545.836568 84323.15625
6545.883801 84829.125
6545.931031 84387.78125
6545.978258 84322.90625
6546.025482 84132.101563
6546.072703 83391.257812
6546.119921 82987.046875
6546.167136 82598.421875
6546.214348 80980.023438
6546.261557 80686.335938
6546.308763 79246.007812
6546.355966 78349.929688
6546.403166 77569.90625
6546.450363 78142.289062
6546.497557 78463.148438
6546.544748 79350.976562
6546.591936 79836.78125
6546.639121 79614.5
6546.686303 80656.34375
6546.733482 80981.507812
6546.780658 80398.414062
6546.827831 80261.234375
6546.875001 79220.179688
6546.922168 79689.960938
6546.969332 78989.617188
6547.016493 80270.492188
6547.063651 79408.460938
6547.110805 78812.367188
6547.157957 79206.296875
6547.205106 79736.585937
6547.252252 81631.90625
6547.299395 82662.65625
6547.346535 83526.117188
6547.393671 83879.453125
6547.440805 83296.585938
6547.487936 82662.757812
6547.535064 82380.148438
6547.582188 78948.429688
6547.62931 71558.671875
6547.676429 63181.582031
6547.723545 56762.867188
6547.770657 54845.65625
6547.817767 57649.046875
6547.864874 63404.445312
6547.911977 70217.679688
6547.959078 76718.921875
6548.006175 80333.367188
6548.05327 81785.15625
6548.100361 82247.992188
6548.14745 83344.289062
6548.194536 83314.828125
6548.241618 83264.796875
6548.288698 83378.59375
6548.335774 83030.914062
6548.382847 82647.601562
6548.429918 80644.976562
6548.476985 80184.054688
6548.52405 77798.539062
6548.571111 73116.914062
6548.618169 71160.648438
6548.665225 72945.65625
6548.712277 77090.6875
6548.759326 79330.195312
6548.806372 79276.265625
6548.853416 80186.859375
6548.900456 80753.625
6548.947493 81879.835937
6548.994527 80767.585938
6549.041558 80359.789062
6549.088587 79012.5
6549.135612 78795.695312
6549.182634 79905.539062
6549.229653 80628
6549.276669 79949.867188
6549.323682 80647.367188
6549.370692 80682.070312
6549.417699 81211.8125
6549.464703 82273.382812
6549.511703 81820.273438
6549.558701 80697.03125
6549.605696 79084.367188
6549.652688 78834.132812
6549.699677 78021.492188
6549.746662 78493.65625
6549.793645 79465.507812
6549.840625 79895.4375
6549.887601 79825.328125
6549.934575 80089.320312
6549.981546 82019.679688
6550.028513 83132.132812
6550.075478 82460.21875
6550.122439 81100.101562
6550.169398 82082.484375
6550.216353 81469.117188
6550.263306 81989.015625
6550.310255 82164.875
6550.357201 81640.875
6550.404145 80288.804688
6550.451085 80364.054688
6550.498022 79995.1875
6550.544956 79512.6875
6550.591888 79783.226562
6550.638816 80388.695312
6550.685741 80505.492188
6550.732663 80459.539062
6550.779582 80429.945312
6550.826498 80101.960938
6550.873411 80309.4375
6550.920321 80533.78125
6550.967228 81625.945312
6551.014132 80578.648437
6551.061033 79506.929688
6551.10793 79669.984375
6551.154825 79677.976562
6551.201717 80705.789062
6551.248606 81059.367188
6551.295491 81057.859375
6551.342374 80882.367188
6551.389253 80476.476562
6551.43613 80428.453125
6551.483003 79865.484375
6551.529874 79227.65625
6551.576741 79821.5625
6551.623606 80038.203125
6551.670467 78733.546875
6551.717325 76882.289062
6551.76418 76173.0625
6551.811033 75753.921875
6551.857882 76377.421875
6551.904728 76360.570312
6551.951571 78253.632812
6551.998411 77842.375
6552.045248 76910.789062
6552.092082 77753.851562
6552.138913 78827.71875
6552.185741 78653.78125
6552.232566 78246.929687
6552.279387 78709.820312
6552.326206 77450.804687
6552.373022 76117.070312
6552.419834 75253.265625
6552.466644 75752.296875
6552.513451 74752.921875
6552.560254 70503.078125
6552.607055 66385.992188
6552.653852 66814.578125
6552.700646 71456.476562
6552.747438 75201.234375
6552.794226 76658.585938
6552.841011 76752.445312
6552.887793 76827.664062
6552.934572 74878.15625
6552.981349 75250.28125
6553.028122 74289.6875
6553.074892 74066.84375
6553.121659 71995.328125
6553.168422 70176.671875
6553.215183 68668.40625
6553.261941 69944.476562
6553.308696 73615.914062
6553.355447 76027.460938
6553.402196 76517.835938
6553.448942 77116.742188
6553.495684 76597.132812
6553.542424 76821.117188
6553.58916 76377.140625
6553.635893 76005.96875
6553.682624 74906.796875
6553.729351 73444.234375
6553.776075 72719.046875
6553.822796 72903.242188
6553.869514 74187.109375
6553.916229 74824.484375
6553.962941 75031.398438
6554.00965 75156.828125
6554.056356 74657.9375
6554.103059 73353.617188
6554.149759 73274.984375
6554.196455 72315.382812
6554.243149 72333.492188
6554.28984 73437.71875
6554.336527 74658.953125
6554.383212 74745.164062
6554.429893 74102.679688
6554.476572 74263.898438
6554.523247 74480.828125
6554.569919 74309.203125
6554.616588 74803.015625
6554.663254 73738.117188
6554.709917 73023.242188
6554.756577 72470.304688
6554.803234 73254.882812
6554.849888 73276.539062
6554.896539 74040.976562
6554.943187 74016.320312
6554.989832 73368.726562
6555.036473 72604.5
6555.083112 73153.023438
6555.129747 72677.5625
6555.17638 72976.273438
6555.223009 72995.320312
6555.269635 72702.851562
6555.316259 71222.8125
6555.362879 71201.539062
6555.409496 70263.335938
6555.45611 70633.804688
6555.502721 70721.335938
6555.549329 70938.867188
6555.595934 70404.671875
6555.642536 67102.257812
6555.689134 64350.703125
6555.73573 59982.152344
6555.782323 59304.148438
6555.828912 61460.914062
6555.875499 63664.707031
6555.922082 66846.273438
6555.968663 68674.40625
6556.01524 70248.390625
6556.061814 70874.632812
6556.108385 70736.625
6556.154953 70211.523438
6556.201518 69548.039062
6556.24808 69030.992188
6556.294639 69147.007813
6556.341195 68812.445312
6556.387747 68970.3125
6556.434297 68747.765625
6556.480844 69083.960938
6556.527387 68665.773438
6556.573928 68448.453125
6556.620465 67788.25
6556.666999 67705.484375
6556.713531 67588.109375
6556.760059 68309.242188
6556.806584 68359.0625
6556.853106 67325.117188
6556.899625 65937.46875
6556.946141 62830.28125
6556.992653 59770.078125
6557.039163 60224.421875
6557.08567 60718.792969
6557.132173 60307.855469
6557.178674 60896.453125
6557.225171 63511.675781
6557.271665 65945.507812
6557.318157 66990.476562
6557.364645 66726.539062
6557.41113 65914.5625
6557.457612 65406.972656
6557.504091 63185.019531
6557.550567 58942.699219
6557.597039 57102.632812
6557.643509 57240.53125
6557.689976 61527.511719
6557.736439 65643.5625
6557.7829 67778.75
6557.829357 68537.046875
6557.875812 68512.5625
6557.922263 69121.765625
6557.968711 69418.835938
6558.015156 69125.296875
6558.061598 68309.820312
6558.108037 66136.078125
6558.154473 65966.179688
6558.200905 65172.207031
6558.247335 64353.238281
6558.293762 62372.804688
6558.340185 62226.363281
6558.386606 62409.039062
6558.433023 64979.785156
6558.479437 66657.75
6558.525848 66984.007812
6558.572256 67053.953125
6558.618661 67634.007812
6558.665063 67835.859375
6558.711462 67634.210938
6558.757858 66896.898438
6558.80425 67537.632812
6558.85064 66855.664062
6558.897027 67225.867188
6558.94341 66496.929688
6558.98979 65554.265625
6559.036167 65584.648438
6559.082542 65400.253906
6559.128913 65659.78125
6559.175281 65668.398438
6559.221645 65213.179688
6559.268007 65230.082031
6559.314366 63589.261719
6559.360721 63844.644531
6559.407074 63005.160156
6559.453423 62469.402344
6559.49977 61802.691406
6559.546113 60421.519531
6559.592453 59012.664062
6559.63879 58456.410156
6559.685124 58440.261719
6559.731455 59110.097656
6559.777783 59707.777344
6559.824107 61229.359375
6559.870429 61760.332031
6559.916748 62399.585938
6559.963063 62183.015625
6560.009375 61089.410156
6560.055684 61026.988281
6560.101991 61622.535156
6560.148294 61431.824219
6560.194594 61597.902344
6560.24089 61388.167969
6560.287184 61335.125
6560.333475 59809.636719
6560.379762 59388.980469
6560.426047 58386.367188
6560.472328 57443.902344
6560.518606 57745.21875
6560.564882 60012.308594
6560.611154 60692.433594
6560.657423 60691.253906
6560.703689 60765.367188
6560.749951 60306.839844
6560.796211 60502.5625
6560.842468 59650.125
6560.888721 59829.464844
6560.934971 58417.976562
6560.981219 56661.027344
6561.027463 53315.164062
6561.073704 49846.914062
6561.119942 48645.359375
6561.166177 50490.738281
6561.212409 52731.058594
6561.258637 54517.585937
6561.304863 55494.707031
6561.351085 55412.636719
6561.397305 55773.847656
6561.443521 56485.027344
6561.489734 56532.828125
6561.535944 56979.59375
6561.582151 56233.246094
6561.628355 55758.367188
6561.674556 54569.289062
6561.720753 53112.65625
6561.766948 52252.335938
6561.813139 51471.589844
6561.859328 51368.253906
6561.905513 50937.457031
6561.951695 50644.226562
6561.997874 50324.789062
6562.04405 47706.332031
6562.090223 45181.765625
6562.136393 43998.679688
6562.182559 44672.644531
6562.228723 44817.390625
6562.274883 45564.5
6562.32104 46008.0625
6562.367194 46416.992188
6562.413345 45202.8125
6562.459493 44833.519531
6562.505638 44248.835938
6562.55178 44563.765625
6562.597919 44543.179688
6562.644054 43202.507812
6562.690186 43377.339844
6562.736316 42196.878906
6562.782442 41698.484375
6562.828565 41258.847656
6562.874685 40705.121094
6562.920802 40810.480469
6562.966915 40073.757812
6563.013026 40180.359375
6563.059133 39475.199219
6563.105238 38917.046875
6563.151339 38439.726562
6563.197437 38247.730469
6563.243532 37147.472656
6563.289624 37169.929688
6563.335713 36744.667969
6563.381799 35295.097656
6563.427881 33985.496094
6563.473961 32913.722656
6563.520037 31953.382812
6563.56611 30764.736328
6563.61218 30166.402344
6563.658247 29017.160156
6563.704311 27277.246094
6563.750372 25765.074219
6563.79643 24214.333984
6563.842484 23182.189453
6563.888536 22141.607422
6563.934584 21648.269531
6563.980629 20574.560547
6564.026671 20056.636719
6564.07271 19693.777344
6564.118746 19528.302734
6564.164779 18875.318359
6564.210808 19040.255859
6564.256835 19610.009766
6564.302858 20999.183594
6564.348878 21815.84375
6564.394895 22389.78125
6564.440909 22761.052734
6564.48692 23551.636719
6564.532928 24287.5625
6564.578932 24552.677734
6564.624934 25424.554688
6564.670932 25790.933594
6564.716927 26792.736328
6564.762919 27725.699219
6564.808908 28888.529297
6564.854894 29696.310547
6564.900877 31091.525391
6564.946857 32174.650391
6564.992833 33785.210938
6565.038806 36602.351562
6565.084777 38703.085938
6565.130744 40604.949219
6565.176708 42462.8125
6565.222669 43909.175781
6565.268626 44829.238281
6565.314581 46361.601562
6565.360532 47042.996094
6565.406481 47579.027344
6565.452426 47213.660156
6565.498368 46928.175781
6565.544307 46402.527344
6565.590243 46861.414062
6565.636175 46935.15625
6565.682105 48080.46875
6565.728031 49277.0625
6565.773955 50168.09375
6565.819875 51075.652344
6565.865792 51402.363281
6565.911706 51711.738281
6565.957617 51550.789062
6566.003524 52079.496094
6566.049429 51701.375
6566.09533 52733.492187
6566.141228 52781.554688
6566.187123 52172.835937
6566.233015 52546.53125
6566.273287 45580.673195
6566.324287 43880.689897
6566.375284 44654.901035
6566.426278 44034.990993
6566.47727 44563.455493
6566.528259 43879.255369
6566.579245 43409.791582
6566.630228 43588.99973
6566.681209 43788.247431
6566.732187 43149.815165
6566.783163 46283.811633
6566.834136 42800.482479
6566.885106 43091.74275
6566.936073 41099.259436
6566.987038 40840.720522
6567.037999 40485.230324
6567.088959 40489.144509
6567.139915 41212.687183
6567.190869 41629.123705
6567.24182 43632.568857
6567.292769 43247.035453
6567.343714 43875.974833
6567.394657 43842.976936
6567.445598 43732.763288
6567.496535 42472.342047
6567.54747 43565.197445
6567.598402 43497.552342
6567.649332 43520.131215
6567.700259 43307.635284
6567.751183 43448.862243
6567.802104 44088.769915
6567.853023 43561.160491
6567.903939 43758.711381
6567.954852 43686.992339
6568.005762 43374.858421
6568.05667 42827.713664
6568.107575 43181.542347
6568.158478 42694.428202
6568.209378 42740.430165
6568.260275 44166.147007
6568.311169 41479.462927
6568.36206 43744.65881
6568.412949 43158.939807
6568.463836 42208.122595
6568.514719 42112.370754
6568.5656 42882.491986
6568.616478 42722.028617
6568.667353 41840.749182
6568.718226 41336.791158
6568.769096 40219.820689
6568.819963 40677.157927
6568.870827 40183.117077
6568.921689 40030.165014
6568.972548 40233.003134
6569.023405 41293.033314
6569.074258 40916.609954
6569.125109 41439.563561
6569.175957 40714.777295
6569.226803 41287.492322
6569.277646 40692.369201
6569.328486 41681.463319
6569.379323 40884.556223
6569.430158 40001.197194
6569.48099 41015.628072
6569.531819 41821.12472
6569.582645 39994.184953
6569.633469 39786.354289
6569.68429 40284.51549
6569.735109 40988.269101
6569.785924 41887.478884
6569.836737 40323.382597
6569.887547 40161.846003
6569.938355 40433.015894
6569.98916 40378.514284
6570.039962 39816.73424
6570.090761 39723.810626
6570.141558 41975.325362
6570.192351 41349.027793
6570.243143 40796.890491
6570.293931 40538.503557
6570.344717 40526.73665
6570.3955 40182.656995
6570.44628 39595.44721
6570.497058 40029.573771
6570.547832 37392.707512
6570.598605 36693.191957
6570.649374 34668.504632
6570.700141 33172.641911
6570.750905 29606.296513
6570.801666 32086.916391
6570.852424 34092.665557
6570.90318 36661.942908
6570.953933 38409.65284
6571.004683 38665.883923
6571.055431 39510.20934
6571.106176 40208.28501
6571.156918 40743.364681
6571.207658 40383.100428
6571.258394 40021.983117
6571.309128 39842.703288
6571.359859 39201.955938
6571.410588 38466.275208
6571.461314 38232.809139
6571.512037 37926.001969
6571.562757 38229.56794
6571.613475 38862.75361
6571.66419 38397.208928
6571.714902 38125.685803
6571.765611 40317.279244
6571.816318 39275.217253
6571.867022 39347.572318
6571.917723 39666.761948
6571.968422 38678.274462
6572.019117 36813.543489
6572.069811 34962.976943
6572.120501 35308.837853
6572.171188 36155.321762
6572.221873 36696.252142
6572.272555 38527.99716
6572.323235 37196.060302
6572.373911 38268.842764
6572.424585 38666.26335
6572.475257 38031.889491
6572.525925 38688.604186
6572.576591 37579.03356
6572.627254 37819.202062
6572.677914 37072.983805
6572.728571 37381.127163
6572.779226 38094.661492
6572.829878 38673.04561
6572.880528 38673.302769
6572.931174 40128.89992
6572.981818 39996.167771
6573.032459 39137.78972
6573.083098 39096.536155
6573.133733 39165.784857
6573.184366 38605.814824
6573.234996 39055.609971
6573.285624 39489.42437
6573.336248 38897.346125
6573.38687 39312.426164
6573.437489 39175.678384
6573.488106 38694.488354
6573.53872 38886.057641
6573.589331 38464.463946
6573.639939 39071.867506
6573.690544 38411.083539
6573.741147 38475.554618
6573.791747 37868.039656
6573.842344 38232.224457
6573.892939 38810.228188
6573.943531 38669.619159
6573.99412 39020.662316
6574.044706 38629.072087
6574.09529 38377.199233
6574.14587 37569.937745
6574.196449 35474.570141
6574.247024 32788.870984
6574.297596 30214.379979
6574.348166 29335.179333
6574.398733 30769.910579
6574.449298 33244.068207
6574.499859 35399.690228
6574.550418 37100.987741
6574.600974 38184.163443
6574.651528 38521.796159
6574.702078 37874.79732
6574.752626 36527.1053
6574.803171 33659.888967
6574.853714 32413.96863
6574.904253 33455.971123
6574.95479 35593.251459
6575.005324 36747.906
6575.055856 37465.177861
6575.106384 36887.077935
6575.15691 37438.734518
6575.207434 37543.621225
6575.257954 37255.051048
6575.308472 37019.002119
6575.358986 37480.103827
6575.409499 37504.686026
6575.460008 37913.707733
6575.510515 37485.622034
6575.561018 37262.308876
6575.61152 36175.202968
6575.662018 33749.3176
6575.712514 31262.106041
6575.763007 29924.364146
6575.813497 30192.709741
6575.863984 32779.273193
6575.914469 35646.54871
6575.96495 37191.881356
6576.01543 37647.640905
6576.065906 38646.987696
6576.11638 38683.462576
6576.16685 38423.30922
6576.217318 38204.764283
6576.267784 37932.167144
6576.318246 37830.590075
6576.368706 37730.413415
6576.419163 35953.980092
6576.469618 33432.603038
6576.520069 30793.777521
6576.570518 29164.043166
6576.620964 30660.651034
6576.671407 32612.438918
6576.721848 34965.720185
6576.772285 36662.680336
6576.82272 37205.875778
6576.873153 37569.662609
6576.923582 38426.621377
6576.974009 38716.117453
6577.024433 39039.711384
6577.074854 39358.529593
6577.125272 39420.836696
6577.175688 39451.041977
6577.226101 39615.019824
6577.276511 39317.6921
6577.326919 38819.782104
6577.377323 38288.160203
6577.427725 38540.770617
6577.478124 38792.976141
6577.528521 39107.675943
6577.578914 39728.696152
6577.629305 39110.868156
6577.679693 38353.126241
6577.730078 37675.966455
6577.780461 38031.484464
6577.83084 37711.547053
6577.881217 37821.741579
6577.931592 38487.669717
6577.981963 38298.355344
6578.032332 37897.6888
6578.082698 38412.061054
6578.133061 38752.160186
6578.183421 39419.790666
6578.233779 39657.229905
6578.284134 39732.981332
6578.334486 39131.946029
6578.384835 38355.918625
6578.435182 38432.135637
6578.485525 38671.256222
6578.535866 39075.264297
6578.586205 40516.638509
6578.63654 40078.451632
6578.686873 39615.409038
6578.737203 39998.886733
6578.78753 40224.255874
6578.837854 39673.971254
6578.888176 40412.136975
6578.938495 40876.35273
6578.988811 39782.694139
6579.039124 39807.957655
6579.089434 39553.083435
6579.139742 38976.122078
6579.190047 39394.724015
6579.240349 40108.707195
6579.290649 39486.70323
6579.340945 40230.124753
6579.391239 40750.077304
6579.44153 40551.500978
6579.491819 40969.271655
6579.542104 40586.781871
6579.592387 40401.631588
6579.642667 41215.802626
6579.692944 40893.337277
6579.743219 40791.214403
6579.79349 41410.925296
6579.843759 41477.835969
6579.894025 40967.166297
6579.944289 40471.037768
6579.994549 40195.519144
6580.044807 40672.766355
6580.095062 40433.457848
6580.145314 40581.08661
6580.195564 40429.741485
6580.24581 39759.45793
6580.296054 40292.263766
6580.346295 40881.304289
6580.396533 39955.898194
6580.446769 40187.583961
6580.497002 40918.283669
6580.547232 39622.226365
6580.597459 40071.384863
6580.647683 41297.431371
6580.697905 40685.063407
6580.748124 39194.352217
6580.79834 38978.510664
6580.848553 39533.736111
6580.898764 38936.984297
6580.948971 39660.283893
6580.999176 40248.699634
6581.049378 40208.184603
6581.099578 40522.704463
6581.149774 40679.075642
6581.199968 42616.205198
6581.250159 41082.989816
6581.300347 40728.15753
6581.350533 40970.49115
6581.400715 41192.21333
6581.450895 41488.232036
6581.501072 40756.983265
6581.551246 40519.871665
6581.601418 40056.630578
6581.651586 40302.103488
6581.701752 39452.641378
6581.751915 38836.527854
6581.802076 39473.429703
6581.852233 39358.471651
6581.902388 39907.193989
6581.95254 41274.754509
6582.002689 40981.376982
6582.052836 43053.03863
6582.102979 41847.563947
6582.15312 41704.357944
6582.203258 40936.527582
6582.253393 42802.323526
6582.303526 43528.298546
6582.353655 40784.660994
6582.403782 41204.114923
6582.453906 40425.187044
6582.504027 41251.551593
6582.554146 39952.515359
6582.604261 39200.008959
6582.654374 36719.37888
6582.704484 36308.529418
6582.754592 35218.331625
6582.804696 35243.614583
6582.854798 38914.527856
6582.904897 42321.239687
6582.954993 42186.973822
6583.005086 42742.670095
6583.055176 43495.844575
6583.105264 43299.573431
6583.155349 41459.062095
6583.205431 42132.150818
6583.25551 42244.542343
6583.305587 42502.609033
6583.355661 42918.47369
6583.405731 42395.635361
6583.4558 42304.494325
6583.505865 42050.125206
6583.555927 41968.280149
6583.605987 42256.596025
6583.656044 41447.953213
6583.706098 40846.05301
6583.756149 42944.365015
6583.806198 43222.879696
6583.856244 43516.216222
6583.906286 44035.358133
