3.815914632405	0.98209
3.815916291268	0.98434767742719
3.815917950131	0.98612722365232
3.815919608994	0.98407315715587
3.815921267857	0.98176995060942
3.8159229267201	0.97859340167162
3.8159245855831	0.9748525347458
3.8159262444461	0.96998190809051
3.8159279033091	0.96587059287648
3.8159295621721	0.9627084204312
3.8159312210351	0.96125690251523
3.8159328798981	0.96117217476787
3.8159345387611	0.9627685648731
3.8159361976241	0.96520249007707
3.8159378564871	0.96507602855722
3.8159395153501	0.96422386455841
3.8159411742131	0.96564117941613
3.8159428330761	0.96733310409841
3.8159444919391	0.96803813257921
3.8159461508021	0.96894860848758
3.8159478096651	0.97143831409973
3.8159494685281	0.97412137925377
3.8159511273911	0.9774616000097
3.8159527862541	0.97929530751932
3.8159544451171	0.9782012713716
3.8159561039802	0.97861390500066
3.8159577628432	0.98085145444274
3.8159594217062	0.98081326781535
3.8159610805692	0.97902229168585
3.8159627394322	0.97935857906641
3.8159643982952	0.98070670403326
3.8159660571582	0.97976516315829
3.8159677160212	0.97821718031913
3.8159693748842	0.97957708326876
3.8159710337472	0.98119784871046
3.8159726926102	0.97994116023418
3.8159743514732	0.97878612938878
3.8159760103362	0.97831066360294
3.8159776691992	0.97690571489779
3.8159793280622	0.97261393653827
3.8159809869252	0.96772148733881
3.8159826457882	0.96174790066984
3.8159843046512	0.95761989419085
3.8159859635142	0.95556595344851
3.8159876223773	0.95760896770915
3.8159892812403	0.96256168127814
3.8159909401033	0.96741801636416
3.8159925989663	0.97223278757643
3.8159942578293	0.97774128034629
3.8159959166923	0.98340952298064
3.8159975755553	0.98631856361895
3.8159992344183	0.98886082163475
3.8160008932813	0.98793903191484
3.8160025521443	0.9870534658108
3.8160042110073	0.98636394561334
3.8160058698703	0.98460595512038
3.8160075287333	0.97996770925601
3.8160091875963	0.97212048091292
3.8160108464593	0.9591556644815
3.8160125053223	0.94278067094079
3.8160141641853	0.92299943692281
3.8160158230483	0.89506687194156
3.8160174819113	0.86203834304332
3.8160191407744	0.82439607934638
3.8160207996374	0.78505191304199
3.8160224585004	0.7488078628339
3.8160241173634	0.71312889741292
3.8160257762264	0.69860259430288
3.8160274350894	0.68708121209457
3.8160290939524	0.70142128029326
3.8160307528154	0.71963557319205
3.8160324116784	0.75409503109411
3.8160340705414	0.79233278195154
3.8160357294044	0.83904213982376
3.8160373882674	0.87827709359287
3.8160390471304	0.90737479576798
3.8160407059934	0.92984566734253
3.8160423648564	0.94668374092007
3.8160440237194	0.9594832072512
3.8160456825824	0.97017212569275
3.8160473414454	0.97717150042173
3.8160490003084	0.98308827205606
3.8160506591714	0.98494134092262
3.8160523180345	0.98626309501422
3.8160539768975	0.98326977386829
3.8160556357605	0.97999325940959
3.8160572946235	0.97469985742481
3.8160589534865	0.97038343342881
3.8160606123495	0.96916036269239
3.8160622712125	0.96583297079644
3.8160639300755	0.95871641202973
3.8160655889385	0.95185537217326
3.8160672478015	0.94527757971288
3.8160689066645	0.93861772577742
3.8160705655275	0.93190121477682
3.8160722243905	0.9290870773217
3.8160738832535	0.92787428419479
3.8160755421165	0.92819099149884
3.8160772009795	0.92882852364171
3.8160788598425	0.93285582814703
3.8160805187055	0.93674624668557
3.8160821775685	0.93556029388273
3.8160838364316	0.93403839026564
3.8160854952946	0.93098768119802
3.8160871541576	0.92688798882239
3.8160888130206	0.92032074691393
3.8160904718836	0.91327862570738
3.8160921307466	0.90557131692471
3.8160937896096	0.89922228030955
3.8160954484726	0.8940540556111
3.8160971073356	0.89449566601807
3.8160987661986	0.89791240926056
3.8161004250616	0.90190799857917
3.8161020839246	0.90607442115852
3.8161037427876	0.90566654903022
3.8161054016506	0.9047153328265
3.8161070605136	0.90546069559719
3.8161087193766	0.90560191263797
3.8161103782396	0.90165942004454
3.8161120371026	0.89833369536607
3.8161136959656	0.89687731992146
3.8161153548287	0.89681599694641
3.8161170136917	0.89915683519777
3.8161186725547	0.90155598527147
3.8161203314177	0.90401659339582
3.8161219902807	0.90805095548264
3.8161236491437	0.91310664994984
3.8161253080067	0.91413914211796
3.8161269668697	0.91365460954749
3.8161286257327	0.91585526014484
3.8161302845957	0.9185446373807
3.8161319434587	0.92509141460836
3.8161336023217	0.93159737816207
3.8161352611847	0.93623200683604
3.8161369200477	0.94050366950219
3.8161385789107	0.94337983045269
3.8161402377737	0.94522349162203
3.8161418966367	0.94494043692237
3.8161435554997	0.94295691778486
3.8161452143627	0.93887246599035
3.8161468732257	0.93374233088675
3.8161485320888	0.92781690098767
3.8161501909518	0.92333334564236
3.8161518498148	0.91950118196216
3.8161535086778	0.92226398462016
3.8161551675408	0.92657656453495
3.8161568264038	0.93543247757666
3.8161584852668	0.9442771477989
3.8161601441298	0.94676025462284
3.8161618029928	0.94977464445647
3.8161634618558	0.95532315706125
3.8161651207188	0.96046797916271
3.8161667795818	0.96464709433189
3.8161684384448	0.96965942123441
3.8161700973078	0.97583949536388
3.8161717561708	0.97910515030761
3.8161734150338	0.97986921173663
3.8161750738968	0.98233109066667
3.8161767327598	0.98566764048972
3.8161783916228	0.98716831800274
3.8161800504859	0.98815721253931
3.8161817093489	0.99154692682468
3.8161833682119	0.99513981721776
3.8161850270749	0.9968382732068
3.8161866859379	0.99799321000324
3.8161883448009	0.99603896799361
3.8161900036639	0.99435121726918
3.8161916625269	0.99337908724126
3.8161933213899	0.99332335938616
3.8161949802529	0.99467698016438
3.8161966391159	0.99162458619791
3.8161982979789	0.98445324260795
3.8161999568419	0.97862261769035
3.8162016157049	0.97354685880847
3.8162032745679	0.96838863921685
3.8162049334309	0.9632047807787
3.8162065922939	0.96321974955725
3.8162082511569	0.96392916298578
3.8162099100199	0.96735784899912
3.816211568883	0.97079817961482
3.816213227746	0.97431451132847
3.816214886609	0.97777335896276
3.816216545472	0.98106555733848
3.816218204335	0.98417869126807
3.816219863198	0.98699993858519
3.816221522061	0.9876984705812
3.816223180924	0.98630880222621
3.816224839787	0.98436759014787
3.81622649865	0.9820998228113
3.816228157513	0.98363107885603
3.816229816376	0.98641347640311
3.816231475239	0.98441796340591
3.816233134102	0.98175323612531
3.816234792965	0.98305478781023
3.816236451828	0.98404162752578
3.816238110691	0.98283543364912
3.816239769554	0.9814370921253
3.816241428417	0.97946284701377
3.8162430872801	0.97869862217754
3.8162447461431	0.97995085295863
3.8162464050061	0.9811180622863
3.8162480638691	0.98220024156426
3.8162497227321	0.98351818287036
3.8162513815951	0.98497754860601
3.8162530404581	0.9863153264138
3.8162546993211	0.98761263266312
3.8162563581841	0.9875254956889
3.8162580170471	0.98724372162936
3.8162596759101	0.98881867004013
3.8162613347731	0.98996617206697
3.8162629936361	0.9881686566598
3.8162646524991	0.98673527265406
3.8162663113621	0.98637990595086
3.8162679702251	0.98604189121942
3.8162696290881	0.98573238409154
3.8162712879511	0.98432241614076
3.8162729468141	0.98183129330384
3.8162746056771	0.98256910363295
3.8162762645402	0.98519863136911
3.8162779234032	0.98476870055624
3.8162795822662	0.98335587253751
3.8162812411292	0.98104622012742
3.8162828999922	0.97857067816407
3.8162845588552	0.97132937114675
3.8162862177182	0.96442623100532
3.8162878765812	0.95966109078938
3.8162895354442	0.95389420507371
3.8162911943072	0.94532566264431
3.8162928531702	0.94012992923086
3.8162945120332	0.94020147524
3.8162961708962	0.94371991131677
3.8162978297592	0.9504528000421
3.8162994886222	0.95627393287954
3.8163011474852	0.96159258730548
3.8163028063482	0.96798486826587
3.8163044652112	0.97469414918016
3.8163061240742	0.97929941653648
3.8163077829373	0.98357126417689
3.8163094418003	0.98431690532182
3.8163111006633	0.98534126002979
3.8163127595263	0.98788548754537
3.8163144183893	0.989873050863
3.8163160772523	0.99044944354199
3.8163177361153	0.98971249182676
3.8163193949783	0.98709257403149
3.8163210538413	0.98543021827232
3.8163227127043	0.98458659169084
3.8163243715673	0.98170886567544
3.8163260304303	0.97781743445453
3.8163276892933	0.97332147872831
3.8163293481563	0.96867045177281
3.8163310070193	0.96283113670614
3.8163326658823	0.95713767261206
3.8163343247453	0.95577594183606
3.8163359836083	0.95622392064347
3.8163376424713	0.96480749749893
3.8163393013344	0.97104925913571
3.8163409601974	0.97210170412975
3.8163426190604	0.97557242087597
3.8163442779234	0.98212006788822
3.8163459367864	0.98507604435083
3.8163475956494	0.98531500317978
3.8163492545124	0.98578781207438
3.8163509133754	0.9863614610419
3.8163525722384	0.98791687165516
3.8163542311014	0.98967590199386
3.8163558899644	0.98581035779866
3.8163575488274	0.98158831169264
3.8163592076904	0.97623025834159
3.8163608665534	0.97189674189369
3.8163625254164	0.97124751242905
3.8163641842794	0.96788488372301
3.8163658431424	0.95943110936789
3.8163675020054	0.95374318934874
3.8163691608684	0.951077496067
3.8163708197314	0.94929423570654
3.8163724785945	0.94807950439812
3.8163741374575	0.94478202983401
3.8163757963205	0.94074752862005
3.8163774551835	0.93406133355447
3.8163791140465	0.92697626328788
3.8163807729095	0.91458312392502
3.8163824317725	0.90207751002583
3.8163840906355	0.88882587141678
3.8163857494985	0.87912568026858
3.8163874083615	0.87943763128453
3.8163890672245	0.88411607280663
3.8163907260875	0.89553999630254
3.8163923849505	0.91053536183365
3.8163940438135	0.92877184618414
3.8163957026765	0.94388366863208
3.8163973615395	0.95735423858087
3.8163990204025	0.96726640250731
3.8164006792655	0.97621654405565
3.8164023381285	0.97982219612164
3.8164039969916	0.98279588822488
3.8164056558546	0.98277394060305
3.8164073147176	0.98270018976081
3.8164089735806	0.98239450064536
3.8164106324436	0.98099881556456
3.8164122913066	0.97722909482266
3.8164139501696	0.97379519819509
3.8164156090326	0.97077695771654
3.8164172678956	0.96946171668874
3.8164189267586	0.9693835394476
3.8164205856216	0.97050168051608
3.8164222444846	0.97210446254788
3.8164239033476	0.97547532094814
3.8164255622106	0.97917221152229
3.8164272210736	0.97718943034628
3.8164288799366	0.97473108000536
3.8164305387996	0.96950231072555
3.8164321976626	0.96491497273151
3.8164338565256	0.96232611342035
3.8164355153887	0.961298150413
3.8164371742517	0.96285918376686
3.8164388331147	0.96469373452539
3.8164404919777	0.96679169016175
3.8164421508407	0.96463962033855
3.8164438097037	0.96012622933368
3.8164454685667	0.95601902352302
3.8164471274297	0.95202880261527
3.8164487862927	0.94881908203382
3.8164504451557	0.94585792471479
3.8164521040187	0.94663069803462
3.8164537628817	0.9486723392769
3.8164554217447	0.95657785149189
3.8164570806077	0.96310337438312
3.8164587394707	0.96658556394496
3.8164603983337	0.96847214497588
3.8164620571967	0.96837834172622
3.8164637160597	0.96735241912135
3.8164653749227	0.96565315537288
3.8164670337858	0.9652211345533
3.8164686926488	0.96529404192374
3.8164703515118	0.9675754701011
3.8164720103748	0.97024755873309
3.8164736692378	0.96852810953664
3.8164753281008	0.96640301798024
3.8164769869638	0.96179590252913
3.8164786458268	0.95870128255761
3.8164803046898	0.96003868551531
3.8164819635528	0.96075721267391
3.8164836224158	0.96050623598586
3.8164852812788	0.9599818878907
3.8164869401418	0.95921011657179
3.8164885990048	0.95877727649207
3.8164902578678	0.95851874950371
3.8164919167308	0.95965248176078
3.8164935755938	0.96114310915803
3.8164952344568	0.96605030464312
3.8164968933198	0.97089451185425
3.8164985521828	0.97140577534646
3.8165002110459	0.97146647024491
3.8165018699089	0.96976356760775
3.8165035287719	0.96930830569376
3.8165051876349	0.97127907068813
3.8165068464979	0.97168230548009
3.8165085053609	0.97035906736903
3.8165101642239	0.96920005131961
3.8165118230869	0.96814503431228
3.8165134819499	0.97091116231219
3.8165151408129	0.97495926084825
3.8165167996759	0.97544010806779
3.8165184585389	0.97543903589771
3.8165201174019	0.97454104018083
3.8165217762649	0.97351109805541
3.8165234351279	0.97178426203617
3.8165250939909	0.9692046522367
3.8165267528539	0.96459924825139
3.8165284117169	0.96162559817888
3.8165300705799	0.96078487339437
3.816531729443	0.96010652093072
3.816533388306	0.95955028096229
3.816535047169	0.96042276453901
3.816536706032	0.96188377288136
3.816538364895	0.9638000110075
3.816540023758	0.96579921696852
3.816541682621	0.96253069514652
3.816543341484	0.95836377207237
3.816545000347	0.94833355253331
3.81654665921	0.935089022095
3.816548318073	0.91267141534316
3.816549976936	0.88867197465852
3.816551635799	0.8622763367621
3.816553294662	0.84163711618715
3.816554953525	0.82598315892061
3.816556612388	0.82410148650161
3.816558271251	0.82887144710472
3.816559930114	0.84606826960207
3.816561588977	0.86612567122821
3.8165632478401	0.88943256868862
3.8165649067031	0.91212744296194
3.8165665655661	0.92699997625377
3.8165682244291	0.94062366479692
3.8165698832921	0.95005024203649
3.8165715421551	0.95794766869654
3.8165732010181	0.96322353871442
3.8165748598811	0.96744416907883
3.8165765187441	0.97064145147031
3.8165781776071	0.97058514872049
3.8165798364701	0.96875393002075
3.8165814953331	0.96751745161435
3.8165831541961	0.96644240045417
3.8165848130591	0.96677970961903
3.8165864719221	0.96687469762763
3.8165881307851	0.96193832579348
3.8165897896481	0.95696582735158
3.8165914485111	0.95185393751745
3.8165931073741	0.94710658282753
3.8165947662371	0.94304871661175
3.8165964251002	0.94153977739332
3.8165980839632	0.94272654613217
3.8165997428262	0.94483386917408
3.8166014016892	0.94749038527288
3.8166030605522	0.95028729546798
3.8166047194152	0.95312691281173
3.8166063782782	0.94999537387374
3.8166080371412	0.94624984957517
3.8166096960042	0.942419665083
3.8166113548672	0.93887850248421
3.8166130137302	0.93657834905952
3.8166146725932	0.93428790215144
3.8166163314562	0.93201717195951
3.8166179903192	0.93149107865784
3.8166196491822	0.9329243072973
3.8166213080452	0.9361414565171
3.8166229669082	0.94048825935811
3.8166246257712	0.93888167478165
3.8166262846342	0.93532929874051
3.8166279434973	0.92701876245723
3.8166296023603	0.91789947983471
3.8166312612233	0.9022026400691
3.8166329200863	0.88599073521865
3.8166345789493	0.86741075766664
3.8166362378123	0.85203772557909
3.8166378966753	0.84346157190984
3.8166395555383	0.84055209188119
3.8166412144013	0.84422477563538
3.8166428732643	0.85640485457873
3.8166445321273	0.87414260395972
3.8166461909903	0.89174856200724
3.8166478498533	0.90930992722464
3.8166495087163	0.91966652030504
3.8166511675793	0.92892703110315
3.8166528264423	0.93211987643864
3.8166544853053	0.93405548564473
3.8166561441683	0.93006378815909
3.8166578030313	0.92561634035422
3.8166594618944	0.92019095697372
3.8166611207574	0.91653429345823
3.8166627796204	0.91494664884675
3.8166644384834	0.91196393273821
3.8166660973464	0.90806670780696
3.8166677562094	0.89770299102808
3.8166694150724	0.88515298495568
3.8166710739354	0.86611260360935
3.8166727327984	0.84615445996894
3.8166743916614	0.82276931817468
3.8166760505244	0.80247241396843
3.8166777093874	0.79643580300077
3.8166793682504	0.79649926527779
3.8166810271134	0.80941654459674
3.8166826859764	0.82905099220241
3.8166843448394	0.85638909224138
3.8166860037024	0.88263663289712
3.8166876625654	0.90818660376346
3.8166893214284	0.9230385339805
3.8166909802914	0.93440225503759
3.8166926391545	0.94093481066749
3.8166942980175	0.94682204337042
3.8166959568805	0.95049730860065
3.8166976157435	0.95281158062899
3.8166992746065	0.94923307437098
3.8167009334695	0.94753525708839
3.8167025923325	0.94961496240287
3.8167042511955	0.94924222615101
3.8167059100585	0.94618390222389
3.8167075689215	0.94570947466056
3.8167092277845	0.94680282771662
3.8167108866475	0.945269643226
3.8167125455105	0.9429409292531
3.8167142043735	0.93563415098281
3.8167158632365	0.92752764036479
3.8167175220995	0.91418104786833
3.8167191809625	0.90042341506065
3.8167208398255	0.8850610600899
3.8167224986885	0.87252074152284
3.8167241575516	0.86522964793981
3.8167258164146	0.86176800144111
3.8167274752776	0.86220598112886
3.8167291341406	0.86901331619695
3.8167307930036	0.87938025435785
3.8167324518666	0.89169160609935
3.8167341107296	0.90452726931517
3.8167357695926	0.91711541079252
3.8167374284556	0.92905727971601
3.8167390873186	0.93379486573044
3.8167407461816	0.93780945349706
3.8167424050446	0.93935911934321
3.8167440639076	0.94103537945154
3.8167457227706	0.9429239945452
3.8167473816336	0.94407230605721
3.8167490404966	0.94453802800704
3.8167506993596	0.94630084260458
3.8167523582226	0.9487105214356
3.8167540170856	0.95192511424705
3.8167556759487	0.95532326719686
3.8167573348117	0.95340548787977
3.8167589936747	0.95157101121961
3.8167606525377	0.95215886373503
3.8167623114007	0.95273994503583
3.8167639702637	0.95330138715729
3.8167656291267	0.95280714125832
3.8167672879897	0.95075557096331
3.8167689468527	0.9461340966351
3.8167706057157	0.93942498050246
3.8167722645787	0.93461129957058
3.8167739234417	0.93061124339821
3.8167755823047	0.93367137166629
3.8167772411677	0.93800003672687
3.8167789000307	0.93968840923343
3.8167805588937	0.94098434025662
3.8167822177567	0.94001543562203
3.8167838766197	0.93982635410191
3.8167855354827	0.94152290564164
3.8167871943458	0.94181734794482
3.8167888532088	0.94033569417989
3.8167905120718	0.94100353289561
3.8167921709348	0.94316598771553
3.8167938297978	0.94055271595652
3.8167954886608	0.93625027909485
3.8167971475238	0.93484953004016
3.8167988063868	0.93364081300863
3.8168004652498	0.92784799003233
3.8168021241128	0.92214195793877
3.8168037829758	0.91681559335245
3.8168054418388	0.90986553634899
3.8168071007018	0.89969894508688
3.8168087595648	0.89120895403791
3.8168104184278	0.88449937600919
3.8168120772908	0.8826966377851
3.8168137361538	0.88371868554412
3.8168153950168	0.88453218107789
3.8168170538798	0.88528836694291
3.8168187127428	0.8892361887799
3.8168203716059	0.89384070859624
3.8168220304689	0.90313572425956
3.8168236893319	0.91114995316332
3.8168253481949	0.91498584329472
3.8168270070579	0.92086436052093
3.8168286659209	0.93000607835053
3.8168303247839	0.93567310986875
3.8168319836469	0.93832536406472
3.8168336425099	0.93760800061549
3.8168353013729	0.93534873972538
3.8168369602359	0.93253720763934
3.8168386190989	0.92961795693426
3.8168402779619	0.93149329420157
3.8168419368249	0.93359349085864
3.8168435956879	0.93671862786636
3.8168452545509	0.93958846201985
3.8168469134139	0.94183273422394
3.8168485722769	0.94413339432242
3.8168502311399	0.94650549376119
3.816851890003	0.94506292548406
3.816853548866	0.94099733644493
3.816855207729	0.93818153618519
3.816856866592	0.9357955184891
3.816858525455	0.93438416138727
3.816860184318	0.93292005671683
3.816861843181	0.92813823970158
3.816863502044	0.92461563974793
3.816865160907	0.92614168851246
3.81686681977	0.92772241793597
3.816868478633	0.92940393447897
3.816870137496	0.93197172044477
3.816871796359	0.93541177719526
3.816873455222	0.93881509774464
3.816875114085	0.94219918287825
3.816876772948	0.94364552185251
3.816878431811	0.94463397092048
3.816880090674	0.94656933288779
3.816881749537	0.94836502893296
3.8168834084001	0.94878515310879
3.8168850672631	0.94873893256774
3.8168867261261	0.94741406718057
3.8168883849891	0.9466409934734
3.8168900438521	0.94662908076656
3.8168917027151	0.94489760611567
3.8168933615781	0.9418873303506
3.8168950204411	0.93963972208575
3.8168966793041	0.93767875928686
3.8168983381671	0.92666029260719
3.8168999970301	0.91427588508201
3.8169016558931	0.89806561086697
3.8169033147561	0.88095314815325
3.8169049736191	0.85993474059684
3.8169066324821	0.84162490492618
3.8169082913451	0.82853802555451
3.8169099502081	0.82285758385524
3.8169116090711	0.82471740322581
3.8169132679341	0.83366403215307
3.8169149267971	0.84643259112883
3.8169165856602	0.86338717524614
3.8169182445232	0.88136262436468
3.8169199033862	0.89008509913863
3.8169215622492	0.89766164585192
3.8169232211122	0.89939414857945
3.8169248799752	0.9014489578238
3.8169265388382	0.90438580724698
3.8169281977012	0.90874597467231
3.8169298565642	0.91505206455837
3.8169315154272	0.92006928926167
3.8169331742902	0.92414320256265
3.8169348331532	0.92575156515399
3.8169364920162	0.92645951001097
3.8169381508792	0.92431417707293
3.8169398097422	0.92175016212313
3.8169414686052	0.91790361421978
3.8169431274682	0.91430617142023
3.8169447863312	0.9117139139551
3.8169464451942	0.90581139711922
3.8169481040573	0.89387509304022
3.8169497629203	0.88275552163028
3.8169514217833	0.8724204710931
3.8169530806463	0.86745368356193
3.8169547395093	0.86517974876119
3.8169563983723	0.86697734762477
3.8169580572353	0.86965658596773
3.8169597160983	0.87286339894647
3.8169613749613	0.87583740763248
3.8169630338243	0.87723797226087
3.8169646926873	0.87657386489536
3.8169663515503	0.870878859429
3.8169680104133	0.86035836551238
3.8169696692763	0.84388281522849
3.8169713281393	0.83106177794541
3.8169729870023	0.8206334019986
3.8169746458653	0.8113491827769
3.8169763047283	0.8024239229337
3.8169779635913	0.7998733866708
3.8169796224544	0.79841336419817
3.8169812813174	0.80336911895469
3.8169829401804	0.80983546638631
3.8169845990434	0.82128467030563
3.8169862579064	0.83356239821325
3.8169879167694	0.84713569690464
3.8169895756324	0.85703646061013
3.8169912344954	0.86390338988769
3.8169928933584	0.86891643636449
3.8169945522214	0.87315490329065
3.8169962110844	0.87548934484353
3.8169978699474	0.8775332451467
3.8169995288104	0.88010503177209
3.8170011876734	0.88154403421479
3.8170028465364	0.87779385273644
3.8170045053994	0.87552061019718
3.8170061642624	0.8761477805252
3.8170078231254	0.87719201165102
3.8170094819884	0.87866037007887
3.8170111408514	0.87685976138991
3.8170127997145	0.87333189519992
3.8170144585775	0.8698144191075
3.8170161174405	0.86629933368623
3.8170177763035	0.86481554970542
3.8170194351665	0.86336981971661
3.8170210940295	0.86178425257874
3.8170227528925	0.86102089093829
3.8170244117555	0.86227360094918
3.8170260706185	0.86207753341916
3.8170277294815	0.86010267317458
3.8170293883445	0.85929198769457
3.8170310472075	0.85923113611502
3.8170327060705	0.85815956931385
3.8170343649335	0.8567821597523
3.8170360237965	0.8589147028721
3.8170376826595	0.86081483459087
3.8170393415225	0.85738785821847
3.8170410003855	0.85318079559111
3.8170426592485	0.84659428747753
3.8170443181116	0.84053048948419
3.8170459769746	0.83522851533834
3.8170476358376	0.83105220738923
3.8170492947006	0.8277353770468
3.8170509535636	0.82429580405507
3.8170526124266	0.82081021747423
3.8170542712896	0.81366176587319
3.8170559301526	0.80616305122873
3.8170575890156	0.80088661711656
3.8170592478786	0.79489472651788
3.8170609067416	0.78619518682595
3.8170625656046	0.77754026023888
3.8170642244676	0.76896135185247
3.8170658833306	0.76005671115859
3.8170675421936	0.75086412254148
3.8170692010566	0.74022024344598
3.8170708599196	0.72893014873841
3.8170725187826	0.71644478843251
3.8170741776456	0.70374014307628
3.8170758365087	0.69011827817566
3.8170774953717	0.6758437889944
3.8170791542347	0.65851404579714
3.8170808130977	0.64170814284947
3.8170824719607	0.62592974730077
3.8170841308237	0.60948477647885
3.8170857896867	0.59237178408064
3.8170874485497	0.57564984992103
3.8170891074127	0.55912813279154
3.8170907662757	0.54395004014402
3.8170924251387	0.52906005119292
3.8170940840017	0.51776600818957
3.8170957428647	0.50663200274545
3.8170974017277	0.49611744077297
3.8170990605907	0.48604456520444
3.8171007194537	0.47695278712474
3.8171023783167	0.46947364850396
3.8171040371797	0.46379079646867
3.8171056960427	0.45860457249549
3.8171073549058	0.4537028498233
3.8171090137688	0.44797781420625
3.8171106726318	0.44204524024364
3.8171123314948	0.43591330214729
3.8171139903578	0.42965719740766
3.8171156492208	0.42258640836045
3.8171173080838	0.41643563089937
3.8171189669468	0.41255776887301
3.8171206258098	0.40908525097497
3.8171222846728	0.40610503885363
3.8171239435358	0.40329787529743
3.8171256023988	0.40059899033728
3.8171272612618	0.39544322579607
3.8171289201248	0.38958964636264
3.8171305789878	0.38566315785167
3.8171322378508	0.38205059669249
3.8171338967138	0.38008641217418
3.8171355555768	0.37727801714552
3.8171372144398	0.37219560876144
3.8171388733028	0.36874175703472
3.8171405321659	0.36740323838381
3.8171421910289	0.36631218819928
3.8171438498919	0.36538654416506
3.8171455087549	0.36431850321132
3.8171471676179	0.36320645147885
3.8171488264809	0.36463528203786
3.8171504853439	0.36608114356758
3.8171521442069	0.3657934178836
3.8171538030699	0.36662659984996
3.8171554619329	0.37067911729966
3.8171571207959	0.37341539667563
3.8171587796589	0.37435881542951
3.8171604385219	0.37868244369949
3.8171620973849	0.38536930034854
3.8171637562479	0.39393332476811
3.8171654151109	0.40311015580076
3.8171670739739	0.41499454357507
3.8171687328369	0.42722373342564
3.8171703916999	0.44060877701062
3.817172050563	0.4538293512186
3.817173709426	0.46655839138602
3.817175368289	0.4794294584961
3.817177027152	0.49249938486897
3.817178686015	0.50273289746271
3.817180344878	0.51093477339365
3.817182003741	0.51971573452897
3.817183662604	0.52869095077109
3.817185321467	0.53661935996283
3.81718698033	0.54422744333037
3.817188639193	0.54932177185991
3.817190298056	0.55386529181489
3.817191956919	0.55673986006341
3.817193615782	0.55844960719789
3.817195274645	0.55851615943728
3.817196933508	0.55678439539833
3.817198592371	0.55375932294583
3.817200251234	0.55030316102458
3.817201910097	0.54670227351057
3.8172035689601	0.54615265506144
3.8172052278231	0.54602412500485
3.8172068866861	0.54744613553977
3.8172085455491	0.54984142567051
3.8172102044121	0.55514952098086
3.8172118632751	0.56104429552245
3.8172135221381	0.56775603565791
3.8172151810011	0.57647597420154
3.8172168398641	0.58661668270474
3.8172184987271	0.59548980084462
3.8172201575901	0.60394810015881
3.8172218164531	0.61037095613493
3.8172234753161	0.61662195561887
3.8172251341791	0.62289126106317
3.8172267930421	0.62850802267767
3.8172284519051	0.6322450915561
3.8172301107681	0.63685860428514
3.8172317696311	0.64265283459454
3.8172334284941	0.64616848547526
3.8172350873571	0.64813038915044
3.8172367462202	0.64947101924552
3.8172384050832	0.65061886778116
3.8172400639462	0.65602827161412
3.8172417228092	0.66163672504777
3.8172433816722	0.66624472222057
3.8172450405352	0.67026075787437
3.8172466993982	0.67267552961345
3.8172483582612	0.67589047804054
3.8172500171242	0.68012760344147
3.8172516759872	0.68486022697032
3.8172533348502	0.68991182426968
3.8172549937132	0.69563250986949
3.8172566525762	0.7015442756675
3.8172583114392	0.70463009988397
3.8172599703022	0.70783507480851
3.8172616291652	0.71311933326377
3.8172632880282	0.71711001690331
3.8172649468912	0.71788707439492
3.8172666057542	0.72166351584746
3.8172682646173	0.72900346973171
3.8172699234803	0.73313230529615
3.8172715823433	0.73535227406702
3.8172732412063	0.74139391392517
3.8172749000693	0.74840644012641
3.8172765589323	0.75224897952024
3.8172782177953	0.75537769109046
3.8172798766583	0.7547178681025
3.8172815355213	0.75663320109537
3.8172831943843	0.76430437302311
3.8172848532473	0.76824073548144
3.8172865121103	0.76812974911974
3.8172881709733	0.76560302892581
3.8172898298363	0.76178047355037
3.8172914886993	0.76129596867178
3.8172931475623	0.76153437783533
3.8172948064253	0.75908969469637
3.8172964652883	0.75617115730476
3.8172981241513	0.75094059503168
3.8172997830144	0.74682792417803
3.8173014418774	0.74492347660501
3.8173031007404	0.74718623357424
3.8173047596034	0.75348908781211
3.8173064184664	0.76309306618771
3.8173080773294	0.77425391383721
3.8173097361924	0.78966978131201
3.8173113950554	0.80567704544549
3.8173130539184	0.81541431639179
3.8173147127814	0.82433315876055
3.8173163716444	0.8298883800834
3.8173180305074	0.83517488900791
3.8173196893704	0.84000001357918
3.8173213482334	0.84491371116996
3.8173230070964	0.84990269817033
3.8173246659594	0.84957547850752
3.8173263248224	0.8471094815334
3.8173279836854	0.84681587882064
3.8173296425484	0.8470036766267
3.8173313014115	0.85041803926222
3.8173329602745	0.85199491913741
3.8173346191375	0.85623237466359
3.8173362780005	0.86086905948342
3.8173379368635	0.86562823251187
3.8173395957265	0.87039721946232
3.8173412545895	0.87405024479081
3.8173429134525	0.87757292046309
3.8173445723155	0.88174687843539
3.8173462311785	0.8860223626204
3.8173478900415	0.88875776596259
3.8173495489045	0.89118874766724
3.8173512077675	0.89543040127889
3.8173528666305	0.90011090728785
3.8173545254935	0.90043892714902
3.8173561843565	0.89950335472916
3.8173578432195	0.90122677427443
3.8173595020825	0.90385921164605
3.8173611609455	0.90720396342147
3.8173628198085	0.91083187449299
3.8173644786716	0.91138046449695
3.8173661375346	0.91051963891191
3.8173677963976	0.90972023833766
3.8173694552606	0.90895296807401
3.8173711141236	0.90782802123938
3.8173727729866	0.90649055910288
3.8173744318496	0.90809942476788
3.8173760907126	0.91168831208948
3.8173777495756	0.91220065040359
3.8173794084386	0.9103829218642
3.8173810673016	0.90888355711838
3.8173827261646	0.90765525108763
3.8173843850276	0.90840996879421
3.8173860438906	0.91105992220935
3.8173877027536	0.91313353828972
3.8173893616166	0.9145892652615
3.8173910204796	0.91363597046203
3.8173926793426	0.90978622213253
3.8173943382056	0.90813023492614
3.8173959970687	0.90943476989989
3.8173976559317	0.91069329472939
3.8173993147947	0.91188202557824
3.8174009736577	0.91153474119712
3.8174026325207	0.9085619177633
3.8174042913837	0.90787914501349
3.8174059502467	0.91162086765234
3.8174076091097	0.9148396666371
3.8174092679727	0.91691132142916
3.8174109268357	0.91968955880084
3.8174125856987	0.92423812405812
3.8174142445617	0.92766543722769
3.8174159034247	0.92786123744413
3.8174175622877	0.92831786809851
3.8174192211507	0.92964762277802
3.8174208800137	0.93005660745542
3.8174225388767	0.92684107378651
3.8174241977397	0.92419617445792
3.8174258566027	0.92423711741003
3.8174275154658	0.92397458430912
3.8174291743288	0.92196528584068
3.8174308331918	0.9207999787721
3.8174324920548	0.92576904452609
3.8174341509178	0.93013200124996
3.8174358097808	0.92865334843907
3.8174374686438	0.92728288066331
3.8174391275068	0.92741511469816
3.8174407863698	0.9273567179002
3.8174424452328	0.92277608178416
3.8174441040958	0.91841290553547
3.8174457629588	0.92950554443772
3.8174474218218	0.94059818333998
3.8174490806848	0.94281969849307
3.8174507395478	0.94492797060562
3.8174523984108	0.9438754247575
3.8174540572738	0.94269491793968
3.8174557161368	0.94458866700783
3.8174573749998	0.94669668556844
3.8174590338628	0.94951979694575
3.8174606927259	0.95241469533155
3.8174623515889	0.95064794560404
3.8174640104519	0.94826227160982
3.8174656693149	0.95041988085337
3.8174673281779	0.95333589930063
3.8174689870409	0.95060867882273
3.8174706459039	0.94673577515313
3.8174723047669	0.94732460563292
3.8174739636299	0.94898989260795
3.8174756224929	0.94654291312358
3.8174772813559	0.94293710142804
3.8174789402189	0.93914251735783
3.8174805990819	0.93528661378274
3.8174822579449	0.93560729747046
3.8174839168079	0.93747583714405
3.8174855756709	0.9373655928012
3.8174872345339	0.9364253345754
3.8174888933969	0.93630287029875
3.8174905522599	0.93656610092051
3.817492211123	0.93878715699155
3.817493869986	0.94204089999146
3.817495528849	0.94306080605766
3.817497187712	0.94276840403788
3.817498846575	0.94400539078274
3.817500505438	0.94623955069897
3.817502164301	0.94755560469168
3.817503823164	0.94820913836569
3.817505482027	0.94771332795409
3.81750714089	0.94630144284148
3.817508799753	0.9493548137201
3.817510458616	0.95633269945253
3.817512117479	0.95562921181735
3.817513776342	0.94748977760646
3.817515435205	0.94344912169091
3.817517094068	0.94377572236427
3.817518752931	0.94053777881512
3.817520411794	0.93311984104908
3.817522070657	0.92847340853036
3.8175237295201	0.92740452554553
3.8175253883831	0.9242917242728
3.8175270472461	0.91827286359229
3.8175287061091	0.91260669229111
3.8175303649721	0.90749345911684
3.8175320238351	0.90214869173074
3.8175336826981	0.89640296319296
3.8175353415611	0.88928967900313
3.8175370004241	0.87955484406868
3.8175386592871	0.86547126695045
3.8175403181501	0.84213282931992
3.8175419770131	0.81626598678384
3.8175436358761	0.78440590900478
3.8175452947391	0.75663040081616
3.8175469536021	0.73968689654828
3.8175486124651	0.72935441728149
3.8175502713281	0.73874477774797
3.8175519301911	0.75247790036702
3.8175535890541	0.78087873846065
3.8175552479171	0.80927538530583
3.8175569067802	0.8376558705892
3.8175585656432	0.86468362966372
3.8175602245062	0.88569448476597
3.8175618833692	0.90640411504551
3.8175635422322	0.92554764749808
3.8175652010952	0.94284817371727
3.8175668599582	0.94874873824257
3.8175685188212	0.9538961140968
3.8175701776842	0.95336789146841
3.8175718365472	0.95262296835577
3.8175734954102	0.94982048661225
3.8175751542732	0.94728537363711
3.8175768131362	0.94812033753385
3.8175784719992	0.94867587854702
3.8175801308622	0.94412284448274
3.8175817897252	0.93947382477086
3.8175834485882	0.93175828078083
3.8175851074512	0.92401693846966
3.8175867663142	0.91342760211668
3.8175884251773	0.9028382657637
3.8175900840403	0.89635512161033
3.8175917429033	0.88992311931113
3.8175934017663	0.8837518278488
3.8175950606293	0.87758955761716
3.8175967194923	0.87867591775596
3.8175983783553	0.88017972308138
3.8176000372183	0.8908082515901
3.8176016960813	0.90218010941192
3.8176033549443	0.90289053243167
3.8176050138073	0.90246739976575
3.8176066726703	0.90256968887659
3.8176083315333	0.90274142788784
3.8176099903963	0.90330261072955
3.8176116492593	0.90392575082158
3.8176133081223	0.9057267782889
3.8176149669853	0.90774828293327
3.8176166258483	0.90429019053139
3.8176182847113	0.89964596302847
3.8176199435744	0.89454900586051
3.8176216024374	0.889340215992
3.8176232613004	0.8934211550244
3.8176249201634	0.90009385515398
3.8176265790264	0.89964438474578
3.8176282378894	0.89697032677757
3.8176298967524	0.8923458946404
3.8176315556154	0.88704406843231
3.8176332144784	0.88343277043614
3.8176348733414	0.88047066062466
3.8176365322044	0.87661548465186
3.8176381910674	0.87238306291371
3.8176398499304	0.86846394116315
3.8176415087934	0.86468981642808
3.8176431676564	0.86504145883332
3.8176448265194	0.86747764328599
3.8176464853824	0.86692891803729
3.8176481442454	0.86473877453542
3.8176498031084	0.86200392483424
3.8176514619715	0.85894385881553
3.8176531208345	0.86086248097584
3.8176547796975	0.8660012393338
3.8176564385605	0.87607601320364
3.8176580974235	0.88960267180233
3.8176597562865	0.89973716313702
3.8176614151495	0.90731043890374
3.8176630740125	0.91172550604358
3.8176647328755	0.9135695316104
3.8176663917385	0.90986610660894
3.8176680506015	0.90129889004586
3.8176697094645	0.8959401524752
3.8176713683275	0.89360834843403
3.8176730271905	0.89396519117279
3.8176746860535	0.89704992093908
3.8176763449165	0.89999103356157
3.8176780037795	0.90277554317627
3.8176796626425	0.91045835412097
3.8176813215055	0.92388155759061
3.8176829803685	0.93520969578778
3.8176846392316	0.94389987698516
3.8176862980946	0.94831690629121
3.8176879569576	0.94695188056141
3.8176896158206	0.94649601628007
3.8176912746836	0.94736247405533
3.8176929335466	0.94769901557572
3.8176945924096	0.94720676719281
3.8176962512726	0.94356229125198
3.8176979101356	0.93461316008438
3.8176995689986	0.93116917774391
3.8177012278616	0.93770299650346
3.8177028867246	0.94211697450342
3.8177045455876	0.94238867202983
3.8177062044506	0.94252436856691
3.8177078633136	0.94237313694064
3.8177095221766	0.94388622655169
3.8177111810396	0.94919545102655
3.8177128399026	0.95325789533138
3.8177144987656	0.95423977339364
3.8177161576287	0.95447850636806
3.8177178164917	0.95272393637164
3.8177194753547	0.95188681565724
3.8177211342177	0.95372833159884
3.8177227930807	0.94993474419983
3.8177244519437	0.92818369299035
3.8177261108067	0.91444558908574
3.8177277696697	0.92867990573087
3.8177294285327	0.94014611771832
3.8177310873957	0.94098393686437
3.8177327462587	0.94228281049395
3.8177344051217	0.94553856854984
3.8177360639847	0.94802147574532
3.8177377228477	0.94685759946575
3.8177393817107	0.94519439343493
3.8177410405737	0.94089381569138
3.8177426994367	0.93627340844717
3.8177443582997	0.92974632354388
3.8177460171627	0.92477120518112
3.8177476760258	0.93035010158683
3.8177493348888	0.935325673771
3.8177509937518	0.93556188119856
3.8177526526148	0.93620114109329
3.8177543114778	0.94056076348396
3.8177559703408	0.94469226919466
3.8177576292038	0.94629234229193
3.8177592880668	0.94780727139981
3.8177609469298	0.94815072762909
3.8177626057928	0.94821374063798
3.8177642646558	0.94326019284171
3.8177659235188	0.93819270217969
3.8177675823818	0.93025839566561
3.8177692412448	0.92219756600047
3.8177709001078	0.90892097366324
3.8177725589708	0.89558492806705
3.8177742178338	0.87587100724907
3.8177758766968	0.85615708643108
3.8177775355598	0.82648510083978
3.8177791944228	0.7967623007497
3.8177808532859	0.77243640189709
3.8177825121489	0.74821645836924
3.8177841710119	0.74199507575134
3.8177858298749	0.73639363886052
3.8177874887379	0.75572285732535
3.8177891476009	0.77628832647608
3.8177908064639	0.80540624476626
3.8177924653269	0.83508031000677
3.8177941241899	0.86426077828208
3.8177957830529	0.89340137803721
3.8177974419159	0.91108347128752
3.8177991007789	0.9276555450154
3.8178007596419	0.93683996142344
3.8178024185049	0.94518739874943
3.8178040773679	0.95057749763826
3.8178057362309	0.95558301739577
3.8178073950939	0.95057686021111
3.8178090539569	0.94409774147937
3.8178107128199	0.94379114171172
3.817812371683	0.94450054919852
3.817814030546	0.94093901049967
3.817815689409	0.93659831808103
3.817817348272	0.94372000981744
3.817819007135	0.95314129039389
3.817820665998	0.94410669113942
3.817822324861	0.93102697847495
3.817823983724	0.93365556727364
3.817825642587	0.94002542290565
3.81782730145	0.94670187096219
3.817828960313	0.95345728278179
3.817830619176	0.95709346731678
3.817832278039	0.95986459445847
3.817833936902	0.95946771130033
3.817835595765	0.95812830300221
3.817837254628	0.95732613533532
3.817838913491	0.9566949061624
3.817840572354	0.95467853085277
3.817842231217	0.95219221582422
3.8178438900801	0.95003421102785
3.8178455489431	0.94799466028138
3.8178472078061	0.93963357587216
3.8178488666691	0.92885229887152
3.8178505255321	0.92436008948257
3.8178521843951	0.92241671306718
3.8178538432581	0.92699181582063
3.8178555021211	0.93435850033806
3.8178571609841	0.93971762608262
3.8178588198471	0.94416974352158
3.8178604787101	0.94467772795035
3.8178621375731	0.9433093108715
3.8178637964361	0.94001109474004
3.8178654552991	0.93574743370708
3.8178671141621	0.92625921755076
3.8178687730251	0.91402635419648
3.8178704318881	0.88796126531865
3.8178720907511	0.85427578348496
3.8178737496141	0.82343312276896
3.8178754084772	0.79423114444999
3.8178770673402	0.77107248674371
3.8178787262032	0.75156340279485
3.8178803850662	0.75381396083235
3.8178820439292	0.7698000273597
3.8178837027922	0.79024857929711
3.8178853616552	0.81363857872628
3.8178870205182	0.84363233217058
3.8178886793812	0.87816790518685
3.8178903382442	0.9014024492873
3.8178919971072	0.91653567425397
3.8178936559702	0.92595121258694
3.8178953148332	0.93109735945943
3.8178969736962	0.93760246573657
3.8178986325592	0.94516387401358
3.8179002914222	0.95098585668885
3.8179019502852	0.95540169711654
3.8179036091482	0.95644935898154
3.8179052680112	0.95466678042615
3.8179069268742	0.94883789337828
3.8179085857373	0.93947717138515
3.8179102446003	0.93444762527553
3.8179119034633	0.93334319398898
3.8179135623263	0.928489647247
3.8179152211893	0.92011120137371
3.8179168800523	0.91229652824864
3.8179185389153	0.90503153527895
3.8179201977783	0.88993077654289
3.8179218566413	0.86691168097206
3.8179235155043	0.83866143426723
3.8179251743673	0.80493429704606
3.8179268332303	0.77381993544551
3.8179284920933	0.74553782492573
3.8179301509563	0.7249714170885
3.8179318098193	0.71306173154911
3.8179334686823	0.71493232222883
3.8179351275453	0.73279769589798
3.8179367864083	0.75728994721822
3.8179384452713	0.78973724367021
3.8179401041344	0.82024928380593
3.8179417629974	0.8483601511693
3.8179434218604	0.86998889740645
3.8179450807234	0.88330695968278
3.8179467395864	0.89559267469326
3.8179483984494	0.90651129325445
3.8179500573124	0.91462269921926
3.8179517161754	0.91889529227405
3.8179533750384	0.91890619530259
3.8179550339014	0.91290246465209
3.8179566927644	0.91338250552414
3.8179583516274	0.92330454475553
3.8179600104904	0.93041003446373
3.8179616693534	0.93328496160307
3.8179633282164	0.93471418564212
3.8179649870794	0.93390409410703
3.8179666459424	0.93289269580088
3.8179683048054	0.93155991754939
3.8179699636684	0.92999540814345
3.8179716225315	0.92804967031491
3.8179732813945	0.92715089953427
3.8179749402575	0.92802639843482
3.8179765991205	0.92888395491918
3.8179782579835	0.92971019481411
3.8179799168465	0.92795510381482
3.8179815757095	0.92156215618167
3.8179832345725	0.91678431834355
3.8179848934355	0.91499309621149
3.8179865522985	0.91386690937229
3.8179882111615	0.91400596742368
3.8179898700245	0.90975813169024
3.8179915288875	0.89692479764099
3.8179931877505	0.89203600108591
3.8179948466135	0.9031327297705
3.8179965054765	0.91321265142189
3.8179981643395	0.92118941290316
3.8179998232025	0.9230517858558
3.8180014820655	0.9119181686755
3.8180031409285	0.90154805981353
3.8180047997916	0.89284495999996
3.8180064586546	0.88568236518275
3.8180081175176	0.88197422452839
3.8180097763806	0.88052029663055
3.8180114352436	0.88425611173806
3.8180130941066	0.88825077055293
3.8180147529696	0.89285702302207
3.8180164118326	0.8972569577353
3.8180180706956	0.90115677373193
3.8180197295586	0.90568923988755
3.8180213884216	0.91179470747148
3.8180230472846	0.91758818763032
3.8180247061476	0.92258630913076
3.8180263650106	0.92662167623017
3.8180280238736	0.92814151456778
3.8180296827366	0.92721858122302
3.8180313415996	0.91975670441011
3.8180330004626	0.91409341836452
3.8180346593256	0.91336158290798
3.8180363181887	0.91711282932778
3.8180379770517	0.93344645436159
3.8180396359147	0.9440581589765
3.8180412947777	0.93823485100012
3.8180429536407	0.93030805255246
3.8180446125037	0.91619957088729
3.8180462713667	0.91176219169901
3.8180479302297	0.93638434517621
3.8180495890927	0.9544933805401
3.8180512479557	0.95259762917897
3.8180529068187	0.9508209981437
3.8180545656817	0.94941817755231
3.8180562245447	0.94820039065177
3.8180578834077	0.94757555443656
3.8180595422707	0.94765682193065
3.8180612011337	0.95004807680582
3.8180628599967	0.95273350736935
3.8180645188597	0.95640067123574
3.8180661777227	0.95884740578106
3.8180678365858	0.95714073958642
3.8180694954488	0.95693636369489
3.8180711543118	0.96194278849641
3.8180728131748	0.96707877627059
3.8180744720378	0.9726726304038
3.8180761309008	0.9773870122261
3.8180777897638	0.97893672138929
3.8180794486268	0.98011222917634
3.8180811074898	0.97991750390905
3.8180827663528	0.9767692254196
3.8180844252158	0.96262223207286
3.8180860840788	0.95180229105733
3.8180877429418	0.95357399483694
3.8180894018048	0.95453758622946
3.8180910606678	0.95239421976883
3.8180927195308	0.94931810684893
3.8180943783938	0.94260140719256
3.8180960372568	0.9384099995028
3.8180976961198	0.94421764605498
3.8180993549828	0.95055760162525
3.8181010138459	0.95903423062147
3.8181026727089	0.96568963672229
3.8181043315719	0.96493785788289
3.8181059904349	0.96381900655848
3.8181076492979	0.96118895702617
3.8181093081609	0.95972721864333
3.8181109670239	0.96313284269724
3.8181126258869	0.96649633019029
3.8181142847499	0.96968235426457
3.8181159436129	0.97237202242476
3.8181176024759	0.9729501006171
3.8181192613389	0.97314438313058
3.8181209202019	0.97169034617718
3.8181225790649	0.97082050692321
3.8181242379279	0.97248151865182
3.8181258967909	0.97357411454231
3.8181275556539	0.9721848752018
3.8181292145169	0.97016725595502
3.8181308733799	0.96538605186396
3.818132532243	0.96250069838026
3.818134191106	0.96800653482675
3.818135849969	0.9712336813142
3.818137508832	0.96432220685823
3.818139167695	0.96104397536311
3.818140826558	0.97401036840035
3.818142485421	0.98174348216932
3.818144144284	0.96599061697481
3.818145803147	0.9528323110465
3.81814746201	0.95135405260053
3.818149120873	0.95016558853192
3.818150779736	0.95028457710056
3.818152438599	0.95054239413679
3.818154097462	0.95142736870326
3.818155756325	0.95211476598314
3.818157415188	0.9519092621414
3.818159074051	0.95218929869416
3.818160732914	0.95466306071538
3.818162391777	0.95582088813932
3.8181640506401	0.95104165523921
3.8181657095031	0.94755126720044
3.8181673683661	0.94986373149881
3.8181690272291	0.95278576259666
3.8181706860921	0.95844489243804
3.8181723449551	0.96305802798541
3.8181740038181	0.96299250600742
3.8181756626811	0.96262399525242
3.8181773215441	0.9609063034497
3.8181789804071	0.95941350471903
3.8181806392701	0.95891677121857
3.8181822981331	0.95875039562672
3.8181839569961	0.96003808762079
3.8181856158591	0.95716671218338
3.8181872747221	0.93611890314826
3.8181889335851	0.92399183180536
3.8181905924481	0.95055215257472
3.8181922513111	0.97484104047685
3.8181939101741	0.98936298821344
3.8181955690372	0.99587013377723
3.8181972279002	0.96823589231591
3.8181988867632	0.94897405446597
3.8182005456262	0.96501543578456
3.8182022044892	0.9784508441984
3.8182038633522	0.98101515588949
3.8182055222152	0.98187092036112
3.8182071810782	0.97568092352213
3.8182088399412	0.97057683024654
3.8182104988042	0.96989612496567
3.8182121576672	0.96872440976055
3.8182138165302	0.96557850112104
3.8182154753932	0.96226865324788
3.8182171342562	0.95830851705905
3.8182187931192	0.95600122044117
3.8182204519822	0.96015578121105
3.8182221108452	0.96508734067632
3.8182237697082	0.97301152663095
3.8182254285712	0.97580661465945
3.8182270874342	0.95915341872775
3.8182287462973	0.94817563111084
3.8182304051603	0.95837461393425
3.8182320640233	0.96561235823567
3.8182337228863	0.96198653759549
3.8182353817493	0.95775469453355
3.8182370406123	0.95133784642229
3.8182386994753	0.94685813890154
3.8182403583383	0.94923840478985
3.8182420172013	0.95238592012813
3.8182436760643	0.95820112754811
3.8182453349273	0.96332750616595
3.8182469937903	0.96610427308467
3.8182486526533	0.96722815878339
3.8182503115163	0.96282279959429
3.8182519703793	0.95947615038334
3.8182536292423	0.95960088129717
3.8182552881053	0.95922467026564
3.8182569469683	0.95723936128346
3.8182586058313	0.9562288909227
3.8182602646944	0.95828443207187
3.8182619235574	0.95859041554713
3.8182635824204	0.9535100858972
3.8182652412834	0.94845377358453
3.8182669001464	0.94346980452104
3.8182685590094	0.93752907388804
3.8182702178724	0.92877008589131
3.8182718767354	0.92492009415084
3.8182735355984	0.935204376091
3.8182751944614	0.9409408505207
3.8182768533244	0.93388109621052
3.8182785121874	0.92917958082825
3.8182801710504	0.93095826032871
3.8182818299134	0.93293510134028
3.8182834887764	0.935443614655
3.8182851476394	0.94005114403999
3.8182868065024	0.95015624844626
3.8182884653654	0.96045521695801
3.8182901242284	0.97124954509129
3.8182917830915	0.97927684226719
3.8182934419545	0.98040780411567
3.8182951008175	0.9814469807155
3.8182967596805	0.98226315684996
3.8182984185435	0.98219317939154
3.8183000774065	0.98002479518772
3.8183017362695	0.97728635827239
3.8183033951325	0.97323250426258
3.8183050539955	0.96866996268648
3.8183067128585	0.96296421173439
3.8183083717215	0.95923091365804
3.8183100305845	0.95981411394121
3.8183116894475	0.95485622747979
3.8183133483105	0.93809473296483
3.8183150071735	0.9336745237137
3.8183166660365	0.95483556409895
3.8183183248995	0.96323179867672
3.8183199837625	0.94589058714479
3.8183216426255	0.92814885665123
3.8183233014885	0.90962172579494
3.8183249603516	0.89625174595808
3.8183266192146	0.89271381187593
3.8183282780776	0.88839119200148
3.8183299369406	0.88261463450428
3.8183315958036	0.8708830772578
3.8183332546666	0.84843144339287
3.8183349135296	0.83020893526798
3.8183365723926	0.81938175886506
3.8183382312556	0.80935116176801
3.8183398901186	0.80067295306709
3.8183415489816	0.80158516013522
3.8183432078446	0.81830247710322
3.8183448667076	0.8392833254942
3.8183465255706	0.86708227931371
3.8183481844336	0.8887328961578
3.8183498432966	0.90084449996316
3.8183515021596	0.91434186489776
3.8183531610226	0.92992398765176
3.8183548198856	0.9452150079467
3.8183564787487	0.96008146089366
3.8183581376117	0.95485321782658
3.8183597964747	0.92122275011756
3.8183614553377	0.90392246390212
3.8183631142007	0.9089818565488
3.8183647730637	0.91617828745149
3.8183664319267	0.92620819826253
3.8183680907897	0.92985886515457
3.8183697496527	0.92532100306248
3.8183714085157	0.92330992004454
3.8183730673787	0.92443755876448
3.8183747262417	0.92840736743185
3.8183763851047	0.93579224282091
3.8183780439677	0.94193322304899
3.8183797028307	0.94662907827063
3.8183813616937	0.94898290270868
3.8183830205567	0.94870671083993
3.8183846794197	0.94725354341936
3.8183863382827	0.94452363361052
3.8183879971458	0.94257584585524
3.8183896560088	0.94144734666817
3.8183913148718	0.93846395743854
3.8183929737348	0.93360520340169
3.8183946325978	0.92840704374439
3.8183962914608	0.92287780608142
3.8183979503238	0.92094482059333
3.8183996091868	0.9223940038546
3.8184012680498	0.91199932933039
3.8184029269128	0.89086996568746
3.8184045857758	0.88989113337775
3.8184062446388	0.90650247401795
3.8184079035018	0.92418248078542
3.8184095623648	0.94276040407333
3.8184112212278	0.94173449922691
3.8184128800908	0.92486500075924
3.8184145389538	0.92065663500719
3.8184161978168	0.92628537328059
3.8184178566798	0.93023159141649
3.8184195155429	0.93292203067818
3.8184211744059	0.93606756516357
3.8184228332689	0.93953913969715
3.8184244921319	0.9458947671745
3.8184261509949	0.95423203423405
3.8184278098579	0.95070152642953
3.8184294687209	0.93935729785834
3.8184311275839	0.9334431175589
3.8184327864469	0.93095205400035
3.8184344453099	0.93022541381604
3.8184361041729	0.93056270529961
3.8184377630359	0.93089650286271
3.8184394218989	0.93122828739613
3.8184410807619	0.9302016337812
3.8184427396249	0.92842801024834
3.8184443984879	0.92475137298897
3.8184460573509	0.92007710370586
3.8184477162139	0.9181802226541
3.8184493750769	0.91766938221254
3.8184510339399	0.91833812466264
3.818452692803	0.91956653759928
3.818454351666	0.92233577837876
3.818456010529	0.92579900052206
3.818457669392	0.9360519770287
3.818459328255	0.94920299089966
3.818460987118	0.9674006119825
3.818462645981	0.98763616552546
3.818464304844	0.97231936007179
3.818465963707	0.94344669108194
3.81846762257	0.93978299642049
3.818469281433	0.94517504489307
3.818470940296	0.95424485906158
3.818472599159	0.96455633983316
3.818474258022	0.96479111336815
3.818475916885	0.96183715909989
3.818477575748	0.95958585953688
3.818479234611	0.9575423422651
3.818480893474	0.95779721616914
3.818482552337	0.9586852151459
3.8184842112001	0.96059909228972
