3.8159144598836	0.98163
3.8159161187466	0.98036159751432
3.8159177776096	0.97889601605649
3.8159194364726	0.97585138155305
3.8159210953356	0.97240275324458
3.8159227541986	0.96753925277203
3.8159244130616	0.96319844136573
3.8159260719246	0.95990292986853
3.8159277307876	0.95653687084247
3.8159293896506	0.95308272594819
3.8159310485136	0.95068836746219
3.8159327073766	0.94913940614
3.8159343662396	0.95096237586175
3.8159360251026	0.95446195217009
3.8159376839656	0.95782922213979
3.8159393428286	0.96115910400227
3.8159410016917	0.95796242413545
3.8159426605547	0.95400199605701
3.8159443194177	0.95810194637605
3.8159459782807	0.96231618356604
3.8159476371437	0.96740281266786
3.8159492960067	0.97020313984112
3.8159509548697	0.96526809424177
3.8159526137327	0.96309462650513
3.8159542725957	0.96626719961657
3.8159559314587	0.96637394570312
3.8159575903217	0.9627814994245
3.8159592491847	0.95991665609547
3.8159609080477	0.9576099662562
3.8159625669107	0.95526722813622
3.8159642257737	0.95290743045355
3.8159658846367	0.95387160852887
3.8159675434997	0.95571008095535
3.8159692023627	0.95907812695396
3.8159708612257	0.96267541800728
3.8159725200888	0.96997628430884
3.8159741789518	0.97585696787304
3.8159758378148	0.97235894056676
3.8159774966778	0.96875226410853
3.8159791555408	0.96481080712033
3.8159808144038	0.96019646235261
3.8159824732668	0.95437889848591
3.8159841321298	0.95213015646909
3.8159857909928	0.95386602169043
3.8159874498558	0.95478609937391
3.8159891087188	0.95513075187938
3.8159907675818	0.9580988052059
3.8159924264448	0.96218888125199
3.8159940853078	0.97048564124254
3.8159957441708	0.97973954614222
3.8159974030338	0.98238688682688
3.8159990618968	0.98445494349286
3.8160007207598	0.98489145949745
3.8160023796228	0.98497646299345
3.8160040384858	0.98318840895107
3.8160056973489	0.979782585486
3.8160073562119	0.97206263710615
3.8160090150749	0.96496455566499
3.8160106739379	0.95884897936633
3.8160123328009	0.94562298902372
3.8160139916639	0.92535972825038
3.8160156505269	0.89741244414654
3.8160173093899	0.86470936681467
3.8160189682529	0.825436512676
3.8160206271159	0.7837703335282
3.8160222859789	0.74793264928805
3.8160239448419	0.71313679303341
3.8160256037049	0.69826808466613
3.8160272625679	0.68606601583666
3.8160289214309	0.69608447730115
3.8160305802939	0.71116921332245
3.8160322391569	0.74712424332289
3.8160338980199	0.78509447543593
3.8160355568829	0.8275233155661
3.816037215746	0.86591866290877
3.816038874609	0.8989086992741
3.816040533472	0.9232507250424
3.816042192335	0.94033052327906
3.816043851198	0.95144303583378
3.816045510061	0.95947961065167
3.816047168924	0.96624155581043
3.816048827787	0.97263630467672
3.81605048665	0.97232956676093
3.816052145513	0.97120181077638
3.816053804376	0.96829020502606
3.816055463239	0.96528845574101
3.816057122102	0.96166441264528
3.816058780965	0.9582629345123
3.816060439828	0.95555273368908
3.816062098691	0.95202273531361
3.816063757554	0.94703950051984
3.816065416417	0.94171011618734
3.81606707528	0.93600264257139
3.8160687341431	0.93168700386089
3.8160703930061	0.92831745137651
3.8160720518691	0.92337533447285
3.8160737107321	0.91779986387432
3.8160753695951	0.91450352047861
3.8160770284581	0.91167222736403
3.8160786873211	0.91544075986972
3.8160803461841	0.91910019385088
3.8160820050471	0.91616228660745
3.8160836639101	0.91101561848563
3.8160853227731	0.89609675233359
3.8160869816361	0.88047801506473
3.8160886404991	0.86324611828577
3.8160902993621	0.85042669103213
3.8160919582251	0.84367839298322
3.8160936170881	0.84272451107697
3.8160952759511	0.84671892374286
3.8160969348141	0.85681123068976
3.8160985936771	0.87007291449726
3.8161002525401	0.87828985816983
3.8161019114032	0.88505660386003
3.8161035702662	0.89328219481352
3.8161052291292	0.90155236309178
3.8161068879922	0.90137212486914
3.8161085468552	0.90087747152544
3.8161102057182	0.89834709886115
3.8161118645812	0.89528545594693
3.8161135234442	0.89065549446425
3.8161151823072	0.88939338098745
3.8161168411702	0.89380563740751
3.8161185000332	0.89619771996997
3.8161201588962	0.89650405238783
3.8161218177592	0.8991453915124
3.8161234766222	0.90326893977961
3.8161251354852	0.90637165798025
3.8161267943482	0.90909972846444
3.8161284532112	0.91190727376776
3.8161301120742	0.91472868548083
3.8161317709372	0.92059031406204
3.8161334298003	0.92657591507586
3.8161350886633	0.93290690421033
3.8161367475263	0.93851932045259
3.8161384063893	0.94146264131802
3.8161400652523	0.9411779879476
3.8161417241153	0.93441616996085
3.8161433829783	0.92633948357328
3.8161450418413	0.91667654913604
3.8161467007043	0.89424576268142
3.8161483595673	0.86233862589465
3.8161500184303	0.83720051443324
3.8161516772933	0.81503471724306
3.8161533361563	0.81506597825894
3.8161549950193	0.82010578324762
3.8161566538823	0.84532895285264
3.8161583127453	0.87198150147739
3.8161599716083	0.89982280685138
3.8161616304713	0.92464311831905
3.8161632893343	0.93567992259664
3.8161649481974	0.9450822166143
3.8161666070604	0.9506947120082
3.8161682659234	0.95740717476853
3.8161699247864	0.9656199323687
3.8161715836494	0.97075896030801
3.8161732425124	0.97333025519037
3.8161749013754	0.97333871855618
3.8161765602384	0.97206655872253
3.8161782191014	0.97431579352562
3.8161798779644	0.97750733621847
3.8161815368274	0.98077387704596
3.8161831956904	0.98378609295457
3.8161848545534	0.97925402293512
3.8161865134164	0.97535196636317
3.8161881722794	0.97485819184133
3.8161898311424	0.97600794720816
3.8161914900054	0.98141268536159
3.8161931488684	0.98365599476222
3.8161948077314	0.98118458771794
3.8161964665944	0.97946762840558
3.8161981254575	0.97843511596746
3.8161997843205	0.97713007370981
3.8162014431835	0.97567656798288
3.8162031020465	0.97222757750371
3.8162047609095	0.96818424164489
3.8162064197725	0.96932540876
3.8162080786355	0.97102514268108
3.8162097374985	0.96946953860909
3.8162113963615	0.96850137020256
3.8162130552245	0.97111720101186
3.8162147140875	0.97422927270679
3.8162163729505	0.9787208585866
3.8162180318135	0.98071007888196
3.8162196906765	0.97875858781567
3.8162213495395	0.97893887799668
3.8162230084025	0.98114794152086
3.8162246672655	0.98287530300374
3.8162263261285	0.98432753395986
3.8162279849915	0.98471150286072
3.8162296438546	0.98475948644851
3.8162313027176	0.98362528204297
3.8162329615806	0.98234174017815
3.8162346204436	0.98148375997957
3.8162362793066	0.9801140963206
3.8162379381696	0.97544589704148
3.8162395970326	0.97186321259366
3.8162412558956	0.97138536324961
3.8162429147586	0.97299337002409
3.8162445736216	0.97794767607612
3.8162462324846	0.98028741320562
3.8162478913476	0.98010553114126
3.8162495502106	0.97842732082571
3.8162512090736	0.97588607080847
3.8162528679366	0.97571624992961
3.8162545267996	0.97629719411661
3.8162561856626	0.97903733162394
3.8162578445256	0.98199281981444
3.8162595033886	0.97886359814155
3.8162611622517	0.97635391764039
3.8162628211147	0.97776894052839
3.8162644799777	0.97887539252738
3.8162661388407	0.97911338595312
3.8162677977037	0.9784018406593
3.8162694565667	0.97619357415641
3.8162711154297	0.97716116476903
3.8162727742927	0.98112810839933
3.8162744331557	0.97992900529072
3.8162760920187	0.97583101519837
3.8162777508817	0.97712143422171
3.8162794097447	0.98004915954693
3.8162810686077	0.97924732163677
3.8162827274707	0.97783887140229
3.8162843863337	0.96855316451504
3.8162860451967	0.95950905521111
3.8162877040597	0.951867419178
3.8162893629227	0.94542217575828
3.8162910217857	0.94214816980706
3.8162926806488	0.93870599316298
3.8162943395118	0.93501259607019
3.8162959983748	0.93704834184821
3.8162976572378	0.94420177094534
3.8162993161008	0.95040369428346
3.8163009749638	0.95610559030013
3.8163026338268	0.96279522052732
3.8163042926898	0.9697586183968
3.8163059515528	0.97371362839664
3.8163076104158	0.97730564330256
3.8163092692788	0.97919973729854
3.8163109281418	0.98065220341379
3.8163125870048	0.97988936739077
3.8163142458678	0.98050766843773
3.8163159047308	0.98443849985113
3.8163175635938	0.98699199104505
3.8163192224568	0.98766197185754
3.8163208813198	0.985811551502
3.8163225401828	0.98190473816297
3.8163241990458	0.97912367135311
3.8163258579089	0.97687458772948
3.8163275167719	0.96953128904432
3.8163291756349	0.96097483323945
3.8163308344979	0.95628720937343
3.8163324933609	0.95218001037231
3.8163341522239	0.9526252104061
3.8163358110869	0.95336297546434
3.8163374699499	0.95531551603417
3.8163391288129	0.95812154849358
3.8163407876759	0.96271486253736
3.8163424465389	0.96778522291402
3.8163441054019	0.97343293418284
3.8163457642649	0.97550201707358
3.8163474231279	0.97499840735687
3.8163490819909	0.97689626792793
3.8163507408539	0.97976897257124
3.8163523997169	0.97945668710664
3.8163540585799	0.97854182616925
3.8163557174429	0.97809249164079
3.816357376306	0.9774378169047
3.816359035169	0.97482118776201
3.816360694032	0.97147140482197
3.816362352895	0.96567569042994
3.816364011758	0.95882044348456
3.816365670621	0.95008801092021
3.816367329484	0.9446560718348
3.816368988347	0.94264437224065
3.81637064721	0.94025024402476
3.816372306073	0.93762324036564
3.816373964936	0.93386189234154
3.816375623799	0.92972664788892
3.816377282662	0.91974410489126
3.816378941525	0.90894919997126
3.816380600388	0.89554438968252
3.816382259251	0.88270781030088
3.816383918114	0.87323250194039
3.816385576977	0.86723925743732
3.81638723584	0.87039160818169
3.8163888947031	0.87616895671762
3.8163905535661	0.88577117391851
3.8163922124291	0.90176540062972
3.8163938712921	0.92324086600445
3.8163955301551	0.93936107709435
3.8163971890181	0.95284238642361
3.8163988478811	0.96156435253524
3.8164005067441	0.96910785095548
3.8164021656071	0.96871320105706
3.8164038244701	0.96780310282167
3.8164054833331	0.96763607613117
3.8164071421961	0.96601655248304
3.8164088010591	0.95848680525757
3.8164104599221	0.94537030603212
3.8164121187851	0.92088456752777
3.8164137776481	0.89384451953111
3.8164154365111	0.86382789947062
3.8164170953741	0.84516505027143
3.8164187542371	0.83425411271563
3.8164204131001	0.84421647219996
3.8164220719632	0.86202225014075
3.8164237308262	0.88839793941556
3.8164253896892	0.91617324945003
3.8164270485522	0.92675638944778
3.8164287074152	0.93655010204403
3.8164303662782	0.94174813641915
3.8164320251412	0.94594430038925
3.8164336840042	0.94726800805909
3.8164353428672	0.94746523425032
3.8164370017302	0.94591428034736
3.8164386605932	0.94691299854843
3.8164403194562	0.95021604275776
3.8164419783192	0.94945445240508
3.8164436371822	0.94658785916143
3.8164452960452	0.94110396436145
3.8164469549082	0.9349347227063
3.8164486137712	0.93341921667775
3.8164502726342	0.93233654394063
3.8164519314972	0.93222935633982
3.8164535903603	0.93361907272489
3.8164552492233	0.94121422954758
3.8164569080863	0.94828231020749
3.8164585669493	0.9542732160166
3.8164602258123	0.95808378900894
3.8164618846753	0.95936441904991
3.8164635435383	0.95976983255127
3.8164652024013	0.95958542118987
3.8164668612643	0.95769427298444
3.8164685201273	0.95517827213484
3.8164701789903	0.95494849144632
3.8164718378533	0.95507322830288
3.8164734967163	0.957023367136
3.8164751555793	0.95875360806373
3.8164768144423	0.95909465931793
3.8164784733053	0.95887372855664
3.8164801321683	0.95714743552831
3.8164817910313	0.95693148583994
3.8164834498943	0.95891475723692
3.8164851087574	0.95470180495428
3.8164867676204	0.94526456874962
3.8164884264834	0.93525761188585
3.8164900853464	0.92498024008535
3.8164917442094	0.91779276770404
3.8164934030724	0.91131208948018
3.8164950619354	0.92000360329734
3.8164967207984	0.9293127935432
3.8164983796614	0.93663350249245
3.8165000385244	0.94474463617983
3.8165016973874	0.95563017304095
3.8165033562504	0.96181128926268
3.8165050151134	0.95955493320201
3.8165066739764	0.95978178383803
3.8165083328394	0.96254863349389
3.8165099917024	0.96323888265031
3.8165116505654	0.96271401254477
3.8165133094284	0.96416520034948
3.8165149682914	0.96621487227794
3.8165166271545	0.96532374270142
3.8165182860175	0.96407902024755
3.8165199448805	0.96184762364269
3.8165216037435	0.96035850701918
3.8165232626065	0.96229109637554
3.8165249214695	0.96076120556074
3.8165265803325	0.95171838254431
3.8165282391955	0.94631565091279
3.8165298980585	0.94531219307496
3.8165315569215	0.94568695669907
3.8165332157845	0.94701858143739
3.8165348746475	0.94813295400743
3.8165365335105	0.94916608873509
3.8165381923735	0.95224170934138
3.8165398512365	0.95562615876381
3.8165415100995	0.95654882884597
3.8165431689625	0.95530798632191
3.8165448278255	0.94093391502202
3.8165464866885	0.92449937887863
3.8165481455515	0.90275444728284
3.8165498044146	0.88008775141747
3.8165514632776	0.8561366962625
3.8165531221406	0.83779047789042
3.8165547810036	0.82391584808963
3.8165564398666	0.82260931120694
3.8165580987296	0.82682405746936
3.8165597575926	0.84081694559339
3.8165614164556	0.85676374124182
3.8165630753186	0.87870284282156
3.8165647341816	0.90026019812655
3.8165663930446	0.91740061845625
3.8165680519076	0.93299533080548
3.8165697107706	0.94396002969905
3.8165713696336	0.9524216131354
3.8165730284966	0.95695979564213
3.8165746873596	0.95811790833242
3.8165763462226	0.95626462693361
3.8165780050856	0.95973546504573
3.8165796639486	0.96584815957635
3.8165813228117	0.96386745702931
3.8165829816747	0.95996315916064
3.8165846405377	0.95727417905102
3.8165862994007	0.95446375630316
3.8165879582637	0.94969061645129
3.8165896171267	0.94462105681011
3.8165912759897	0.93854573321471
3.8165929348527	0.93282570620445
3.8165945937157	0.92771635012852
3.8165962525787	0.92575875323291
3.8165979114417	0.92685256473211
3.8165995703047	0.92957106358849
3.8166012291677	0.93317003615092
3.8166028880307	0.9360897170856
3.8166045468937	0.93882786414469
3.8166062057567	0.9411670846756
3.8166078646197	0.9430020185959
3.8166095234827	0.93860194653845
3.8166111823457	0.93375667299981
3.8166128412088	0.92725278297434
3.8166145000718	0.92333960429257
3.8166161589348	0.92418048994303
3.8166178177978	0.92401118421222
3.8166194766608	0.9228070401353
3.8166211355238	0.92669936158104
3.8166227943868	0.93351619143783
3.8166244532498	0.93228742032798
3.8166261121128	0.92874826975454
3.8166277709758	0.92126721418257
3.8166294298388	0.91296673492095
3.8166310887018	0.89734713037134
3.8166327475648	0.88011129757979
3.8166344064278	0.85650148814909
3.8166360652908	0.83733542906108
3.8166377241538	0.82663150624919
3.8166393830168	0.82685698708478
3.8166410418798	0.83861861731902
3.8166427007428	0.8534686073135
3.8166443596058	0.87014139624931
3.8166460184689	0.88618237723792
3.8166476773319	0.90203604884377
3.8166493361949	0.91678833405868
3.8166509950579	0.9304765300487
3.8166526539209	0.92817350014731
3.8166543127839	0.92591126825345
3.8166559716469	0.9238127061377
3.8166576305099	0.91852013931521
3.8166592893729	0.90709729322639
3.8166609482359	0.90196144615114
3.8166626070989	0.90348402372452
3.8166642659619	0.90343516985617
3.8166659248249	0.9024591853698
3.8166675836879	0.89426354223115
3.8166692425509	0.88393987520357
3.8166709014139	0.8606364977729
3.8166725602769	0.83631207975443
3.8166742191399	0.81467364685657
3.8166758780029	0.79592254123413
3.816677536866	0.78847771904727
3.816679195729	0.78750768748562
3.816680854592	0.79870236353216
3.816682513455	0.81876415775505
3.816684172318	0.84800023718129
3.816685831181	0.87416647118883
3.816687490044	0.89857345642299
3.816689148907	0.9158348362492
3.81669080777	0.93108174794646
3.816692466633	0.93348527497044
3.816694125496	0.93478773561043
3.816695784359	0.93537633316989
3.816697443222	0.93572009278388
3.816699102085	0.93516432297638
3.816700760948	0.93544081991779
3.816702419811	0.93720420819476
3.816704078674	0.9362250663773
3.816705737537	0.93254600065903
3.8167073964	0.93071183725201
3.8167090552631	0.92987503783658
3.8167107141261	0.92454258974645
3.8167123729891	0.91804668441598
3.8167140318521	0.89390439542958
3.8167156907151	0.86922682184298
3.8167173495781	0.85090711249187
3.8167190084411	0.83297505985527
3.8167206673041	0.81633243065458
3.8167223261671	0.80834149588463
3.8167239850301	0.81464792405122
3.8167256438931	0.82593248067732
3.8167273027561	0.84175705835036
3.8167289616191	0.85681232442878
3.8167306204821	0.87148717601274
3.8167322793451	0.88605617174119
3.8167339382081	0.90060120422217
3.8167355970711	0.91209163454788
3.8167372559341	0.92266226944929
3.8167389147971	0.92666149950368
3.8167405736601	0.93082620905856
3.8167422325232	0.93547442549025
3.8167438913862	0.93816284713967
3.8167455502492	0.9379334956593
3.8167472091122	0.9392127364022
3.8167488679752	0.9417325454829
3.8167505268382	0.94100690805502
3.8167521857012	0.93886256890637
3.8167538445642	0.9389464630028
3.8167555034272	0.93944520739873
3.8167571622902	0.94324792775437
3.8167588211532	0.94625338156878
3.8167604800162	0.94407295125084
3.8167621388792	0.94232650123533
3.8167637977422	0.94166622453993
3.8167654566052	0.93763706793318
3.8167671154682	0.92920061178034
3.8167687743312	0.92663004540965
3.8167704331942	0.92828718354302
3.8167720920572	0.92691488263661
3.8167737509203	0.92441733327771
3.8167754097833	0.92196468496122
3.8167770686463	0.91956382543305
3.8167787275093	0.91889357601443
3.8167803863723	0.91720000319446
3.8167820452353	0.91065110542802
3.8167837040983	0.90594906828854
3.8167853629613	0.90512477545125
3.8167870218243	0.9082974295821
3.8167886806873	0.91595320707181
3.8167903395503	0.91995627769372
3.8167919984133	0.92172233278591
3.8167936572763	0.92467575754043
3.8167953161393	0.92798552505252
3.8167969750023	0.92631996166982
3.8167986338653	0.92401370324835
3.8168002927283	0.91897430998246
3.8168019515913	0.9136185879397
3.8168036104543	0.90712083817702
3.8168052693174	0.90090327909698
3.8168069281804	0.89517019819161
3.8168085870434	0.8892188349829
3.8168102459064	0.88306281399295
3.8168119047694	0.87730997025007
3.8168135636324	0.87175942431846
3.8168152224954	0.87193649760238
3.8168168813584	0.87340683499736
3.8168185402214	0.87765934121221
3.8168201990844	0.88267127137979
3.8168218579474	0.89271673944176
3.8168235168104	0.9028863341669
3.8168251756734	0.91339772664945
3.8168268345364	0.92077358500593
3.8168284933994	0.92376376940428
3.8168301522624	0.92956790693522
3.8168318111254	0.9375165284706
3.8168334699884	0.9367829424708
3.8168351288514	0.93264367321394
3.8168367877145	0.92791891838394
3.8168384465775	0.92322320821205
3.8168401054405	0.9242259920745
3.8168417643035	0.9254005765524
3.8168434231665	0.92740628834398
3.8168450820295	0.92978986160106
3.8168467408925	0.93296695057675
3.8168483997555	0.93806695738051
3.8168500586185	0.94530056733053
3.8168517174815	0.94401453592081
3.8168533763445	0.93762928440096
3.8168550352075	0.93260197292269
3.8168566940705	0.92796381915841
3.8168583529335	0.92568027568556
3.8168600117965	0.92339594990438
3.8168616706595	0.9190667663828
3.8168633295225	0.9158759650916
3.8168649883855	0.91642906997556
3.8168666472485	0.91818769511552
3.8168683061115	0.92186865073571
3.8168699649746	0.92461474603999
3.8168716238376	0.92655738670493
3.8168732827006	0.92851544447421
3.8168749415636	0.93048041868318
3.8168766004266	0.93431878509593
3.8168782592896	0.93850615918429
3.8168799181526	0.93709326480757
3.8168815770156	0.93600618385128
3.8168832358786	0.93692230649831
3.8168848947416	0.93775528139469
3.8168865536046	0.93839584142937
3.8168882124676	0.93765220392002
3.8168898713306	0.93525001456531
3.8168915301936	0.93471845256634
3.8168931890566	0.93539159762965
3.8168948479196	0.92878959919903
3.8168965067826	0.91991170239461
3.8168981656456	0.9120748490473
3.8168998245086	0.90396043266826
3.8169014833717	0.89080770989498
3.8169031422347	0.87534373445793
3.8169048010977	0.85182295847091
3.8169064599607	0.83346511807989
3.8169081188237	0.82364147169972
3.8169097776867	0.82052001488741
3.8169114365497	0.8233162143664
3.8169130954127	0.8308291032796
3.8169147542757	0.84050732595534
3.8169164131387	0.85295672354205
3.8169180720017	0.86593484008237
3.8169197308647	0.87909843343574
3.8169213897277	0.89085534536145
3.8169230485907	0.89457474833998
3.8169247074537	0.8986904975545
3.8169263663167	0.90371430229457
3.8169280251797	0.90706843475757
3.8169296840427	0.9084533162833
3.8169313429057	0.90729310268723
3.8169330017688	0.90453229578851
3.8169346606318	0.89551709799267
3.8169363194948	0.88462486882215
3.8169379783578	0.88212782750201
3.8169396372208	0.88042978939645
3.8169412960838	0.88003995066338
3.8169429549468	0.87920405185541
3.8169446138098	0.87692178579129
3.8169462726728	0.875318795564
3.8169479315358	0.87477164132911
3.8169495903988	0.87115312408246
3.8169512492618	0.86499516227843
3.8169529081248	0.86020233356536
3.8169545669878	0.85598500575924
3.8169562258508	0.85528809081461
3.8169578847138	0.85523830793828
3.8169595435768	0.85963904173238
3.8169612024398	0.86320112141364
3.8169628613028	0.86273784290484
3.8169645201658	0.86205803014779
3.8169661790289	0.86093666611947
3.8169678378919	0.85543960221095
3.8169694967549	0.8453100294772
3.8169711556179	0.83109022218379
3.8169728144809	0.81459578991424
3.8169744733439	0.79939868267957
3.8169761322069	0.78452663252947
3.8169777910699	0.78050591204163
3.8169794499329	0.77830443832365
3.8169811087959	0.78642616932805
3.8169827676589	0.79525577035617
3.8169844265219	0.80598493437422
3.8169860853849	0.81755649798163
3.8169877442479	0.83024917496265
3.8169894031109	0.84159852546612
3.8169910619739	0.85200158944174
3.8169927208369	0.85833275230476
3.8169943796999	0.86326691062527
3.8169960385629	0.86984539042436
3.816997697426	0.87582537915915
3.816999356289	0.86977692037183
3.817001015152	0.86613909044492
3.817002674015	0.87110700197459
3.817004332878	0.87365449640616
3.817005991741	0.87220566672503
3.817007650604	0.87030262908424
3.817009309467	0.86800594913123
3.81701096833	0.86831958749126
3.817012627193	0.86978220387759
3.817014286056	0.86659154444562
3.817015944919	0.86261056628195
3.817017603782	0.85950511405901
3.817019262645	0.85640324847322
3.817020921508	0.85331875866388
3.817022580371	0.85119952864779
3.817024239234	0.85103762936583
3.817025898097	0.85233617497087
3.81702755696	0.85515705894479
3.8170292158231	0.8550681518786
3.8170308746861	0.85340599991042
3.8170325335491	0.8518364730447
3.8170341924121	0.85028885945443
3.8170358512751	0.84860328643091
3.8170375101381	0.84689179400539
3.8170391690011	0.84503471606574
3.8170408278641	0.84325139924902
3.8170424867271	0.84165018591399
3.8170441455901	0.83757903068559
3.8170458044531	0.8304698050094
3.8170474633161	0.82611295547787
3.8170491221791	0.82352542174356
3.8170507810421	0.82113045928322
3.8170524399051	0.81879330576368
3.8170540987681	0.81050884212094
3.8170557576311	0.80182617840731
3.8170574164941	0.793662088947
3.8170590753571	0.78539394071155
3.8170607342202	0.77681564114066
3.8170623930832	0.7680130967444
3.8170640519462	0.75889072898163
3.8170657108092	0.74844294280763
3.8170673696722	0.73700856943745
3.8170690285352	0.72550625920743
3.8170706873982	0.71397939464122
3.8170723462612	0.70296077015436
3.8170740051242	0.69219673271434
3.8170756639872	0.68464487759754
3.8170773228502	0.67371037260556
3.8170789817132	0.6507137599446
3.8170806405762	0.63131951555451
3.8170822994392	0.61778210145175
3.8170839583022	0.60419691003828
3.8170856171652	0.59057146630205
3.8170872760282	0.57537048869604
3.8170889348912	0.55950955620184
3.8170905937542	0.54327144548309
3.8170922526172	0.52708839839986
3.8170939114803	0.51464609074705
3.8170955703433	0.502123761927
3.8170972292063	0.48926420470265
3.8170988880693	0.47947173922265
3.8171005469323	0.47526664566136
3.8171022057953	0.46875553004468
3.8171038646583	0.46009089597305
3.8171055235213	0.45233901469809
3.8171071823843	0.44501671269362
3.8171088412473	0.43617107642684
3.8171105001103	0.42706554389222
3.8171121589733	0.42180237307661
3.8171138178363	0.41627444850215
3.8171154766993	0.40944876614847
3.8171171355623	0.40432279890298
3.8171187944253	0.40260369371691
3.8171204532883	0.39938011896596
3.8171221121513	0.39463042241252
3.8171237710143	0.3902949361901
3.8171254298774	0.38617273608298
3.8171270887404	0.3790525344681
3.8171287476034	0.37129173785337
3.8171304064664	0.3697251770091
3.8171320653294	0.36772873523281
3.8171337241924	0.36291219566614
3.8171353830554	0.35853490456184
3.8171370419184	0.35510718967087
3.8171387007814	0.35004978021151
3.8171403596444	0.34323144751896
3.8171420185074	0.34037084941846
3.8171436773704	0.33968705993231
3.8171453362334	0.34257074179965
3.8171469950964	0.34629235091785
3.8171486539594	0.3496515707217
3.8171503128224	0.3525353685721
3.8171519716854	0.35254517824947
3.8171536305484	0.35404271875978
3.8171552894114	0.35893690487678
3.8171569482745	0.36171533004888
3.8171586071375	0.36210559358456
3.8171602660005	0.36606305971962
3.8171619248635	0.37207006364835
3.8171635837265	0.37581716450238
3.8171652425895	0.37900132461976
3.8171669014525	0.39316514207092
3.8171685603155	0.40703690408252
3.8171702191785	0.41645827661269
3.8171718780415	0.4271411122399
3.8171735369045	0.44079847906769
3.8171751957675	0.45362275777351
3.8171768546305	0.46548406037665
3.8171785134935	0.47036909720879
3.8171801723565	0.47115658024861
3.8171818312195	0.47360264581867
3.8171834900825	0.476473021665
3.8171851489455	0.48487061126719
3.8171868078085	0.49411425728523
3.8171884666715	0.50761564659198
3.8171901255346	0.52117141199457
3.8171917843976	0.53485652158252
3.8171934432606	0.54240418077496
3.8171951021236	0.54282806958882
3.8171967609866	0.54342550560678
3.8171984198496	0.54412496064278
3.8172000787126	0.54428352329636
3.8172017375756	0.54430425702039
3.8172033964386	0.53752606943594
3.8172050553016	0.5322587581557
3.8172067141646	0.53863543886877
3.8172083730276	0.5446928305985
3.8172100318906	0.55000193069348
3.8172116907536	0.55634440032789
3.8172133496166	0.56386746093761
3.8172150084796	0.57127044377094
3.8172166673426	0.57860426204025
3.8172183262056	0.58792282717264
3.8172199850686	0.59772998005062
3.8172216439317	0.60425132180852
3.8172233027947	0.61090081013558
3.8172249616577	0.61896524077324
3.8172266205207	0.62557970269625
3.8172282793837	0.62892280773755
3.8172299382467	0.63386903958541
3.8172315971097	0.64058303476623
3.8172332559727	0.64601169589056
3.8172349148357	0.6507303923644
3.8172365736987	0.65087335793657
3.8172382325617	0.64996353896632
3.8172398914247	0.65349096348505
3.8172415502877	0.65727560025309
3.8172432091507	0.66204557123524
3.8172448680137	0.66662195848525
3.8172465268767	0.67078704034321
3.8172481857397	0.67487982754161
3.8172498446027	0.67889716890845
3.8172515034657	0.68475810756155
3.8172531623288	0.69157398695449
3.8172548211918	0.6965262176098
3.8172564800548	0.70109223768181
3.8172581389178	0.70235694056921
3.8172597977808	0.70468455754089
3.8172614566438	0.7123108107997
3.8172631155068	0.71767190714937
3.8172647743698	0.71859492763328
3.8172664332328	0.719014292197
3.8172680920958	0.71894597757551
3.8172697509588	0.72255271772476
3.8172714098218	0.72790252957812
3.8172730686848	0.73483921393247
3.8172747275478	0.74202066934676
3.8172763864108	0.7472564596641
3.8172780452738	0.75237046437924
3.8172797041368	0.75696492315147
3.8172813629998	0.75944956943508
3.8172830218628	0.75819537838347
3.8172846807258	0.76285695538242
3.8172863395889	0.77272958256155
3.8172879984519	0.77119751286513
3.8172896573149	0.76484198832334
3.8172913161779	0.7629981418907
3.8172929750409	0.76168004744414
3.8172946339039	0.75773309201295
3.8172962927669	0.75308254829597
3.8172979516299	0.745890879343
3.8172996104929	0.74213428584649
3.8173012693559	0.74378505994049
3.8173029282189	0.74678065435983
3.8173045870819	0.75083185325586
3.8173062459449	0.7594548266318
3.8173079048079	0.76975040923298
3.8173095636709	0.78575497640826
3.8173112225339	0.80189462223116
3.8173128813969	0.81235091238302
3.8173145402599	0.82190108051073
3.8173161991229	0.82871354881778
3.817317857986	0.8336883077611
3.817319516849	0.83613714341862
3.817321175712	0.83733898363439
3.817322834575	0.837687591749
3.817324493438	0.83900525595421
3.817326152301	0.84061816417782
3.817327811164	0.84232938365484
3.817329470027	0.84392404071865
3.81733112889	0.84454751159381
3.817332787753	0.84467124030054
3.817334446616	0.84914689310913
3.817336105479	0.85415155413535
3.817337764342	0.85639331182782
3.817339423205	0.85827117008022
3.817341082068	0.86197929980918
3.817342740931	0.86600121897834
3.817344399794	0.87010939925867
3.817346058657	0.8742360334144
3.81734771752	0.87618885838441
3.8173493763831	0.87757779790319
3.8173510352461	0.87989599255786
3.8173526941091	0.88250056143522
3.8173543529721	0.88793101560022
3.8173560118351	0.89438078395162
3.8173576706981	0.89477174021025
3.8173593295611	0.89263399393028
3.8173609884241	0.89504061501647
3.8173626472871	0.89962234903611
3.8173643061501	0.90320819906937
3.8173659650131	0.9062510637035
3.8173676238761	0.9075251198244
3.8173692827391	0.90770650124209
3.8173709416021	0.90673535956774
3.8173726004651	0.90496089264874
3.8173742593281	0.90315458614611
3.8173759181911	0.90132331272252
3.8173775770541	0.90219640190887
3.8173792359171	0.90544996134342
3.8173808947802	0.90663351680068
3.8173825536432	0.90577422401345
3.8173842125062	0.90482686952555
3.8173858713692	0.90378214038766
3.8173875302322	0.90321589120974
3.8173891890952	0.90324251656942
3.8173908479582	0.9037373318396
3.8173925068212	0.90488276926963
3.8173941656842	0.90535478263839
3.8173958245472	0.90477536861464
3.8173974834102	0.9042942684604
3.8173991422732	0.9039860550069
3.8174008011362	0.90563335412923
3.8174024599992	0.91116775758434
3.8174041188622	0.91486732455177
3.8174057777252	0.91442541077665
3.8174074365882	0.91409376665287
3.8174090954512	0.91404641558885
3.8174107543142	0.91430181656724
3.8174124131772	0.91545555981587
3.8174140720403	0.91690144683756
3.8174157309033	0.91935505480787
3.8174173897663	0.9207099823021
3.8174190486293	0.91760151434189
3.8174207074923	0.91474838009586
3.8174223663553	0.91313758408704
3.8174240252183	0.9119976549355
3.8174256840813	0.91366727132309
3.8174273429443	0.91535169845152
3.8174290018073	0.91714819947206
3.8174306606703	0.91893200888868
3.8174323195333	0.92058750551884
3.8174339783963	0.92222313410127
3.8174356372593	0.92356538489437
3.8174372961223	0.92502425088323
3.8174389549853	0.92952001574988
3.8174406138483	0.93403811263855
3.8174422727113	0.94063513795811
3.8174439315743	0.94723216327767
3.8174455904374	0.94378572082425
3.8174472493004	0.94018023813183
3.8174489081634	0.94672653669209
3.8174505670264	0.95371424674246
3.8174522258894	0.94758140433308
3.8174538847524	0.94049647826246
3.8174555436154	0.94304655704161
3.8174572024784	0.94659049072816
3.8174588613414	0.94715518607748
3.8174605202044	0.94731661815554
3.8174621790674	0.94546585350199
3.8174638379304	0.94327427905925
3.8174654967934	0.94408077931566
3.8174671556564	0.94550275630563
3.8174688145194	0.94634137627937
3.8174704733824	0.94703807906668
3.8174721322454	0.94476682260353
3.8174737911084	0.94165391851615
3.8174754499714	0.94004914980606
3.8174771088345	0.93893654808008
3.8174787676975	0.93819039350576
3.8174804265605	0.93758048322994
3.8174820854235	0.93348308558684
3.8174837442865	0.92791993726389
3.8174854031495	0.92293399183842
3.8174870620125	0.91822050903585
3.8174887208755	0.91882148652977
3.8174903797385	0.92222525264312
3.8174920386015	0.92577111441935
3.8174936974645	0.92940036126601
3.8174953563275	0.93275801555585
3.8174970151905	0.93593894402111
3.8174986740535	0.94001118106553
3.8175003329165	0.94472474967309
3.8175019917795	0.94649898339079
3.8175036506425	0.94593920663858
3.8175053095055	0.94548087258174
3.8175069683685	0.94511128654173
3.8175086272315	0.94418935397749
3.8175102860946	0.94273564627773
3.8175119449576	0.94347030002768
3.8175136038206	0.9465222030157
3.8175152626836	0.94860240421308
3.8175169215466	0.94955124573588
3.8175185804096	0.95171331844261
3.8175202392726	0.95542880109671
3.8175218981356	0.95111322507801
3.8175235569986	0.93548125679948
3.8175252158616	0.9217945947013
3.8175268747246	0.91112758919814
3.8175285335876	0.90361161842587
3.8175301924506	0.90149205607419
3.8175318513136	0.89943394660965
3.8175335101766	0.89749220283781
3.8175351690396	0.89408748671755
3.8175368279026	0.88761177350867
3.8175384867656	0.87405472308299
3.8175401456286	0.84396514125283
3.8175418044917	0.81492519862731
3.8175434633547	0.78862237175895
3.8175451222177	0.7648944389042
3.8175467810807	0.74870395923907
3.8175484399437	0.73845268930113
3.8175500988067	0.74783958212437
3.8175517576697	0.76085181885857
3.8175534165327	0.78750902246684
3.8175550753957	0.81571414469644
3.8175567342587	0.85061701531465
3.8175583931217	0.88174045389782
3.8175600519847	0.89382449901745
3.8175617108477	0.90621674508926
3.8175633697107	0.9204454602652
3.8175650285737	0.93340474041393
3.8175666874367	0.93721788343491
3.8175683462997	0.94084648958339
3.8175700051627	0.9428177039195
3.8175716640257	0.94461257825198
3.8175733228888	0.9443400031662
3.8175749817518	0.94383114763482
3.8175766406148	0.93942265581805
3.8175782994778	0.93519802138766
3.8175799583408	0.93592482056838
3.8175816172038	0.93660757766172
3.8175832760668	0.93432020459193
3.8175849349298	0.93203283152214
3.8175865937928	0.91440573139755
3.8175882526558	0.89667851803118
3.8175899115188	0.89334344063958
3.8175915703818	0.89041449731177
3.8175932292448	0.88873765928271
3.8175948881078	0.88712438106174
3.8175965469708	0.88693237129434
3.8175982058338	0.88684576314409
3.8175998646968	0.88669246491298
3.8176015235598	0.8865326003217
3.8176031824228	0.89110599198974
3.8176048412859	0.8962649617026
3.8176065001489	0.89896009684305
3.8176081590119	0.90128557518938
3.8176098178749	0.89834528522049
3.8176114767379	0.89447071380998
3.8176131356009	0.89472072777478
3.8176147944639	0.89582023320251
3.8176164533269	0.89550637722676
3.8176181121899	0.89485930396086
3.8176197710529	0.89745752287723
3.8176214299159	0.90092178087275
3.8176230887789	0.90247144834743
3.8176247476419	0.90344788232848
3.8176264065049	0.90222618416686
3.8176280653679	0.90027173856622
3.8176297242309	0.89530133985908
3.8176313830939	0.88921823470947
3.8176330419569	0.88622839980481
3.8176347008199	0.88449509856554
3.8176363596829	0.87823836459814
3.817638018546	0.86996699291827
3.817639677409	0.86641500815786
3.817641336272	0.86515893953057
3.817642995135	0.86705441992415
3.817644653998	0.87061922765883
3.817646312861	0.86851348402325
3.817647971724	0.86314585285636
3.817649630587	0.86349383608803
3.81765128945	0.86740390880771
3.817652948313	0.87160241839535
3.817654607176	0.87599528993666
3.817656266039	0.88075168935718
3.817657924902	0.88577249242738
3.817659583765	0.89461806024428
3.817661242628	0.906462379395
3.817662901491	0.91002333125745
3.817664560354	0.90659200807397
3.817666219217	0.90482187741058
3.81766787808	0.90456023699085
3.8176695369431	0.90302737955467
3.8176711958061	0.90025370635323
3.8176728546691	0.89901592803754
3.8176745135321	0.89938861731202
3.8176761723951	0.89963472447581
3.8176778312581	0.89973830922926
3.8176794901211	0.90585819202452
3.8176811489841	0.91925125899594
3.8176828078471	0.93128919073868
3.8176844667101	0.94156825602682
3.8176861255731	0.94697292758073
3.8176877844361	0.94558444222247
3.8176894432991	0.9458947342289
3.8176911021621	0.94874823541085
3.8176927610251	0.94836085663642
3.8176944198881	0.94275907265465
3.8176960787511	0.93584258073229
3.8176977376141	0.926651251874
3.8176993964771	0.91422758273664
3.8177010553402	0.89578406134852
3.8177027142032	0.8799574585094
3.8177043730662	0.86938309953823
3.8177060319292	0.8636933457201
3.8177076907922	0.86858232705455
3.8177093496552	0.87776172975535
3.8177110085182	0.89698520827069
3.8177126673812	0.91515884200593
3.8177143262442	0.93067087678259
3.8177159851072	0.94282355442292
3.8177176439702	0.94573303072177
3.8177193028332	0.94750799899439
3.8177209616962	0.94588653170624
3.8177226205592	0.94284201575705
3.8177242794222	0.9351473430015
3.8177259382852	0.93186631870963
3.8177275971482	0.94438290538349
3.8177292560112	0.95430792329363
3.8177309148742	0.95403109775451
3.8177325737372	0.95391956770766
3.8177342326003	0.95452733473534
3.8177358914633	0.95420543896401
3.8177375503263	0.94938564761314
3.8177392091893	0.94471150965286
3.8177408680523	0.94082631832178
3.8177425269153	0.93739217858189
3.8177441857783	0.93671729752833
3.8177458446413	0.93639873740862
3.8177475035043	0.93856689519246
3.8177491623673	0.94109554844964
3.8177508212303	0.94653332068745
3.8177524800933	0.9513048014036
3.8177541389563	0.94974934643811
3.8177557978193	0.94874177858353
3.8177574566823	0.95399811930506
3.8177591155453	0.95914366104642
3.8177607744083	0.96271414191003
3.8177624332713	0.96582763396164
3.8177640921343	0.96046346896684
3.8177657509974	0.95514634736165
3.8177674098604	0.95106511881628
3.8177690687234	0.9469156442677
3.8177707275864	0.93977735980531
3.8177723864494	0.93240725657982
3.8177740453124	0.89670102958518
3.8177757041754	0.86099480259053
3.8177773630384	0.8363073342315
3.8177790219014	0.81168592938765
3.8177806807644	0.78998677058464
3.8177823396274	0.76834706425541
3.8177839984904	0.7562977673281
3.8177856573534	0.74458379612321
3.8177873162164	0.75955036746666
3.8177889750794	0.77584842483121
3.8177906339424	0.80056113616958
3.8177922928054	0.82582188822041
3.8177939516684	0.85876813931151
3.8177956105314	0.89233418197215
3.8177972693945	0.90952023996346
3.8177989282575	0.92512635612872
3.8178005871205	0.93608707496678
3.8178022459835	0.94652463493326
3.8178039048465	0.95545017080511
3.8178055637095	0.96418051426116
3.8178072225725	0.96447213964354
3.8178088814355	0.96353267302485
3.8178105402985	0.95744585727142
3.8178121991615	0.95052000660156
3.8178138580245	0.94466914215356
3.8178155168875	0.93901232027635
3.8178171757505	0.93491184977588
3.8178188346135	0.931120084467
3.8178204934765	0.94438693503426
3.8178221523395	0.96134874417791
3.8178238112025	0.96116894060644
3.8178254700655	0.95695822949985
3.8178271289285	0.95707428929657
3.8178287877915	0.95828990197434
3.8178304466546	0.95892526780901
3.8178321055176	0.9594019128689
3.8178337643806	0.95723282694558
3.8178354232436	0.95428782643924
3.8178370821066	0.95374092197034
3.8178387409696	0.95394571886294
3.8178403998326	0.95221918860164
3.8178420586956	0.9498475085827
3.8178437175586	0.94673790654899
3.8178453764216	0.94336625883447
3.8178470352846	0.94224788458971
3.8178486941476	0.94197792660947
3.8178503530106	0.94153339083146
3.8178520118736	0.94101928253775
3.8178536707366	0.94387973394565
3.8178553295996	0.94816044498594
3.8178569884626	0.95015558293288
3.8178586473256	0.95113667739733
3.8178603061886	0.94658568342252
3.8178619650517	0.93945115332986
3.8178636239147	0.93703628583383
3.8178652827777	0.9369383124204
3.8178669416407	0.9247570210267
3.8178686005037	0.9063505767317
3.8178702593667	0.88262859273872
3.8178719182297	0.85603596458328
3.8178735770927	0.82435175173383
3.8178752359557	0.78978871505725
3.8178768948187	0.76614050031861
3.8178785536817	0.74894596294747
3.8178802125447	0.7367181807414
3.8178818714077	0.72755868681963
3.8178835302707	0.72623384474878
3.8178851891337	0.72996067364113
3.8178868479967	0.74267165581389
3.8178885068597	0.76142310393624
3.8178901657227	0.78442482830578
3.8178918245857	0.81040417814494
3.8178934834488	0.84147623170088
3.8178951423118	0.87626211031448
3.8178968011748	0.90396861715557
3.8178984600378	0.92630380033503
3.8179001189008	0.93890503671763
3.8179017777638	0.94382933082891
3.8179034366268	0.94783470407447
3.8179050954898	0.9510871608578
3.8179067543528	0.95106102050285
3.8179084132158	0.94824646063099
3.8179100720788	0.94376520490675
3.8179117309418	0.93781305046162
3.8179133898048	0.93036536777656
3.8179150486678	0.92154921164154
3.8179167075308	0.91527936961848
3.8179183663938	0.91142431362783
3.8179200252568	0.89889379834136
3.8179216841198	0.87784140970174
3.8179233429828	0.85109349069201
3.8179250018459	0.81855377106869
3.8179266607089	0.78625049470868
3.8179283195719	0.7541960366722
3.8179299784349	0.73442959885297
3.8179316372979	0.72803809461851
3.8179332961609	0.73095870609867
3.8179349550239	0.74435779730091
3.8179366138869	0.76446491913904
3.8179382727499	0.79237299048386
3.8179399316129	0.82127924627553
3.8179415904759	0.85138443623482
3.8179432493389	0.87341589994223
3.8179449082019	0.88543434063255
3.8179465670649	0.89683592087994
3.8179482259279	0.90744779578933
3.8179498847909	0.914665368944
3.8179515436539	0.91740002985767
3.8179532025169	0.91753537783895
3.8179548613799	0.91413002308126
3.8179565202429	0.91377868511813
3.817958179106	0.91771625066258
3.817959837969	0.92319384230615
3.817961496832	0.93090061012424
3.817963155695	0.93844059730289
3.817964814558	0.94573185182495
3.817966473421	0.9487681155996
3.817968132284	0.94526873604279
3.817969791147	0.94285242457123
3.81797145001	0.94214881416535
3.817973108873	0.9395769773056
3.817974767736	0.93396477083118
3.817976426599	0.9309815139104
3.817978085462	0.93240035828255
3.817979744325	0.93191227127724
3.817981403188	0.92813997007755
3.817983062051	0.92473412911062
3.817984720914	0.92197730339165
3.817986379777	0.91806470526846
3.81798803864	0.91204834981786
3.8179896975031	0.90803682725248
3.8179913563661	0.90777512582959
3.8179930152291	0.91047154547963
3.8179946740921	0.91885220371515
3.8179963329551	0.92306998427054
3.8179979918181	0.91907413889433
3.8179996506811	0.91603300047074
3.8180013095441	0.91492565561648
3.8180029684071	0.9114999895267
3.8180046272701	0.90325542503651
3.8180062861331	0.89861232907011
3.8180079449961	0.90164852687474
3.8180096038591	0.90195426431509
3.8180112627221	0.89628887398709
3.8180129215851	0.89369360852253
3.8180145804481	0.89798146172073
3.8180162393111	0.90220209841241
3.8180178981741	0.90626830183307
3.8180195570371	0.90981550911386
3.8180212159002	0.91214123027866
3.8180228747632	0.91590002525509
3.8180245336262	0.92311308865864
3.8180261924892	0.92722549030038
3.8180278513522	0.92368680613342
3.8180295102152	0.91995134115779
3.8180311690782	0.91571900187663
3.8180328279412	0.91268749494007
3.8180344868042	0.91275733883085
3.8180361456672	0.9151659890548
3.8180378045302	0.92375137819989
3.8180394633932	0.9332492156825
3.8180411222562	0.94521009357242
3.8180427811192	0.95182081584745
3.8180444399822	0.94367703406354
3.8180460988452	0.93729568384242
3.8180477577082	0.93587849767216
3.8180494165712	0.93570406755278
3.8180510754342	0.93910304786701
3.8180527342972	0.94073204783856
3.8180543931603	0.9371681437562
3.8180560520233	0.93661704679856
3.8180577108863	0.94508028516032
3.8180593697493	0.95267832106789
3.8180610286123	0.95763721285321
3.8180626874753	0.96123905865047
3.8180643463383	0.96062308642838
3.8180660052013	0.96200549451701
3.8180676640643	0.9697131531839
3.8180693229273	0.97542494547476
3.8180709817903	0.97470706086101
3.8180726406533	0.97440081599547
3.8180742995163	0.97544376580968
3.8180759583793	0.97641505388927
3.8180776172423	0.97714751453957
3.8180792761053	0.97752621112915
3.8180809349683	0.97670683492167
3.8180825938313	0.97422552658428
3.8180842526943	0.96602705555927
3.8180859115574	0.96081359070942
3.8180875704204	0.96602164937356
3.8180892292834	0.97192800203318
3.8180908881464	0.98030753588862
3.8180925470094	0.98503089703237
3.8180942058724	0.97662366253625
3.8180958647354	0.96864115856781
3.8180975235984	0.96220394745444
3.8180991824614	0.95690447595473
3.8181008413244	0.9557965697659
3.8181025001874	0.95523934376078
3.8181041590504	0.95673496789796
3.8181058179134	0.95902289902416
3.8181074767764	0.96429729724996
3.8181091356394	0.96803818291192
3.8181107945024	0.96593737432347
3.8181124533654	0.9647543863683
3.8181141122284	0.96710215424194
3.8181157710914	0.96867647650338
3.8181174299545	0.96724843390479
3.8181190888175	0.9672366790703
3.8181207476805	0.97276823300886
3.8181224065435	0.97570201975667
3.8181240654065	0.96838958282761
3.8181257242695	0.96267576473692
3.8181273831325	0.9633109545763
3.8181290419955	0.96574010036381
3.8181307008585	0.97533756026724
3.8181323597215	0.981737726057
3.8181340185845	0.97529463263754
3.8181356774475	0.97007372759534
3.8181373363105	0.96978531589976
3.8181389951735	0.96980565404407
3.8181406540365	0.97107685043424
3.8181423128995	0.97264206301824
3.8181439717625	0.97540203475987
3.8181456306255	0.97742258993205
3.8181472894885	0.97643119320413
3.8181489483516	0.97556165984712
3.8181506072146	0.97518918097901
3.8181522660776	0.97308550731468
3.8181539249406	0.9639155925839
3.8181555838036	0.9574141626958
3.8181572426666	0.96180600494401
3.8181589015296	0.96545983320338
3.8181605603926	0.96610391394514
3.8181622192556	0.96555744648053
3.8181638781186	0.9601634071197
3.8181655369816	0.95673876363118
3.8181671958446	0.96131345310785
3.8181688547076	0.96475522618752
3.8181705135706	0.96361035142798
3.8181721724336	0.96213803144314
3.8181738312966	0.95934548489963
3.8181754901596	0.95644593141176
3.8181771490226	0.95311695972414
3.8181788078856	0.95033993143362
3.8181804667486	0.94976563888626
3.8181821256117	0.94966425378185
3.8181837844747	0.95143824158718
3.8181854433377	0.95565418514123
3.8181871022007	0.96948731902317
3.8181887610637	0.98099989327833
3.8181904199267	0.98344358299389
3.8181920787897	0.98167967821159
3.8181937376527	0.96361146850059
3.8181953965157	0.94931060789949
3.8181970553787	0.94947324224979
3.8181987142417	0.95159414285935
3.8182003731047	0.9611579969311
3.8182020319677	0.9682072581073
3.8182036908307	0.96579949284604
3.8182053496937	0.96459103615564
3.8182070085567	0.96784231384539
3.8182086674197	0.97035388095526
3.8182103262827	0.97014766328498
3.8182119851457	0.96904921337375
3.8182136440088	0.96471334487649
3.8182153028718	0.9607815317635
3.8182169617348	0.95829657429831
3.8182186205978	0.95690731532642
3.8182202794608	0.95938743395212
3.8182219383238	0.96129466832017
3.8182235971868	0.96120805530246
3.8182252560498	0.96082171785911
3.8182269149128	0.95940774954138
3.8182285737758	0.95975495689022
3.8182302326388	0.96604551187594
3.8182318915018	0.97754139039238
3.8182335503648	1.0063201804658
3.8182352092278	1.0289122616064
3.8182368680908	1.0313020232132
3.8182385269538	1.0245843345625
3.8182401858168	0.98864155504901
3.8182418446798	0.96220416785805
3.8182435035428	0.96573012229895
3.8182451624059	0.96829518664989
3.8182468212689	0.96788646892614
3.8182484801319	0.96779789083235
3.8182501389949	0.96868150194538
3.8182517978579	0.9688978713461
3.8182534567209	0.96712705864319
3.8182551155839	0.96529001339627
3.8182567744469	0.9632595783884
3.8182584333099	0.96121885737773
3.8182600921729	0.9591487061062
3.8182617510359	0.95699169296654
3.8182634098989	0.95459126563013
3.8182650687619	0.95135512742926
3.8182667276249	0.94582590561757
3.8182683864879	0.93824283677065
3.8182700453509	0.92514442663084
3.8182717042139	0.91451201106613
3.8182733630769	0.91035622435388
3.8182750219399	0.9035940611325
3.8182766808029	0.89013731703838
3.818278339666	0.88426066012633
3.818279998529	0.89741282026776
3.818281657392	0.90956263070656
3.818283316255	0.91925374290588
3.818284975118	0.92944205188309
3.818286633981	0.94082154333853
3.818288292844	0.95440743367656
3.818289951707	0.97315413196803
3.81829161057	0.98385436914143
3.818293269433	0.97618729359615
3.818294928296	0.97155919453732
3.818296587159	0.97369944255996
3.818298246022	0.97388507193988
3.818299904885	0.96982489447419
3.818301563748	0.96635148408592
3.818303222611	0.96412069276815
3.818304881474	0.96332911227431
3.818306540337	0.96550786003908
3.8183081992	0.96274197505244
3.8183098580631	0.95003267504123
3.8183115169261	0.94152306061531
3.8183131757891	0.94123920845611
3.8183148346521	0.93581904791518
3.8183164935151	0.92060384659367
3.8183181523781	0.91182869154929
3.8183198112411	0.91500659630617
3.8183214701041	0.92000022807212
3.8183231289671	0.92827323400596
3.8183247878301	0.92864357284305
3.8183264466931	0.91513264510414
3.8183281055561	0.90320481081163
3.8183297644191	0.89398088437612
3.8183314232821	0.88135323679466
3.8183330821451	0.86307384667593
3.8183347410081	0.84345562337448
3.8183363998711	0.82167735527312
3.8183380587341	0.8067457722213
3.8183397175971	0.80254506805743
3.8183413764602	0.80657530148309
3.8183430353232	0.8231328731943
3.8183446941862	0.84180606194495
3.8183463530492	0.86360486498809
3.8183480119122	0.88736873964083
3.8183496707752	0.91395014809414
3.8183513296382	0.93325406596468
3.8183529885012	0.9424369974781
3.8183546473642	0.94666689721478
3.8183563062272	0.94421704672928
3.8183579650902	0.94548396190901
3.8183596239532	0.9516096321976
3.8183612828162	0.95303111935382
3.8183629416792	0.94849318888221
3.8183646005422	0.9481728559756
3.8183662594052	0.95302726681299
3.8183679182682	0.95331269498439
3.8183695771312	0.94817028678599
3.8183712359942	0.94664988986318
3.8183728948572	0.94929381741751
3.8183745537203	0.95067435199012
3.8183762125833	0.95064974913971
3.8183778714463	0.95191535176665
3.8183795303093	0.95456862196196
3.8183811891723	0.95715254844129
3.8183828480353	0.95966438676324
3.8183845068983	0.95995608232983
3.8183861657613	0.95801808979616
3.8183878246243	0.95653262094438
3.8183894834873	0.95548596399032
3.8183911423503	0.95174139609588
3.8183928012133	0.94547220539993
3.8183944600763	0.94054072786041
3.8183961189393	0.93681673179226
3.8183977778023	0.93207648826825
3.8183994366653	0.92645194008567
3.8184010955283	0.9236801338959
3.8184027543913	0.92329984716212
3.8184044132543	0.93085380543087
3.8184060721174	0.94481154501625
3.8184077309804	0.94350808663131
3.8184093898434	0.93035226836691
3.8184110487064	0.92879994280788
3.8184127075694	0.93591265404165
3.8184143664324	0.9395019114389
3.8184160252954	0.9405631618577
3.8184176841584	0.94254359835757
3.8184193430214	0.94515715233561
3.8184210018844	0.94945846732802
3.8184226607474	0.95487499316606
3.8184243196104	0.95745782296149
3.8184259784734	0.95824636752972
3.8184276373364	0.95540971036269
3.8184292961994	0.95037514902462
3.8184309550624	0.94157462384829
3.8184326139254	0.9305898043278
3.8184342727884	0.92352565267946
3.8184359316514	0.91863417447208
3.8184375905145	0.91640737669341
3.8184392493775	0.91558998063799
3.8184409082405	0.91094164476873
3.8184425671035	0.90436181542204
3.8184442259665	0.9048381034099
3.8184458848295	0.90870089720799
3.8184475436925	0.91303312066894
3.8184492025555	0.91757948823651
3.8184508614185	0.92037527345136
3.8184525202815	0.92241324122888
3.8184541791445	0.92267578682683
3.8184558380075	0.92221013528185
3.8184574968705	0.92964774382667
3.8184591557335	0.94015075662279
3.8184608145965	0.94465303857387
3.8184624734595	0.94695893302534
3.8184641323225	0.95397153479578
3.8184657911855	0.96260644510354
3.8184674500485	0.96406973729987
3.8184691089116	0.96321163745423
3.8184707677746	0.95942070559968
3.8184724266376	0.95474057623961
3.8184740855006	0.95177945659211
3.8184757443636	0.94930496689248
3.8184774032266	0.94991468186065
3.8184790620896	0.9513369211928
3.8184807209526	0.952863143576
3.8184823798156	0.95441475125307
3.8184840386786	0.95857694650802
