6545.064399 0.984965
6545.111629 0.986926
6545.158856 0.980348
6545.206081 0.978963
6545.253302 0.967058
6545.300521 0.965263
6545.347736 0.962449
6545.394948 0.963247
6545.442158 0.964048
6545.489364 0.970063
6545.536568 0.967323
6545.583768 0.968424
6545.630965 0.972076
6545.67816 0.977428
6545.725351 0.97577
6545.772539 0.969652
6545.819725 0.964246
6545.866907 0.966761
6545.914086 0.971891
6545.961263 0.976024
6546.008436 0.978294
6546.055606 0.973554
6546.102774 0.964469
6546.149938 0.956453
6546.197099 0.956494
6546.244257 0.968294
6546.291413 0.976822
6546.338565 0.983725
6546.385714 0.987272
6546.432861 0.985807
6546.480004 0.981579
6546.527144 0.964424
6546.574281 0.937696
6546.621415 0.886558
6546.668547 0.810814
6546.715675 0.736883
6546.7628 0.688844
6546.809922 0.697664
6546.857041 0.757021
6546.904157 0.834813
6546.951271 0.90045
6546.998381 0.939925
6547.045488 0.958106
6547.092592 0.967382
6547.139693 0.965805
6547.186791 0.969511
6547.233886 0.963847
6547.280978 0.9555
6547.328067 0.946772
6547.375153 0.941656
6547.422236 0.929718
6547.469316 0.923662
6547.516393 0.917454
6547.563467 0.921813
6547.610538 0.92138
6547.657606 0.912116
6547.70467 0.894326
6547.751732 0.880287
6547.798791 0.878469
6547.845847 0.88637
6547.8929 0.895421
6547.939949 0.908551
6547.986996 0.911876
6548.03404 0.902906
6548.081081 0.897171
6548.128118 0.898552
6548.175153 0.907847
6548.222185 0.917
6548.269213 0.920947
6548.316239 0.928854
6548.363261 0.937846
6548.410281 0.947082
6548.457298 0.956852
6548.504311 0.955974
6548.551322 0.945771
6548.598329 0.914479
6548.645333 0.87939
6548.692335 0.878666
6548.739333 0.907375
6548.786329 0.935853
6548.833321 0.952674
6548.88031 0.964571
6548.927297 0.970663
6548.97428 0.979185
6549.02126 0.985605
6549.068237 0.983421
6549.115211 0.988755
6549.162183 0.988459
6549.209151 0.986506
6549.256116 0.986566
6549.303078 0.98676
6549.350037 0.98481
6549.396993 0.977629
6549.443946 0.970304
6549.490896 0.967816
6549.537843 0.968913
6549.584787 0.976141
6549.631727 0.981162
6549.678665 0.984568
6549.7256 0.991876
6549.772532 0.988324
6549.819461 0.986157
6549.866386 0.985036
6549.913309 0.983477
6549.960229 0.982188
6550.007145 0.983507
6550.054059 0.979491
6550.100969 0.978022
6550.147877 0.984425
6550.194781 0.981484
6550.241683 0.985394
6550.288581 0.986469
6550.335476 0.988237
6550.382369 0.985049
6550.429258 0.987728
6550.476144 0.982298
6550.523027 0.986268
6550.569908 0.983884
6550.616785 0.983716
6550.663659 0.973018
6550.71053 0.959776
6550.757398 0.946933
6550.804263 0.942936
6550.851125 0.945192
6550.897984 0.95661
6550.944839 0.971498
6550.991692 0.984534
6551.038542 0.979884
6551.085389 0.987647
6551.132232 0.984325
6551.179073 0.985321
6551.225911 0.986582
6551.272745 0.97745
6551.319577 0.968826
6551.366405 0.963438
6551.413231 0.956042
6551.460053 0.958189
6551.506873 0.968077
6551.553689 0.974832
6551.600502 0.989187
6551.647312 0.990305
6551.694119 0.983873
6551.740924 0.98213
6551.787725 0.981138
6551.834523 0.971817
6551.881318 0.962111
6551.92811 0.954007
6551.974899 0.947241
6552.021684 0.94118
6552.068467 0.929597
6552.115247 0.901689
6552.162024 0.884041
6552.208797 0.87769
6552.255568 0.888489
6552.302336 0.92096
6552.3491 0.950486
6552.395862 0.970425
6552.44262 0.97793
6552.489375 0.972984
6552.536128 0.974067
6552.582877 0.950464
6552.629623 0.917574
6552.676366 0.905304
6552.723106 0.919392
6552.769844 0.949977
6552.816578 0.960412
6552.863308 0.961259
6552.910036 0.95761
6552.956761 0.956446
6553.003483 0.959964
6553.050202 0.957032
6553.096917 0.953014
6553.14363 0.942232
6553.19034 0.943086
6553.237046 0.948993
6553.28375 0.960224
6553.33045 0.966868
6553.377148 0.96456
6553.423842 0.967186
6553.470533 0.962398
6553.517221 0.959807
6553.563906 0.9675
6553.610588 0.963957
6553.657268 0.960525
6553.703943 0.953673
6553.750616 0.946334
6553.797286 0.94031
6553.843953 0.945008
6553.890617 0.960228
6553.937277 0.968225
6553.983935 0.969388
6554.03059 0.967336
6554.077241 0.963658
6554.12389 0.970979
6554.170535 0.976534
6554.217177 0.973647
6554.263816 0.96705
6554.310453 0.959914
6554.357086 0.953121
6554.403716 0.951865
6554.450343 0.958372
6554.496967 0.963716
6554.543588 0.963857
6554.590205 0.951492
6554.63682 0.918326
6554.683432 0.868486
6554.730041 0.832321
6554.776646 0.830209
6554.823249 0.852526
6554.869848 0.897385
6554.916444 0.930349
6554.963038 0.946323
6555.009628 0.957601
6555.056215 0.965602
6555.102799 0.966463
6555.14938 0.963436
6555.195958 0.955594
6555.242533 0.951545
6555.289105 0.941042
6555.335674 0.936028
6555.382239 0.934089
6555.428802 0.937617
6555.475361 0.945653
6555.521918 0.946757
6555.568471 0.937667
6555.615022 0.934707
6555.661569 0.929347
6555.708113 0.926412
6555.754654 0.935206
6555.801192 0.936451
6555.847727 0.929774
6555.894259 0.903347
6555.940788 0.867763
6555.987314 0.841718
6556.033837 0.841371
6556.080356 0.862376
6556.126873 0.900797
6556.173386 0.921249
6556.219897 0.932641
6556.266404 0.927805
6556.312908 0.921587
6556.359409 0.91439
6556.405908 0.907896
6556.452403 0.895545
6556.498895 0.86034
6556.545383 0.815789
6556.591869 0.786011
6556.638352 0.800529
6556.684832 0.845349
6556.731308 0.892826
6556.777782 0.924078
6556.824252 0.939446
6556.870719 0.942347
6556.917184 0.942779
6556.963645 0.943852
6557.010103 0.942068
6557.056558 0.93915
6557.10301 0.931116
6557.149459 0.912197
6557.195905 0.879674
6557.242347 0.852066
6557.288787 0.843467
6557.335223 0.850495
6557.381657 0.869622
6557.428087 0.894541
6557.474515 0.921837
6557.520939 0.932854
6557.56736 0.940003
6557.613778 0.942238
6557.660193 0.946371
6557.706605 0.948252
6557.753014 0.951588
6557.799419 0.948233
6557.845822 0.950072
6557.892222 0.946706
6557.938618 0.942082
6557.985011 0.937061
6558.031402 0.935714
6558.077789 0.933614
6558.124173 0.927292
6558.170554 0.929691
6558.216932 0.934182
6558.263307 0.93261
6558.309679 0.939122
6558.356047 0.939107
6558.402413 0.934997
6558.448776 0.928975
6558.495135 0.919696
6558.541491 0.907786
6558.587845 0.89116
6558.634195 0.875711
6558.680542 0.877413
6558.726886 0.885674
6558.773227 0.899034
6558.819565 0.916628
6558.865899 0.931497
6558.912231 0.936195
6558.958559 0.935563
6559.004885 0.931577
6559.051207 0.92672
6559.097527 0.931777
6559.143843 0.938021
6559.190156 0.940572
6559.236466 0.943556
6559.282773 0.939915
6559.329076 0.932824
6559.375377 0.923773
6559.421675 0.923714
6559.467969 0.92625
6559.514261 0.928816
6559.560549 0.938925
6559.606834 0.936338
6559.653116 0.935569
6559.699395 0.940857
6559.745671 0.944093
6559.791944 0.941184
6559.838214 0.939363
6559.884481 0.933186
6559.930744 0.91491
6559.977005 0.891942
6560.023262 0.859451
6560.069516 0.831726
6560.115768 0.81963
6560.162016 0.837125
6560.208261 0.86448
6560.254502 0.883064
6560.300741 0.893919
6560.346977 0.901922
6560.393209 0.908538
6560.439439 0.90741
6560.485665 0.907885
6560.531889 0.900711
6560.578109 0.89224
6560.624326 0.889404
6560.67054 0.884109
6560.716751 0.869434
6560.762959 0.857893
6560.809163 0.856431
6560.855365 0.863948
6560.901563 0.86973
6560.947759 0.867816
6560.993951 0.850084
6561.04014 0.825713
6561.086326 0.801191
6561.132509 0.788157
6561.178689 0.795903
6561.224866 0.817724
6561.271039 0.834927
6561.31721 0.852929
6561.363377 0.863256
6561.409541 0.870027
6561.455703 0.871974
6561.501861 0.869767
6561.548016 0.868488
6561.594168 0.867923
6561.640316 0.872527
6561.686462 0.866971
6561.732605 0.864955
6561.778744 0.863493
6561.82488 0.861744
6561.871014 0.858137
6561.917144 0.857966
6561.963271 0.857076
6562.009395 0.853655
6562.055516 0.850103
6562.101633 0.847179
6562.147748 0.834716
6562.193859 0.828482
6562.239968 0.825101
6562.286073 0.81067
6562.332175 0.792159
6562.378274 0.780985
6562.42437 0.762063
6562.470463 0.750867
6562.516553 0.7302
6562.562639 0.708709
6562.608723 0.684323
6562.654803 0.657908
6562.70088 0.625856
6562.746954 0.594866
6562.793025 0.563875
6562.839093 0.539779
6562.885158 0.513706
6562.93122 0.490059
6562.977278 0.473989
6563.023334 0.460569
6563.069386 0.44881
6563.115435 0.434354
6563.161481 0.422566
6563.207524 0.413064
6563.253564 0.401178
6563.299601 0.394204
6563.345634 0.385118
6563.391665 0.380982
6563.437692 0.370654
6563.483717 0.363077
6563.529738 0.355172
6563.575756 0.350429
6563.621771 0.349097
6563.667783 0.349576
6563.713791 0.353253
6563.759797 0.354894
6563.805799 0.359439
6563.851798 0.364721
6563.897795 0.372039
6563.943788 0.385186
6563.989778 0.403327
6564.035765 0.425857
6564.081748 0.44954
6564.127729 0.473609
6564.173706 0.488626
6564.219681 0.497487
6564.265652 0.510535
6564.31162 0.531403
6564.357585 0.548824
6564.403547 0.556413
6564.449505 0.555902
6564.495461 0.548204
6564.541414 0.544489
6564.587363 0.549562
6564.633309 0.558737
6564.679252 0.571584
6564.725192 0.589465
6564.771129 0.604194
6564.817063 0.619766
6564.862993 0.631169
6564.908921 0.642657
6564.954845 0.653734
6565.000766 0.659615
6565.046684 0.666122
6565.092599 0.672657
6565.138511 0.679054
6565.18442 0.684487
6565.230326 0.690444
6565.276228 0.701659
6565.322127 0.712209
6565.368023 0.721582
6565.413917 0.730094
6565.459806 0.733215
6565.505693 0.740182
6565.551577 0.744035
6565.597457 0.755955
6565.643335 0.765855
6565.689209 0.775316
6565.73508 0.77959
6565.780948 0.78551
6565.826813 0.782782
6565.872675 0.774145
6565.918534 0.770344
6565.964389 0.762563
6566.010241 0.756053
6566.056091 0.763759
6566.101937 0.779754
6566.14778 0.800863
6566.193619 0.82705
6566.239456 0.84285
6566.28529 0.854526
6566.33112 0.855841
6566.376947 0.853116
6566.422771 0.850035
6566.468592 0.849574
6566.481263 0.855805
6566.532154 0.867549
6566.583044 0.871399
6566.633931 0.877326
6566.684815 0.886455
6566.735696 0.894565
6566.786575 0.900968
6566.837452 0.904257
6566.888326 0.903894
6566.939197 0.906393
6566.990066 0.91209
6567.040932 0.911522
6567.091795 0.911592
6567.142656 0.913406
6567.193515 0.910357
6567.24437 0.912189
6567.295224 0.913887
6567.346074 0.913401
6567.396922 0.912553
6567.447768 0.915331
6567.498611 0.9215
6567.549451 0.924618
6567.600289 0.91782
6567.651124 0.921333
6567.701956 0.916833
6567.752786 0.926782
6567.803613 0.929961
6567.854438 0.925329
6567.90526 0.919565
6567.95608 0.92199
6568.006897 0.930717
6568.057711 0.944073
6568.108523 0.938777
6568.159332 0.929121
6568.210139 0.934911
6568.260943 0.937141
6568.311744 0.942375
6568.362543 0.940096
6568.413339 0.95175
6568.464133 0.953134
6568.514924 0.949045
6568.565712 0.949437
6568.616498 0.949789
6568.667281 0.948218
6568.718062 0.941218
6568.76884 0.933894
6568.819615 0.929969
6568.870388 0.939893
6568.921159 0.935567
6568.971926 0.946408
6569.022691 0.953452
6569.073454 0.954665
6569.124213 0.955063
6569.174971 0.951049
6569.225725 0.958978
6569.276477 0.951785
6569.327227 0.933204
6569.377974 0.925502
6569.428718 0.913802
6569.479459 0.906086
6569.530198 0.896381
6569.580935 0.882637
6569.631668 0.848461
6569.6824 0.788967
6569.733128 0.754013
6569.783854 0.741814
6569.834577 0.803848
6569.885298 0.86134
6569.936016 0.908563
6569.986732 0.925093
6570.037445 0.945259
6570.088155 0.943616
6570.138863 0.9451
6570.189568 0.94575
6570.24027 0.948429
6570.29097 0.92819
6570.341667 0.940328
6570.392362 0.882176
6570.443054 0.888891
6570.493743 0.881075
6570.54443 0.888914
6570.595114 0.895038
6570.645796 0.903076
6570.696475 0.897866
6570.747151 0.905352
6570.797825 0.911124
6570.848496 0.911208
6570.899164 0.920495
6570.94983 0.91561
6571.000493 0.891413
6571.051154 0.883456
6571.101812 0.872966
6571.152467 0.869483
6571.20312 0.87466
6571.25377 0.866606
6571.304417 0.866006
6571.355062 0.882378
6571.405704 0.907722
6571.456344 0.921451
6571.506981 0.907621
6571.557615 0.911263
6571.608247 0.903601
6571.658876 0.899345
6571.709502 0.903078
6571.760126 0.92218
6571.810747 0.944797
6571.861366 0.958355
6571.911982 0.953767
6571.962595 0.941725
6572.013206 0.936727
6572.063814 0.926797
6572.114419 0.900019
6572.165022 0.908634
6572.215622 0.93318
6572.26622 0.947241
6572.316815 0.948175
6572.367407 0.950024
6572.417997 0.945432
6572.468584 0.936396
6572.519168 0.937032
6572.56975 0.933381
6572.620329 0.92737
6572.670905 0.930901
6572.721479 0.925374
6572.77205 0.932051
6572.822619 0.937899
6572.873185 0.939366
6572.923748 0.955801
6572.974309 0.953736
6573.024867 0.941777
6573.075422 0.930889
6573.125975 0.907749
6573.176525 0.886447
6573.227072 0.827444
6573.277617 0.770324
6573.328159 0.743723
6573.378699 0.769256
6573.429236 0.826341
6573.47977 0.880898
6573.530301 0.922846
6573.58083 0.950801
6573.631357 0.972072
6573.68188 0.937237
6573.732401 0.951497
6573.782919 0.918968
6573.833435 0.934252
6573.883948 0.954936
6573.934459 0.946749
6573.984966 0.960081
6574.035471 0.957621
6574.085974 0.953965
6574.136474 0.948422
6574.186971 0.950326
6574.237465 0.952287
6574.287957 0.921047
6574.338446 0.923121
6574.388933 0.959012
6574.439417 0.937697
6574.489898 0.94121
6574.540377 0.938878
6574.590853 0.917531
6574.641326 0.879392
6574.691796 0.803426
6574.742264 0.750622
6574.79273 0.737028
6574.843192 0.765856
6574.893652 0.816244
6574.94411 0.883721
6574.994564 0.925928
6575.045016 0.950162
6575.095466 0.963256
6575.145912 0.955128
6575.196356 0.942866
6575.246798 0.934024
6575.297236 0.926198
6575.347673 0.913005
6575.398106 0.883413
6575.448537 0.82203
6575.498965 0.761887
6575.54939 0.728131
6575.599813 0.735668
6575.650233 0.779201
6575.70065 0.842044
6575.751065 0.88834
6575.801477 0.906053
6575.851887 0.922151
6575.902293 0.910127
6575.952697 0.907677
6576.003099 0.918927
6576.053498 0.915636
6576.103894 0.915758
6576.154287 0.919442
6576.204678 0.920244
6576.255066 0.926965
6576.305451 0.922635
6576.355834 0.915728
6576.406214 0.911048
6576.456591 0.903304
6576.506966 0.902514
6576.557338 0.914613
6576.607708 0.928759
6576.658074 0.885274
6576.708438 0.88289
6576.7588 0.889422
6576.809158 0.89673
6576.859514 0.902868
6576.909868 0.911997
6576.960218 0.917634
6577.010566 0.928377
6577.060912 0.908883
6577.111254 0.910997
6577.161594 0.914392
6577.211931 0.921529
6577.262266 0.9394
6577.312598 0.92982
6577.362927 0.930162
6577.413254 0.936995
6577.463577 0.934752
6577.513899 0.951378
6577.564217 0.959351
6577.614533 0.964387
6577.664846 0.972417
6577.715156 0.987087
6577.765464 0.997418
6577.815769 1.012382
6577.866072 0.987772
6577.916371 0.950242
6577.966668 0.982787
6578.016963 0.949249
6578.067254 0.944556
6578.117543 0.947846
6578.16783 0.955653
6578.218113 0.93901
6578.268394 0.962617
6578.318672 0.961007
6578.368948 0.951667
6578.419221 0.964557
6578.469491 0.938435
6578.519758 0.9501
6578.570023 0.953871
6578.620285 0.96604
6578.670544 0.971671
6578.720801 0.9722
6578.771055 0.944933
6578.821306 0.969087
6578.871555 0.960338
6578.921801 0.962405
6578.972044 0.960946
6579.022285 0.965845
6579.072522 0.963041
6579.122758 0.957301
6579.17299 0.961465
6579.22322 0.96593
6579.273447 0.969828
6579.323671 0.970205
6579.373893 0.94893
6579.424112 0.931513
6579.474328 0.948287
6579.524541 0.96558
6579.574752 0.963518
6579.62496 0.968679
6579.675166 0.976692
6579.725369 0.977358
6579.775569 0.972928
6579.825766 0.969954
6579.875961 0.965432
6579.926152 0.969857
6579.976342 0.952869
6580.026528 0.94343
6580.076712 0.955868
6580.126893 0.962146
6580.177072 0.958506
6580.227247 0.971586
6580.27742 0.965407
6580.32759 0.965408
6580.377758 0.962661
6580.427923 0.966294
6580.478085 0.961763
6580.528245 0.953414
6580.578401 0.943183
6580.628555 0.94301
6580.678707 0.932151
6580.728855 0.916734
6580.779001 0.915675
6580.829144 0.929617
6580.879285 0.940804
6580.929422 0.958569
6580.979558 0.966434
6581.02969 0.963036
6581.079819 0.976074
6581.129946 0.976332
6581.180071 0.970303
6581.230192 0.960346
6581.280311 0.94918
6581.330427 0.925587
6581.38054 0.917062
6581.430651 0.910106
6581.480759 0.903347
6581.530864 0.887833
6581.580966 0.883851
6581.631066 0.858276
6581.681163 0.822614
6581.731257 0.808146
6581.781349 0.825374
6581.831438 0.867687
6581.881524 0.916071
6581.931607 0.942007
6581.981688 0.962775
6582.031766 0.935792
6582.081841 0.921063
6582.131914 0.936632
6582.181983 0.926423
6582.23205 0.933134
6582.282115 0.942467
6582.332176 0.951437
6582.382235 0.953734
6582.432292 0.956063
6582.482345 0.950227
6582.532396 0.958407
6582.582444 0.936067
6582.632489 0.908066
6582.682531 0.889248
6582.732571 0.911285
6582.782608 0.922031
6582.832643 0.935049
6582.882674 0.935877
6582.932703 0.94334
6582.982729 0.971392
6583.032753 0.962716
6583.082773 0.94248
6583.132791 0.934007
6583.182807 0.925589
6583.232819 0.927945
6583.282829 0.939168
6583.332836 0.950614
6583.38284 0.949935
6583.432842 0.910781
6583.48284 0.90427
6583.532837 0.914776
6583.58283 0.94504
6583.63282 0.943652
6583.682808 0.942836
6583.732793 0.947218
6583.782776 0.954443
6583.832756 0.964559
6583.882732 0.966005
6583.932707 0.976256
