3.8159139475608	0.99286
3.8159156064238	0.99066262540217
3.8159172652868	0.98863218639982
3.8159189241498	0.9879397194838
3.8159205830128	0.98741616391581
3.8159222418758	0.98748446105656
3.8159239007388	0.98638936313862
3.8159255596018	0.98296632241041
3.8159272184648	0.97882780987537
3.8159288773278	0.9737953457039
3.8159305361908	0.96986740611884
3.8159321950539	0.96682144840591
3.8159338539169	0.96345467165316
3.8159355127799	0.95992816476081
3.8159371716429	0.96060000887992
3.8159388305059	0.96246057283603
3.8159404893689	0.96487258941162
3.8159421482319	0.96735077165269
3.8159438070949	0.96946850224559
3.8159454659579	0.97111522249619
3.8159471248209	0.96914884622757
3.8159487836839	0.96824696479071
3.8159504425469	0.97095781057035
3.8159521014099	0.97393387190387
3.8159537602729	0.97742478984921
3.8159554191359	0.97815179464625
3.8159570779989	0.97553487793883
3.8159587368619	0.97521668327025
3.8159603957249	0.97666697848244
3.8159620545879	0.9767635846017
3.815963713451	0.97621723450445
3.815965372314	0.97714792493131
3.815967031177	0.9784690872484
3.81596869004	0.97815188800882
3.815970348903	0.9777243541891
3.815972007766	0.98095438785909
3.815973666629	0.98347945050695
3.815975325492	0.98130615287866
3.815976984355	0.97894427971632
3.815978643218	0.97599792763229
3.815980302081	0.9731720524801
3.815981960944	0.97056266567022
3.815983619807	0.96738101362867
3.81598527867	0.96355731790019
3.815986937533	0.96127479486784
3.815988596396	0.9600849750009
3.815990255259	0.96108940926663
3.815991914122	0.96303811590475
3.815993572985	0.96786396880512
3.8159952318481	0.9733504305347
3.8159968907111	0.97673527781192
3.8159985495741	0.97999063617958
3.8160002084371	0.98403950362112
3.8160018673001	0.98768251198306
3.8160035261631	0.98913689775319
3.8160051850261	0.98911933039963
3.8160068438891	0.98514415203448
3.8160085027521	0.98024048198171
3.8160101616151	0.97385926925126
3.8160118204781	0.96632466878191
3.8160134793411	0.95764053280813
3.8160151382041	0.94237149897237
3.8160167970671	0.9229959457003
3.8160184559301	0.8931153072718
3.8160201147931	0.85937102071066
3.8160217736561	0.81654490121664
3.8160234325191	0.7720706990211
3.8160250913821	0.74124978575179
3.8160267502451	0.71242779226006
3.8160284091082	0.70096336687592
3.8160300679712	0.69517156970021
3.8160317268342	0.7130668305665
3.8160333856972	0.73658075262184
3.8160350445602	0.77265459703155
3.8160367034232	0.81232997329319
3.8160383622862	0.85687632060829
3.8160400211492	0.89198358932961
3.8160416800122	0.91908832948847
3.8160433388752	0.93855696779197
3.8160449977382	0.95404701952859
3.8160466566012	0.96440329274075
3.8160483154642	0.97325932243905
3.8160499743272	0.97827696638906
3.8160516331902	0.98278828186594
3.8160532920532	0.98254507822584
3.8160549509162	0.98216301302897
3.8160566097792	0.98079877464466
3.8160582686422	0.97910716280808
3.8160599275053	0.97638321442949
3.8160615863683	0.97380573099069
3.8160632452313	0.97149108705426
3.8160649040943	0.9677164093785
3.8160665629573	0.96232829257628
3.8160682218203	0.95501634877152
3.8160698806833	0.94638062061506
3.8160715395463	0.9423613137938
3.8160731984093	0.94022892337443
3.8160748572723	0.93565402729456
3.8160765161353	0.93056982449385
3.8160781749983	0.92614604197852
3.8160798338613	0.92233135834441
3.8160814927243	0.92700140501333
3.8160831515873	0.93028765852808
3.8160848104503	0.9273140056861
3.8160864693133	0.92421993400742
3.8160881281763	0.92084378022607
3.8160897870393	0.91686384671194
3.8160914459024	0.91204133882502
3.8160931047654	0.90791671326342
3.8160947636284	0.90439657489545
3.8160964224914	0.90212746648887
3.8160980813544	0.90051906123314
3.8160997402174	0.89955528246177
3.8161013990804	0.8987807740251
3.8161030579434	0.90159146313034
3.8161047168064	0.90483006147856
3.8161063756694	0.90743409762966
3.8161080345324	0.90948894481089
3.8161096933954	0.90786356641447
3.8161113522584	0.90625391854723
3.8161130111214	0.9046917004905
3.8161146699844	0.90238913007825
3.8161163288474	0.89881725691105
3.8161179877104	0.89817629073588
3.8161196465734	0.90061195250556
3.8161213054364	0.90385316474377
3.8161229642995	0.90761488054832
3.8161246231625	0.90980022015797
3.8161262820255	0.91139426263598
3.8161279408885	0.91403956291246
3.8161295997515	0.91687462089782
3.8161312586145	0.92373434691647
3.8161329174775	0.93025878397444
3.8161345763405	0.93183880212921
3.8161362352035	0.93432753317056
3.8161378940665	0.9402873378378
3.8161395529295	0.94553915523003
3.8161412117925	0.949339718258
3.8161428706555	0.95033146714481
3.8161445295185	0.94786834866363
3.8161461883815	0.94249267062082
3.8161478472445	0.93491175091865
3.8161495061075	0.92905940927702
3.8161511649705	0.92398399408498
3.8161528238335	0.92039843641104
3.8161544826965	0.91716041410897
3.8161561415596	0.92517849664364
3.8161578004226	0.93400730452428
3.8161594592856	0.94263207888819
3.8161611181486	0.9506250867854
3.8161627770116	0.95562901425391
3.8161644358746	0.95911418603651
3.8161660947376	0.95898641711235
3.8161677536006	0.96122718846207
3.8161694124636	0.96677168880817
3.8161710713266	0.9710201971512
3.8161727301896	0.97416162941739
3.8161743890526	0.97877493469467
3.8161760479156	0.98414248735264
3.8161777067786	0.98777599638056
3.8161793656416	0.99092959044821
3.8161810245046	0.99148836966724
3.8161826833676	0.99179561260383
3.8161843422306	0.9927942328428
3.8161860010936	0.99365626793543
3.8161876599567	0.99374468539536
3.8161893188197	0.99425449888024
3.8161909776827	0.99588874009043
3.8161926365457	0.99678835024396
3.8161942954087	0.99656407891528
3.8161959542717	0.99540660582668
3.8161976131347	0.99338109470534
3.8161992719977	0.99099479707045
3.8162009308607	0.98840646412507
3.8162025897237	0.98386083048605
3.8162042485867	0.97871108102137
3.8162059074497	0.97277514764028
3.8162075663127	0.96683314437535
3.8162092251757	0.96955679785557
3.8162108840387	0.97204250145323
3.8162125429017	0.9729927504818
3.8162142017647	0.97525230588855
3.8162158606277	0.98128079818415
3.8162175194907	0.98565168717349
3.8162191783538	0.98733601126558
3.8162208372168	0.98930464355069
3.8162224960798	0.99155145707159
3.8162241549428	0.99286217836624
3.8162258138058	0.99362184743125
3.8162274726688	0.99115279299181
3.8162291315318	0.98762828617395
3.8162307903948	0.98366497354
3.8162324492578	0.97965046630585
3.8162341081208	0.97985095507657
3.8162357669838	0.98030332467522
3.8162374258468	0.98248854778962
3.8162390847098	0.98396206230671
3.8162407435728	0.98331839421169
3.8162424024358	0.98293145346473
3.8162440612988	0.98296985312211
3.8162457201618	0.9833778185472
3.8162473790248	0.98415331691112
3.8162490378878	0.98345958423534
3.8162506967508	0.98188977497711
3.8162523556139	0.98367012014388
3.8162540144769	0.98655704872539
3.8162556733399	0.98845509555867
3.8162573322029	0.99020942652754
3.8162589910659	0.98998588714115
3.8162606499289	0.98956005112527
3.8162623087919	0.98775823178073
3.8162639676549	0.9860513807181
3.8162656265179	0.98462351316113
3.8162672853809	0.9846695737295
3.8162689442439	0.98712214702013
3.8162706031069	0.98676520433255
3.8162722619699	0.9836641135234
3.8162739208329	0.98381425570642
3.8162755796959	0.98585729020102
3.8162772385589	0.98582885499849
3.8162788974219	0.98514032259964
3.8162805562849	0.98652648231765
3.8162822151479	0.98813631033899
3.816283874011	0.98569407464598
3.816285532874	0.98246689240566
3.816287191737	0.97433887393339
3.8162888506	0.9668450234432
3.816290509463	0.96111095901339
3.816292168326	0.95439524659414
3.816293827189	0.94615625614807
3.816295486052	0.94260894653169
3.816297144915	0.94341044149414
3.816298803778	0.94823497997928
3.816300462641	0.95526204388192
3.816302121504	0.96174373825374
3.816303780367	0.96806582228926
3.81630543923	0.9743174446118
3.816307098093	0.9804684769467
3.816308756956	0.98347934548593
3.816310415819	0.98620066063048
3.816312074682	0.98736139916525
3.816313733545	0.98863520305281
3.8163153924081	0.99019347059414
3.8163170512711	0.99055766461667
3.8163187101341	0.98922099578561
3.8163203689971	0.99007902400584
3.8163220278601	0.9928017056107
3.8163236867231	0.99042562783412
3.8163253455861	0.98552648237396
3.8163270044491	0.98210137618354
3.8163286633121	0.97905074763849
3.8163303221751	0.97640767193014
3.8163319810381	0.97365352096354
3.8163336399011	0.96841770648367
3.8163352987641	0.96412220083629
3.8163369576271	0.96400889352542
3.8163386164901	0.96505563483092
3.8163402753531	0.96865393269031
3.8163419342161	0.97276871296602
3.8163435930791	0.9775364179787
3.8163452519421	0.98274194447436
3.8163469108051	0.98827647879113
3.8163485696682	0.9904123755195
3.8163502285312	0.99109401696938
3.8163518873942	0.99094245778358
3.8163535462572	0.99062005850851
3.8163552051202	0.98737529528349
3.8163568639832	0.98415196426588
3.8163585228462	0.98240498496616
3.8163601817092	0.98041892692813
3.8163618405722	0.97758142077143
3.8163634994352	0.97372481196938
3.8163651582982	0.96796958542911
3.8163668171612	0.9628420381958
3.8163684760242	0.9583958357136
3.8163701348872	0.95557937689147
3.8163717937502	0.95380569012742
3.8163734526132	0.95237402110752
3.8163751114762	0.95106235559238
3.8163767703392	0.94472365959015
3.8163784292022	0.93763675591375
3.8163800880653	0.92873039033734
3.8163817469283	0.91966064524993
3.8163834057913	0.90952110324363
3.8163850646543	0.89905804966699
3.8163867235173	0.88769060784776
3.8163883823803	0.88104340174394
3.8163900412433	0.88163739345285
3.8163917001063	0.88771698906999
3.8163933589693	0.89874170425343
3.8163950178323	0.91410247032985
3.8163966766953	0.93172406091258
3.8163983355583	0.94490445024544
3.8163999944213	0.95689601477168
3.8164016532843	0.96739712826569
3.8164033121473	0.97753779152031
3.8164049710103	0.98347929101224
3.8164066298733	0.98777950284988
3.8164082887363	0.98481362716188
3.8164099475993	0.98174436824822
3.8164116064624	0.97845169023971
3.8164132653254	0.97348102521695
3.8164149241884	0.96644757761163
3.8164165830514	0.96261377331178
3.8164182419144	0.96108821596716
3.8164199007774	0.96229409931699
3.8164215596404	0.96459727576775
3.8164232185034	0.96759201018114
3.8164248773664	0.97071264574058
3.8164265362294	0.97431104312526
3.8164281950924	0.97754384519154
3.8164298539554	0.97778434549178
3.8164315128184	0.97700344971992
3.8164331716814	0.97306954682868
3.8164348305444	0.968691461401
3.8164364894074	0.96358195125902
3.8164381482704	0.96125349782721
3.8164398071334	0.9615851200138
3.8164414659964	0.96275935547498
3.8164431248595	0.96439829674061
3.8164447837225	0.96379977073697
3.8164464425855	0.96256310962864
3.8164481014485	0.95421546589667
3.8164497603115	0.94550341118993
3.8164514191745	0.9435618762632
3.8164530780375	0.94245261435451
3.8164547369005	0.9451456613331
3.8164563957635	0.94806389501272
3.8164580546265	0.95147486835293
3.8164597134895	0.95584410795644
3.8164613723525	0.96139445260167
3.8164630312155	0.96345018727467
3.8164646900785	0.96299882814188
3.8164663489415	0.96486761640279
3.8164680078045	0.96765310240998
3.8164696666675	0.96749276307076
3.8164713255305	0.96681830838054
3.8164729843935	0.96638440606346
3.8164746432565	0.96576701148814
3.8164763021196	0.96379322597582
3.8164779609826	0.9634081641196
3.8164796198456	0.96763701056078
3.8164812787086	0.97026304476845
3.8164829375716	0.97039604075153
3.8164845964346	0.96760078409719
3.8164862552976	0.96217318619532
3.8164879141606	0.95891751243924
3.8164895730236	0.95677045456435
3.8164912318866	0.95998479437881
3.8164928907496	0.96455921780578
3.8164945496126	0.9660531559604
3.8164962084756	0.96748667266404
3.8164978673386	0.97106436181795
3.8164995262016	0.97454315779852
3.8165011850646	0.97763885176786
3.8165028439276	0.97883087181197
3.8165045027906	0.9763487742268
3.8165061616536	0.97458408926964
3.8165078205167	0.97360427217103
3.8165094793797	0.9730958618227
3.8165111382427	0.97288388827684
3.8165127971057	0.97168995924535
3.8165144559687	0.97016957677233
3.8165161148317	0.97535742162898
3.8165177736947	0.98121201579934
3.8165194325577	0.97945793185576
3.8165210914207	0.97803961963405
3.8165227502837	0.9783729623354
3.8165244091467	0.97712672173867
3.8165260680097	0.97215778994473
3.8165277268727	0.96810751938659
3.8165293857357	0.9652498112499
3.8165310445987	0.96283177566011
3.8165327034617	0.96074212070875
3.8165343623247	0.96118047253355
3.8165360211877	0.9626516803686
3.8165376800507	0.96508187554596
3.8165393389138	0.96768459596376
3.8165409977768	0.96932247362927
3.8165426566398	0.97020372100079
3.8165443155028	0.96579979778379
3.8165459743658	0.95955664643693
3.8165476332288	0.94811017009615
3.8165492920918	0.93145128031485
3.8165509509548	0.90695014988045
3.8165526098178	0.88262567111988
3.8165542686808	0.85845315446516
3.8165559275438	0.84226175616985
3.8165575864068	0.82989581480569
3.8165592452698	0.83376906514688
3.8165609041328	0.84134061079343
3.8165625629958	0.86167944577028
3.8165642218588	0.88257661338037
3.8165658807218	0.9027969763026
3.8165675395848	0.92128834123398
3.8165691984478	0.93402295950602
3.8165708573108	0.94627663978176
3.8165725161739	0.95771163774324
3.8165741750369	0.96581323527346
3.8165758338999	0.97070293592085
3.8165774927629	0.97322215871684
3.8165791516259	0.97445730221835
3.8165808104889	0.97235040075232
3.8165824693519	0.9693450354723
3.8165841282149	0.96949906442415
3.8165857870779	0.96965164509779
3.8165874459409	0.96638894089471
3.8165891048039	0.96283612612624
3.8165907636669	0.95817478675879
3.8165924225299	0.95358279268891
3.8165940813929	0.94912104051845
3.8165957402559	0.94610264680537
3.8165973991189	0.94460080328091
3.8165990579819	0.94432159539848
3.8166007168449	0.94476686646889
3.8166023757079	0.94631300011373
3.816604034571	0.94819097645784
3.816605693434	0.94993907387463
3.816607352297	0.95165191563991
3.81660901116	0.95293906826832
3.816610670023	0.95252999435571
3.816612328886	0.94491373589726
3.816613987749	0.93868274756442
3.816615646612	0.93524572500334
3.816617305475	0.93213987611308
3.816618964338	0.92940361885996
3.816620623201	0.93152354700919
3.816622282064	0.93669838096701
3.816623940927	0.94004278466753
3.81662559979	0.94279396157602
3.816627258653	0.93944627438658
3.816628917516	0.9352461770474
3.816630576379	0.92728475768642
3.816632235242	0.91733246857379
3.816633894105	0.89832304446932
3.8166355529681	0.87932445151609
3.8166372118311	0.86034865164525
3.8166388706941	0.84798030443049
3.8166405295571	0.84323924448983
3.8166421884201	0.8449987647572
3.8166438472831	0.85097826790744
3.8166455061461	0.8645482060923
3.8166471650091	0.88066604993865
3.8166488238721	0.89769622577102
3.8166504827351	0.91465371504502
3.8166521415981	0.92634338711583
3.8166538004611	0.93595184878673
3.8166554593241	0.93584900068028
3.8166571181871	0.93463375408747
3.8166587770501	0.93104789098517
3.8166604359131	0.92667825372858
3.8166620947761	0.92139724340915
3.8166637536391	0.91898722130338
3.8166654125021	0.91844755668195
3.8166670713652	0.91582632931868
3.8166687302282	0.91250684856565
3.8166703890912	0.89952809038396
3.8166720479542	0.88501579790579
3.8166737068172	0.86062170206912
3.8166753656802	0.83716474444891
3.8166770245432	0.81799308019562
3.8166786834062	0.80297824537841
3.8166803422692	0.79666535602274
3.8166820011322	0.80104328591063
3.8166836599952	0.81761196844723
3.8166853188582	0.84051363692714
3.8166869777212	0.86744196496549
3.8166886365842	0.89264337811526
3.8166902954472	0.91728602117453
3.8166919543102	0.93166900564667
3.8166936131732	0.94441575749495
3.8166952720362	0.94650594120795
3.8166969308992	0.94848976744733
3.8166985897622	0.95001732742461
3.8167002486253	0.95068791345214
3.8167019074883	0.94964808482094
3.8167035663513	0.94901955121069
3.8167052252143	0.94883895242793
3.8167068840773	0.94798815265074
3.8167085429403	0.94673306296246
3.8167102018033	0.94450032960559
3.8167118606663	0.94197374094796
3.8167135195293	0.9394559095708
3.8167151783923	0.93644857118225
3.8167168372553	0.92570929970208
3.8167184961183	0.91518746095976
3.8167201549813	0.90550767183033
3.8167218138443	0.89490244560235
3.8167234727073	0.88258570426379
3.8167251315703	0.8722000030605
3.8167267904333	0.86377016771219
3.8167284492963	0.86235361507446
3.8167301081593	0.86483436189717
3.8167317670224	0.87310613565358
3.8167334258854	0.88292733909993
3.8167350847484	0.89721214121055
3.8167367436114	0.91157448613972
3.8167384024744	0.92332590371746
3.8167400613374	0.93309466452191
3.8167417202004	0.93615345719009
3.8167433790634	0.9389456162346
3.8167450379264	0.94129289128096
3.8167466967894	0.94192656924756
3.8167483556524	0.94098811132195
3.8167500145154	0.94105797254157
3.8167516733784	0.941627875525
3.8167533322414	0.94591859757775
3.8167549911044	0.95105090146814
3.8167566499674	0.95472684443014
3.8167583088304	0.95751479554039
3.8167599676934	0.95357959070977
3.8167616265564	0.95099366354841
3.8167632854195	0.95229682694168
3.8167649442825	0.95316715212171
3.8167666031455	0.95340200256042
3.8167682620085	0.95210388993394
3.8167699208715	0.94956624338915
3.8167715797345	0.94410448903492
3.8167732385975	0.93739436222003
3.8167748974605	0.93789399856946
3.8167765563235	0.93967762607537
3.8167782151865	0.94315469294247
3.8167798740495	0.94582727915354
3.8167815329125	0.94373663037417
3.8167831917755	0.9432819040045
3.8167848506385	0.94676134752214
3.8167865095015	0.94806632524089
3.8167881683645	0.94662896671545
3.8167898272275	0.94407230846439
3.8167914860905	0.94074084761277
3.8167931449535	0.93824616253135
3.8167948038165	0.93604578613391
3.8167964626796	0.93310724876542
3.8167981215426	0.93024354379526
3.8167997804056	0.93163217652671
3.8168014392686	0.93243606346523
3.8168030981316	0.93069933741082
3.8168047569946	0.92612177236723
3.8168064158576	0.91594244712292
3.8168080747206	0.90818288288133
3.8168097335836	0.90298276546381
3.8168113924466	0.89692389198697
3.8168130513096	0.89037274375519
3.8168147101726	0.88880864890177
3.8168163690356	0.88860703569102
3.8168180278986	0.89000312408155
3.8168196867616	0.89167918730262
3.8168213456246	0.89517089436747
3.8168230044876	0.89985022614607
3.8168246633506	0.90838305937542
3.8168263222136	0.91728752675619
3.8168279810767	0.92678337111799
3.8168296399397	0.93416912228273
3.8168312988027	0.93973088675578
3.8168329576657	0.93890918308173
3.8168346165287	0.93517846199957
3.8168362753917	0.93808303388716
3.8168379342547	0.94227307288101
3.8168395931177	0.93906288916287
3.8168412519807	0.93600154705777
3.8168429108437	0.93438594113557
3.8168445697067	0.9342597505623
3.8168462285697	0.93776760359822
3.8168478874327	0.94149598061737
3.8168495462957	0.94550276132855
3.8168512051587	0.94962179870429
3.8168528640217	0.95381776128092
3.8168545228847	0.95378005360814
3.8168561817477	0.95229274960784
3.8168578406107	0.94739724041064
3.8168594994738	0.94211217829969
3.8168611583368	0.93689369120684
3.8168628171998	0.93142515668188
3.8168644760628	0.92495894112254
3.8168661349258	0.92199155381738
3.8168677937888	0.92545138197238
3.8168694526518	0.92881463566062
3.8168711115148	0.93208311739406
3.8168727703778	0.9366293122226
3.8168744292408	0.94184237563258
3.8168760881038	0.94513048031462
3.8168777469668	0.94796584514653
3.8168794058298	0.94909448146155
3.8168810646928	0.9498586793804
3.8168827235558	0.94833414040105
3.8168843824188	0.94761845947967
3.8168860412818	0.94911336205486
3.8168877001448	0.94917213403711
3.8168893590078	0.9472553156619
3.8168910178708	0.94491283066796
3.8168926767339	0.94225460058459
3.8168943355969	0.93976676208315
3.8168959944599	0.93734277544163
3.8168976533229	0.93589519729814
3.8168993121859	0.93416579992566
3.8169009710489	0.92083845578034
3.8169026299119	0.90672057266844
3.8169042887749	0.88919217036803
3.8169059476379	0.87166246620186
3.8169076065009	0.85413025760553
3.8169092653639	0.83883081201407
3.8169109242269	0.82579963680163
3.8169125830899	0.82541416791501
3.8169142419529	0.83183270267457
3.8169159008159	0.84406967773505
3.8169175596789	0.85772124444294
3.8169192185419	0.86979087100896
3.8169208774049	0.88113826263914
3.8169225362679	0.88736810934325
3.816924195131	0.89292676249749
3.816925853994	0.89665269125051
3.816927512857	0.90044310239188
3.81692917172	0.90432151510946
3.816930830583	0.90936267278781
3.816932489446	0.91525346840713
3.816934148309	0.91892579892606
3.816935807172	0.92178955602866
3.816937466035	0.92218895766852
3.816939124898	0.92229207062605
3.816940783761	0.92270789833362
3.816942442624	0.92267856777937
3.816944101487	0.92085677917101
3.81694576035	0.91725565086627
3.816947419213	0.9104160086449
3.816949078076	0.90271349530051
3.816950736939	0.89418311996856
3.816952395802	0.88521502602367
3.816954054665	0.8760276497619
3.8169557135281	0.87199481203609
3.8169573723911	0.86907592014453
3.8169590312541	0.87179281800263
3.8169606901171	0.87469311822091
3.8169623489801	0.87797375397102
3.8169640078431	0.88004892426383
3.8169656667061	0.87919020935184
3.8169673255691	0.87480110939799
3.8169689844321	0.86605799801768
3.8169706432951	0.85692652284788
3.8169723021581	0.8475409450464
3.8169739610211	0.83500664842696
3.8169756198841	0.82148532135681
3.8169772787471	0.8092215912157
3.8169789376101	0.79803672982947
3.8169805964731	0.7986955281772
3.8169822553361	0.80133837913833
3.8169839141991	0.81052205981926
3.8169855730621	0.8207205257604
3.8169872319252	0.83250541738278
3.8169888907882	0.84222341505984
3.8169905496512	0.85023437501563
3.8169922085142	0.85789323563773
3.8169938673772	0.86540499445289
3.8169955262402	0.86987793095131
3.8169971851032	0.87379863001671
3.8169988439662	0.87444578324104
3.8170005028292	0.87530100350826
3.8170021616922	0.87710957956235
3.8170038205552	0.87817903557646
3.8170054794182	0.87779676921366
3.8170071382812	0.87622600883149
3.8170087971442	0.8734462325956
3.8170104560072	0.87339451496196
3.8170121148702	0.87478477473985
3.8170137737332	0.87299882779953
3.8170154325962	0.87048146141445
3.8170170914592	0.86770485642655
3.8170187503222	0.86542590877836
3.8170204091853	0.86651337037698
3.8170220680483	0.86659635583966
3.8170237269113	0.86421425491211
3.8170253857743	0.86184914073115
3.8170270446373	0.85950489759062
3.8170287035003	0.86033944504514
3.8170303623633	0.86322330820352
3.8170320212263	0.86372386839409
3.8170336800893	0.86350217915718
3.8170353389523	0.8610957656713
3.8170369978153	0.85847105209342
3.8170386566783	0.85535880387936
3.8170403155413	0.8526313892964
3.8170419744043	0.85107977255353
3.8170436332673	0.84907687507221
3.8170452921303	0.84641529367984
3.8170469509933	0.84355304249388
3.8170486098563	0.8405373516142
3.8170502687193	0.83467033808501
3.8170519275824	0.82773248613995
3.8170535864454	0.82316950421748
3.8170552453084	0.818876812746
3.8170569041714	0.81396410965215
3.8170585630344	0.8083021099144
3.8170602218974	0.79979669209982
3.8170618807604	0.79161829926265
3.8170635396234	0.78399821782723
3.8170651984864	0.77557262323553
3.8170668573494	0.76643354080346
3.8170685162124	0.75793319679082
3.8170701750754	0.74971797992946
3.8170718339384	0.73851923759495
3.8170734928014	0.7268281714499
3.8170751516644	0.71679944003504
3.8170768105274	0.70561102759601
3.8170784693904	0.68897160641609
3.8170801282534	0.67228147572956
3.8170817871164	0.65549161691285
3.8170834459795	0.63770797435269
3.8170851048425	0.61892587591613
3.8170867637055	0.60327471320849
3.8170884225685	0.58923109089211
3.8170900814315	0.57244432060483
3.8170917402945	0.5550666181214
3.8170933991575	0.54160216670014
3.8170950580205	0.52829348684993
3.8170967168835	0.51554063464416
3.8170983757465	0.50285727193427
3.8171000346095	0.49032881589232
3.8171016934725	0.48101782010529
3.8171033523355	0.47530232012474
3.8171050111985	0.46941823733785
3.8171066700615	0.46343724072593
3.8171083289245	0.45838304908361
3.8171099877875	0.45356372492845
3.8171116466505	0.44322200493385
3.8171133055135	0.43319471138013
3.8171149643765	0.42698035400815
3.8171166232396	0.42155319940052
3.8171182821026	0.41807943031032
3.8171199409656	0.41446835020258
3.8171215998286	0.41068986319788
3.8171232586916	0.40735570092778
3.8171249175546	0.40430067251669
3.8171265764176	0.40013353685073
3.8171282352806	0.39564879024473
3.8171298941436	0.39168470674154
3.8171315530066	0.38771733212499
3.8171332118696	0.38344862568651
3.8171348707326	0.37903585743868
3.8171365295956	0.37423290735826
3.8171381884586	0.37129629554039
3.8171398473216	0.37079456702941
3.8171415061846	0.36847705099045
3.8171431650476	0.36494018163494
3.8171448239106	0.36345892990296
3.8171464827736	0.3626171282248
3.8171481416367	0.361788930666
3.8171498004997	0.36115135936991
3.8171514593627	0.36238182068243
3.8171531182257	0.36386038980838
3.8171547770887	0.36605608806333
3.8171564359517	0.36824564202627
3.8171580948147	0.37042678351556
3.8171597536777	0.37366432882339
3.8171614125407	0.37764430021243
3.8171630714037	0.38283794363227
3.8171647302667	0.38843058345374
3.8171663891297	0.3950405040192
3.8171680479927	0.40205879243501
3.8171697068557	0.4125573662363
3.8171713657187	0.42416423585267
3.8171730245817	0.43910734438018
3.8171746834447	0.45409971103549
3.8171763423077	0.46916145525266
3.8171780011707	0.48155474837745
3.8171796600338	0.49202537858723
3.8171813188968	0.4996797698437
3.8171829777598	0.50638199577081
3.8171846366228	0.51783162496809
3.8171862954858	0.52944701062228
3.8171879543488	0.53780718690025
3.8171896132118	0.54574291703529
3.8171912720748	0.55238168652147
3.8171929309378	0.55707049790949
3.8171945898008	0.55899064887754
3.8171962486638	0.55944954527906
3.8171979075268	0.55885054580764
3.8171995663898	0.55701579652821
3.8172012252528	0.55476251742577
3.8172028841158	0.5500717095984
3.8172045429788	0.54560525208139
3.8172062018418	0.54626005252737
3.8172078607048	0.54805043918771
3.8172095195678	0.55327121312667
3.8172111784309	0.55683553912586
3.8172128372939	0.55807656538384
3.8172144961569	0.56282072749274
3.8172161550199	0.57006166228582
3.8172178138829	0.58007392285633
3.8172194727459	0.591001882236
3.8172211316089	0.60015717403847
3.8172227904719	0.60895162836659
3.8172244493349	0.61560292013835
3.8172261081979	0.62180598840239
3.8172277670609	0.62670484397788
3.8172294259239	0.63032836184354
3.8172310847869	0.63222019205758
3.8172327436499	0.6361405115666
3.8172344025129	0.64145560769982
3.8172360613759	0.64507969178438
3.8172377202389	0.64817319880185
3.8172393791019	0.65100232922158
3.8172410379649	0.6537027237368
3.8172426968279	0.65541054295331
3.817244355691	0.65822699730943
3.817246014554	0.66407453012803
3.817247673417	0.6690692255902
3.81724933228	0.6729649495748
3.817250991143	0.67724532301071
3.817252650006	0.68177554962891
3.817254308869	0.68594889102437
3.817255967732	0.690018994168
3.817257626595	0.69478800135028
3.817259285458	0.69949908624787
3.817260944321	0.70345175564277
3.817262603184	0.70674342311641
3.817264262047	0.70837455000366
3.81726592091	0.71204977598884
3.817267579773	0.71817637123935
3.817269238636	0.72343931914356
3.817270897499	0.72818366150757
3.817272556362	0.73118184433965
3.817274215225	0.73372990617911
3.8172758740881	0.73819053759064
3.8172775329511	0.74296656985831
3.8172791918141	0.74931209288117
3.8172808506771	0.75492740097727
3.8172825095401	0.75889136676686
3.8172841684031	0.76166639492287
3.8172858272661	0.76313983224302
3.8172874861291	0.76367714180557
3.8172891449921	0.76370666671854
3.8172908038551	0.76320303181252
3.8172924627181	0.76258185661659
3.8172941215811	0.7597591969493
3.8172957804441	0.75676501848946
3.8172974393071	0.7529914889888
3.8172990981701	0.74903239925843
3.8173007570331	0.74470227639343
3.8173024158961	0.74307390313105
3.8173040747591	0.74409345061642
3.8173057336221	0.74716246121306
3.8173073924852	0.75121031407494
3.8173090513482	0.76183699095541
3.8173107102112	0.7736774590996
3.8173123690742	0.78743151057797
3.8173140279372	0.80118506320317
3.8173156868002	0.81493652803058
3.8173173456632	0.82660867527894
3.8173190045262	0.83466531771523
3.8173206633892	0.8384680727052
3.8173223222522	0.83861144673905
3.8173239811152	0.84111819791819
3.8173256399782	0.8445894480346
3.8173272988412	0.84195620609306
3.8173289577042	0.83883677296358
3.8173306165672	0.84120181238408
3.8173322754302	0.84456223192394
3.8173339342932	0.84899594261049
3.8173355931562	0.8530809550482
3.8173372520192	0.85714179898478
3.8173389108822	0.86119794312822
3.8173405697453	0.86383408442089
3.8173422286083	0.86613050272485
3.8173438874713	0.86847410923555
3.8173455463343	0.8708312723034
3.8173472051973	0.87466463079903
3.8173488640603	0.87899836932096
3.8173505229233	0.88349303212221
3.8173521817863	0.8880512249546
3.8173538406493	0.89012539819055
3.8173554995123	0.89106892622086
3.8173571583753	0.89332991720033
3.8173588172383	0.89627691803959
3.8173604761013	0.89917239331462
3.8173621349643	0.90203735604688
3.8173637938273	0.9009441017178
3.8173654526903	0.89719796422495
3.8173671115533	0.89671145314246
3.8173687704163	0.89868965548279
3.8173704292793	0.89963335205433
3.8173720881424	0.89969692955997
3.8173737470054	0.90018741343507
3.8173754058684	0.90108593687028
3.8173770647314	0.90136600021323
3.8173787235944	0.90098251263244
3.8173803824574	0.89906045136114
3.8173820413204	0.89528553353117
3.8173837001834	0.89507252969459
3.8173853590464	0.89967835496496
3.8173870179094	0.90282978920181
3.8173886767724	0.90376748202524
3.8173903356354	0.90555673504498
3.8173919944984	0.90880775367381
3.8173936533614	0.91006697319461
3.8173953122244	0.9074567152603
3.8173969710874	0.90611566961814
3.8173986299504	0.90757768909688
3.8174002888134	0.90955756207192
3.8174019476764	0.91284522959189
3.8174036065395	0.91584900861084
3.8174052654025	0.91802675317958
3.8174069242655	0.91877228216568
3.8174085831285	0.91466802501952
3.8174102419915	0.91267789990909
3.8174119008545	0.91912655262196
3.8174135597175	0.92495240061091
3.8174152185805	0.92779646515051
3.8174168774435	0.92978081732724
3.8174185363065	0.92671218078649
3.8174201951695	0.92386284042646
3.8174218540325	0.92265081745994
3.8174235128955	0.92150741704046
3.8174251717585	0.92105009413945
3.8174268306215	0.92037841552107
3.8174284894845	0.91656721194558
3.8174301483475	0.91287734199091
3.8174318072105	0.91234595814513
3.8174334660735	0.91184344194396
3.8174351249365	0.91413930585621
3.8174367837996	0.91643516976845
3.8174384426626	0.92559988927979
3.8174401015256	0.93487968696735
3.8174417603886	0.93454276689775
3.8174434192516	0.93377342890491
3.8174450781146	0.93053194827213
3.8174467369776	0.9271059695288
3.8174483958406	0.93586538601886
3.8174500547036	0.94591480458967
3.8174517135666	0.9449812538141
3.8174533724296	0.94252277745695
3.8174550312926	0.94573801580547
3.8174566901556	0.94993858407749
3.8174583490186	0.94853216632819
3.8174600078816	0.94594556066356
3.8174616667446	0.94412960446909
3.8174633256076	0.94250595675171
3.8174649844706	0.94071702020213
3.8174666433336	0.93887998871844
3.8174683021967	0.93959614334526
3.8174699610597	0.94116764202298
3.8174716199227	0.94176349294177
3.8174732787857	0.94198667195937
3.8174749376487	0.94087887900151
3.8174765965117	0.9391961025756
3.8174782553747	0.93736963742686
3.8174799142377	0.93547338737359
3.8174815731007	0.93457269711263
3.8174832319637	0.93421268893602
3.8174848908267	0.92898132046763
3.8174865496897	0.92080330465312
3.8174882085527	0.91688062559147
3.8174898674157	0.9158152739243
3.8174915262787	0.91727396824324
3.8174931851417	0.92060903310358
3.8174948440047	0.92814245610085
3.8174965028677	0.93912418813546
3.8174981617307	0.9457985140076
3.8174998205938	0.94856926952385
3.8175014794568	0.94910733705126
3.8175031383198	0.94741480194709
3.8175047971828	0.94872376157076
3.8175064560458	0.95333621112212
3.8175081149088	0.95563868261176
3.8175097737718	0.95514015299516
3.8175114326348	0.95548946246736
3.8175130914978	0.95697181010444
3.8175147503608	0.95351629438066
3.8175164092238	0.94278210941213
3.8175180680868	0.93637435718437
3.8175197269498	0.93701134511703
3.8175213858128	0.93659803112256
3.8175230446758	0.93429206969455
3.8175247035388	0.931968917996
3.8175263624018	0.92961140171431
3.8175280212648	0.92515007314153
3.8175296801278	0.91600870662474
3.8175313389909	0.90876717811631
3.8175329978539	0.90624775888653
3.8175346567169	0.90284922524215
3.8175363155799	0.8969974908173
3.8175379744429	0.88921088199875
3.8175396333059	0.8753247871292
3.8175412921689	0.85832196457963
3.8175429510319	0.83013961047263
3.8175446098949	0.80165816547657
3.8175462687579	0.77194429284224
3.8175479276209	0.74542640766693
3.8175495864839	0.73422217100879
3.8175512453469	0.72720514239588
3.8175529042099	0.74387532043676
3.8175545630729	0.76130862589217
3.8175562219359	0.7839471262198
3.8175578807989	0.80762398818457
3.8175595396619	0.84009134339251
3.8175611985249	0.87107952046703
3.8175628573879	0.88583657340704
3.817564516251	0.90024905826654
3.817566175114	0.90940996112572
3.817567833977	0.91842214211988
3.81756949284	0.92383871573787
3.817571151703	0.92927641701979
3.817572810566	0.93586927087954
3.817574469429	0.9424621247393
3.817576128292	0.94166828921928
3.817577787155	0.94084760643039
3.817579446018	0.93426728564273
3.817581104881	0.92753862203974
3.817582763744	0.92487760203083
3.817584422607	0.92241477821886
3.81758608147	0.91612314403179
3.817587740333	0.90955339595331
3.817589399196	0.90139450436216
3.817591058059	0.89308074384999
3.817592716922	0.88359312893284
3.817594375785	0.87396074628475
3.8175960346481	0.87205368176694
3.8175976935111	0.87130790669054
3.8175993523741	0.87942603676812
3.8176010112371	0.88912552912976
3.8176026701001	0.88969657084869
3.8176043289631	0.88837114721708
3.8176059878261	0.89031540585105
3.8176076466891	0.89303913632939
3.8176093055521	0.89526707232576
3.8176109644151	0.89736090800995
3.8176126232781	0.89754188228926
3.8176142821411	0.89714141114039
3.8176159410041	0.89597087473862
3.8176175998671	0.89453920948895
3.8176192587301	0.89262532013022
3.8176209175931	0.89053011537646
3.8176225764561	0.88855943733314
3.8176242353191	0.88664039274883
3.8176258941821	0.88741147604372
3.8176275530452	0.88940739612164
3.8176292119082	0.88942381613141
3.8176308707712	0.8884542810632
3.8176325296342	0.87943220339965
3.8176341884972	0.86603581172233
3.8176358473602	0.86330036427298
3.8176375062232	0.86686257006682
3.8176391650862	0.86725834764166
3.8176408239492	0.86562449927261
3.8176424828122	0.86230580669846
3.8176441416752	0.85781741118796
3.8176458005382	0.85484579698926
3.8176474594012	0.85301261054944
3.8176491182642	0.85117415769401
3.8176507771272	0.84933143683629
3.8176524359902	0.84889123710735
3.8176540948532	0.84967690731576
3.8176557537162	0.8582318885445
3.8176574125792	0.87410518929049
3.8176590714422	0.88485851538659
3.8176607303053	0.89041889180259
3.8176623891683	0.89315329593613
3.8176640480313	0.89280250450166
3.8176657068943	0.89993692713868
3.8176673657573	0.91586612153837
3.8176690246203	0.92133727009628
3.8176706834833	0.91358760675578
3.8176723423463	0.90525429601504
3.8176740012093	0.89612693151567
3.8176756600723	0.89054031795861
3.8176773189353	0.89013937691395
3.8176789777983	0.89365271447049
3.8176806366613	0.90334018483735
3.8176822955243	0.91422196369839
3.8176839543873	0.92713433375259
3.8176856132503	0.9369555125975
3.8176872721133	0.94110642525776
3.8176889309763	0.94302663134203
3.8176905898393	0.940527241624
3.8176922487024	0.94188494833857
3.8176939075654	0.95150957330091
3.8176955664284	0.95470823278734
3.8176972252914	0.94298550692769
3.8176988841544	0.93606652850202
3.8177005430174	0.94125858518399
3.8177022018804	0.94329068722614
3.8177038607434	0.93665080373292
3.8177055196064	0.93316125906456
3.8177071784694	0.93910674196641
3.8177088373324	0.94310657760199
3.8177104961954	0.94072524976287
3.8177121550584	0.93808976134415
3.8177138139214	0.93453793393909
3.8177154727844	0.93348656467749
3.8177171316474	0.94239269373173
3.8177187905104	0.94928720057208
3.8177204493734	0.94728785205548
3.8177221082364	0.94312210342379
3.8177237670995	0.92825073586141
3.8177254259625	0.91673115914881
3.8177270848255	0.92387030821829
3.8177287436885	0.93025529960522
3.8177304025515	0.931863600855
3.8177320614145	0.93278346268001
3.8177337202775	0.92868157327206
3.8177353791405	0.92487633697846
3.8177370380035	0.92360222502549
3.8177386968665	0.92307798740913
3.8177403557295	0.93019310744842
3.8177420145925	0.93677143070645
3.8177436734555	0.93662852332499
3.8177453323185	0.93621302795153
3.8177469911815	0.93142382121802
3.8177486500445	0.92659424215358
3.8177503089075	0.92087718091562
3.8177519677705	0.91554698516105
3.8177536266335	0.92340881195356
3.8177552854965	0.93121967587406
3.8177569443596	0.9353243197723
3.8177586032226	0.93942896367053
3.8177602620856	0.94194846225837
3.8177619209486	0.94446601351004
3.8177635798116	0.94514447202426
3.8177652386746	0.94579324862484
3.8177668975376	0.93545893343706
3.8177685564006	0.92477974946255
3.8177702152636	0.91409107387131
3.8177718741266	0.90340195279842
3.8177735329896	0.89007450827498
3.8177751918526	0.87658128190895
3.8177768507156	0.86403756967731
3.8177785095786	0.85156898071247
3.8177801684416	0.82004789832725
3.8177818273046	0.78670357234706
3.8177834861676	0.76840080610747
3.8177851450306	0.75179282537963
3.8177868038936	0.74618655318414
3.8177884627567	0.74201064920515
3.8177901216197	0.75819121298584
3.8177917804827	0.77737998795321
3.8177934393457	0.80849170604169
3.8177950982087	0.84158108056225
3.8177967570717	0.86836088217336
3.8177984159347	0.89397714146396
3.8178000747977	0.91728496991002
3.8178017336607	0.94012324133176
3.8178033925237	0.94963031845473
3.8178050513867	0.95616762744161
3.8178067102497	0.95644811312564
3.8178083691127	0.95521061096188
3.8178100279757	0.95817572458314
3.8178116868387	0.96224569545052
3.8178133457017	0.95179748807314
3.8178150045647	0.93723145105473
3.8178166634277	0.93426590594726
3.8178183222907	0.9348373285781
3.8178199811538	0.94530694865167
3.8178216400168	0.95900904603363
3.8178232988798	0.96571841607885
3.8178249577428	0.96998817656483
3.8178266166058	0.96496544904696
3.8178282754688	0.95648946573933
3.8178299343318	0.95308022780201
3.8178315931948	0.95167172166368
3.8178332520578	0.94920233278079
3.8178349109208	0.94628870655254
3.8178365697838	0.94452260657615
3.8178382286468	0.94326504553229
3.8178398875098	0.94357803651051
3.8178415463728	0.94462640573135
3.8178432052358	0.94426217898506
3.8178448640988	0.94320029601066
3.8178465229618	0.93171817271806
3.8178481818248	0.91481706519828
3.8178498406878	0.915168536196
3.8178514995509	0.92495727352412
3.8178531584139	0.93548304658646
3.8178548172769	0.94643225304921
3.8178564761399	0.94472700080315
3.8178581350029	0.93539411661828
3.8178597938659	0.93472625772079
3.8178614527289	0.9395320035632
3.8178631115919	0.94160874262722
3.8178647704549	0.94188076945694
3.8178664293179	0.93496867804817
3.8178680881809	0.92308698572557
3.8178697470439	0.908529877024
3.8178714059069	0.89203895944255
3.8178730647699	0.8711585014463
3.8178747236329	0.84696510763214
3.8178763824959	0.81309201401096
3.8178780413589	0.77159554367806
3.8178797002219	0.7453256930058
3.8178813590849	0.73155788396141
3.8178830179479	0.73521963479436
3.817884676811	0.75379269839157
3.817886335674	0.77734717319887
3.817887994537	0.80533918304707
3.8178896534	0.83271538517545
3.817891312263	0.85952065031861
3.817892971126	0.88123770006073
3.817894629989	0.89804869482738
3.817896288852	0.91930975778395
3.817897947715	0.94503128601118
3.817899606578	0.95831291860815
3.817901265441	0.95863937984922
3.817902924304	0.95766276256504
3.817904583167	0.95527689483813
3.81790624203	0.95150898651759
3.817907900893	0.94618944834137
3.817909559756	0.94343850529266
3.817911218619	0.94367991146868
3.817912877482	0.9376928525608
3.817914536345	0.92417993808267
3.8179161952081	0.91483100239118
3.8179178540711	0.91069916671744
3.8179195129341	0.90359315437166
3.8179211717971	0.89262534968905
3.8179228306601	0.87697812695395
3.8179244895231	0.85503556825388
3.8179261483861	0.82731397002403
3.8179278072491	0.79153992722104
3.8179294661121	0.76213120108008
3.8179311249751	0.74190696116192
3.8179327838381	0.72457279080254
3.8179344427011	0.71155538826862
3.8179361015641	0.71034005703488
3.8179377604271	0.72736408670639
3.8179394192901	0.75124730395092
3.8179410781531	0.78609865241013
3.8179427370161	0.81763413831055
3.8179443958791	0.84368610552942
3.8179460547421	0.86664074412089
3.8179477136052	0.88429877674883
3.8179493724682	0.89645560547393
3.8179510313312	0.89888740918617
3.8179526901942	0.90123907840071
3.8179543490572	0.9034443435789
3.8179560079202	0.90298500595579
3.8179576667832	0.89749502704872
3.8179593256462	0.89814960057238
3.8179609845092	0.91078661570158
3.8179626433722	0.91940092818931
3.8179643022352	0.91991310900984
3.8179659610982	0.91812244271404
3.8179676199612	0.91154174164934
3.8179692788242	0.90883225749227
3.8179709376872	0.91443511247297
3.8179725965502	0.91748398783561
3.8179742554132	0.91487223616938
3.8179759142762	0.91383501466718
3.8179775731392	0.91639909883515
3.8179792320022	0.91810506117634
3.8179808908653	0.91778609294241
3.8179825497283	0.91567214540651
3.8179842085913	0.90918855180701
3.8179858674543	0.90274974258624
3.8179875263173	0.89642335371943
3.8179891851803	0.89231133725396
3.8179908440433	0.89393089372331
3.8179925029063	0.89291541712105
3.8179941617693	0.88486777912765
3.8179958206323	0.88133701847057
3.8179974794953	0.89022907499455
3.8179991383583	0.89867696101472
3.8180007972213	0.9058659708617
3.8180024560843	0.91019805360326
3.8180041149473	0.90618821223235
3.8180057738103	0.8994495450259
3.8180074326733	0.88450442473118
3.8180090915363	0.87471184249459
3.8180107503993	0.88087739324147
3.8180124092624	0.88362379342789
3.8180140681254	0.87546750417368
3.8180157269884	0.87110367513896
3.8180173858514	0.8791866996275
3.8180190447144	0.88631958802223
3.8180207035774	0.89024391157272
3.8180223624404	0.89442216063605
3.8180240213034	0.89948242350747
3.8180256801664	0.9034220359409
3.8180273390294	0.90335818604528
3.8180289978924	0.90366307048124
3.8180306567554	0.90532228165408
3.8180323156184	0.90560515936044
3.8180339744814	0.90069264390127
3.8180356333444	0.89719439778515
3.8180372922074	0.89918208717996
3.8180389510704	0.89791350966222
3.8180406099334	0.88367043822935
3.8180422687964	0.87477308935197
3.8180439276595	0.88774570442242
3.8180455865225	0.89866915066223
3.8180472453855	0.90098858944395
3.8180489042485	0.90246855390864
3.8180505631115	0.90033265279968
3.8180522219745	0.89868892386353
3.8180538808375	0.89921944151896
3.8180555397005	0.90047182937217
3.8180571985635	0.90499326178168
3.8180588574265	0.91079392822279
3.8180605162895	0.92253004457716
3.8180621751525	0.93375688313147
3.8180638340155	0.94256335632585
3.8180654928785	0.95016085445998
3.8180671517415	0.95187810326682
3.8180688106045	0.9531445189945
3.8180704694675	0.95216753783662
3.8180721283305	0.95099359919305
3.8180737871935	0.94881729262277
3.8180754460566	0.94691992558553
3.8180771049196	0.9464730600895
3.8180787637826	0.94579643258695
3.8180804226456	0.94389949826067
3.8180820815086	0.94335289981091
3.8180837403716	0.95012619493304
3.8180853992346	0.95780478569666
3.8180870580976	0.97048833944927
3.8180887169606	0.97800304793955
3.8180903758236	0.95639633555227
3.8180920346866	0.93857463045885
3.8180936935496	0.94247382963165
3.8180953524126	0.94624294551477
3.8180970112756	0.94925232885448
3.8180986701386	0.95053800634812
3.8181003290016	0.94158717338491
3.8181019878646	0.9336053626524
3.8181036467276	0.93146982913967
3.8181053055906	0.93069632192962
3.8181069644536	0.93826586140224
3.8181086233167	0.94600918285476
3.8181102821797	0.95483224668404
3.8181119410427	0.96271842134636
3.8181135999057	0.96470599269455
3.8181152587687	0.96502725592601
3.8181169176317	0.95472866983164
3.8181185764947	0.94571496610329
3.8181202353577	0.94498490705872
3.8181218942207	0.94545678752514
3.8181235530837	0.95375883218313
3.8181252119467	0.95939908297591
3.8181268708097	0.94753615041187
3.8181285296727	0.93755617238825
3.8181301885357	0.94006011604737
3.8181318473987	0.94385337337443
3.8181335062617	0.95625847537727
3.8181351651247	0.96545769438353
3.8181368239877	0.95310874091784
3.8181384828507	0.94298138685482
3.8181401417138	0.94786281364206
3.8181418005768	0.9529703356714
3.8181434594398	0.95961132277984
3.8181451183028	0.9649170044251
3.8181467771658	0.96114140118398
3.8181484360288	0.95738067452691
3.8181500948918	0.95372131267626
3.8181517537548	0.95238595048643
3.8181534126178	0.96689637968573
3.8181550714808	0.97758131809333
3.8181567303438	0.96219663329719
3.8181583892068	0.94893125660834
3.8181600480698	0.95008844666117
3.8181617069328	0.95040003161018
3.8181633657958	0.94497388307608
3.8181650246588	0.93924484383136
3.8181666835218	0.93146832897121
3.8181683423848	0.92629137991239
3.8181700012478	0.93860614471156
3.8181716601109	0.94906817127027
3.8181733189739	0.94713991203293
3.8181749778369	0.94556455489704
3.8181766366999	0.94633292445172
3.8181782955629	0.94602811791289
3.8181799544259	0.93865586921785
3.8181816132889	0.93154420286566
3.8181832721519	0.92613347968933
3.8181849310149	0.92347868442647
3.8181865898779	0.93862872918652
3.8181882487409	0.94953320200521
3.8181899076039	0.93331918294375
3.8181915664669	0.92240511350771
3.8181932253299	0.94493763823513
3.8181948841929	0.96183824460328
3.8181965430559	0.94366024465885
3.8181982019189	0.93024991439049
3.8181998607819	0.94612890200698
3.8182015196449	0.95937294269896
3.8182031785079	0.95667185021369
3.818204837371	0.95393346585763
3.818206496234	0.95097292508619
3.818208155097	0.94896270346742
3.81820981396	0.95252059725138
3.818211472823	0.95402508792932
3.818213131686	0.94370660081306
3.818214790549	0.93528285518037
3.818216449412	0.93757062137005
3.818218108275	0.94042473234125
3.818219767138	0.94642088598419
3.818221426001	0.95145443720774
3.818223084864	0.95125116406419
3.818224743727	0.95074631198105
3.81822640259	0.94863383121418
3.818228061453	0.94459403954956
3.818229720316	0.93049447630048
3.818231379179	0.92138799805736
3.818233038042	0.93779002310078
3.818234696905	0.95182117991424
3.8182363557681	0.95400515904687
3.8182380146311	0.95473846916195
3.8182396734941	0.94838592190721
3.8182413323571	0.94366733053994
3.8182429912201	0.94674558733727
3.8182446500831	0.9485077906926
3.8182463089461	0.94413694544802
3.8182479678091	0.94064456853328
3.8182496266721	0.94114699415228
3.8182512855351	0.9421500745251
3.8182529443981	0.94537423133984
3.8182546032611	0.94785735500708
3.8182562621241	0.94713494125486
3.8182579209871	0.9461986421811
3.8182595798501	0.94436038448421
3.8182612387131	0.94305924769112
3.8182628975761	0.94396464137134
3.8182645564391	0.94478298025926
3.8182662153021	0.94525299494462
3.8182678741652	0.9442038813621
3.8182695330282	0.93723701086206
3.8182711918912	0.93274659092377
3.8182728507542	0.93764682912716
3.8182745096172	0.93567668603486
3.8182761684802	0.90836224876917
3.8182778273432	0.89326864974327
3.8182794862062	0.92202589904189
3.8182811450692	0.9439359446365
3.8182828039322	0.94195604370873
3.8182844627952	0.93821427028743
3.8182861216582	0.92849725694953
3.8182877805212	0.92243476159495
3.8182894393842	0.92841837816136
3.8182910982472	0.93428621413972
3.8182927571102	0.93978332142964
3.8182944159732	0.9469287228417
3.8182960748362	0.95920065820443
3.8182977336992	0.96824202647474
3.8182993925622	0.96752654321428
3.8183010514253	0.966969283247
3.8183027102883	0.96687601659062
3.8183043691513	0.96620084993352
3.8183060280143	0.96386957419465
3.8183076868773	0.96057711455827
3.8183093457403	0.95462992931955
3.8183110046033	0.94506636087542
3.8183126634663	0.9258123097117
3.8183143223293	0.91026276937708
3.8183159811923	0.90434148236277
3.8183176400553	0.89774618489712
3.8183192989183	0.88945184621515
3.8183209577813	0.88813413802545
3.8183226166443	0.90386583926639
3.8183242755073	0.91228975940244
3.8183259343703	0.9034015159409
3.8183275932333	0.89268723389636
3.8183292520963	0.87778048267989
3.8183309109593	0.86385094306099
3.8183325698224	0.85209568554411
3.8183342286854	0.83825014231013
3.8183358875484	0.81989942856053
3.8183375464114	0.80423949992508
3.8183392052744	0.79419695679501
3.8183408641374	0.78902332118336
3.8183425230004	0.79369266118816
3.8183441818634	0.80279502947988
3.8183458407264	0.82057348961377
3.8183474995894	0.84062676930329
3.8183491584524	0.86498991189849
3.8183508173154	0.88683902726663
3.8183524761784	0.90407933980349
3.8183541350414	0.91961938360276
3.8183557939044	0.93214367232948
3.8183574527674	0.93206379687073
3.8183591116304	0.91036008811567
3.8183607704934	0.89764767437449
3.8183624293564	0.89985397772785
3.8183640882195	0.90512802957127
3.8183657470825	0.91532268995404
3.8183674059455	0.92647140315479
3.8183690648085	0.93909923642637
3.8183707236715	0.94323097596391
3.8183723825345	0.93463511469836
3.8183740413975	0.93263113443112
3.8183757002605	0.94016592576368
3.8183773591235	0.94378241025767
3.8183790179865	0.94192290248489
3.8183806768495	0.94175374882125
3.8183823357125	0.94386494040178
3.8183839945755	0.94299269562602
3.8183856534385	0.93823616714228
3.8183873123015	0.93613900271616
3.8183889711645	0.93738208190876
3.8183906300275	0.9385168389085
3.8183922888905	0.93952039056405
3.8183939477535	0.93915752971834
3.8183956066166	0.93719901511649
3.8183972654796	0.93541485590781
3.8183989243426	0.93382690861378
3.8184005832056	0.92899711278079
3.8184022420686	0.92065375431349
3.8184039009316	0.90549108960157
3.8184055597946	0.88321154865032
3.8184072186576	0.8812771315695
3.8184088775206	0.89977487870538
3.8184105363836	0.9174517583461
3.8184121952466	0.93433564607109
3.8184138541096	0.93832554299557
3.8184155129726	0.93034223641029
3.8184171718356	0.92798294675391
3.8184188306986	0.93064138100773
3.8184204895616	0.93144411921132
3.8184221484246	0.93065710482585
3.8184238072876	0.93409373810882
3.8184254661506	0.94100294484236
3.8184271250136	0.94145525972046
3.8184287838767	0.93681638199268
3.8184304427397	0.93272428578322
3.8184321016027	0.92904527814099
3.8184337604657	0.92411426361417
3.8184354193287	0.91827753861534
3.8184370781917	0.91324235200469
3.8184387370547	0.90876199300866
3.8184403959177	0.90474988240731
3.8184420547807	0.90104757836278
3.8184437136437	0.89731215384833
3.8184453725067	0.89355580093808
3.8184470313697	0.88478812255047
3.8184486902327	0.87299938663159
3.8184503490957	0.8712255703644
3.8184520079587	0.87520519765291
3.8184536668217	0.88338931377803
3.8184553256847	0.89387241444284
3.8184569845477	0.90198449783028
3.8184586434107	0.90886403802313
3.8184603022738	0.91656217000079
3.8184619611368	0.924664208721
3.8184636199998	0.92795197047939
3.8184652788628	0.92898811971369
3.8184669377258	0.93162828101502
3.8184685965888	0.93497832099972
3.8184702554518	0.93737644597183
3.8184719143148	0.93937658499929
3.8184735731778	0.93997556028322
3.8184752320408	0.94002234644627
3.8184768909038	0.93345907339823
3.8184785497668	0.92444533608575
3.8184802086298	0.93097753141035
3.8184818674928	0.94291766665871
3.8184835263558	0.94474613016655
