6545.052115 0.990831
6545.099341 0.987895
6545.146564 0.975816
6545.193784 0.975928
6545.241001 0.96673
6545.288216 0.971249
6545.335427 0.986535
6545.382635 0.98486
6545.42984 0.981252
6545.477042 0.97283
6545.524241 0.973508
6545.571437 0.947308
6545.61863 0.894524
6545.66582 0.849194
6545.713007 0.785234
6545.760192 0.737975
6545.807373 0.700475
6545.854551 0.735155
6545.901726 0.803297
6545.948898 0.884678
6545.996067 0.936717
6546.043233 0.965946
6546.090396 0.977279
6546.137557 0.979239
6546.184714 0.988005
6546.231868 0.982028
6546.279019 0.976393
6546.326167 0.969847
6546.373312 0.963241
6546.420454 0.946894
6546.467594 0.947236
6546.51473 0.93381
6546.561863 0.944199
6546.608993 0.938758
6546.65612 0.945369
6546.703244 0.941364
6546.750365 0.92926
6546.797483 0.908754
6546.844598 0.931597
6546.891711 0.915715
6546.93882 0.917159
6546.985926 0.917372
6547.033029 0.911921
6547.080129 0.911843
6547.127226 0.912662
6547.17432 0.911881
6547.221411 0.914728
6547.268499 0.917053
6547.315584 0.914442
6547.362666 0.927239
6547.409745 0.937008
6547.456821 0.939986
6547.503894 0.942034
6547.550964 0.942057
6547.598031 0.936911
6547.645095 0.929111
6547.692156 0.930432
6547.739214 0.937656
6547.786269 0.945738
6547.833321 0.950461
6547.88037 0.964646
6547.927416 0.961591
6547.974459 0.968136
6548.021499 0.976952
6548.068536 0.980859
6548.11557 0.982801
6548.162601 0.989587
6548.209629 0.994872
6548.256654 1.004013
6548.303675 0.984055
6548.350694 0.982941
6548.39771 0.977977
6548.444723 0.978868
6548.491733 0.967082
6548.53874 0.958702
6548.585743 0.949534
6548.632744 0.94206
6548.679742 0.951686
6548.726737 0.975949
6548.773728 0.984251
6548.820717 0.9791
6548.867703 0.975812
6548.914685 0.989454
6548.961665 0.980732
6549.008642 0.977342
6549.055615 0.976357
6549.102586 0.977653
6549.149553 0.978303
6549.196518 0.975538
6549.24348 0.977466
6549.290438 0.982322
6549.337394 0.976279
6549.384346 0.986374
6549.431296 0.983749
6549.478242 0.977749
6549.525186 0.975311
6549.572126 0.971692
6549.619063 0.976452
6549.665998 0.976651
6549.712929 0.960502
6549.759857 0.958419
6549.806783 0.949483
6549.853705 0.956174
6549.900624 0.965185
6549.94754 0.978117
6549.994454 0.981165
6550.041364 0.986293
6550.088271 0.983037
6550.135175 0.981467
6550.182076 0.957814
6550.228975 0.968786
6550.27587 0.970025
6550.322762 0.982655
6550.369651 0.965016
6550.416537 0.95954
6550.46342 0.950457
6550.5103 0.956966
6550.557177 0.974422
6550.60405 0.974417
6550.650921 0.983135
6550.697789 0.986724
6550.744654 0.984674
6550.791516 0.970263
6550.838375 0.981492
6550.88523 0.968401
6550.932083 0.953901
6550.978933 0.947936
6551.025779 0.954116
6551.072623 0.934909
6551.119464 0.925587
6551.166301 0.905968
6551.213136 0.884782
6551.259967 0.896709
6551.306796 0.933203
6551.353621 0.962299
6551.400444 0.963119
6551.447263 0.986297
6551.494079 0.973237
6551.540893 0.976329
6551.587703 0.976194
6551.63451 0.974505
6551.681315 0.977279
6551.728116 0.977046
6551.774914 0.966749
6551.821709 0.964206
6551.868501 0.963484
6551.91529 0.963816
6551.962076 0.954893
6552.008859 0.950258
6552.055639 0.946623
6552.102416 0.95477
6552.14919 0.946875
6552.195961 0.938531
6552.242729 0.950676
6552.289493 0.963082
6552.336255 0.964074
6552.383014 0.955381
6552.42977 0.964182
6552.476522 0.950962
6552.523272 0.941689
6552.570018 0.936239
6552.616762 0.933994
6552.663502 0.942352
6552.71024 0.946651
6552.756974 0.948373
6552.803706 0.96397
6552.850434 0.960121
6552.897159 0.968892
6552.943881 0.962937
6552.990601 0.968244
6553.037317 0.975762
6553.08403 0.968394
6553.13074 0.975592
6553.177447 0.969613
6553.224151 0.975876
6553.270852 0.969432
6553.31755 0.968607
6553.364245 0.956624
6553.410937 0.953164
6553.457626 0.948892
6553.504311 0.971602
6553.550994 0.965942
6553.597674 0.953732
6553.64435 0.928274
6553.691024 0.887858
6553.737694 0.852576
6553.784362 0.833495
6553.831026 0.865061
6553.877688 0.89522
6553.924346 0.927589
6553.971001 0.948147
6554.017654 0.953918
6554.064303 0.962549
6554.110949 0.966162
6554.157592 0.968543
6554.204232 0.960309
6554.250869 0.963658
6554.297503 0.955009
6554.344134 0.942786
6554.390762 0.943454
6554.437387 0.945221
6554.484008 0.954528
6554.530627 0.948972
6554.577243 0.949693
6554.623856 0.952998
6554.670465 0.930974
6554.717072 0.933345
6554.763675 0.935679
6554.810276 0.93783
6554.856873 0.9204
6554.903467 0.915596
6554.950058 0.879393
6554.996647 0.860916
6555.043232 0.850748
6555.089814 0.869801
6555.136393 0.893897
6555.182969 0.906762
6555.229542 0.924148
6555.276112 0.930478
6555.322679 0.927074
6555.369243 0.913366
6555.415803 0.905731
6555.462361 0.896396
6555.508916 0.862077
6555.555467 0.831789
6555.602016 0.802311
6555.648561 0.804222
6555.695104 0.842884
6555.741643 0.889034
6555.788179 0.925049
6555.834712 0.936025
6555.881243 0.950237
6555.92777 0.939292
6555.974294 0.933989
6556.020815 0.950739
6556.067333 0.957397
6556.113848 0.943609
6556.160359 0.933496
6556.206868 0.916105
6556.253374 0.893961
6556.299877 0.867985
6556.346376 0.874068
6556.392873 0.878475
6556.439366 0.898813
6556.485856 0.925011
6556.532344 0.934549
6556.578828 0.936245
6556.625309 0.941738
6556.671787 0.937005
6556.718263 0.941494
6556.764735 0.941255
6556.811204 0.949051
6556.857669 0.948677
6556.904132 0.944025
6556.950592 0.927534
6556.997049 0.93761
6557.043502 0.932333
6557.089953 0.92583
6557.136401 0.927017
6557.182845 0.928582
6557.229286 0.933484
6557.275725 0.937497
6557.32216 0.935054
6557.368592 0.933082
6557.415021 0.933521
6557.461447 0.928461
6557.50787 0.92824
6557.55429 0.909759
6557.600707 0.89659
6557.647121 0.882801
6557.693532 0.888374
6557.739939 0.901675
6557.786344 0.899567
6557.832745 0.920902
6557.879144 0.936957
6557.925539 0.93928
6557.971932 0.927607
6558.018321 0.9239
6558.064707 0.921208
6558.11109 0.922386
6558.15747 0.931476
6558.203847 0.939133
6558.250221 0.943881
6558.296592 0.944575
6558.342959 0.924654
6558.389324 0.93037
6558.435686 0.930329
6558.482044 0.932212
6558.5284 0.93409
6558.574752 0.934148
6558.621101 0.943003
6558.667448 0.945828
6558.713791 0.940606
6558.760131 0.940429
6558.806468 0.937221
6558.852802 0.935823
6558.899133 0.931425
6558.94546 0.916092
6558.991785 0.89748
6559.038107 0.871857
6559.084425 0.841764
6559.130741 0.834852
6559.177053 0.836224
6559.223363 0.866463
6559.269669 0.88163
6559.315972 0.900774
6559.362272 0.91132
6559.408569 0.918158
6559.454863 0.923099
6559.501154 0.917041
6559.547442 0.925301
6559.593726 0.914162
6559.640008 0.907098
6559.686286 0.892274
6559.732562 0.886464
6559.778834 0.876728
6559.825104 0.874121
6559.87137 0.876758
6559.917633 0.882487
6559.963893 0.878744
6560.01015 0.855794
6560.056404 0.839825
6560.102655 0.814854
6560.148902 0.808583
6560.195147 0.816602
6560.241389 0.827015
6560.287627 0.842203
6560.333862 0.858252
6560.380095 0.867862
6560.426324 0.871176
6560.47255 0.87537
6560.518773 0.861115
6560.564993 0.859814
6560.61121 0.860586
6560.657424 0.864187
6560.703635 0.859091
6560.749842 0.862492
6560.796047 0.857245
6560.842248 0.851745
6560.888446 0.854282
6560.934642 0.856204
6560.980834 0.858198
6561.027023 0.855655
6561.073209 0.842554
6561.119392 0.839181
6561.165572 0.842933
6561.211749 0.83272
6561.257922 0.823123
6561.304093 0.823565
6561.35026 0.808878
6561.396425 0.795504
6561.442586 0.780445
6561.488744 0.759553
6561.534899 0.741866
6561.581051 0.717884
6561.6272 0.701048
6561.673346 0.667833
6561.719489 0.636334
6561.765629 0.603874
6561.811765 0.586402
6561.857899 0.556275
6561.904029 0.527604
6561.950156 0.505491
6561.99628 0.489205
6562.042402 0.472575
6562.08852 0.459267
6562.134635 0.444522
6562.180746 0.433169
6562.226855 0.43081
6562.272961 0.415792
6562.319063 0.404143
6562.365163 0.395193
6562.411259 0.389598
6562.457352 0.38063
6562.503442 0.377986
6562.54953 0.373095
6562.595613 0.372042
6562.641694 0.373867
6562.687772 0.369446
6562.733847 0.369681
6562.779918 0.375752
6562.825987 0.373009
6562.872052 0.384322
6562.918114 0.396538
6562.964174 0.404729
6563.01023 0.425293
6563.056283 0.456677
6563.102333 0.483318
6563.148379 0.508501
6563.194423 0.529379
6563.240464 0.54464
6563.286501 0.559583
6563.332535 0.579422
6563.378567 0.582539
6563.424595 0.580512
6563.47062 0.565171
6563.516642 0.562128
6563.562661 0.561314
6563.608677 0.563518
6563.654689 0.568038
6563.700699 0.587552
6563.746705 0.597671
6563.792709 0.616187
6563.838709 0.634066
6563.884706 0.642433
6563.9307 0.654547
6563.976691 0.651067
6564.022679 0.658904
6564.068663 0.661386
6564.114645 0.663163
6564.160624 0.661724
6564.206599 0.680932
6564.252571 0.686062
6564.29854 0.695531
6564.344506 0.706359
6564.390469 0.711517
6564.436429 0.722603
6564.482386 0.731769
6564.52834 0.738606
6564.57429 0.745689
6564.620238 0.748434
6564.666182 0.764733
6564.712123 0.77342
6564.758061 0.777718
6564.803996 0.776815
6564.849928 0.771122
6564.895857 0.765183
6564.941783 0.764915
6564.987705 0.751525
6565.033625 0.756359
6565.079541 0.759967
6565.125454 0.773942
6565.171364 0.801419
6565.217271 0.817912
6565.263175 0.832927
6565.309076 0.840318
6565.354974 0.843929
6565.400868 0.845186
6565.446759 0.839589
6565.492648 0.857391
6565.538533 0.864217
6565.584415 0.873626
6565.630294 0.883159
6565.67617 0.896326
6565.722043 0.889247
6565.767912 0.899852
6565.813779 0.906849
6565.859642 0.909083
6565.905502 0.909508
6565.95136 0.909627
6565.997214 0.912578
6566.043065 0.902606
6566.088912 0.913853
6566.134757 0.905235
6566.180599 0.902127
6566.226437 0.908458
6566.272272 0.908254
6566.318105 0.909674
6566.3598 0.909125
6566.410737 0.912985
6566.461671 0.920908
6566.512603 0.920459
6566.563532 0.920005
6566.614459 0.924171
6566.665383 0.930925
6566.716304 0.935873
6566.767222 0.926766
6566.818138 0.929704
6566.869051 0.925997
6566.919961 0.928636
6566.970868 0.917219
6567.021773 0.930785
6567.072675 0.936099
6567.123575 0.931478
6567.174472 0.933177
6567.225366 0.943403
6567.276257 0.952936
6567.327146 0.945657
6567.378032 0.956621
6567.428915 0.956956
6567.479796 0.9543
6567.530674 0.95499
6567.581549 0.956298
6567.632421 0.960048
6567.683291 0.948008
6567.734158 0.954274
6567.785023 0.96029
6567.835884 0.961283
6567.886743 0.966902
6567.9376 0.958393
6567.988453 0.957694
6568.039304 0.964215
6568.090152 0.958959
6568.140998 0.95292
6568.191841 0.952848
6568.242681 0.960859
6568.293518 0.963403
6568.344353 0.962938
6568.395185 0.953565
6568.446014 0.938065
6568.496841 0.92035
6568.547665 0.906322
6568.598486 0.889808
6568.649304 0.853364
6568.70012 0.795879
6568.750933 0.748901
6568.801744 0.75259
6568.852551 0.806366
6568.903356 0.867196
6568.954158 0.914383
6569.004958 0.954025
6569.055755 0.962154
6569.106549 0.954496
6569.15734 0.961244
6569.208129 0.954614
6569.258915 0.95187
6569.309698 0.947401
6569.360479 0.92949
6569.411257 0.923779
6569.462032 0.900484
6569.512804 0.897143
6569.563574 0.910919
6569.614341 0.919235
6569.665105 0.914117
6569.715867 0.917695
6569.766626 0.914522
6569.817382 0.927182
6569.868135 0.924547
6569.918886 0.924598
6569.969634 0.926102
6570.020379 0.928056
6570.071122 0.912631
6570.121862 0.890063
6570.172599 0.885485
6570.223334 0.877287
6570.274065 0.872604
6570.324794 0.870523
6570.375521 0.885431
6570.426244 0.903963
6570.476965 0.918671
6570.527683 0.931627
6570.578399 0.928184
6570.629112 0.916243
6570.679822 0.913615
6570.730529 0.919516
6570.781233 0.936983
6570.831935 0.953445
6570.882634 0.966937
6570.933331 0.965018
6570.984025 0.963045
6571.034716 0.969346
6571.085404 0.974387
6571.136089 0.969069
6571.186772 0.979087
6571.237452 0.977287
6571.28813 0.967466
6571.338804 0.970444
6571.389476 0.967135
6571.440145 0.967753
6571.490812 0.968797
6571.541476 0.96488
6571.592137 0.959595
6571.642795 0.960364
6571.693451 0.963462
6571.744104 0.957392
6571.794754 0.960051
6571.845401 0.962308
6571.896046 0.962472
6571.946688 0.972644
6571.997327 0.959189
6572.047964 0.949065
6572.098597 0.931827
6572.149228 0.919812
6572.199857 0.897106
6572.250482 0.837058
6572.301105 0.774771
6572.351725 0.753871
6572.402343 0.782549
6572.452958 0.840507
6572.50357 0.907122
6572.554179 0.954401
6572.604785 0.976715
6572.655389 0.984907
6572.70599 0.988463
6572.756588 0.986244
6572.807184 0.984331
6572.857777 0.982601
6572.908367 0.984502
6572.958954 0.982438
6573.009539 0.979773
6573.060121 0.978449
6573.1107 0.967277
6573.161277 0.977024
6573.21185 0.972742
6573.262421 0.961932
6573.31299 0.96753
6573.363555 0.961208
6573.414118 0.962155
6573.464678 0.961127
6573.515235 0.960441
6573.56579 0.948365
6573.616342 0.923225
6573.666891 0.882362
6573.717437 0.817383
6573.767981 0.77457
6573.818522 0.789371
6573.86906 0.851881
6573.919596 0.906168
6573.970128 0.946985
6574.020658 0.972775
6574.071185 0.984857
6574.12171 0.984646
6574.172232 0.987927
6574.222751 0.981565
6574.273267 0.969161
6574.32378 0.962694
6574.374291 0.946115
6574.424799 0.900862
6574.475305 0.843474
6574.525807 0.771832
6574.576307 0.740357
6574.626804 0.777168
6574.677298 0.816089
6574.72779 0.869545
6574.778279 0.890088
6574.828765 0.896946
6574.879248 0.908884
6574.929729 0.934363
6574.980207 0.958433
6575.030682 0.965039
6575.081154 0.972106
6575.131624 0.966862
6575.182091 0.96561
6575.232555 0.959448
6575.283016 0.951885
6575.333475 0.94339
6575.383931 0.938914
6575.434384 0.942596
6575.484834 0.933191
6575.535282 0.940694
6575.585727 0.951048
6575.636169 0.946414
6575.686609 0.937506
6575.737045 0.918928
6575.787479 0.920773
6575.83791 0.913863
6575.888339 0.91629
6575.938764 0.920654
6575.989187 0.932885
6576.039607 0.943969
6576.090025 0.942098
6576.14044 0.937321
6576.190851 0.950312
6576.241261 0.957124
6576.291667 0.963152
6576.342071 0.956829
6576.392472 0.94974
6576.44287 0.953133
6576.493265 0.969357
6576.543658 0.980026
6576.594048 0.983282
6576.644435 0.990249
6576.694819 0.993873
6576.745201 0.995011
6576.79558 0.996841
6576.845956 0.989765
6576.896329 1.001879
6576.9467 1.005283
6576.997068 0.999299
6577.047433 0.994979
6577.097795 0.986481
6577.148155 0.983091
6577.198511 0.985278
6577.248865 0.991703
6577.299217 0.997034
6577.349565 1.005667
6577.399911 0.998669
6577.450254 0.980086
6577.500594 0.984492
6577.550932 0.988288
6577.601267 0.992761
6577.651599 0.995502
6577.701928 1.003159
6577.752254 1.000918
6577.802578 0.992883
6577.852899 0.999222
6577.903217 1.011601
6577.953532 1.005412
6578.003845 1.001035
6578.054155 1
6578.104462 1.00035
6578.154766 0.98489
6578.205068 0.994699
6578.255367 0.988973
6578.305663 0.982636
6578.355956 0.973415
6578.406247 0.981566
6578.456534 0.984461
6578.506819 0.986916
6578.557102 0.990597
6578.607381 0.996329
6578.657658 0.995915
6578.707932 0.98366
6578.758203 0.99524
6578.808471 0.99298
6578.858737 0.984284
6578.909 0.97727
6578.95926 0.986891
6579.009517 0.985451
6579.059772 0.992584
6579.110024 0.993745
6579.160273 0.989754
6579.210519 1.002482
6579.260762 0.98898
6579.311003 0.996427
6579.361241 0.992522
6579.411476 0.991864
6579.461708 0.987247
6579.511938 0.984801
6579.562165 0.986616
6579.612389 0.96798
6579.66261 0.966439
6579.712829 0.946569
6579.763044 0.942471
6579.813257 0.946587
6579.863468 0.967438
6579.913675 0.983337
6579.96388 0.994737
6580.014082 1.003748
6580.064281 0.990233
6580.114477 0.992814
6580.164671 0.987438
6580.214861 0.982051
6580.265049 0.982153
6580.315234 0.974723
6580.365417 0.961179
6580.415597 0.960233
6580.465773 0.946484
6580.515948 0.93933
6580.566119 0.932729
6580.616287 0.906725
6580.666453 0.867729
6580.716616 0.822287
6580.766776 0.807655
6580.816934 0.837953
6580.867088 0.894289
6580.91724 0.931783
6580.967389 0.964667
6581.017536 0.96606
6581.067679 0.981188
6581.11782 0.975332
6581.167958 0.97981
6581.218093 0.974814
6581.268225 0.976627
6581.318355 0.989411
6581.368482 0.983772
6581.418606 0.97627
6581.468727 0.972073
6581.518845 0.985372
6581.568961 0.969339
6581.619074 0.966224
6581.669184 0.954626
6581.719291 0.954304
6581.769396 0.963217
6581.819498 0.973894
6581.869597 0.985067
6581.919693 0.988633
6581.969786 0.986624
6582.019877 0.985704
6582.069965 0.981445
6582.12005 0.963389
6582.170132 0.950205
6582.220211 0.95025
6582.270288 0.947082
6582.320362 0.959897
6582.370433 0.955346
6582.420501 0.952993
6582.470567 0.959132
6582.520629 0.968658
6582.570689 0.986928
6582.620746 0.980234
6582.670801 0.974554
6582.720852 0.968149
6582.770901 0.974955
6582.820947 0.978686
6582.87099 0.990672
6582.921031 0.99282
6582.971068 1.001285
6583.021103 0.993155
6583.071135 0.990147
6583.121164 0.980882
6583.17119 0.965262
6583.221214 0.947658
6583.271235 0.941809
6583.321253 0.955177
6583.371268 0.977907
6583.42128 0.981508
6583.47129 0.992671
6583.521297 1.000024
6583.571301 0.997613
6583.621302 1.001759
6583.671301 1.006419
6583.721296 0.997732
6583.771289 1.000203
6583.821279 0.992907
6583.871266 0.996009
6583.921251 0.992051
