6545.075074 0.98209
6545.122302 0.986355
6545.169526 0.982475
6545.216748 0.976475
6545.263966 0.967276
6545.311182 0.961304
6545.358394 0.961144
6545.405604 0.96574
6545.45281 0.964131
6545.500014 0.967331
6545.547214 0.968662
6545.594412 0.973362
6545.641606 0.979667
6545.688798 0.977602
6545.735986 0.981825
6545.783172 0.978445
6545.830354 0.980989
6545.877534 0.978068
6545.92471 0.981219
6545.971884 0.978848
6546.019055 0.977951
6546.066222 0.969855
6546.113387 0.958587
6546.160548 0.954713
6546.207707 0.964054
6546.254862 0.973134
6546.302015 0.983823
6546.349165 0.988899
6546.396311 0.987161
6546.443455 0.985861
6546.490595 0.977117
6546.537733 0.952677
6546.584868 0.91539
6546.631999 0.853138
6546.679128 0.778986
6546.726253 0.711748
6546.773376 0.685979
6546.820496 0.713
6546.867612 0.777926
6546.914726 0.865928
6546.961836 0.920744
6547.008944 0.952463
6547.056049 0.972597
6547.10315 0.983741
6547.150249 0.986282
6547.197344 0.980645
6547.244437 0.970677
6547.291527 0.968374
6547.338613 0.954975
6547.385697 0.942591
6547.432777 0.929947
6547.479855 0.927664
6547.526929 0.928864
6547.574001 0.93682
6547.62107 0.934588
6547.668135 0.928847
6547.715198 0.916489
6547.762257 0.901987
6547.809314 0.892263
6547.856367 0.898691
6547.903418 0.906529
6547.950465 0.904708
6547.99751 0.90611
6548.044551 0.898695
6548.09159 0.895956
6548.138625 0.900358
6548.185658 0.904985
6548.232687 0.914491
6548.279714 0.91358
6548.326737 0.918636
6548.373757 0.931198
6548.420775 0.93991
6548.467789 0.945316
6548.514801 0.944784
6548.561809 0.937108
6548.608814 0.925973
6548.655817 0.918772
6548.702816 0.926875
6548.749812 0.944148
6548.796806 0.948813
6548.843796 0.959236
6548.890783 0.967086
6548.937768 0.978694
6548.984749 0.980129
6549.031727 0.986395
6549.078702 0.988252
6549.125675 0.995095
6549.172644 0.998284
6549.21961 0.994615
6549.266573 0.99279
6549.313533 0.995331
6549.36049 0.98187
6549.407445 0.972343
6549.454396 0.962614
6549.501344 0.963897
6549.548289 0.970331
6549.595231 0.976929
6549.64217 0.983106
6549.689106 0.988399
6549.736039 0.985792
6549.782969 0.981538
6549.829896 0.986757
6549.87682 0.981752
6549.923741 0.984193
6549.970659 0.981931
6550.017573 0.978229
6550.064485 0.980577
6550.111394 0.982606
6550.1583 0.985342
6550.205203 0.987774
6550.252103 0.987242
6550.298999 0.990194
6550.345893 0.986825
6550.392784 0.986159
6550.439671 0.985579
6550.486556 0.980911
6550.533438 0.985838
6550.580316 0.983191
6550.627192 0.978642
6550.674064 0.965077
6550.720934 0.956151
6550.7678 0.940102
6550.814664 0.940236
6550.861524 0.952845
6550.908382 0.962805
6550.955236 0.975368
6551.002088 0.983551
6551.048936 0.984947
6551.095781 0.98971
6551.142624 0.990789
6551.189463 0.985885
6551.236299 0.984306
6551.283132 0.977023
6551.329962 0.968319
6551.37679 0.95721
6551.423614 0.954662
6551.470435 0.970722
6551.517253 0.972691
6551.564068 0.98494
6551.61088 0.985387
6551.657689 0.98646
6551.704495 0.98975
6551.751298 0.982058
6551.798098 0.972038
6551.844894 0.970824
6551.891688 0.955017
6551.938479 0.950033
6551.985267 0.947762
6552.032051 0.94022
6552.078833 0.926976
6552.125612 0.903811
6552.172387 0.879044
6552.21916 0.879627
6552.265929 0.900975
6552.312696 0.935052
6552.359459 0.960221
6552.40622 0.976943
6552.452977 0.982797
6552.499732 0.982756
6552.546483 0.982185
6552.593231 0.975144
6552.639976 0.969507
6552.686719 0.969361
6552.733458 0.972354
6552.780194 0.979257
6552.826927 0.975306
6552.873657 0.965544
6552.920384 0.960711
6552.967108 0.963625
6553.013829 0.967541
6553.060547 0.959117
6553.107262 0.95167
6553.153974 0.945824
6553.200682 0.947266
6553.247388 0.962017
6553.294091 0.968514
6553.34079 0.968339
6553.387487 0.965169
6553.434181 0.965305
6553.480871 0.970289
6553.527559 0.966953
6553.574243 0.958361
6553.620924 0.960855
6553.667603 0.960387
6553.714278 0.958948
6553.76095 0.958466
6553.80762 0.961245
6553.854286 0.97086
6553.900949 0.971813
6553.947609 0.968639
6553.994266 0.972312
6554.04092 0.969846
6554.087571 0.96788
6554.134219 0.975423
6554.180864 0.975459
6554.227505 0.973786
6554.274144 0.970569
6554.32078 0.96199
6554.367413 0.960424
6554.414042 0.959388
6554.460669 0.962109
6554.507292 0.965832
6554.553913 0.959582
6554.60053 0.940906
6554.647144 0.899168
6554.693756 0.850026
6554.740364 0.820885
6554.786969 0.829764
6554.833571 0.867097
6554.88017 0.910783
6554.926767 0.938462
6554.97336 0.956004
6555.019949 0.965821
6555.066536 0.97177
6555.11312 0.968363
6555.159701 0.966363
6555.206279 0.9672
6555.252853 0.958018
6555.299425 0.94851
6555.345994 0.940963
6555.392559 0.94317
6555.439122 0.94811
6555.485681 0.95339
6555.532237 0.946434
6555.578791 0.939313
6555.625341 0.935037
6555.671888 0.930816
6555.718432 0.93348
6555.764973 0.941559
6555.811511 0.934957
6555.858046 0.918478
6555.904578 0.88931
6555.951107 0.854787
6555.997633 0.838853
6556.044155 0.845676
6556.090675 0.878627
6556.137192 0.911248
6556.183705 0.928824
6556.230216 0.934754
6556.276723 0.927341
6556.323228 0.917266
6556.369729 0.914318
6556.416227 0.907082
6556.462722 0.883782
6556.509214 0.846957
6556.555703 0.803547
6556.602189 0.792342
6556.648672 0.816317
6556.695152 0.867054
6556.741629 0.914469
6556.788103 0.935556
6556.834573 0.946664
6556.881041 0.953483
6556.927506 0.946844
6556.973967 0.950702
6557.020425 0.945029
6557.066881 0.947057
6557.113333 0.942738
6557.159782 0.928306
6557.206228 0.903556
6557.252671 0.87507
6557.299112 0.861551
6557.345548 0.862363
6557.391982 0.881582
6557.438413 0.905376
6557.484841 0.928677
6557.531266 0.937458
6557.577687 0.94033
6557.624106 0.94383
6557.670521 0.944693
6557.716934 0.949158
6557.763343 0.955454
6557.809749 0.951507
6557.856152 0.952596
6557.902552 0.953636
6557.948949 0.949836
6557.995343 0.93741
6558.041734 0.930002
6558.088122 0.938018
6558.134507 0.941124
6558.180889 0.93933
6558.227267 0.942471
6558.273643 0.939728
6558.320015 0.943731
6558.366385 0.935767
6558.412751 0.933854
6558.459114 0.923133
6558.505474 0.913276
6558.551831 0.894463
6558.598185 0.882048
6558.644536 0.883939
6558.690884 0.885338
6558.737229 0.893056
6558.783571 0.91025
6558.829909 0.917345
6558.876245 0.934253
6558.922577 0.939158
6558.968907 0.93498
6559.015233 0.929582
6559.061556 0.93316
6559.107877 0.938938
6559.154194 0.943087
6559.200508 0.947472
6559.246819 0.939957
6559.293126 0.935547
6559.339431 0.933148
6559.385733 0.924311
6559.432032 0.927131
6559.478327 0.930238
6559.52462 0.936594
6559.570909 0.942846
6559.617195 0.944672
6559.663478 0.948317
6559.709758 0.949093
6559.756036 0.946646
6559.802309 0.946624
6559.84858 0.941065
6559.894848 0.937444
6559.941113 0.914825
6559.987374 0.884897
6560.033633 0.846094
6560.079888 0.821936
6560.126141 0.825369
6560.17239 0.848936
6560.218636 0.882111
6560.264879 0.897466
6560.311119 0.900663
6560.357356 0.906082
6560.40359 0.917717
6560.449821 0.925233
6560.496049 0.926539
6560.542273 0.921916
6560.588495 0.914821
6560.634713 0.91004
6560.680928 0.888027
6560.727141 0.868968
6560.77335 0.864775
6560.819556 0.869715
6560.865759 0.875649
6560.911959 0.878231
6560.958155 0.867733
6561.004349 0.837364
6561.05054 0.818143
6561.096727 0.801694
6561.142912 0.79804
6561.189093 0.807172
6561.235271 0.828268
6561.281446 0.853276
6561.327618 0.865927
6561.373787 0.873735
6561.419953 0.877479
6561.466116 0.882216
6561.512276 0.875309
6561.558432 0.876464
6561.604586 0.879168
6561.650736 0.872672
6561.696883 0.8662
6561.743027 0.863577
6561.789169 0.860658
6561.835307 0.862964
6561.881441 0.859329
6561.927573 0.859217
6561.973702 0.856682
6562.019828 0.861113
6562.06595 0.854807
6562.112069 0.842688
6562.158186 0.832933
6562.204299 0.826831
6562.250409 0.820419
6562.296516 0.806418
6562.34262 0.796713
6562.388721 0.780713
6562.434819 0.764936
6562.480913 0.748032
6562.527005 0.727272
6562.573093 0.703938
6562.619179 0.678894
6562.665261 0.647036
6562.71134 0.618032
6562.757416 0.586577
6562.803489 0.556211
6562.849559 0.528846
6562.895625 0.508188
6562.941689 0.488867
6562.987749 0.472162
6563.033807 0.461721
6563.079861 0.452716
6563.125912 0.441818
6563.17196 0.43054
6563.218005 0.417553
6563.264047 0.410431
6563.310086 0.404958
6563.356122 0.400002
6563.402154 0.389254
6563.448184 0.38226
6563.49421 0.378654
6563.540233 0.369324
6563.586253 0.366867
6563.63227 0.365168
6563.678284 0.363127
6563.724295 0.366108
6563.770303 0.36558
6563.816307 0.373016
6563.862309 0.374747
6563.908307 0.387015
6563.954302 0.40385
6564.000294 0.426086
6564.046284 0.450638
6564.092269 0.473984
6564.138252 0.497954
6564.184232 0.512995
6564.230209 0.529453
6564.276182 0.543812
6564.322152 0.553152
6564.36812 0.558422
6564.414084 0.558544
6564.460045 0.552999
6564.506003 0.546399
6564.551957 0.545906
6564.597909 0.548512
6564.643858 0.558239
6564.689803 0.570537
6564.735746 0.589117
6564.781685 0.604613
6564.827621 0.616061
6564.873554 0.627545
6564.919484 0.63439
6564.96541 0.645002
6565.011334 0.648595
6565.057255 0.650697
6565.103172 0.661172
6565.149086 0.669609
6565.194997 0.67403
6565.240906 0.681787
6565.28681 0.691034
6565.332712 0.701855
6565.378611 0.707216
6565.424507 0.716887
6565.470399 0.718309
6565.516288 0.73174
6565.562175 0.735802
6565.608058 0.748632
6565.653938 0.755469
6565.699814 0.754262
6565.745688 0.768294
6565.791559 0.768091
6565.837426 0.7611
6565.883291 0.761536
6565.929152 0.757032
6565.97501 0.747468
6566.020865 0.743986
6566.066717 0.755509
6566.112566 0.775912
6566.158411 0.805448
6566.204254 0.823246
6566.250093 0.833399
6566.295929 0.842217
6566.341763 0.851334
6566.387593 0.846828
6566.433419 0.846803
6566.479243 0.853041
6566.486151 0.851798
6566.537081 0.861213
6566.588008 0.870896
6566.638932 0.878048
6566.689854 0.886728
6566.740773 0.891663
6566.791689 0.901164
6566.842602 0.899265
6566.893513 0.904608
6566.944421 0.911971
6566.995327 0.910224
6567.046229 0.908667
6567.09713 0.905953
6567.148027 0.913235
6567.198921 0.909547
6567.249813 0.907055
6567.300703 0.912431
6567.351589 0.915384
6567.402473 0.907575
6567.453354 0.910221
6567.504233 0.912632
6567.555108 0.906603
6567.605981 0.914191
6567.656852 0.918392
6567.707719 0.927615
6567.758584 0.928012
6567.809446 0.930708
6567.860306 0.924189
6567.911163 0.924272
6567.962017 0.920199
6568.012868 0.930271
6568.063717 0.927274
6568.114563 0.927542
6568.165406 0.918259
6568.216247 0.940738
6568.267084 0.94501
6568.31792 0.942618
6568.368752 0.946889
6568.419582 0.952754
6568.470409 0.947921
6568.521233 0.953828
6568.572055 0.945983
6568.622874 0.949356
6568.67369 0.942053
6568.724503 0.934244
6568.775314 0.938028
6568.826122 0.936124
6568.876927 0.936657
6568.92773 0.943245
6568.97853 0.942653
6569.029327 0.947176
6569.080122 0.948499
6569.130914 0.945641
6569.181703 0.959765
6569.232489 0.943291
6569.283273 0.943952
6569.334054 0.92894
6569.384832 0.926777
6569.435607 0.914598
6569.48638 0.904252
6569.53715 0.892627
6569.587918 0.872932
6569.638682 0.825719
6569.689444 0.76127
6569.740204 0.726997
6569.79096 0.74599
6569.841714 0.803431
6569.892465 0.860827
6569.943213 0.903316
6569.993959 0.942027
6570.044702 0.953958
6570.095442 0.95289
6570.14618 0.947224
6570.196915 0.948912
6570.247647 0.939708
6570.298376 0.924112
6570.349103 0.902708
6570.399827 0.889708
6570.450548 0.877254
6570.501266 0.880293
6570.551982 0.903273
6570.602695 0.902418
6570.653405 0.902765
6570.704113 0.904024
6570.754818 0.908108
6570.80552 0.898726
6570.85622 0.888204
6570.906916 0.901682
6570.95761 0.896281
6571.008302 0.885573
6571.05899 0.879591
6571.109676 0.871044
6571.160359 0.863423
6571.211039 0.868342
6571.261717 0.86392
6571.312392 0.857742
6571.363064 0.868116
6571.413734 0.895422
6571.464401 0.910709
6571.515065 0.914431
6571.565726 0.89714
6571.616385 0.892434
6571.66704 0.898659
6571.717694 0.904278
6571.768344 0.931363
6571.818992 0.948897
6571.869637 0.946143
6571.920279 0.947891
6571.970918 0.946898
6572.021555 0.928846
6572.072189 0.942025
6572.122821 0.942573
6572.173449 0.942268
6572.224075 0.952975
6572.274698 0.954955
6572.325319 0.951417
6572.375936 0.95513
6572.426551 0.911276
6572.477163 0.939973
6572.527773 0.941662
6572.57838 0.948225
6572.628984 0.945879
6572.679585 0.937211
6572.730184 0.924056
6572.780779 0.935299
6572.831372 0.935775
6572.881963 0.94456
6572.93255 0.947784
6572.983135 0.948476
6573.033718 0.938496
6573.084297 0.922512
6573.134874 0.895767
6573.185448 0.856057
6573.236019 0.79619
6573.286587 0.74741
6573.337153 0.736129
6573.387716 0.777544
6573.438276 0.837298
6573.488834 0.895975
6573.539389 0.929342
6573.589941 0.946148
6573.64049 0.956225
6573.691037 0.943182
6573.741581 0.94461
6573.792122 0.935873
6573.84266 0.954835
6573.893196 0.928511
6573.943729 0.94133
6573.994259 0.954924
6574.044786 0.9605
6574.095311 0.957805
6574.145833 0.956535
6574.196352 0.951533
6574.246869 0.94743
6574.297382 0.925743
6574.347893 0.921834
6574.398402 0.936651
6574.448907 0.945605
6574.49941 0.942853
6574.54991 0.934279
6574.600407 0.909681
6574.650902 0.841949
6574.701394 0.783236
6574.751883 0.744014
6574.802369 0.776151
6574.852853 0.82317
6574.903333 0.892588
6574.953811 0.923005
6575.004287 0.933348
6575.054759 0.948544
6575.105229 0.957418
6575.155696 0.953836
6575.206161 0.935027
6575.256622 0.932808
6575.307081 0.915975
6575.357537 0.90138
6575.407991 0.855138
6575.458441 0.787391
6575.508889 0.730584
6575.559334 0.706664
6575.609777 0.742544
6575.660216 0.807704
6575.710653 0.864153
6575.761087 0.890895
6575.811519 0.912818
6575.861947 0.921396
6575.912373 0.909343
6575.962796 0.929261
6576.013217 0.935032
6576.063634 0.933406
6576.114049 0.930731
6576.164461 0.926826
6576.214871 0.928583
6576.265277 0.930241
6576.315681 0.917413
6576.366082 0.913819
6576.416481 0.914098
6576.466876 0.888352
6576.517269 0.910613
6576.567659 0.926614
6576.618046 0.904282
6576.668431 0.886826
6576.718813 0.879389
6576.769192 0.886881
6576.819568 0.896118
6576.869942 0.903938
6576.920313 0.91618
6576.970681 0.926201
6577.021046 0.929248
6577.071409 0.914289
6577.121768 0.912822
6577.172125 0.945562
6577.22248 0.93389
6577.272831 0.905614
6577.32318 0.954959
6577.373526 0.95116
6577.423869 0.948349
6577.47421 0.947097
6577.524547 0.951888
6577.574882 0.959235
6577.625214 0.955816
6577.675544 0.965845
6577.725871 0.97705
6577.776195 0.980154
6577.826516 0.979764
6577.876834 0.951432
6577.92715 0.95498
6577.977463 0.950688
6578.027773 0.937239
6578.07808 0.948867
6578.128385 0.965838
6578.178686 0.964333
6578.228986 0.959068
6578.279282 0.965885
6578.329575 0.972262
6578.379866 0.973419
6578.430154 0.970509
6578.480439 0.973833
6578.530722 0.971053
6578.581002 0.961486
6578.631278 0.972502
6578.681553 0.958674
6578.731824 0.984614
6578.782093 0.953101
6578.832359 0.950144
6578.882622 0.950382
6578.932882 0.952152
6578.98314 0.951741
6579.033394 0.956688
6579.083646 0.947131
6579.133896 0.951755
6579.184142 0.96307
6579.234386 0.962939
6579.284627 0.959505
6579.334865 0.958512
6579.3851 0.961086
6579.435333 0.919015
6579.485563 0.972101
6579.53579 1.001124
6579.586014 0.945899
6579.636236 0.977955
6579.686455 0.983079
6579.736671 0.970711
6579.786884 0.969351
6579.837095 0.963066
6579.887302 0.955155
6579.937507 0.963454
6579.987709 0.979282
6580.037909 0.94602
6580.088105 0.966389
6580.138299 0.959148
6580.18849 0.946334
6580.238679 0.951087
6580.288864 0.962698
6580.339047 0.968242
6580.389227 0.959447
6580.439404 0.959696
6580.489578 0.955733
6580.53975 0.959836
6580.589919 0.949696
6580.640085 0.939749
6580.690248 0.922269
6580.740409 0.942792
6580.790566 0.928705
6580.840721 0.932254
6580.890874 0.937259
6580.941023 0.957419
6580.99117 0.978953
6581.041313 0.981209
6581.091454 0.982837
6581.141593 0.978512
6581.191728 0.970427
6581.241861 0.959048
6581.291991 0.960211
6581.342118 0.926788
6581.392242 0.968981
6581.442364 0.934406
6581.492483 0.897469
6581.542599 0.890416
6581.592712 0.878901
6581.642823 0.834148
6581.69293 0.812568
6581.743035 0.795272
6581.793137 0.828588
6581.843237 0.883986
6581.893333 0.90812
6581.943427 0.939168
6581.993518 0.968788
6582.043606 0.901787
6582.093691 0.911866
6582.143774 0.931846
6582.193854 0.922807
6582.243931 0.925053
6582.294005 0.939761
6582.344077 0.949113
6582.394145 0.948563
6582.444211 0.943127
6582.494274 0.94088
6582.544335 0.931206
6582.594392 0.920198
6582.644447 0.923083
6582.694499 0.881022
6582.744548 0.914087
6582.794594 0.951064
6582.844638 0.917489
6582.894679 0.928691
6582.944717 0.934045
6582.994752 0.940953
6583.044784 0.957542
6583.094814 0.934971
6583.144841 0.930015
6583.194865 0.930686
6583.244886 0.931346
6583.294905 0.927818
6583.34492 0.918521
6583.394933 0.917505
6583.444943 0.919948
6583.49495 0.926835
6583.544955 0.952986
6583.594957 0.993222
6583.644956 0.935816
6583.694952 0.946536
6583.744945 0.967035
6583.794935 0.961163
6583.844923 0.957101
6583.894908 0.958866
6583.94489 0.963191
