3.8159144219288	0.988896
3.8159160807918	0.98588546095015
3.8159177396548	0.98319166924363
3.8159193985179	0.98303549343072
3.8159210573809	0.98259361296176
3.8159227162439	0.98115090046721
3.8159243751069	0.97955991653052
3.8159260339699	0.97767230447021
3.8159276928329	0.97470016618442
3.8159293516959	0.97037344263855
3.8159310105589	0.96550795018901
3.8159326694219	0.96021246855086
3.8159343282849	0.95794801090436
3.8159359871479	0.95719174659837
3.8159376460109	0.95589379649525
3.8159393048739	0.95444262917255
3.8159409637369	0.95451681957462
3.8159426225999	0.95479211056813
3.8159442814629	0.95950811244644
3.8159459403259	0.96350724648984
3.8159475991889	0.96202133823216
3.8159492580519	0.96136566578935
3.815950916915	0.96352347717651
3.815952575778	0.96481015918043
3.815954234641	0.96440803296832
3.815955893504	0.96551579538681
3.815957552367	0.96844803668388
3.81595921123	0.97190002991539
3.815960870093	0.97575131983029
3.815962528956	0.97463393319609
3.815964187819	0.97116081734425
3.815965846682	0.97150413552734
3.815967505545	0.9728539737715
3.815969164408	0.9738185029439
3.815970823271	0.97469205114237
3.815972482134	0.97276908183951
3.815974140997	0.97126832436538
3.81597579986	0.97256862141785
3.815977458723	0.97370523634234
3.815979117586	0.9743360680808
3.815980776449	0.97298394520225
3.8159824353121	0.96807731917532
3.8159840941751	0.9639183349386
3.8159857530381	0.96059612035334
3.8159874119011	0.95636159051808
3.8159890707641	0.95148194516705
3.8159907296271	0.95206051674096
3.8159923884901	0.95498072537643
3.8159940473531	0.96115013986902
3.8159957062161	0.96806219638706
3.8159973650791	0.9747279315606
3.8159990239421	0.98123630357532
3.8160006828051	0.98464137413372
3.8160023416681	0.98728688609245
3.8160040005311	0.9858616713512
3.8160056593941	0.98432650829949
3.8160073182571	0.98249695185903
3.8160089771201	0.97880618671948
3.8160106359831	0.97216435736298
3.8160122948461	0.96504189851131
3.8160139537092	0.95744214389791
3.8160156125722	0.94294849009403
3.8160172714352	0.92417205180168
3.8160189302982	0.89646100073695
3.8160205891612	0.8654797251706
3.8160222480242	0.82637386622198
3.8160239068872	0.7858053018682
3.8160255657502	0.74455873244634
3.8160272246132	0.7053480687157
3.8160288834762	0.69032648109046
3.8160305423392	0.68074384687871
3.8160322012022	0.69371086272402
3.8160338600652	0.71331679147109
3.8160355189282	0.74768313302531
3.8160371777912	0.78494816097977
3.8160388366542	0.82611502270751
3.8160404955172	0.86345793896391
3.8160421543802	0.89757506270802
3.8160438132432	0.92291659348743
3.8160454721062	0.94371185609354
3.8160471309693	0.95564468563463
3.8160487898323	0.96500723944064
3.8160504486953	0.96999928190741
3.8160521075583	0.97443667019101
3.8160537664213	0.97605735594991
3.8160554252843	0.9775041410792
3.8160570841473	0.97773674615497
3.8160587430103	0.97769646157175
3.8160604018733	0.97680264014414
3.8160620607363	0.97384906968934
3.8160637195993	0.96722313399855
3.8160653784623	0.96045369242377
3.8160670373253	0.95352664195402
3.8160686961883	0.94763736151512
3.8160703550513	0.94245750881444
3.8160720139143	0.93577042028463
3.8160736727773	0.9284721059638
3.8160753316403	0.92435518045781
3.8160769905033	0.92089391390952
3.8160786493664	0.92204973821889
3.8160803082294	0.92336429135601
3.8160819670924	0.92322985647232
3.8160836259554	0.92303149201192
3.8160852848184	0.92254738582191
3.8160869436814	0.92143315596253
3.8160886025444	0.91885567893626
3.8160902614074	0.91741248658609
3.8160919202704	0.91754004088892
3.8160935791334	0.91225877131441
3.8160952379964	0.9023284958894
3.8160968968594	0.89642006771497
3.8160985557224	0.89261734703425
3.8161002145854	0.88991121138374
3.8161018734484	0.88752331185322
3.8161035323114	0.8918273715808
3.8161051911744	0.89690250292441
3.8161068500374	0.90020733149718
3.8161085089004	0.90284590502668
3.8161101677635	0.90110245234802
3.8161118266265	0.89923606864828
3.8161134854895	0.89700329118375
3.8161151443525	0.89515850836828
3.8161168032155	0.893972643377
3.8161184620785	0.89335053604848
3.8161201209415	0.89331490439232
3.8161217798045	0.8959953719353
3.8161234386675	0.900414010888
3.8161250975305	0.90443092393844
3.8161267563935	0.90829891942557
3.8161284152565	0.91218334598549
3.8161300741195	0.91607068321368
3.8161317329825	0.91639273135665
3.8161333918455	0.91707449206684
3.8161350507085	0.92253977466176
3.8161367095715	0.92821614683699
3.8161383684345	0.93468631329336
3.8161400272975	0.93965637123663
3.8161416861605	0.94158782191438
3.8161433450236	0.94256086655481
3.8161450038866	0.94236770777386
3.8161466627496	0.93754105106789
3.8161483216126	0.9292447447072
3.8161499804756	0.92406733665338
3.8161516393386	0.92027378122826
3.8161532982016	0.9173747962875
3.8161549570646	0.91468064188677
3.8161566159276	0.91931300368199
3.8161582747906	0.92451079677159
3.8161599336536	0.93062593739263
3.8161615925166	0.93682232093272
3.8161632513796	0.94339531976132
3.8161649102426	0.94939599898374
3.8161665691056	0.95405487756724
3.8161682279686	0.95863976377876
3.8161698868316	0.96312274217333
3.8161715456946	0.9664208507555
3.8161732045576	0.96871947218099
3.8161748634207	0.97372034666853
3.8161765222837	0.9800864704129
3.8161781811467	0.98243606084531
3.8161798400097	0.98369497052677
3.8161814988727	0.9857543887702
3.8161831577357	0.98788173459063
3.8161848165987	0.98961591071664
3.8161864754617	0.99098486416702
3.8161881343247	0.9903387630931
3.8161897931877	0.99021638714199
3.8161914520507	0.9914676909996
3.8161931109137	0.99193256975846
3.8161947697767	0.99121179565661
3.8161964286397	0.98997685204479
3.8161980875027	0.98827038296113
3.8161997463657	0.98677475094923
3.8162014052287	0.9853953353001
3.8162030640917	0.97922967834901
3.8162047229547	0.97161634838122
3.8162063818178	0.96716027615965
3.8162080406808	0.96315335901879
3.8162096995438	0.96345499376944
3.8162113584068	0.96425253153474
3.8162130172698	0.96814741393887
3.8162146761328	0.97140950940859
3.8162163349958	0.97288641914625
3.8162179938588	0.97477577724286
3.8162196527218	0.97732262917886
3.8162213115848	0.98015445289309
3.8162229704478	0.98326068169922
3.8162246293108	0.98492215859386
3.8162262881738	0.98574793308411
3.8162279470368	0.98578923576495
3.8162296058998	0.9855797074475
3.8162312647628	0.98015906970565
3.8162329236258	0.97410994950767
3.8162345824888	0.97836243287166
3.8162362413518	0.98187719860571
3.8162379002148	0.98050673761323
3.8162395590779	0.97961037869236
3.8162412179409	0.98009248423531
3.8162428768039	0.98024537695563
3.8162445356669	0.97986297180467
3.8162461945299	0.97941202351882
3.8162478533929	0.97889411304602
3.8162495122559	0.97765993382716
3.8162511711189	0.97600687645748
3.8162528299819	0.97631163900795
3.8162544888449	0.97724731788909
3.8162561477079	0.979816232491
3.8162578065709	0.9825783541647
3.8162594654339	0.98180153417155
3.8162611242969	0.98113083772442
3.8162627831599	0.98115218045116
3.8162644420229	0.98125886273981
3.8162661008859	0.98160997557095
3.8162677597489	0.98134412304575
3.8162694186119	0.98009166036908
3.816271077475	0.97922382421528
3.816272736338	0.97872429781069
3.816274395201	0.97985408628839
3.816276054064	0.98191211071584
3.816277712927	0.98230731480744
3.81627937179	0.98218721669448
3.816281030653	0.97993460395654
3.816282689516	0.97746153969278
3.816284348379	0.97755442680373
3.816286007242	0.97637995424594
3.816287666105	0.96763086054629
3.816289324968	0.96026302400805
3.816290983831	0.95662541785832
3.816292642694	0.95157154156664
3.816294301557	0.94436911759446
3.81629596042	0.94026544230233
3.816297619283	0.93897159432193
3.816299278146	0.94077672951342
3.816300937009	0.94423781271885
3.8163025958721	0.95172564128013
3.8163042547351	0.96035448071902
3.8163059135981	0.96770013056349
3.8163075724611	0.97477155326807
3.8163092313241	0.97786047345084
3.8163108901871	0.98073101924109
3.8163125490501	0.98247460708768
3.8163142079131	0.98410205628693
3.8163158667761	0.98544560470145
3.8163175256391	0.98573319834386
3.8163191845021	0.98455301021834
3.8163208433651	0.98373438796792
3.8163225022281	0.9832155922237
3.8163241610911	0.98159483740464
3.8163258199541	0.9794435861172
3.8163274788171	0.97715480182927
3.8163291376801	0.97483239649219
3.8163307965431	0.97164901762843
3.8163324554061	0.96829869596434
3.8163341142692	0.96334163711852
3.8163357731322	0.95881551514093
3.8163374319952	0.95612755562933
3.8163390908582	0.95462453831262
3.8163407497212	0.95565137028879
3.8163424085842	0.95900241004732
3.8163440674472	0.96521515928605
3.8163457263102	0.97171714376655
3.8163473851732	0.97843072685198
3.8163490440362	0.9821952471186
3.8163507028992	0.98473742578264
3.8163523617622	0.98414931076534
3.8163540206252	0.98294948380098
3.8163556794882	0.97928553615761
3.8163573383512	0.97602522776705
3.8163589972142	0.97736963921245
3.8163606560772	0.97802006037446
3.8163623149402	0.97629587632135
3.8163639738032	0.97325586154092
3.8163656326662	0.96783852137184
3.8163672915293	0.96290608729814
3.8163689503923	0.95848536391905
3.8163706092553	0.95537690613654
3.8163722681183	0.95308320828795
3.8163739269813	0.95067102886017
3.8163755858443	0.94821882264296
3.8163772447073	0.94433398349137
3.8163789035703	0.94020620638139
3.8163805624333	0.93120654653368
3.8163822212963	0.92175644525917
3.8163838801593	0.90953720256904
3.8163855390223	0.89658482706278
3.8163871978853	0.88165999112192
3.8163888567483	0.8726839757901
3.8163905156113	0.8725496557312
3.8163921744743	0.87875521161036
3.8163938333373	0.8905036864748
3.8163954922003	0.90465264129312
3.8163971510633	0.92001066383953
3.8163988099264	0.93905911526091
3.8164004687894	0.95904967909852
3.8164021276524	0.96518775992764
3.8164037865154	0.97026209040427
3.8164054453784	0.9754077969405
3.8164071042414	0.97978853817855
3.8164087631044	0.98095620216375
3.8164104219674	0.97978977241409
3.8164120808304	0.97376376866242
3.8164137396934	0.9682659976641
3.8164153985564	0.96339655665153
3.8164170574194	0.95926894943837
3.8164187162824	0.9556586445473
3.8164203751454	0.95782762845258
3.8164220340084	0.96222488857599
3.8164236928714	0.96617579158272
3.8164253517344	0.97005064801466
3.8164270105974	0.9720829529983
3.8164286694604	0.97378997799214
3.8164303283235	0.97329075457552
3.8164319871865	0.97187605039494
3.8164336460495	0.96776305594313
3.8164353049125	0.96346232276503
3.8164369637755	0.95886366906577
3.8164386226385	0.95652702692626
3.8164402815015	0.95627896907831
3.8164419403645	0.95757592941759
3.8164435992275	0.95969234066538
3.8164452580905	0.95873776420442
3.8164469169535	0.95695235017005
3.8164485758165	0.95350141922299
3.8164502346795	0.94993038842132
3.8164518935425	0.94675823950394
3.8164535524055	0.94453298992273
3.8164552112685	0.94637613319593
3.8164568701315	0.94899068889819
3.8164585289945	0.95322234188617
3.8164601878575	0.95643548095396
3.8164618467205	0.95843973916626
3.8164635055836	0.96076317215753
3.8164651644466	0.96330681492791
3.8164668233096	0.96346720702045
3.8164684821726	0.96272950897187
3.8164701410356	0.96303139929577
3.8164717998986	0.96350106192424
3.8164734587616	0.9618839675172
3.8164751176246	0.96070596601976
3.8164767764876	0.96250127272515
3.8164784353506	0.96411671746572
3.8164800942136	0.96523589079764
3.8164817530766	0.96594602572161
3.8164834119396	0.9660457792251
3.8164850708026	0.96525757816818
3.8164867296656	0.96370270690881
3.8164883885286	0.96042324290001
3.8164900473916	0.95630272758781
3.8164917062546	0.9533563639157
3.8164933651176	0.95068926354384
3.8164950239807	0.95590259420899
3.8164966828437	0.96163828740129
3.8164983417067	0.96797382376562
3.8165000005697	0.97290388892314
3.8165016594327	0.97272253874737
3.8165033182957	0.9732063429438
3.8165049771587	0.97491534164989
3.8165066360217	0.97351157728363
3.8165082948847	0.96884463117915
3.8165099537477	0.96642923825904
3.8165116126107	0.96536666342559
3.8165132714737	0.96398044313417
3.8165149303367	0.96249273210502
3.8165165891997	0.96565040953786
3.8165182480627	0.96925183257507
3.8165199069257	0.97053578395847
3.8165215657887	0.97165704868283
3.8165232246517	0.97199470048792
3.8165248835147	0.97163667071556
3.8165265423778	0.96972331170307
3.8165282012408	0.96562028583268
3.8165298601038	0.95880132174344
3.8165315189668	0.95518786079354
3.8165331778298	0.95386002323523
3.8165348366928	0.95288924133762
3.8165364955558	0.95205639733418
3.8165381544188	0.95448355267141
3.8165398132818	0.95744563988893
3.8165414721448	0.96203975426986
3.8165431310078	0.96558470776972
3.8165447898708	0.96236325747261
3.8165464487338	0.9562861424154
3.8165481075968	0.94260125129675
3.8165497664598	0.92786356554427
3.8165514253228	0.91161810890332
3.8165530841858	0.88872746478338
3.8165547430488	0.86038949105521
3.8165564019118	0.83950982718138
3.8165580607749	0.82201188815173
3.8165597196379	0.8211264829827
3.8165613785009	0.82372422886107
3.8165630373639	0.84429838193068
3.8165646962269	0.86577222365172
3.8165663550899	0.88944545201635
3.8165680139529	0.91177937807182
3.8165696728159	0.92994976571682
3.8165713316789	0.94435102688406
3.8165729905419	0.95266887846503
3.8165746494049	0.95703756312816
3.8165763082679	0.95778788944426
3.8165779671309	0.96045601852413
3.8165796259939	0.96410624846622
3.8165812848569	0.96449158725601
3.8165829437199	0.96406530224662
3.8165846025829	0.96525160502115
3.8165862614459	0.96604843903208
3.8165879203089	0.96123282615969
3.8165895791719	0.9563796987846
3.816591238035	0.951393943152
3.816592896898	0.94698892694067
3.816594555761	0.94361369791857
3.816596214624	0.94022919038213
3.816597873487	0.93683543634692
3.81659953235	0.93668879776348
3.816601191213	0.93835860187813
3.816602850076	0.93976994469468
3.816604508939	0.94110913922012
3.816606167802	0.94344668289538
3.816607826665	0.94580420962501
3.816609485528	0.94721459938725
3.816611144391	0.94704996327096
3.816612803254	0.94074686668057
3.816614462117	0.93482792280068
3.81661612098	0.92963746216333
3.816617779843	0.92611586002259
3.816619438706	0.92435595367076
3.816621097569	0.92621437804901
3.8166227564321	0.93021754494365
3.8166244152951	0.93484561204459
3.8166260741581	0.93966105617479
3.8166277330211	0.93831350935148
3.8166293918841	0.93597538314285
3.8166310507471	0.92665882510117
3.8166327096101	0.91559417478982
3.8166343684731	0.89729328004381
3.8166360273361	0.87888238771016
3.8166376861991	0.86025467799748
3.8166393450621	0.84561299666003
3.8166410039251	0.83531118013225
3.8166426627881	0.83456934067392
3.8166443216511	0.83966151087662
3.8166459805141	0.85359527527755
3.8166476393771	0.8702683600671
3.8166492982401	0.88795978766418
3.8166509571031	0.90532939270108
3.8166526159661	0.9143506999563
3.8166542748292	0.92243606861086
3.8166559336922	0.92657117537325
3.8166575925552	0.92834838192123
3.8166592514182	0.92543491278544
3.8166609102812	0.92239761266217
3.8166625691442	0.91922488147061
3.8166642280072	0.91579551915097
3.8166658868702	0.912209445979
3.8166675457332	0.90909941691106
3.8166692045962	0.90613624093377
3.8166708634592	0.89757713500018
3.8166725223222	0.88766487763397
3.8166741811852	0.86327832674165
3.8166758400482	0.83925783444107
3.8166774989112	0.81674659575978
3.8166791577742	0.79978696990026
3.8166808166372	0.79364716522264
3.8166824755002	0.79572673811285
3.8166841343632	0.80659788930089
3.8166857932262	0.82737833447362
3.8166874520893	0.85404490993357
3.8166891109523	0.88125898615216
3.8166907698153	0.90863503901123
3.8166924286783	0.91978524837225
3.8166940875413	0.92920219142646
3.8166957464043	0.93478632181095
3.8166974052673	0.94018123554443
3.8166990641303	0.94484453414674
3.8167007229933	0.94801924418193
3.8167023818563	0.94843380129678
3.8167040407193	0.94730927645997
3.8167056995823	0.94461688816982
3.8167073584453	0.94386241959399
3.8167090173083	0.94419562247926
3.8167106761713	0.94343613213869
3.8167123350343	0.9423787572386
3.8167139938973	0.93518822554918
3.8167156527603	0.92776148318219
3.8167173116233	0.92294572006008
3.8167189704864	0.91674186238878
3.8167206293494	0.90568476801021
3.8167222882124	0.89357213004345
3.8167239470754	0.87964834210624
3.8167256059384	0.86838287764174
3.8167272648014	0.85962903346503
3.8167289236644	0.85574497515864
3.8167305825274	0.85436669201832
3.8167322413904	0.86365233157501
3.8167339002534	0.87549645060406
3.8167355591164	0.88989505625693
3.8167372179794	0.90423567952677
3.8167388768424	0.91690458355883
3.8167405357054	0.92737820846747
3.8167421945684	0.93112303379646
3.8167438534314	0.93392857056864
3.8167455122944	0.93528195574004
3.8167471711574	0.93691120541402
3.8167488300204	0.93877579147978
3.8167504888835	0.94187016470745
3.8167521477465	0.94552566315989
3.8167538066095	0.9450883682968
3.8167554654725	0.94383559693488
3.8167571243355	0.94353870695112
3.8167587831985	0.94347343587539
3.8167604420615	0.94485270775225
3.8167621009245	0.94579910551019
3.8167637597875	0.94561123034604
3.8167654186505	0.94515394919855
3.8167670775135	0.94433056886857
3.8167687363765	0.94182419961741
3.8167703952395	0.93805751801531
3.8167720541025	0.93642442474341
3.8167737129655	0.93562198622461
3.8167753718285	0.93609531240923
3.8167770306915	0.93674937338962
3.8167786895545	0.93658681036381
3.8167803484175	0.936865296031
3.8167820072805	0.93938277322121
3.8167836661436	0.94159045362602
3.8167853250066	0.94311851637438
3.8167869838696	0.94250875770952
3.8167886427326	0.93940697079412
3.8167903015956	0.93722695599934
3.8167919604586	0.93563489363987
3.8167936193216	0.93539561704325
3.8167952781846	0.93558471165431
3.8167969370476	0.92949163978677
3.8167985959106	0.92339306993379
3.8168002547736	0.9275133113796
3.8168019136366	0.92993188971836
3.8168035724996	0.92583792033653
3.8168052313626	0.9207651421713
3.8168068902256	0.91392659841867
3.8168085490886	0.90767572062151
3.8168102079516	0.90199802112282
3.8168118668146	0.8940919523494
3.8168135256776	0.88501744651273
3.8168151845407	0.88135535927186
3.8168168434037	0.87899692422888
3.8168185022667	0.87749461716496
3.8168201611297	0.87673909433367
3.8168218199927	0.88194201632886
3.8168234788557	0.88804261665352
3.8168251377187	0.89674686269111
3.8168267965817	0.90566055839692
3.8168284554447	0.91487964359489
3.8168301143077	0.92195122621666
3.8168317731707	0.92731760581158
3.8168334320337	0.9325368279079
3.8168350908967	0.93769539012639
3.8168367497597	0.93329677387217
3.8168384086227	0.92737558878336
3.8168400674857	0.92612511082941
3.8168417263487	0.92535003121018
3.8168433852117	0.92705174884558
3.8168450440747	0.92842557574279
3.8168467029378	0.92907741070144
3.8168483618008	0.93235918225578
3.8168500206638	0.93868284261512
3.8168516795268	0.94249001003288
3.8168533383898	0.9447233389457
3.8168549972528	0.9454132911294
3.8168566561158	0.9456340477531
3.8168583149788	0.94101301365483
3.8168599738418	0.93616040906624
3.8168616327048	0.93390062418339
3.8168632915678	0.93118494102492
3.8168649504308	0.92687763527557
3.8168666092938	0.92412819132776
3.8168682681568	0.92397664813394
3.8168699270198	0.92621555996832
3.8168715858828	0.93059817933967
3.8168732447458	0.93417748507737
3.8168749036088	0.93737821260787
3.8168765624718	0.9378681412695
3.8168782213349	0.93781184044405
3.8168798801979	0.94135690974452
3.8168815390609	0.94422600757458
3.8168831979239	0.94252973802525
3.8168848567869	0.94164806967348
3.8168865156499	0.94275158724787
3.8168881745129	0.94473293738325
3.8168898333759	0.94781297837554
3.8168914922389	0.94606560063367
3.8168931511019	0.9410649399507
3.8168948099649	0.93968643264415
3.8168964688279	0.9395098750753
3.8168981276909	0.93714809652232
3.8168997865539	0.93406937907197
3.8169014454169	0.92311040225653
3.8169031042799	0.91159617462533
3.8169047631429	0.89801726864839
3.8169064220059	0.88169214372894
3.8169080808689	0.86060803132482
3.8169097397319	0.84179251105087
3.816911398595	0.82507093948584
3.816913057458	0.8215200865176
3.816914716321	0.82433220013469
3.816916375184	0.83307737591751
3.816918034047	0.84304923139105
3.81691969291	0.85880247963007
3.816921351773	0.87388094135852
3.816923010636	0.8841189187063
3.816924669499	0.89257791105918
3.816926328362	0.89673650255677
3.816927987225	0.90102261940293
3.816929646088	0.90546616470449
3.816931304951	0.91071967584512
3.816932963814	0.91650732483621
3.816934622677	0.91645224415544
3.81693628154	0.91452993640212
3.816937940403	0.9173195233986
3.816939599266	0.92044354695736
3.816941258129	0.92202509762632
3.8169429169921	0.92198626314253
3.8169445758551	0.91634172177481
3.8169462347181	0.91029255114984
3.8169478935811	0.90358314325972
3.8169495524441	0.8956707067977
3.8169512113071	0.88671623207046
3.8169528701701	0.87757318640668
3.8169545290331	0.86834615517453
3.8169561878961	0.86533690583933
3.8169578467591	0.86345514267283
3.8169595056221	0.86464848840589
3.8169611644851	0.86654573611776
3.8169628233481	0.87211785628341
3.8169644822111	0.87637591261964
3.8169661410741	0.87780650614518
3.8169677999371	0.87769929185092
3.8169694588001	0.8758855571375
3.8169711176631	0.86680125678662
3.8169727765261	0.85346232042576
3.8169744353892	0.83791123047792
3.8169760942522	0.8217643338586
3.8169777531152	0.81035233344879
3.8169794119782	0.80011731068714
3.8169810708412	0.79780051032603
3.8169827297042	0.79793942804371
3.8169843885672	0.80508463137428
3.8169860474302	0.81420742444711
3.8169877062932	0.82609459577677
3.8169893651562	0.83557121821061
3.8169910240192	0.84326407095816
3.8169926828822	0.85218538515734
3.8169943417452	0.8615553454483
3.8169960006082	0.86579773969021
3.8169976594712	0.8693504064854
3.8169993183342	0.87175019172721
3.8170009771972	0.87409716664366
3.8170026360602	0.87624142905409
3.8170042949232	0.87714671092926
3.8170059537862	0.8758966608814
3.8170076126493	0.87492346246038
3.8170092715123	0.87420226956224
3.8170109303753	0.87206258478653
3.8170125892383	0.86926178680869
3.8170142481013	0.86724538870975
3.8170159069643	0.86537747191031
3.8170175658273	0.86259659886508
3.8170192246903	0.86018982088107
3.8170208835533	0.8597666498019
3.8170225424163	0.85973549682245
3.8170242012793	0.8605455189279
3.8170258601423	0.86134364255097
3.8170275190053	0.86212873060564
3.8170291778683	0.86068132331056
3.8170308367313	0.85795972870135
3.8170324955943	0.85847274334493
3.8170341544573	0.85981383442077
3.8170358133203	0.85924497746038
3.8170374721833	0.85848217998693
3.8170391310464	0.85691100770076
3.8170407899094	0.85482839039269
3.8170424487724	0.85140210743644
3.8170441076354	0.84774049632363
3.8170457664984	0.84377422269566
3.8170474253614	0.83835164389147
3.8170490842244	0.83194206215378
3.8170507430874	0.82820890507515
3.8170524019504	0.82533746777932
3.8170540608134	0.81980027780286
3.8170557196764	0.81388138375893
3.8170573785394	0.80629489925161
3.8170590374024	0.79974739168004
3.8170606962654	0.79651911058154
3.8170623551284	0.79100906373604
3.8170640139914	0.7820668905377
3.8170656728544	0.77257192799569
3.8170673317174	0.76264335303395
3.8170689905804	0.75646000691649
3.8170706494435	0.75172177721541
3.8170723083065	0.74076981867468
3.8170739671695	0.72896870898875
3.8170756260325	0.71662697333215
3.8170772848955	0.70436799225576
3.8170789437585	0.69242792023219
3.8170806026215	0.67862448792665
3.8170822614845	0.66161771426541
3.8170839203475	0.64447821161181
3.8170855792105	0.62722085213268
3.8170872380735	0.61007339741024
3.8170888969365	0.59297493415088
3.8170905557995	0.57717202850962
3.8170922146625	0.56157262799025
3.8170938735255	0.54485916768584
3.8170955323885	0.52919743587771
3.8170971912515	0.51837415616893
3.8170988501145	0.50771492670314
3.8171005089775	0.49737255226389
3.8171021678406	0.48796250811807
3.8171038267036	0.47947061114114
3.8171054855666	0.47103419314183
3.8171071444296	0.46262551431992
3.8171088032926	0.45508788778005
3.8171104621556	0.44772912669942
3.8171121210186	0.44005488276162
3.8171137798816	0.43313885721794
3.8171154387446	0.43033692995866
3.8171170976076	0.42640406635126
3.8171187564706	0.42006156820967
3.8171204153336	0.41378742082238
3.8171220741966	0.40758645857673
3.8171237330596	0.40436570121895
3.8171253919226	0.40277382267043
3.8171270507856	0.39624856483874
3.8171287096486	0.38856908901171
3.8171303685116	0.38532735091251
3.8171320273746	0.38214404417456
3.8171336862376	0.37859681243368
3.8171353451007	0.37483849644813
3.8171370039637	0.37059371368719
3.8171386628267	0.36695242694244
3.8171403216897	0.36400008626628
3.8171419805527	0.36154960470667
3.8171436394157	0.3593920370377
3.8171452982787	0.3586084616025
3.8171469571417	0.35817690752946
3.8171486160047	0.35636516287874
3.8171502748677	0.3547654356806
3.8171519337307	0.35503137536306
3.8171535925937	0.35567474391453
3.8171552514567	0.35723892138358
3.8171569103197	0.35913537406142
3.8171585691827	0.36142839493442
3.8171602280457	0.36440584298319
3.8171618869087	0.36780065294891
3.8171635457717	0.37233767134501
3.8171652046347	0.37718450692814
3.8171668634978	0.38003137168801
3.8171685223608	0.38396435823814
3.8171701812238	0.39677071238295
3.8171718400868	0.41014262982564
3.8171734989498	0.42494201404532
3.8171751578128	0.43956087644051
3.8171768166758	0.45395890068528
3.8171784755388	0.46775734878797
3.8171801344018	0.48118189706194
3.8171817932648	0.48988266704259
3.8171834521278	0.49726798672144
3.8171851109908	0.50502800966124
3.8171867698538	0.51308294524338
3.8171884287168	0.52324935141492
3.8171900875798	0.53254511833331
3.8171917464428	0.53962181376693
3.8171934053058	0.54642024849605
3.8171950641688	0.55287663819656
3.8171967230318	0.55431729372322
3.8171983818949	0.55262488947983
3.8172000407579	0.55099049153417
3.8172016996209	0.54937220507876
3.8172033584839	0.54643940960774
3.8172050173469	0.54353460341272
3.8172066762099	0.54136379613894
3.8172083350729	0.54074536570233
3.8172099939359	0.54402739048902
3.8172116527989	0.54879213501225
3.8172133116619	0.55535243576835
3.8172149705249	0.56110321824847
3.8172166293879	0.56635795672785
3.8172182882509	0.57439415388968
3.8172199471139	0.58317869527315
3.8172216059769	0.59312297101795
3.8172232648399	0.60304626379377
3.8172249237029	0.61244537087184
3.8172265825659	0.62002612608169
3.8172282414289	0.62320918624963
3.8172299002919	0.62568335839466
3.817231559155	0.62732854925706
3.817233218018	0.6335220502897
3.817234876881	0.6423918703722
3.817236535744	0.64531622449988
3.817238194607	0.64673829444229
3.81723985347	0.64956920508883
3.817241512333	0.65264052163846
3.817243171196	0.65693356574066
3.817244830059	0.66004890478474
3.817246488922	0.66048424876252
3.817248147785	0.66352022036664
3.817249806648	0.66943575485822
3.817251465511	0.67509940695645
3.817253124374	0.68062378739044
3.817254783237	0.68664052263249
3.8172564421	0.69277012195782
3.817258100963	0.69516530057003
3.817259759826	0.69785553669381
3.817261418689	0.7025319519477
3.8172630775521	0.70650883536238
3.8172647364151	0.70901935257506
3.8172663952781	0.71330848175537
3.8172680541411	0.71942619255473
3.8172697130041	0.72157554570902
3.8172713718671	0.72171054516646
3.8172730307301	0.72586564499271
3.8172746895931	0.73082647495323
3.8172763484561	0.73665033092411
3.8172780073191	0.74195644384221
3.8172796661821	0.74481889755565
3.8172813250451	0.74811109929161
3.8172829839081	0.75221692718503
3.8172846427711	0.75495379517765
3.8172863016341	0.75640928697012
3.8172879604971	0.75810284476045
3.8172896193601	0.75990457002519
3.8172912782231	0.76215020091242
3.8172929370861	0.76423941069994
3.8172945959492	0.75894009477615
3.8172962548122	0.7539028525347
3.8172979136752	0.74990365245412
3.8172995725382	0.74615668568528
3.8173012314012	0.74283333102681
3.8173028902642	0.74227605923338
3.8173045491272	0.74402865952908
3.8173062079902	0.746427213068
3.8173078668532	0.74908097872993
3.8173095257162	0.75663461213806
3.8173111845792	0.76535456708222
3.8173128434422	0.7825953263055
3.8173145023052	0.79829321688314
3.8173161611682	0.80892043528483
3.8173178200312	0.81751053875323
3.8173194788942	0.82311674506086
3.8173211377572	0.82903838557194
3.8173227966202	0.83519006249896
3.8173244554832	0.84002152449024
3.8173261143462	0.84441519409042
3.8173277732093	0.84006174241716
3.8173294320723	0.83567346044563
3.8173310909353	0.83769276158151
3.8173327497983	0.83687914779862
3.8173344086613	0.84106720658272
3.8173360675243	0.84606122815635
3.8173377263873	0.85051446657383
3.8173393852503	0.85491418041595
3.8173410441133	0.86143869206797
3.8173427029763	0.86825348152638
3.8173443618393	0.87327137622387
3.8173460207023	0.8779716972855
3.8173476795653	0.87985375808073
3.8173493384283	0.88111695796281
3.8173509972913	0.88150035654436
3.8173526561543	0.8816501404424
3.8173543150173	0.88565209975469
3.8173559738803	0.8908665945585
3.8173576327433	0.89232411669908
3.8173592916064	0.89239950993192
3.8173609504694	0.89312982923374
3.8173626093324	0.89413856915444
3.8173642681954	0.89645431550931
3.8173659270584	0.89940675575053
3.8173675859214	0.90035569530426
3.8173692447844	0.90019354596192
3.8173709036474	0.90114403523082
3.8173725625104	0.90279320612986
3.8173742213734	0.9054560294619
3.8173758802364	0.90883684099896
3.8173775390994	0.90790162986867
3.8173791979624	0.90352773699103
3.8173808568254	0.90308492455909
3.8173825156884	0.90615709665375
3.8173841745514	0.90785700198011
3.8173858334144	0.90818138971407
3.8173874922774	0.90760065701706
3.8173891511404	0.90600322991932
3.8173908100035	0.90597215403743
3.8173924688665	0.90791282346092
3.8173941277295	0.91114290572468
3.8173957865925	0.91619401170004
3.8173974454555	0.91926974942133
3.8173991043185	0.91920958853129
3.8174007631815	0.91781417623951
3.8174024220445	0.91403027268086
3.8174040809075	0.91235411848409
3.8174057397705	0.91494231747793
3.8174073986335	0.91652654032303
3.8174090574965	0.91580252070642
3.8174107163595	0.91604723649861
3.8174123752225	0.91883894254992
3.8174140340855	0.921313107709
3.8174156929485	0.92282497167474
3.8174173518115	0.92475544540135
3.8174190106745	0.92816309560566
3.8174206695375	0.93010345467666
3.8174223284006	0.92593240585078
3.8174239872636	0.92289664091143
3.8174256461266	0.9255425105482
3.8174273049896	0.92744202574662
3.8174289638526	0.92474175981075
3.8174306227156	0.92226303838189
3.8174322815786	0.92152736046642
3.8174339404416	0.92095913463983
3.8174355993046	0.92216906264409
3.8174372581676	0.923883510167
3.8174389170306	0.93357276581117
3.8174405758936	0.94277517022285
3.8174422347566	0.93772408276315
3.8174438936196	0.93276001023988
3.8174455524826	0.94063419778178
3.8174472113456	0.94850838532368
3.8174488702086	0.94232869569875
3.8174505290716	0.93586937892313
3.8174521879346	0.9438229417921
3.8174538467976	0.95246472700663
3.8174555056607	0.9480920312058
3.8174571645237	0.94271647008704
3.8174588233867	0.94443602813957
3.8174604822497	0.9469210464083
3.8174621411127	0.9483217998649
3.8174637999757	0.94957031611756
3.8174654588387	0.94835266498899
3.8174671177017	0.94670415802001
3.8174687765647	0.94811890175023
3.8174704354277	0.95017979649577
3.8174720942907	0.95109691860032
3.8174737531537	0.95172894292036
3.8174754120167	0.94909369553859
3.8174770708797	0.94551116222
3.8174787297427	0.94646076063492
3.8174803886057	0.94892001028707
3.8174820474687	0.94564928909171
3.8174837063317	0.94020647774668
3.8174853651947	0.9330604574889
3.8174870240578	0.92518536238962
3.8174886829208	0.92594717247159
3.8174903417838	0.93085776668755
3.8174920006468	0.93690056909377
3.8174936595098	0.94355058359367
3.8174953183728	0.94620611562161
3.8174969772358	0.946479286806
3.8174986360988	0.94637356576562
3.8175002949618	0.94601738207616
3.8175019538248	0.9462221030071
3.8175036126878	0.94683668467717
3.8175052715508	0.94846695897118
3.8175069304138	0.95091606255083
3.8175085892768	0.95257884071907
3.8175102481398	0.95354332923316
3.8175119070028	0.95390878630875
3.8175135658658	0.95368890023772
3.8175152247288	0.95451583598112
3.8175168835918	0.9564677640918
3.8175185424549	0.95429845640268
3.8175202013179	0.94725918509744
3.8175218601809	0.94251805643863
3.8175235190439	0.94076359205753
3.8175251779069	0.93750768803794
3.8175268367699	0.93210407091877
3.8175284956329	0.92781372020136
3.8175301544959	0.92527805678236
3.8175318133589	0.9220296170909
3.8175334722219	0.91754133076658
3.8175351310849	0.91065838642352
3.8175367899479	0.89916800105947
3.8175384488109	0.88905227779717
3.8175401076739	0.88187005982153
3.8175417665369	0.86893419814667
3.8175434253999	0.84233428646138
3.8175450842629	0.81428485765352
3.8175467431259	0.78238837832073
3.8175484019889	0.75467511813425
3.8175500608519	0.73943635171219
3.817551719715	0.73006688766775
3.817553378578	0.74048960931469
3.817555037441	0.7546534155554
3.817556696304	0.78320086281346
3.817558355167	0.81190619272843
3.81756001403	0.84131062441217
3.817561672893	0.86973674540749
3.817563331756	0.8931092350833
3.817564990619	0.91524635857228
3.817566649482	0.92981250262018
3.817568308345	0.94289320029126
3.817569967208	0.94492072545476
3.817571626071	0.94678925132687
3.817573284934	0.9471741061787
3.817574943797	0.94776274151593
3.81757660266	0.9508555769567
3.817578261523	0.95340555062749
3.817579920386	0.94640910097141
3.817581579249	0.93949663952951
3.8175832381121	0.93508485102081
3.8175848969751	0.93059907727995
3.8175865558381	0.91965097285091
3.8175882147011	0.90870286842187
3.8175898735641	0.90441150383841
3.8175915324271	0.90018575864389
3.8175931912901	0.90645556757026
3.8175948501531	0.9130578699882
3.8175965090161	0.90569297568548
3.8175981678791	0.89756945283066
3.8175998267421	0.8979904390161
3.8176014856051	0.89907626598148
3.8176031444681	0.89874189566705
3.8176048033311	0.89826229826564
3.8176064621941	0.90125677927346
3.8176081210571	0.90469479852636
3.8176097799201	0.9066962610421
3.8176114387831	0.90847627027685
3.8176130976461	0.90773038666201
3.8176147565092	0.90652548335986
3.8176164153722	0.90662765190378
3.8176180742352	0.9070048900844
3.8176197330982	0.90846899343232
3.8176213919612	0.91019437016319
3.8176230508242	0.90941406802818
3.8176247096872	0.90795296979518
3.8176263685502	0.90319116350791
3.8176280274132	0.89742461373654
3.8176296862762	0.89563343142735
3.8176313451392	0.8951882592588
3.8176330040022	0.89429771558882
3.8176346628652	0.89324044371344
3.8176363217282	0.89065173698549
3.8176379805912	0.88743222939183
3.8176396394542	0.88305330118212
3.8176412983172	0.87815106349874
3.8176429571802	0.87418273699576
3.8176446160432	0.87067453456268
3.8176462749063	0.86708234571936
3.8176479337693	0.86344512219152
3.8176495926323	0.86288980511659
3.8176512514953	0.86412821820556
3.8176529103583	0.8644723869834
3.8176545692213	0.86425292982978
3.8176562280843	0.86774799568327
3.8176578869473	0.87377381057081
3.8176595458103	0.87883363645615
3.8176612046733	0.88318323518378
3.8176628635363	0.88974454285336
3.8176645223993	0.89805817321685
3.8176661812623	0.90413296443587
3.8176678401253	0.90829823377637
3.8176694989883	0.90875339755944
3.8176711578513	0.9058054025698
3.8176728167143	0.90425065919169
3.8176744755773	0.90406928129858
3.8176761344403	0.90276928472519
3.8176777933033	0.90028483597554
3.8176794521664	0.90265447887883
3.8176811110294	0.91054299540736
3.8176827698924	0.92000477234937
3.8176844287554	0.93138678615514
3.8176860876184	0.93902360379773
3.8176877464814	0.94175337379963
3.8176894053444	0.94534989789402
3.8176910642074	0.95016585777546
3.8176927230704	0.95198785754248
3.8176943819334	0.94928548441356
3.8176960407964	0.94778852958734
3.8176976996594	0.94824910987441
3.8176993585224	0.94692907005706
3.8177010173854	0.94249897273005
3.8177026762484	0.93974558681709
3.8177043351114	0.94014474374442
3.8177059939744	0.93956746812908
3.8177076528374	0.93701175145104
3.8177093117004	0.93759999133949
3.8177109705635	0.94506348991108
3.8177126294265	0.95071937195044
3.8177142882895	0.95210300867881
3.8177159471525	0.95453318717989
3.8177176060155	0.959642671706
3.8177192648785	0.96017131533391
3.8177209237415	0.94797086545299
3.8177225826045	0.94026970165227
3.8177242414675	0.94617638869143
3.8177259003305	0.95003333321644
3.8177275591935	0.94712245304339
3.8177292180565	0.94390501727724
3.8177308769195	0.93957867359399
3.8177325357825	0.93645491064458
3.8177341946455	0.93811792658793
3.8177358535085	0.93943955902161
3.8177375123715	0.93925896402552
3.8177391712345	0.93971973691763
3.8177408300975	0.9433205379775
3.8177424889606	0.94620161739161
3.8177441478236	0.9451357656674
3.8177458066866	0.94360451861638
3.8177474655496	0.93918897670414
3.8177491244126	0.93482813207113
3.8177507832756	0.93085447362554
3.8177524421386	0.9280894796156
3.8177541010016	0.93522870487109
3.8177557598646	0.94150676486552
3.8177574187276	0.93946883486703
3.8177590775906	0.9376596440858
3.8177607364536	0.93851537392956
3.8177623953166	0.93913271695962
3.8177640541796	0.93628643696702
3.8177657130426	0.93365814766704
3.8177673719056	0.93518615780554
3.8177690307686	0.93630585721955
3.8177706896316	0.92631593110253
3.8177723484946	0.91627577886016
3.8177740073576	0.90390780943898
3.8177756662207	0.89149515419087
3.8177773250837	0.87271268784124
3.8177789839467	0.85393022149161
3.8177806428097	0.83408503080888
3.8177823016727	0.81423224852006
3.8177839605357	0.79101164630706
3.8177856193987	0.76771874261287
3.8177872782617	0.75548426238513
3.8177889371247	0.74364856655819
3.8177905959877	0.75715509889215
3.8177922548507	0.77195228011108
3.8177939137137	0.80529267570808
3.8177955725767	0.83985916187406
3.8177972314397	0.87236940473172
3.8177988903027	0.90471185733464
3.8178005491657	0.92283729771899
3.8178022080287	0.93957769378596
3.8178038668917	0.94491722791275
3.8178055257547	0.94896281197244
3.8178071846178	0.9587504834591
3.8178088434808	0.9692842037907
3.8178105023438	0.97592896568719
3.8178121612068	0.98200312375905
3.8178138200698	0.97125259651953
3.8178154789328	0.95774632161201
3.8178171377958	0.96479435015071
3.8178187966588	0.97556769802127
3.8178204555218	0.97748737137591
3.8178221143848	0.97764488971804
3.8178237732478	0.97667765535809
3.8178254321108	0.97546609992918
3.8178270909738	0.97056454555876
3.8178287498368	0.96479323371921
3.8178304086998	0.96382283956371
3.8178320675628	0.96407481523054
3.8178337264258	0.96382819126659
3.8178353852888	0.96344497605195
3.8178370441518	0.95941064748841
3.8178387030149	0.95430434916434
3.8178403618779	0.95117942335434
3.8178420207409	0.9486760608373
3.8178436796039	0.94925211051534
3.8178453384669	0.9508573010881
3.8178469973299	0.94562393637787
3.8178486561929	0.93796170461725
3.8178503150559	0.93598194469874
3.8178519739189	0.93614154064255
3.8178536327819	0.9385402449947
3.8178552916449	0.94183076180391
3.8178569505079	0.94203494020706
3.8178586093709	0.94094098947142
3.8178602682339	0.94072903588991
3.8178619270969	0.94090805447493
3.8178635859599	0.94045361520857
3.8178652448229	0.93970367593611
3.8178669036859	0.93639349595395
3.8178685625489	0.9318284068057
3.8178702214119	0.92270957093643
3.817871880275	0.91124881007956
3.817873539138	0.88677236792334
3.817875198001	0.85528064201491
3.817876856864	0.82480584669793
3.817878515727	0.79490478119816
3.81788017459	0.77082728686981
3.817881833453	0.75018492030002
3.817883492316	0.74517039592811
3.817885151179	0.74978518374595
3.817886810042	0.76944286467844
3.817888468905	0.79877123834572
3.817890127768	0.83240706897252
3.817891786631	0.86892983322034
3.817893445494	0.89901153753988
3.817895104357	0.92459601582151
3.81789676322	0.94022919645431
3.817898422083	0.94863136598668
3.817900080946	0.95540578678246
3.817901739809	0.96095004819013
3.8179033986721	0.96166721516866
3.8179050575351	0.95859311743636
3.8179067163981	0.95571269227022
3.8179083752611	0.95299026336588
3.8179100341241	0.94900369519253
3.8179116929871	0.94394670534826
3.8179133518501	0.94045969780823
3.8179150107131	0.93835164763954
3.8179166695761	0.9348956403985
3.8179183284391	0.93021231868687
3.8179199873021	0.92381633697182
3.8179216461651	0.91580482948767
3.8179233050281	0.90115515730439
3.8179249638911	0.88002104145749
3.8179266227541	0.85544216070139
3.8179282816171	0.82738050224145
3.8179299404801	0.79581056629413
3.8179315993431	0.76057085728447
3.8179332582061	0.73512947112193
3.8179349170692	0.72028509997582
3.8179365759322	0.71942494121324
3.8179382347952	0.73419660770696
3.8179398936582	0.75724463717175
3.8179415525212	0.78985011599895
3.8179432113842	0.82072215273584
3.8179448702472	0.84952686165206
3.8179465291102	0.86876330285057
3.8179481879732	0.87622195127139
3.8179498468362	0.88178565886225
3.8179515056992	0.88494259716834
3.8179531645622	0.88787971314075
3.8179548234252	0.89052882303061
3.8179564822882	0.89398455070724
3.8179581411512	0.8985297975521
3.8179598000142	0.90317867766739
3.8179614588772	0.9079718338749
3.8179631177402	0.91272357449919
3.8179647766032	0.91741591183436
3.8179664354663	0.9241147127996
3.8179680943293	0.93377735940272
3.8179697531923	0.94045674989892
3.8179714120553	0.9425988892438
3.8179730709183	0.94196135408188
3.8179747297813	0.93697265957546
3.8179763886443	0.93434992077153
3.8179780475073	0.93553747664348
3.8179797063703	0.93625698783087
3.8179813652333	0.93620116834576
3.8179830240963	0.9360594203241
3.8179846829593	0.93577133827057
3.8179863418223	0.93173741056587
3.8179880006853	0.92114694228017
3.8179896595483	0.91010616300965
3.8179913184113	0.89825556222742
3.8179929772743	0.89076571419176
3.8179946361373	0.89133151446616
3.8179962950003	0.89391083978618
3.8179979538633	0.90030954862712
3.8179996127264	0.90551620395706
3.8180012715894	0.90840192391856
3.8180029304524	0.90897294355775
3.8180045893154	0.9049198805868
3.8180062481784	0.9018928238798
3.8180079070414	0.90096835187269
3.8180095659044	0.90154289892459
3.8180112247674	0.90526689241246
3.8180128836304	0.90498162217847
3.8180145424934	0.89606216553524
3.8180162013564	0.89078026312307
3.8180178602194	0.89352625464459
3.8180195190824	0.89703517755671
3.8180211779454	0.90226856909777
3.8180228368084	0.90738363301005
3.8180244956714	0.91222483313336
3.8180261545344	0.91609643549259
3.8180278133974	0.91767117202279
3.8180294722604	0.91763692979275
3.8180311311235	0.91370248930583
3.8180327899865	0.91086831215696
3.8180344488495	0.91076155291382
3.8180361077125	0.91012403906783
3.8180377665755	0.90814141602507
3.8180394254385	0.9082445015541
3.8180410843015	0.91375032712283
3.8180427431645	0.91954554132498
3.8180444020275	0.92610644122236
3.8180460608905	0.93686008578516
3.8180477197535	0.95894180034893
3.8180493786165	0.96877963911946
3.8180510374795	0.944853511546
3.8180526963425	0.92657233668296
3.8180543552055	0.92417132843225
3.8180560140685	0.92379794952043
3.8180576729315	0.92924052604121
3.8180593317945	0.9346048361382
3.8180609906575	0.93974031856792
3.8180626495206	0.944998715994
3.8180643083836	0.95062321865638
3.8180659672466	0.95672039110099
3.8180676261096	0.96425103258323
3.8180692849726	0.97032255997199
3.8180709438356	0.9718900930969
3.8180726026986	0.97147780982915
3.8180742615616	0.96484879554673
3.8180759204246	0.96115664268809
3.8180775792876	0.96683996438063
3.8180792381506	0.97035589298661
3.8180808970136	0.96684178300871
3.8180825558766	0.96543892265959
3.8180842147396	0.97099107062709
3.8180858736026	0.9731600914033
3.8180875324656	0.96401708250292
3.8180891913286	0.96035389972142
3.8180908501916	0.97527615030317
3.8180925090546	0.98513558883156
3.8180941679176	0.97758920682184
3.8180958267807	0.97023908422316
3.8180974856437	0.96357261566471
3.8180991445067	0.95774126484092
3.8181008033697	0.95485472986875
3.8181024622327	0.95403100640452
3.8181041210957	0.96056886121089
3.8181057799587	0.96364704921711
3.8181074388217	0.95424175617522
3.8181090976847	0.9478774566702
3.8181107565477	0.95259956028067
3.8181124154107	0.95691544295922
3.8181140742737	0.95973580571618
3.8181157331367	0.96310374033326
3.8181173919997	0.96850590295167
3.8181190508627	0.9714430884869
3.8181207097257	0.96514451311267
3.8181223685887	0.96155068279265
3.8181240274517	0.96816737388342
3.8181256863147	0.97402310574584
3.8181273451778	0.97698609963008
3.8181290040408	0.97924757893333
3.8181306629038	0.97882577332902
3.8181323217668	0.97678856624261
3.8181339806298	0.9685376490113
3.8181356394928	0.9635748425722
3.8181372983558	0.97131781691641
3.8181389572188	0.9756384141046
3.8181406160818	0.96668141084435
3.8181422749448	0.96206251426759
3.8181439338078	0.9743316645573
3.8181455926708	0.98235880638621
3.8181472515338	0.97383303475113
3.8181489103968	0.9668384739807
3.8181505692598	0.96582953133557
3.8181522281228	0.96432353098044
3.8181538869858	0.96087313210898
3.8181555458488	0.95878845114923
3.8181572047118	0.96204813994389
3.8181588635749	0.96512323396772
3.8181605224379	0.96747648188221
3.8181621813009	0.96945684247511
3.8181638401639	0.96998094340329
3.8181654990269	0.97053579272888
3.8181671578899	0.9712104412236
3.8181688167529	0.97175263053903
3.8181704756159	0.97178013899314
3.8181721344789	0.97241811438406
3.8181737933419	0.9754191790259
3.8181754522049	0.97633055472971
3.8181771110679	0.96918789787217
3.8181787699309	0.96273178362704
3.8181804287939	0.9589074881174
3.8181820876569	0.95424821673578
3.8181837465199	0.94640635104621
3.8181854053829	0.94715544036956
3.8181870642459	0.98042954250445
3.8181887231089	1.0006203447883
3.818190381972	0.97163830808624
3.818192040835	0.94941962851729
3.818193699698	0.95241027841483
3.818195358561	0.95465199229015
3.818197017424	0.95412606835258
3.818198676287	0.9541960147591
3.81820033515	0.95644693591681
3.818201994013	0.95879640526458
3.818203652876	0.96150295132255
3.818205311739	0.96568147113001
3.818206970602	0.97513481214502
3.818208629465	0.9821478936859
3.818210288328	0.98051670453892
3.818211947191	0.97901485054763
3.818213606054	0.97796567260222
3.818215264917	0.9752178655118
3.81821692378	0.96660128288541
3.818218582643	0.95966240701937
3.818220241506	0.9584428979433
3.818221900369	0.95901499206563
3.8182235592321	0.96560946499907
3.8182252180951	0.9702245902558
3.8182268769581	0.96828192482517
3.8182285358211	0.96896339457841
3.8182301946841	0.97820651475892
3.8182318535471	0.9843703099017
3.8182335124101	0.9806442702064
3.8182351712731	0.97716978744719
3.8182368301361	0.97449012312091
3.8182384889991	0.97371753374765
3.8182401478621	0.97886928401575
3.8182418067251	0.98143152812008
3.8182434655881	0.97608750400742
3.8182451244511	0.97151580390084
3.8182467833141	0.96925988755032
3.8182484421771	0.96703887196677
3.8182501010401	0.96492059415966
3.8182517599031	0.96439988082709
3.8182534187661	0.96849454036024
3.8182550776292	0.97025384095961
3.8182567364922	0.96539652457446
3.8182583953552	0.9612988985141
3.8182600542182	0.95931145284328
3.8182617130812	0.95858170531789
3.8182633719442	0.96127523400744
3.8182650308072	0.96095971784701
3.8182666896702	0.95262254415497
3.8182683485332	0.94895623951454
3.8182700073962	0.95747971206508
3.8182716662592	0.95753257320909
3.8182733251222	0.93595034691578
3.8182749839852	0.91929334293608
3.8182766428482	0.91494232769617
3.8182783017112	0.9124743680156
3.8182799605742	0.91460692023417
3.8182816194372	0.91597936531669
3.8182832783002	0.91553679585633
3.8182849371632	0.92063138547657
3.8182865960263	0.93864562845471
3.8182882548893	0.95258485026668
3.8182899137523	0.95723721859489
3.8182915726153	0.96300546779954
3.8182932314783	0.97125657168013
3.8182948903413	0.97617757843595
3.8182965492043	0.9738674202884
3.8182982080673	0.97357543434472
3.8182998669303	0.97755940157817
3.8183015257933	0.98043108136725
3.8183031846563	0.98100468759087
3.8183048435193	0.97784527279896
3.8183065023823	0.96716636357301
3.8183081612453	0.96218881004067
3.8183098201083	0.96840555464592
3.8183114789713	0.9719439404616
3.8183131378343	0.97035921460908
3.8183147966973	0.96679656625197
3.8183164555603	0.9595489654994
3.8183181144233	0.94829354510302
3.8183197732864	0.92976830842326
3.8183214321494	0.91796612393597
3.8183230910124	0.91803283634225
3.8183247498754	0.92122255754127
3.8183264087384	0.92977619673337
3.8183280676014	0.93335867182666
3.8183297264644	0.92863609423608
3.8183313853274	0.9199752543308
3.8183330441904	0.90491707163073
3.8183347030534	0.88789817991111
3.8183363619164	0.86778362573814
3.8183380207794	0.84790630289054
3.8183396796424	0.82839288821951
3.8183413385054	0.81416201991619
3.8183429973684	0.80780245834956
3.8183446562314	0.80990832209598
3.8183463150944	0.82426221011939
3.8183479739574	0.84420356596089
3.8183496328204	0.871991385132
3.8183512916835	0.89901032924355
3.8183529505465	0.9249817064817
3.8183546094095	0.94545206337732
3.8183562682725	0.95865368682313
3.8183579271355	0.97320784413034
3.8183595859985	0.98949477696965
3.8183612448615	0.98214487987938
3.8183629037245	0.94544711174392
3.8183645625875	0.9275810318725
3.8183662214505	0.93236556764963
3.8183678803135	0.94505435143079
3.8183695391765	0.96695037480108
3.8183711980395	0.9718483067215
3.8183728569025	0.9575826308027
3.8183745157655	0.95909768248034
3.8183761746285	0.9778264748412
3.8183778334915	0.98565448202879
3.8183794923545	0.98198338885258
3.8183811512175	0.97775550926702
3.8183828100806	0.97295991263809
3.8183844689436	0.96770982184471
3.8183861278066	0.96201196701845
3.8183877866696	0.95964089708873
3.8183894455326	0.96043491408302
3.8183911043956	0.95843021893704
3.8183927632586	0.95385564892907
3.8183944221216	0.94941489847154
3.8183960809846	0.94509267257619
3.8183977398476	0.93793060994379
3.8183993987106	0.9283439040202
3.8184010575736	0.91945194980041
3.8184027164366	0.91113152355743
3.8184043752996	0.90946849932179
3.8184060341626	0.91307863163742
3.8184076930256	0.91696119593307
3.8184093518886	0.92105138135263
3.8184110107516	0.92324727833517
3.8184126696146	0.92405520500365
3.8184143284776	0.92762682430545
3.8184159873407	0.93314411993868
3.8184176462037	0.93637656307633
3.8184193050667	0.93806499615527
3.8184209639297	0.94117860000115
3.8184226227927	0.94521595615418
3.8184242816557	0.94889238173554
3.8184259405187	0.95234458828298
3.8184275993817	0.9552418847111
3.8184292582447	0.95780917398129
3.8184309171077	0.95466097928049
3.8184325759707	0.94826179731495
3.8184342348337	0.94157523269828
3.8184358936967	0.9347325284758
3.8184375525597	0.9292275298134
3.8184392114227	0.92441615414954
3.8184408702857	0.92434218315985
3.8184425291487	0.92660902663644
3.8184441880117	0.92938171736044
3.8184458468747	0.93239225287908
3.8184475057378	0.9327562430784
3.8184491646008	0.93193769213431
3.8184508234638	0.92565192445213
3.8184524823268	0.91704851338862
3.8184541411898	0.91596146053436
3.8184558000528	0.91789191447389
3.8184574589158	0.92419375860171
3.8184591177788	0.93215462406784
3.8184607766418	0.9380547257862
3.8184624355048	0.94321721304485
3.8184640943678	0.94780809760595
3.8184657532308	0.9522064417641
3.8184674120938	0.95843595278096
3.8184690709568	0.96524441603202
3.8184707298198	0.96509691982504
3.8184723886828	0.96289120673245
3.8184740475458	0.96210454293635
3.8184757064088	0.96170965084186
3.8184773652718	0.95742740650423
3.8184790241349	0.95214746301539
3.8184806829979	0.95400414611104
3.8184823418609	0.95755606891142
3.8184840007239	0.95981499831795
