3.8159140065499	0.9953
3.8159156654129	0.99046439540979
3.815917324276	0.98602798552111
3.815918983139	0.98479237101232
3.815920642002	0.98325980731979
3.815922300865	0.98068627696411
3.815923959728	0.97716344708888
3.815925618591	0.97174005792337
3.815927277454	0.9663309041956
3.815928936317	0.96093954561471
3.81593059518	0.95440494406051
3.815932254043	0.946956856253
3.815933912906	0.93904124193279
3.815935571769	0.93089268815809
3.815937230632	0.92632535477967
3.815938889495	0.92277317597026
3.815940548358	0.91953325051806
3.815942207221	0.91635594456119
3.815943866084	0.9214049148241
3.815945524947	0.9256926604027
3.81594718381	0.92412517436393
3.815948842673	0.9234020712503
3.8159505015361	0.9255491939094
3.8159521603991	0.92467807066678
3.8159538192621	0.91793941663276
3.8159554781251	0.91394036206769
3.8159571369881	0.91326005222615
3.8159587958511	0.91443469749715
3.8159604547141	0.91703849750314
3.8159621135771	0.92100943140566
3.8159637724401	0.92563088616067
3.8159654313031	0.92773598647271
3.8159670901661	0.92917426766846
3.8159687490291	0.92914252028114
3.8159704078921	0.92897245792394
3.8159720667551	0.92989575955672
3.8159737256181	0.93079473869119
3.8159753844811	0.93153099401454
3.8159770433441	0.9323277954743
3.8159787022071	0.93331274022524
3.8159803610701	0.93499523925287
3.8159820199332	0.93793378586311
3.8159836787962	0.9395930777059
3.8159853376592	0.93981416496856
3.8159869965222	0.94025564928156
3.8159886553852	0.94085372795163
3.8159903142482	0.93997903764914
3.8159919731112	0.93846888810386
3.8159936319742	0.93895009227504
3.8159952908372	0.93989031052256
3.8159969497002	0.94196169847385
3.8159986085632	0.94435436376125
3.8160002674262	0.95213477163978
3.8160019262892	0.95955639674092
3.8160035851522	0.96503394740588
3.8160052440152	0.97052520084759
3.8160069028782	0.97605341486158
3.8160085617412	0.98189689396398
3.8160102206042	0.98824349135914
3.8160118794672	0.99037564996541
3.8160135383303	0.98829546779954
3.8160151971933	0.98703674747546
3.8160168560563	0.98629185568234
3.8160185149193	0.9817476109958
3.8160201737823	0.9758006623293
3.8160218326453	0.95756637223068
3.8160234915083	0.9370900880193
3.8160251503713	0.91048948567577
3.8160268092343	0.88260895381599
3.8160284680973	0.84230036397979
3.8160301269603	0.80156961213286
3.8160317858233	0.75906707440889
3.8160334446863	0.72304365582435
3.8160351035493	0.7015600683519
3.8160367624123	0.69347543077549
3.8160384212753	0.70357414713315
3.8160400801383	0.72634267628996
3.8160417390013	0.75988871655058
3.8160433978643	0.79918834779636
3.8160450567274	0.84149731940529
3.8160467155904	0.87702853649438
3.8160483744534	0.91056924514271
3.8160500333164	0.93351253530001
3.8160516921794	0.95508772637268
3.8160533510424	0.96836328521159
3.8160550099054	0.98053991145748
3.8160566687684	0.98487531189455
3.8160583276314	0.98826703323487
3.8160599864944	0.98866747335256
3.8160616453574	0.99022663865077
3.8160633042204	0.99387379894703
3.8160649630834	0.9948391844114
3.8160666219464	0.99282926358888
3.8160682808094	0.99220496752246
3.8160699396724	0.99253802327105
3.8160715985354	0.9910884834323
3.8160732573984	0.98890668754904
3.8160749162614	0.98586293759807
3.8160765751244	0.9826381606577
3.8160782339875	0.97748042668074
3.8160798928505	0.97207137952484
3.8160815517135	0.96458942067294
3.8160832105765	0.95632244112051
3.8160848694395	0.94447856170003
3.8160865283025	0.93638834814701
3.8160881871655	0.9371376598893
3.8160898460285	0.94103341055309
3.8160915048915	0.94934002363793
3.8160931637545	0.95864856705603
3.8160948226175	0.96882895959106
3.8160964814805	0.97553121656742
3.8160981403435	0.9803872616685
3.8160997992065	0.97740783644008
3.8161014580695	0.97211279209004
3.8161031169325	0.96709687558702
3.8161047757955	0.96214461532812
3.8161064346585	0.96022800617293
3.8161080935215	0.95948564874388
3.8161097523846	0.96669537532178
3.8161114112476	0.97438427909054
3.8161130701106	0.9835271559432
3.8161147289736	0.98763774569146
3.8161163878366	0.98307519156368
3.8161180466996	0.97776201757047
3.8161197055626	0.97165703797544
3.8161213644256	0.96788726526891
3.8161230232886	0.96563438383425
3.8161246821516	0.96424901925468
3.8161263410146	0.96319113353056
3.8161279998776	0.96487075669186
3.8161296587406	0.96704948954257
3.8161313176036	0.97057391610362
3.8161329764666	0.9739939446284
3.8161346353296	0.97579682960966
3.8161362941926	0.97672176774624
3.8161379530556	0.97426644705229
3.8161396119186	0.97150732627989
3.8161412707817	0.96812177595787
3.8161429296447	0.96033877761454
3.8161445885077	0.9471183523487
3.8161462473707	0.93287723765021
3.8161479062337	0.91785907493726
3.8161495650967	0.9118888141875
3.8161512239597	0.91001074532555
3.8161528828227	0.91446364801172
3.8161545416857	0.92040628326028
3.8161562005487	0.9274063816922
3.8161578594117	0.93445553541001
3.8161595182747	0.94095751860556
3.8161611771377	0.94683343945938
3.8161628360007	0.94971868315147
3.8161644948637	0.95245530293328
3.8161661537267	0.95483601355537
3.8161678125897	0.95619232290339
3.8161694714527	0.95611139682584
3.8161711303157	0.95915792286822
3.8161727891787	0.96489130378696
3.8161744480418	0.97106620428353
3.8161761069048	0.97746879242405
3.8161777657678	0.98202664111181
3.8161794246308	0.9860695471482
3.8161810834938	0.98535706109403
3.8161827423568	0.98419401862411
3.8161844012198	0.98507280455858
3.8161860600828	0.98600985116338
3.8161877189458	0.9872806921122
3.8161893778088	0.98931939867868
3.8161910366718	0.99342258049838
3.8161926955348	0.99593622155534
3.8161943543978	0.99600281043908
3.8161960132608	0.99689366810917
3.8161976721238	0.99855584475111
3.8161993309868	0.99951515815996
3.8162009898498	1.0000783137886
3.8162026487128	0.99808156653326
3.8162043075758	0.99528796691943
3.8162059664389	0.98817141881608
3.8162076253019	0.9806008666519
3.8162092841649	0.98418675334037
3.8162109430279	0.98655736924602
3.8162126018909	0.98098123621622
3.8162142607539	0.97694831440733
3.8162159196169	0.97739441543887
3.8162175784799	0.97715593306208
3.8162192373429	0.97580047838705
3.8162208962059	0.97856173007957
3.8162225550689	0.98537641101513
3.8162242139319	0.9842399117989
3.8162258727949	0.97839191653586
3.8162275316579	0.98261580463031
3.8162291905209	0.99016009491244
3.8162308493839	0.99602514218216
3.8162325082469	1.0016470524876
3.8162341671099	0.99906101537977
3.8162358259729	0.99620883764277
3.816237484836	0.99149871599536
3.816239143699	0.98817342811305
3.816240802562	0.98900322848293
3.816242461425	0.98930990614043
3.816244120288	0.98874405650451
3.816245779151	0.98889788115406
3.816247438014	0.98977205034171
3.816249096877	0.98815193397857
3.81625075574	0.98503425106925
3.816252414603	0.9854157216253
3.816254073466	0.98696323817536
3.816255732329	0.9870243006343
3.816257391192	0.98687985709374
3.816259050055	0.99328207718401
3.816260708918	0.99884800166756
3.816262367781	0.99864258687535
3.816264026644	0.99856977652536
3.816265685507	0.99888992624727
3.81626734437	0.99956608343056
3.816269003233	1.0008275899761
3.8162706620961	1.0011820266047
3.8162723209591	1.0006446321994
3.8162739798221	0.99991072640165
3.8162756386851	0.99906159674047
3.8162772975481	0.99681058536506
3.8162789564111	0.99410882013199
3.8162806152741	0.99220819372878
3.8162822741371	0.99047294738455
3.8162839330001	0.99480215213401
3.8162855918631	0.99872562189181
3.8162872507261	1.0000794910399
3.8162889095891	0.99837192687842
3.8162905684521	0.98809492297654
3.8162922273151	0.98121590561328
3.8162938861781	0.97964723492615
3.8162955450411	0.97482498812124
3.8162972039041	0.96696649175758
3.8162988627671	0.96019697921494
3.8163005216301	0.95402807171904
3.8163021804932	0.94859549478241
3.8163038393562	0.94338049567802
3.8163054982192	0.95107019417601
3.8163071570822	0.96013117495308
3.8163088159452	0.96661065897755
3.8163104748082	0.97348890345542
3.8163121336712	0.98254405414165
3.8163137925342	0.99048322023905
3.8163154513972	0.99559126149662
3.8163171102602	0.99508770565643
3.8163187691232	0.98653505403308
3.8163204279862	0.98596284087157
3.8163220868492	0.99221710213576
3.8163237457122	0.99391792805658
3.8163254045752	0.99334834688054
3.8163270634382	0.99585762952442
3.8163287223012	0.99915726763038
3.8163303811642	0.99786094578493
3.8163320400272	0.9959442146415
3.8163336988903	0.98966893217076
3.8163353577533	0.9843664390756
3.8163370166163	0.98343967065566
3.8163386754793	0.98066420580619
3.8163403343423	0.97379045104581
3.8163419932053	0.96854045478795
3.8163436520683	0.96535724131896
3.8163453109313	0.96715862255622
3.8163469697943	0.97273218220108
3.8163486286573	0.97273091612256
3.8163502875203	0.97032458780659
3.8163519463833	0.97478328332327
3.8163536052463	0.98066679563662
3.8163552641093	0.98376864431205
3.8163569229723	0.98672134240203
3.8163585818353	0.98939662207151
3.8163602406983	0.9915953848772
3.8163618995613	0.99207988938985
3.8163635584243	0.99157960427757
3.8163652172874	0.98923066286266
3.8163668761504	0.9874471769223
3.8163685350134	0.98628174006587
3.8163701938764	0.98278210296568
3.8163718527394	0.97777812326474
3.8163735116024	0.96978591463188
3.8163751704654	0.96073604267963
3.8163768293284	0.95714246556357
3.8163784881914	0.95437022409245
3.8163801470544	0.95373232929781
3.8163818059174	0.95337299806894
3.8163834647804	0.95486418648843
3.8163851236434	0.95452486914449
3.8163867825064	0.94902373059592
3.8163884413694	0.9409819081121
3.8163901002324	0.9290143112909
3.8163917590954	0.91611238887602
3.8163934179584	0.90236237167067
3.8163950768214	0.89305892592511
3.8163967356844	0.8860912534988
3.8163983945475	0.8945852675754
3.8164000534105	0.90726087334035
3.8164017122735	0.92383646788949
3.8164033711365	0.94008389715112
3.8164050299995	0.94371603336013
3.8164066888625	0.94663710372
3.8164083477255	0.9463747789377
3.8164100065885	0.94122723900509
3.8164116654515	0.92544005034794
3.8164133243145	0.91325543276093
3.8164149831775	0.90552966921588
3.8164166420405	0.90738901711925
3.8164183009035	0.91621090579257
3.8164199597665	0.93131210339746
3.8164216186295	0.94895660358334
3.8164232774925	0.96220915287313
3.8164249363555	0.97465206636026
3.8164265952185	0.98141990424152
3.8164282540815	0.98729436611219
3.8164299129446	0.98701584161855
3.8164315718076	0.98675410405394
3.8164332306706	0.98654466012022
3.8164348895336	0.98879440813604
3.8164365483966	0.99512263752313
3.8164382072596	0.99558718515847
3.8164398661226	0.99040540987993
3.8164415249856	0.98581351309693
3.8164431838486	0.98154926485003
3.8164448427116	0.97944649631355
3.8164465015746	0.97796603915257
3.8164481604376	0.9764220546898
3.8164498193006	0.97489489893604
3.8164514781636	0.97386973833936
3.8164531370266	0.97188773264165
3.8164547958896	0.96548537789636
3.8164564547526	0.95972720522341
3.8164581136156	0.95538907967575
3.8164597724786	0.95374340536668
3.8164614313417	0.95543829364034
3.8164630902047	0.95752791957031
3.8164647490677	0.95990259703267
3.8164664079307	0.96569998359056
3.8164680667937	0.97286059534869
3.8164697256567	0.97752624142547
3.8164713845197	0.98175096615783
3.8164730433827	0.97881643851322
3.8164747022457	0.97577827646968
3.8164763611087	0.97280124340297
3.8164780199717	0.97123091737133
3.8164796788347	0.97378023753817
3.8164813376977	0.97399604350001
3.8164829965607	0.97055791593994
3.8164846554237	0.96252450329617
3.8164863142867	0.95033439557128
3.8164879731497	0.94274183137181
3.8164896320127	0.93751229920843
3.8164912908757	0.93667659552028
3.8164929497387	0.93696625182899
3.8164946086018	0.93851908772261
3.8164962674648	0.94049663576709
3.8164979263278	0.94705185046295
3.8164995851908	0.95254189495387
3.8165012440538	0.9538670882272
3.8165029029168	0.95745937857783
3.8165045617798	0.96545671315226
3.8165062206428	0.97070683950101
3.8165078795058	0.97293320798737
3.8165095383688	0.97198240850411
3.8165111972318	0.96902128162098
3.8165128560948	0.96812605991451
3.8165145149578	0.96792319911108
3.8165161738208	0.96355064243279
3.8165178326838	0.95871590959651
3.8165194915468	0.95719853015659
3.8165211504098	0.95574615213957
3.8165228092728	0.95463659620574
3.8165244681358	0.95604392234997
3.8165261269989	0.96342361663749
3.8165277858619	0.9667620458378
3.8165294447249	0.96482286406071
3.8165311035879	0.9603690438345
3.8165327624509	0.95402612048951
3.8165344213139	0.95289636437052
3.8165360801769	0.95391173447154
3.8165377390399	0.95061952317928
3.8165393979029	0.94654379087652
3.8165410567659	0.94111095178939
3.8165427156289	0.93699504049
3.8165443744919	0.94253956907744
3.8165460333549	0.94702163527974
3.8165476922179	0.94847557111704
3.8165493510809	0.94823429705152
3.8165510099439	0.94542773712303
3.8165526688069	0.9397186422054
3.8165543276699	0.93149872838437
3.8165559865329	0.91660828138318
3.816557645396	0.89850029285165
3.816559304259	0.87229551964097
3.816560963122	0.8442303484756
3.816562621985	0.82270641777614
3.816564280848	0.80375149894287
3.816565939711	0.80724208689018
3.816567598574	0.81366571306101
3.816569257437	0.82992709958323
3.8165709163	0.84751449442579
3.816572575163	0.86737177585205
3.816574234026	0.8848995180552
3.816575892889	0.90017089155307
3.816577551752	0.91326909226695
3.816579210615	0.92518355260412
3.816580869478	0.93171275148131
3.816582528341	0.93678322296512
3.816584187204	0.94096809548525
3.816585846067	0.94476742208968
3.81658750493	0.94412497427522
3.8165891637931	0.94385357516705
3.8165908226561	0.94501057675043
3.8165924815191	0.94417161171562
3.8165941403821	0.93956360719974
3.8165957992451	0.93753179507396
3.8165974581081	0.93822008768573
3.8165991169711	0.93437733390752
3.8166007758341	0.92783607576807
3.8166024346971	0.9247241461819
3.8166040935601	0.92265305705024
3.8166057524231	0.92377240433753
3.8166074112861	0.92541179859521
3.8166090701491	0.93089497274241
3.8166107290121	0.93673060936055
3.8166123878751	0.94407538240842
3.8166140467381	0.94862242727055
3.8166157056011	0.94749755402242
3.8166173644641	0.94535707605426
3.8166190233271	0.94207797847319
3.8166206821901	0.94014009941593
3.8166223410532	0.93905001412379
3.8166239999162	0.93427580184398
3.8166256587792	0.92830047936278
3.8166273176422	0.93304898671473
3.8166289765052	0.93880434496074
3.8166306353682	0.93830439102181
3.8166322942312	0.93718131728752
3.8166339530942	0.93320301308779
3.8166356119572	0.92906442622727
3.8166372708202	0.9245868989635
3.8166389296832	0.91647830871003
3.8166405885462	0.90416032926362
3.8166422474092	0.88861310693485
3.8166439062722	0.87096059435663
3.8166455651352	0.86145290392378
3.8166472239982	0.85469344886397
3.8166488828612	0.85509738568621
3.8166505417242	0.85673824292021
3.8166522005872	0.86879268729183
3.8166538594503	0.88232767941346
3.8166555183133	0.90281599432365
3.8166571771763	0.92034617125514
3.8166588360393	0.93154503339982
3.8166604949023	0.9400835879962
3.8166621537653	0.94551754695362
3.8166638126283	0.94709319338385
3.8166654714913	0.94614581793331
3.8166671303543	0.94103496571614
3.8166687892173	0.93452082175111
3.8166704480803	0.93454232322703
3.8166721069433	0.93500997814147
3.8166737658063	0.92578253018668
3.8166754246693	0.91708865878568
3.8166770835323	0.91084895085971
3.8166787423953	0.90068539906959
3.8166804012583	0.88227541468717
3.8166820601213	0.86262729984384
3.8166837189843	0.84156270911011
3.8166853778474	0.82418608361878
3.8166870367104	0.80916240995917
3.8166886955734	0.81468246196271
3.8166903544364	0.8268776834862
3.8166920132994	0.85003258449258
3.8166936721624	0.87440089649808
3.8166953310254	0.89841160226336
3.8166969898884	0.92071361218398
3.8166986487514	0.93565017548681
3.8167003076144	0.9493494611912
3.8167019664774	0.96057112086717
3.8167036253404	0.96730357249921
3.8167052842034	0.96913328101714
3.8167069430664	0.9714608866604
3.8167086019294	0.9740897311206
3.8167102607924	0.9646596313833
3.8167119196554	0.95159156954749
3.8167135785184	0.94103889537831
3.8167152373814	0.93100826462739
3.8167168962444	0.92550624092493
3.8167185551075	0.9234488175056
3.8167202139705	0.93478154450429
3.8167218728335	0.9449187631062
3.8167235316965	0.95283903574877
3.8167251905595	0.95390380458751
3.8167268494225	0.9480090139266
3.8167285082855	0.93641357469618
3.8167301671485	0.92164236783138
3.8167318260115	0.90855844517895
3.8167334848745	0.89592751900579
3.8167351437375	0.8946824821294
3.8167368026005	0.89479319436905
3.8167384614635	0.90124984295043
3.8167401203265	0.9093600315736
3.8167417791895	0.92308200066481
3.8167434380525	0.93462318380447
3.8167450969155	0.94251866270138
3.8167467557785	0.95031610511041
3.8167484146415	0.95802344147436
3.8167500735046	0.96102365419321
3.8167517323676	0.96168477757637
3.8167533912306	0.96359187999729
3.8167550500936	0.965781569738
3.8167567089566	0.96425578129684
3.8167583678196	0.96275052871067
3.8167600266826	0.96259128514628
3.8167616855456	0.96155752867404
3.8167633444086	0.95799823796493
3.8167650032716	0.95711609316061
3.8167666621346	0.96016914928219
3.8167683209976	0.96091168878233
3.8167699798606	0.95978378572767
3.8167716387236	0.95654289538404
3.8167732975866	0.95239867470635
3.8167749564496	0.949691118376
3.8167766153126	0.9472399948862
3.8167782741756	0.94178407189634
3.8167799330386	0.93662591452994
3.8167815919017	0.93328112795992
3.8167832507647	0.93328410493062
3.8167849096277	0.94134608891749
3.8167865684907	0.94690642116101
3.8167882273537	0.94930963305292
3.8167898862167	0.94852648251647
3.8167915450797	0.94553649699788
3.8167932039427	0.94511522769078
3.8167948628057	0.94559820809618
3.8167965216687	0.94552381034155
3.8167981805317	0.94528735545362
3.8167998393947	0.94270082401772
3.8168014982577	0.9399285218988
3.8168031571207	0.93634861783015
3.8168048159837	0.93383283526446
3.8168064748467	0.93341617659064
3.8168081337097	0.92799209237653
3.8168097925727	0.91727137493314
3.8168114514357	0.90851282057646
3.8168131102987	0.90087909149606
3.8168147691618	0.8955441090986
3.8168164280248	0.89083717623549
3.8168180868878	0.88110259832036
3.8168197457508	0.87142365371778
3.8168214046138	0.86605866635611
3.8168230634768	0.8615518185412
3.8168247223398	0.85982823854573
3.8168263812028	0.85904591768385
3.8168280400658	0.85976068782251
3.8168296989288	0.8651284742299
3.8168313577918	0.87451652128652
3.8168330166548	0.88566474165267
3.8168346755178	0.89761451489815
3.8168363343808	0.90327935078408
3.8168379932438	0.90772798390743
3.8168396521068	0.90907693121467
3.8168413109698	0.91034316538327
3.8168429698328	0.91131728880427
3.8168446286958	0.91056675868879
3.8168462875589	0.90561303125104
3.8168479464219	0.90353157638836
3.8168496052849	0.90507279587667
3.8168512641479	0.90613709886634
3.8168529230109	0.90687501708766
3.8168545818739	0.90890202870132
3.8168562407369	0.91136968765334
3.8168578995999	0.91076934803858
3.8168595584629	0.90980751460676
3.8168612173259	0.90867061294206
3.8168628761889	0.90738559263323
3.8168645350519	0.90551104466195
3.8168661939149	0.90194165166725
3.8168678527779	0.89526430338424
3.8168695116409	0.8902093792688
3.8168711705039	0.88674381486499
3.8168728293669	0.88635602551531
3.8168744882299	0.88757119828284
3.8168761470929	0.8910245669384
3.816877805956	0.89500271682772
3.816879464819	0.89449535724278
3.816881123682	0.89424816804697
3.816882782545	0.89732275792481
3.816884441408	0.90023636626079
3.816886100271	0.90271126687121
3.816887759134	0.90627586186315
3.816889417997	0.91133604751885
3.81689107686	0.91256335632101
3.816892735723	0.91095452085278
3.816894394586	0.91107452061218
3.816896053449	0.91184029175797
3.816897712312	0.91392859915861
3.816899371175	0.91586516864059
3.816901030038	0.90875449728885
3.816902688901	0.9017989503763
3.816904347764	0.89550949716467
3.816906006627	0.89047481947511
3.81690766549	0.88784585458756
3.8169093243531	0.87857219166197
3.8169109832161	0.86256864590591
3.8169126420791	0.84452294467094
3.8169143009421	0.82538232434921
3.8169159598051	0.80877519342426
3.8169176186681	0.79278072423849
3.8169192775311	0.7859548898392
3.8169209363941	0.78147159881624
3.8169225952571	0.79216411113357
3.8169242541201	0.80256858904901
3.8169259129831	0.81219009487238
3.8169275718461	0.81983090133307
3.8169292307091	0.82477874931832
3.8169308895721	0.82653046662606
3.8169325484351	0.82595590099763
3.8169342072981	0.82755816787603
3.8169358661611	0.82994978211169
3.8169375250241	0.83854689642645
3.8169391838871	0.84774109548351
3.8169408427501	0.85313667230862
3.8169425016132	0.85910593605588
3.8169441604762	0.86736959196048
3.8169458193392	0.87227586812451
3.8169474782022	0.87110029597123
3.8169491370652	0.86700045961786
3.8169507959282	0.86010757541214
3.8169524547912	0.85677297009192
3.8169541136542	0.85521164196863
3.8169557725172	0.84507493943115
3.8169574313802	0.83309973760158
3.8169590902432	0.82185961747346
3.8169607491062	0.81105075618702
3.8169624079692	0.80288533202183
3.8169640668322	0.79696076947733
3.8169657256952	0.79645735520537
3.8169673845582	0.79519552777593
3.8169690434212	0.79300319204954
3.8169707022842	0.79271650963425
3.8169723611472	0.79366979129011
3.8169740200103	0.78739505299412
3.8169756788733	0.77887151548558
3.8169773377363	0.76679292828302
3.8169789965993	0.75450388967324
3.8169806554623	0.7434158657278
3.8169823143253	0.73165442478437
3.8169839731883	0.71769028036664
3.8169856320513	0.70595675528805
3.8169872909143	0.69768929431045
3.8169889497773	0.69715416734951
3.8169906086403	0.7029669757618
3.8169922675033	0.70635200474353
3.8169939263663	0.70873016774754
3.8169955852293	0.7150323944378
3.8169972440923	0.72184025121578
3.8169989029553	0.72396901641874
3.8170005618183	0.72598711266528
3.8170022206813	0.7275036131181
3.8170038795443	0.72823135049019
3.8170055384074	0.72742120633228
3.8170071972704	0.7255587503776
3.8170088561334	0.72263283500086
3.8170105149964	0.71856942705552
3.8170121738594	0.71390923986859
3.8170138327224	0.70895060267837
3.8170154915854	0.70392401607526
3.8170171504484	0.70306518125726
3.8170188093114	0.70196386589139
3.8170204681744	0.69852269734963
3.8170221270374	0.69492839924927
3.8170237859004	0.69096158505902
3.8170254447634	0.68753489082419
3.8170271036264	0.68476689074577
3.8170287624894	0.68086217544726
3.8170304213524	0.67623029857039
3.8170320802154	0.66934586355804
3.8170337390784	0.66178615093737
3.8170353979414	0.66108998941154
3.8170370568044	0.66054010897167
3.8170387156675	0.65609961049334
3.8170403745305	0.65177549555389
3.8170420333935	0.64780316135882
3.8170436922565	0.64367461620435
3.8170453511195	0.6393199923838
3.8170470099825	0.63532277025792
3.8170486688455	0.63159656046379
3.8170503277085	0.62698443442064
3.8170519865715	0.62204308442899
3.8170536454345	0.616628009957
3.8170553042975	0.61136556123345
3.8170569631605	0.61011781277843
3.8170586220235	0.60762971475438
3.8170602808865	0.60049594779269
3.8170619397495	0.59583963738555
3.8170635986125	0.59537309160761
3.8170652574755	0.59097374381868
3.8170669163385	0.58312220558419
3.8170685752015	0.57818905243738
3.8170702340646	0.57454471445489
3.8170718929276	0.56806887290385
3.8170735517906	0.56111026080896
3.8170752106536	0.55401471592068
3.8170768695166	0.54655844854321
3.8170785283796	0.53743448088131
3.8170801872426	0.52812357395175
3.8170818461056	0.51844895734326
3.8170835049686	0.50793538442676
3.8170851638316	0.4965871284578
3.8170868226946	0.48447227554791
3.8170884815576	0.47196810795006
3.8170901404206	0.45983298773947
3.8170917992836	0.44777601499651
3.8170934581466	0.43402042192273
3.8170951170096	0.42052579942483
3.8170967758726	0.40863470507047
3.8170984347356	0.39688135147028
3.8171000935986	0.38543133349632
3.8171017524617	0.37501668577962
3.8171034113247	0.36574682520612
3.8171050701877	0.35878996030375
3.8171067290507	0.35314740798437
3.8171083879137	0.34838658255152
3.8171100467767	0.34384543185221
3.8171117056397	0.34443591775311
3.8171133645027	0.34473628502421
3.8171150233657	0.34170042896589
3.8171166822287	0.34006357856031
3.8171183410917	0.3418517219257
3.8171199999547	0.34373768904774
3.8171216588177	0.34574155616323
3.8171233176807	0.3482932456894
3.8171249765437	0.35118496677269
3.8171266354067	0.3538361834914
3.8171282942697	0.35641985865069
3.8171299531327	0.35801638447143
3.8171316119957	0.35963112186869
3.8171332708588	0.3618709208262
3.8171349297218	0.36519163175695
3.8171365885848	0.37139564732487
3.8171382474478	0.37598652998797
3.8171399063108	0.3784984960276
3.8171415651738	0.38435254083973
3.8171432240368	0.39242253349941
3.8171448828998	0.40146553146211
3.8171465417628	0.4108059896859
3.8171482006258	0.41495099608288
3.8171498594888	0.41902009487102
3.8171515183518	0.42605153391848
3.8171531772148	0.43311544365234
3.8171548360778	0.44027164719439
3.8171564949408	0.44841624527015
3.8171581538038	0.45789620022956
3.8171598126668	0.46759072763858
3.8171614715298	0.47743404107756
3.8171631303928	0.48814563205087
3.8171647892558	0.49913764450728
3.8171664481189	0.50475704360847
3.8171681069819	0.51015369334321
3.8171697658449	0.51802520620594
3.8171714247079	0.52672924162897
3.8171730835709	0.53789429082306
3.8171747424339	0.54882386651006
3.8171764012969	0.55942646768349
3.8171780601599	0.5716795974243
3.8171797190229	0.58510518645756
3.8171813778859	0.603938334813
3.8171830367489	0.62456571791446
3.8171846956119	0.6461839780926
3.8171863544749	0.66849074416936
3.8171880133379	0.69736420012524
3.8171896722009	0.72533681051976
3.8171913310639	0.75060952408885
3.8171929899269	0.7697284564692
3.8171946487899	0.78024042199908
3.8171963076529	0.78917748123576
3.817197966516	0.79699154664299
3.817199625379	0.80447821683153
3.817201284242	0.81185620642004
3.817202943105	0.81688981281378
3.817204601968	0.82114536400231
3.817206260831	0.81929387522505
3.817207919694	0.81668595750842
3.817209578557	0.81183943215563
3.81721123742	0.80893407992609
3.817212896283	0.80870814108137
3.817214555146	0.80910100854213
3.817216214009	0.80992789150888
3.817217872872	0.81211498809713
3.817219531735	0.81474210061649
3.817221190598	0.82219695908767
3.817222849461	0.8302903035498
3.817224508324	0.84075082277814
3.817226167187	0.85202612939705
3.81722782605	0.86562205217126
3.8172294849131	0.87546655932112
3.8172311437761	0.88030188837922
3.8172328026391	0.88642742238672
3.8172344615021	0.89342500285856
3.8172361203651	0.89624644200248
3.8172377792281	0.89778749548162
3.8172394380911	0.90303950940157
3.8172410969541	0.90856492334546
3.8172427558171	0.91419248052856
3.8172444146801	0.91807753657052
3.8172460735431	0.91730027123443
3.8172477324061	0.91907400057465
3.8172493912691	0.92407759189139
3.8172510501321	0.92526915368882
3.8172527089951	0.9240296373087
3.8172543678581	0.91967229026172
3.8172560267211	0.91443578780931
3.8172576855841	0.9188914648506
3.8172593444471	0.92270775720763
3.8172610033101	0.9180147130467
3.8172626621732	0.91727143200578
3.8172643210362	0.92623490286395
3.8172659798992	0.93167203200288
3.8172676387622	0.93295683630399
3.8172692976252	0.93387295158726
3.8172709564882	0.93457196631397
3.8172726153512	0.93396066461984
3.8172742742142	0.93302110771683
3.8172759330772	0.94040389923795
3.8172775919402	0.94662212850674
3.8172792508032	0.94415558583423
3.8172809096662	0.94287163596854
3.8172825685292	0.94420337397644
3.8172842273922	0.94525705590071
3.8172858862552	0.94601210656445
3.8172875451182	0.94846890495535
3.8172892039812	0.95182942437725
3.8172908628442	0.95112059355856
3.8172925217072	0.94954414259059
3.8172941805703	0.94503713004659
3.8172958394333	0.94090654612786
3.8172974982963	0.9387222262374
3.8172991571593	0.93261586665174
3.8173008160223	0.91884033733611
3.8173024748853	0.9091281660972
3.8173041337483	0.90331924351094
3.8173057926113	0.89694833781689
3.8173074514743	0.89031518375268
3.8173091103373	0.88850616995718
3.8173107692003	0.88750573114983
3.8173124280633	0.8858299322807
3.8173140869263	0.88501562650498
3.8173157457893	0.88769003703334
3.8173174046523	0.8942211252124
3.8173190635153	0.90730935239526
3.8173207223783	0.91784942125476
3.8173223812413	0.92624336995607
3.8173240401043	0.93810540307361
3.8173256989674	0.95069489215208
3.8173273578304	0.95131240110815
3.8173290166934	0.95181447449025
3.8173306755564	0.94691051588662
3.8173323344194	0.94200655728299
3.8173339932824	0.94108939357416
3.8173356521454	0.94021127135315
3.8173373110084	0.93857767537837
3.8173389698714	0.93691246457991
3.8173406287344	0.9401759132941
3.8173422875974	0.94381341746534
3.8173439464604	0.94854521081413
3.8173456053234	0.95339964461259
3.8173472641864	0.95640687151085
3.8173489230494	0.95913592560894
3.8173505819124	0.9639878453617
3.8173522407754	0.96924679751817
3.8173538996384	0.97047486209478
3.8173555585014	0.97075273064641
3.8173572173644	0.97215475065293
3.8173588762275	0.97387475906196
3.8173605350905	0.97496490362762
3.8173621939535	0.97584493806342
3.8173638528165	0.97673812403645
3.8173655116795	0.97763641447807
3.8173671705425	0.97748120566941
3.8173688294055	0.97685486133409
3.8173704882685	0.97652363893378
3.8173721471315	0.97634326693429
3.8173738059945	0.97653671546068
3.8173754648575	0.97694726162581
3.8173771237205	0.97576585801477
3.8173787825835	0.97353900172692
3.8173804414465	0.97290078864706
3.8173821003095	0.9734380590224
3.8173837591725	0.9743139113452
3.8173854180355	0.97547133793878
3.8173870768985	0.97479314113156
3.8173887357615	0.97240226246478
3.8173903946246	0.96977392485996
3.8173920534876	0.96689722757437
3.8173937123506	0.96718436299653
3.8173953712136	0.97117938869963
3.8173970300766	0.97271545542557
3.8173986889396	0.97102030367122
3.8174003478026	0.96972333834545
3.8174020066656	0.9690137868134
3.8174036655286	0.96867407927677
3.8174053243916	0.96894825368457
3.8174069832546	0.96998899973967
3.8174086421176	0.97246561079089
3.8174103009806	0.97415263300697
3.8174119598436	0.97416397604461
3.8174136187066	0.97557606547591
3.8174152775696	0.98037449055671
3.8174169364326	0.98332756036149
3.8174185952956	0.98116420371852
3.8174202541586	0.97858428124543
3.8174219130217	0.97466817670788
3.8174235718847	0.97152815409897
3.8174252307477	0.97130074395045
3.8174268896107	0.97175928737647
3.8174285484737	0.975275746635
3.8174302073367	0.97761855252468
3.8174318661997	0.97362033595073
3.8174335250627	0.97015233084103
3.8174351839257	0.97025544863487
3.8174368427887	0.96947310198074
3.8174385016517	0.96093497087684
3.8174401605147	0.95323856496819
3.8174418193777	0.9558055045562
3.8174434782407	0.95818578914057
3.8174451371037	0.956963449904
3.8174467959667	0.95579896304721
3.8174484548297	0.95711218946286
3.8174501136927	0.95842541587852
3.8174517725557	0.96091122551701
3.8174534314188	0.9634011426675
3.8174550902818	0.96220582538261
3.8174567491448	0.96089785294614
3.8174584080078	0.95870282496972
3.8174600668708	0.95645547443667
3.8174617257338	0.95683140986999
3.8174633845968	0.95744055015302
3.8174650434598	0.95876483040616
3.8174667023228	0.96017519972489
3.8174683611858	0.95971122064572
3.8174700200488	0.95895932069483
3.8174716789118	0.95568443143498
3.8174733377748	0.95193364159114
3.8174749966378	0.94678408513525
3.8174766555008	0.94131884253648
3.8174783143638	0.94331357738086
3.8174799732268	0.94728509663755
3.8174816320898	0.94419346712832
3.8174832909528	0.93893637582608
3.8174849498158	0.93882384610255
3.8174866086789	0.94051624278188
3.8174882675419	0.94180454218607
3.8174899264049	0.94293203667239
3.8174915852679	0.94374855913492
3.8174932441309	0.94442569368601
3.8174949029939	0.94492659279402
3.8174965618569	0.94533902540806
3.8174982207199	0.94591237825922
3.8174998795829	0.94657577226789
3.8175015384459	0.94645341523343
3.8175031973089	0.94584284664016
3.8175048561719	0.94709249523555
3.8175065150349	0.94962188036162
3.8175081738979	0.95127743447814
3.8175098327609	0.9522689999201
3.8175114916239	0.95312589472748
3.8175131504869	0.95386997440279
3.8175148093499	0.95647057288065
3.8175164682129	0.96078365747283
3.817518127076	0.9640881257367
3.817519785939	0.9663690890303
3.817521444802	0.96847612031239
3.817523103665	0.97038907499913
3.817524762528	0.97082782498311
3.817526421391	0.96945790500121
3.817528080254	0.96803935823606
3.817529739117	0.96655517909404
3.81753139798	0.96439521464948
3.817533056843	0.96123099133681
3.817534715706	0.95795444900339
3.817536374569	0.95449386729548
3.817538033432	0.95072268927803
3.817539692295	0.94638946704853
3.817541351158	0.94132538343286
3.817543010021	0.93479706611932
3.817544668884	0.92706857292102
3.817546327747	0.91666962481321
3.81754798661	0.90225655427474
3.8175496454731	0.87788902019424
3.8175513043361	0.85135347576071
3.8175529631991	0.81879731074865
3.8175546220621	0.78956443374373
3.8175562809251	0.77072473827205
3.8175579397881	0.75804620942311
3.8175595986511	0.76722382075178
3.8175612575141	0.78125248509647
3.8175629163771	0.81496729437011
3.8175645752401	0.84783603067312
3.8175662341031	0.87673248024349
3.8175678929661	0.90455469642739
3.8175695518291	0.92645654892639
3.8175712106921	0.94689433017529
3.8175728695551	0.95768304178314
3.8175745284181	0.96793788859068
3.8175761872811	0.97387326385094
3.8175778461441	0.97929274512618
3.8175795050071	0.97939168095553
3.8175811638701	0.9797611956508
3.8175828227332	0.98390589463661
3.8175844815962	0.98783701158775
3.8175861404592	0.98728784430639
3.8175877993222	0.98667054436624
3.8175894581852	0.98331297828071
3.8175911170482	0.9799606886845
3.8175927759112	0.97827638366553
3.8175944347742	0.97659207864656
3.8175960936372	0.97028873857726
3.8175977525002	0.96390141101689
3.8175994113632	0.95898025393935
3.8176010702262	0.95411817693684
3.8176027290892	0.94805919416686
3.8176043879522	0.94192452254767
3.8176060468152	0.93890665714981
3.8176077056782	0.93616026792864
3.8176093645412	0.94197612543999
3.8176110234042	0.94874961777537
3.8176126822672	0.95571657685184
3.8176143411303	0.9627101600931
3.8176159999933	0.97028822340635
3.8176176588563	0.97796242348532
3.8176193177193	0.97687575077949
3.8176209765823	0.97410299261963
3.8176226354453	0.97455319508204
3.8176242943083	0.97571762347554
3.8176259531713	0.9795051781693
3.8176276120343	0.98395377043089
3.8176292708973	0.98505618170075
3.8176309297603	0.98520917890154
3.8176325886233	0.98549791972793
3.8176342474863	0.98582968342479
3.8176359063493	0.98465207087279
3.8176375652123	0.98294365483188
3.8176392240753	0.97936528336602
3.8176408829383	0.97506118765925
3.8176425418013	0.97375902596717
3.8176442006643	0.97373624403841
3.8176458595274	0.9644088661297
3.8176475183904	0.95074352154025
3.8176491772534	0.94375618744101
3.8176508361164	0.94016359085393
3.8176524949794	0.93750635798605
3.8176541538424	0.93536595508074
3.8176558127054	0.93500078262516
3.8176574715684	0.93569927141398
3.8176591304314	0.93247766309308
3.8176607892944	0.92671461098174
3.8176624481574	0.92582504708108
3.8176641070204	0.92834836592242
3.8176657658834	0.93629755371757
3.8176674247464	0.94834395975225
3.8176690836094	0.95704335524954
3.8176707424724	0.96302063168503
3.8176724013354	0.96825198467232
3.8176740601984	0.97283066664365
3.8176757190614	0.97125665913157
3.8176773779245	0.96389509275046
3.8176790367875	0.9558292847337
3.8176806956505	0.94705180714521
3.8176823545135	0.94089709687898
3.8176840133765	0.93758828523505
3.8176856722395	0.93836215171379
3.8176873311025	0.94389114151851
3.8176889899655	0.95011221568964
3.8176906488285	0.95719852046964
3.8176923076915	0.96105918394887
3.8176939665545	0.96059122650869
3.8176956254175	0.95748460101231
3.8176972842805	0.9505764498097
3.8176989431435	0.9432811722231
3.8177006020065	0.93538680343691
3.8177022608695	0.93037209898175
3.8177039197325	0.93014601526646
3.8177055785955	0.93315867652887
3.8177072374585	0.94196480581427
3.8177088963215	0.95193765159516
3.8177105551846	0.96415722866546
3.8177122140476	0.97463475546751
3.8177138729106	0.98149612503184
3.8177155317736	0.98633244014548
3.8177171906366	0.98663197621131
3.8177188494996	0.98839878174033
3.8177205083626	0.99372047169016
3.8177221672256	0.99641884568821
3.8177238260886	0.99223172287819
3.8177254849516	0.98948560255032
3.8177271438146	0.99084717823261
3.8177288026776	0.99034865419577
3.8177304615406	0.98407605758828
3.8177321204036	0.98012915808792
3.8177337792666	0.98406850500318
3.8177354381296	0.98655720158423
3.8177370969926	0.98365148437144
3.8177387558556	0.98221429616003
3.8177404147186	0.9867917151108
3.8177420735817	0.99045664509251
3.8177437324447	0.98998428494043
3.8177453913077	0.989462711711
3.8177470501707	0.98869260921261
3.8177487090337	0.98776308970376
3.8177503678967	0.98593000387073
3.8177520267597	0.98391100901574
3.8177536856227	0.98069867561971
3.8177553444857	0.97790148644516
3.8177570033487	0.9781560832113
3.8177586622117	0.97872681284631
3.8177603210747	0.98199814402533
3.8177619799377	0.98513196256378
3.8177636388007	0.98687566295435
3.8177652976637	0.9887513000291
3.8177669565267	0.99224631124313
3.8177686153897	0.99573072534715
3.8177702742527	0.9990512989683
3.8177719331157	1.0021024463254
3.8177735919788	0.99960879566964
3.8177752508418	0.99697045937677
3.8177769097048	0.98995867590187
3.8177785685678	0.98280005114224
3.8177802274308	0.96755839581647
3.8177818862938	0.95228866086198
3.8177835451568	0.92957261345575
3.8177852040198	0.90685656604953
3.8177868628828	0.87260560081053
3.8177885217458	0.83823583828589
3.8177901806088	0.80795302931503
3.8177918394718	0.77777058987898
3.8177934983348	0.76952158191388
3.8177951571978	0.76213163330123
3.8177968160608	0.77883776284792
3.8177984749238	0.79684515716661
3.8178001337868	0.82740479389988
3.8178017926498	0.85883255264139
3.8178034515128	0.88655352837384
3.8178051103758	0.9139609036864
3.8178067692389	0.94016407244526
3.8178084281019	0.96624642080705
3.8178100869649	0.97544897344911
3.8178117458279	0.98268660742553
3.8178134046909	0.98624893208844
3.8178150635539	0.98932323244075
3.8178167224169	0.9924465554407
3.8178183812799	0.99557720595005
3.8178200401429	0.99123363715517
3.8178216990059	0.98564580035877
3.8178233578689	0.98523719136719
3.8178250167319	0.98578080717442
3.8178266755949	0.98396540968414
3.8178283344579	0.98167451670202
3.8178299933209	0.97750792219575
3.8178316521839	0.97292939839985
3.8178333110469	0.97277317948732
3.8178349699099	0.97366976158233
3.8178366287729	0.97234870879376
3.817838287636	0.97045800645203
3.817839946499	0.97158455124502
3.817841605362	0.97354397514232
3.817843264225	0.97553381187866
3.817844923088	0.97753263783985
3.817846581951	0.97933653927058
3.817848240814	0.98107894568976
3.817849899677	0.97728175815758
3.81785155854	0.97162415042848
3.817853217403	0.9702982555335
3.817854876266	0.97051701345066
3.817856535129	0.96918005144646
3.817858193992	0.96725531173965
3.817859852855	0.96752113328552
3.817861511718	0.96866181054267
3.817863170581	0.96926063361794
3.817864829444	0.9696311050949
3.817866488307	0.96988345457614
3.81786814717	0.97008336944343
3.8178698060331	0.96988118859594
3.8178714648961	0.96949127099436
3.8178731237591	0.9664880886996
3.8178747826221	0.96220376592198
3.8178764414851	0.94506579916843
3.8178781003481	0.92131936183678
3.8178797592111	0.88273202470464
3.8178814180741	0.8361517935915
3.8178830769371	0.79134025719178
3.8178847358001	0.74752518009303
3.8178863946631	0.71987727785551
3.8178880535261	0.70174820621491
3.8178897123891	0.70832189734857
3.8178913712521	0.7300791388295
3.8178930301151	0.76617926996339
3.8178946889781	0.81147345233812
3.8178963478411	0.85220476115218
3.8178980067041	0.88988858865801
3.8178996655671	0.92064377429825
3.8179013244301	0.94658094879737
3.8179029832932	0.96630682483545
3.8179046421562	0.98153953340586
3.8179063010192	0.99102026683417
3.8179079598822	0.99617525255272
3.8179096187452	0.99880848524174
3.8179112776082	0.9994719261618
3.8179129364712	1.0014343917203
3.8179145953342	1.0044501894542
3.8179162541972	1.0038278939244
3.8179179130602	1.0001453771047
3.8179195719232	0.99892460029533
3.8179212307862	0.99985049991127
3.8179228896492	0.9938442505343
3.8179245485122	0.98157426131581
3.8179262073752	0.9727310068261
3.8179278662382	0.96709420944395
3.8179295251012	0.95455526160922
3.8179311839642	0.93533200400933
3.8179328428272	0.90950069012492
3.8179345016903	0.87704979389253
3.8179361605533	0.84391955760433
3.8179378194163	0.81008565935678
3.8179394782793	0.78680850663513
3.8179411371423	0.77483193856529
3.8179427960053	0.77482404835752
3.8179444548683	0.78805019171717
3.8179461137313	0.8099179309419
3.8179477725943	0.8416523794131
3.8179494314573	0.87094886048958
3.8179510903203	0.89737282336255
3.8179527491833	0.920940919773
3.8179544080463	0.9410376702783
3.8179560669093	0.9557560374361
3.8179577257723	0.96373315029711
3.8179593846353	0.97088226341034
3.8179610434983	0.97696151765064
3.8179627023613	0.98238438017497
3.8179643612243	0.98693344991698
3.8179660200874	0.9898756087325
3.8179676789504	0.99061447520683
3.8179693378134	0.9931056382175
3.8179709966764	0.9980708742766
3.8179726555394	1.0044820967194
3.8179743144024	1.0129944041048
3.8179759732654	1.0169937039171
3.8179776321284	1.0142459420368
3.8179792909914	1.0125199228153
3.8179809498544	1.0123649334505
3.8179826087174	1.0107513136948
3.8179842675804	1.0068319623924
3.8179859264434	1.0049081245207
3.8179875853064	1.0062259342225
3.8179892441694	1.0079312912767
3.8179909030324	1.0102834704884
3.8179925618954	1.0092489534701
3.8179942207584	1.0024092798863
3.8179958796214	0.99780359904832
3.8179975384845	0.99712912076238
3.8179991973475	0.99765667236271
3.8180008562105	1.0003552653471
3.8180025150735	1.0035858609788
3.8180041739365	1.0078022907931
3.8180058327995	1.0104919394844
3.8180074916625	1.0102800318217
3.8180091505255	1.0094085084571
3.8180108093885	1.0072518914241
3.8180124682515	1.0053448679443
3.8180141271145	1.0039361438603
3.8180157859775	0.9982599016447
3.8180174448405	0.98385504140063
3.8180191037035	0.97208597662077
3.8180207625665	0.96583788177852
3.8180224214295	0.96285555172004
3.8180240802925	0.96687550939512
3.8180257391555	0.97086557128066
3.8180273980185	0.9747900319726
3.8180290568815	0.97822816166386
3.8180307157446	0.98057461617897
3.8180323746076	0.98316242745038
3.8180340334706	0.98630421402349
3.8180356923336	0.98846733805153
3.8180373511966	0.98833463379383
3.8180390100596	0.98824511287524
3.8180406689226	0.98825908240625
3.8180423277856	0.98777202542637
3.8180439866486	0.98605864703697
3.8180456455116	0.98671361826443
3.8180473043746	0.99328616854178
3.8180489632376	0.99805367474761
3.8180506221006	0.99821934359655
3.8180522809636	0.99794925392366
3.8180539398266	0.99654596437553
3.8180555986896	0.99560067183446
3.8180572575526	0.99586967038739
3.8180589164156	0.99326030487142
3.8180605752786	0.98287446566501
3.8180622341417	0.97498132813923
3.8180638930047	0.9739471166873
3.8180655518677	0.97475894318976
3.8180672107307	0.98074138123409
3.8180688695937	0.98657430108745
3.8180705284567	0.99198107159672
3.8180721873197	0.99682079137231
3.8180738461827	1.0000168464938
3.8180755050457	1.0025163561761
3.8180771639087	1.0029636853086
3.8180788227717	1.0046226609689
3.8180804816347	1.00990869469
3.8180821404977	1.013611311008
3.8180837993607	1.0125018254475
3.8180854582237	1.0100472889578
3.8180871170867	1.0034444883595
3.8180887759497	0.99936259282377
3.8180904348127	1.0031674118581
3.8180920936757	1.0065038640522
3.8180937525388	1.0083551742942
3.8180954114018	1.0108561223554
3.8180970702648	1.0154440047614
3.8180987291278	1.0183503282684
3.8181003879908	1.015787514364
3.8181020468538	1.0129566664935
3.8181037057168	1.0092438078821
3.8181053645798	1.0057705692624
3.8181070234428	1.0030945667702
3.8181086823058	1.0001258130459
3.8181103411688	0.99617273620233
3.8181120000318	0.99363308965748
3.8181136588948	0.99589278506916
3.8181153177578	0.99871957796439
3.8181169766208	1.003489589891
3.8181186354838	1.0078091643207
3.8181202943468	1.0105722748982
3.8181219532098	1.0136757436892
3.8181236120728	1.0179645997902
3.8181252709358	1.0209429212332
3.8181269297989	1.0193243100355
3.8181285886619	1.0176604437485
3.8181302475249	1.0158368223186
3.8181319063879	1.014768024882
3.8181335652509	1.0163788252638
3.8181352241139	1.0171828030704
3.8181368829769	1.0151080232105
3.8181385418399	1.0134989798903
3.8181402007029	1.0135584608832
3.8181418595659	1.0140871541174
3.8181435184289	1.0163031393092
3.8181451772919	1.0178329683354
3.8181468361549	1.0168886241341
3.8181484950179	1.0159977015516
3.8181501538809	1.0152997835882
3.8181518127439	1.0145214110353
3.8181534716069	1.0134519647346
3.8181551304699	1.0120370428618
3.8181567893329	1.009371497232
3.818158448196	1.007982180717
3.818160107059	1.0112118891983
3.818161765922	1.0129272100793
3.818163424785	1.0091657140164
3.818165083648	1.0061551395608
3.818166742511	1.0058560740348
3.818168401374	1.0050044551472
3.818170060237	1.0021627542855
3.8181717191	1.0005473439328
3.818173377963	1.0033357748632
3.818175036826	1.0055171855953
3.818176695689	1.0055271894096
3.818178354552	1.0048293923667
3.818180013415	1.001610948567
3.818181672278	0.99853264591538
3.818183331141	0.99595081389294
3.818184990004	0.99355361565234
3.818186648867	0.99180659672204
3.81818830773	0.99015411106267
3.8181899665931	0.98883227743425
3.8181916254561	0.9882714037058
3.8181932843191	0.9903528565098
3.8181949431821	0.99179690192926
3.8181966020451	0.99104532675634
3.8181982609081	0.98938462940492
3.8181999197711	0.98461966208274
3.8182015786341	0.9822355915031
3.8182032374971	0.98790458031779
3.8182048963601	0.99198585512637
3.8182065552231	0.99075015993365
3.8182082140861	0.99072285402293
3.8182098729491	0.99469838774349
3.8182115318121	0.99739112119842
3.8182131906751	0.99588251898933
3.8182148495381	0.99484567216504
3.8182165084011	0.99533573536947
3.8182181672641	0.99517485083151
3.8182198261271	0.99293366890238
3.8182214849902	0.99028269678522
3.8182231438532	0.98633921237478
3.8182248027162	0.98322298007324
3.8182264615792	0.98268025756733
3.8182281204422	0.98311851022414
3.8182297793052	0.98656483011542
3.8182314381682	0.98972487929138
3.8182330970312	0.99202019824607
3.8182347558942	0.99319395825771
3.8182364147572	0.99103168617026
3.8182380736202	0.9895573369618
3.8182397324832	0.9900966894403
3.8182413913462	0.99036634084826
3.8182430502092	0.98985950565827
3.8182447090722	0.98956594453492
3.8182463679352	0.9898759701067
3.8182480267982	0.99057071406326
3.8182496856612	0.99233535943245
3.8182513445242	0.99271961475015
3.8182530033872	0.98933442040605
3.8182546622503	0.98656234264784
3.8182563211133	0.98543370147724
3.8182579799763	0.98376580937984
3.8182596388393	0.98067980859811
3.8182612977023	0.97728020411738
3.8182629565653	0.97307173751114
3.8182646154283	0.97043074098904
3.8182662742913	0.97175299006041
3.8182679331543	0.97162135361745
3.8182695920173	0.9678878401159
3.8182712508803	0.96352798873373
3.8182729097433	0.95764847353606
3.8182745686063	0.95025942050083
3.8182762274693	0.93928510714018
3.8182778863323	0.92939838996539
3.8182795451953	0.92203961000566
3.8182812040583	0.91723539527065
3.8182828629213	0.91823829781959
3.8182845217843	0.92231837245118
3.8182861806474	0.9332380490057
3.8182878395104	0.94349366752692
3.8182894983734	0.95230646518882
3.8182911572364	0.96135121201434
3.8182928160994	0.97088829410861
3.8182944749624	0.97924940409897
3.8182961338254	0.9851725696835
3.8182977926884	0.9901879742183
3.8182994515514	0.99336609349846
3.8183011104144	0.995955961384
3.8183027692774	0.99738393019203
3.8183044281404	0.99949754878459
3.8183060870034	1.0029322577282
3.8183077458664	1.0043970389286
3.8183094047294	1.002160065169
3.8183110635924	1.000006974889
3.8183127224554	0.99800755411326
3.8183143813184	0.9942375157727
3.8183160401814	0.98730652520822
3.8183176990445	0.98116809928204
3.8183193579075	0.976407957655
3.8183210167705	0.9730090577531
3.8183226756335	0.9719155991103
3.8183243344965	0.96959371067238
3.8183259933595	0.96524675520848
3.8183276522225	0.96171642916514
3.8183293110855	0.95949615185756
3.8183309699485	0.95642081406618
3.8183326288115	0.95201115183316
3.8183342876745	0.94732832403643
3.8183359465375	0.94223093087715
3.8183376054005	0.93471649732799
3.8183392642635	0.92363666629842
3.8183409231265	0.90955634602977
3.8183425819895	0.89117501906539
3.8183442408525	0.87343662188942
3.8183458997155	0.85659342183749
3.8183475585785	0.84377087156363
3.8183492174415	0.8363848291729
3.8183508763046	0.83891119377435
3.8183525351676	0.85444580609435
3.8183541940306	0.87361042616305
3.8183558528936	0.89739724253015
3.8183575117566	0.92215361845516
3.8183591706196	0.94810736214866
3.8183608294826	0.96781871031799
3.8183624883456	0.98005656493695
3.8183641472086	0.99022548078242
3.8183658060716	0.99799422738995
3.8183674649346	0.99931943935568
3.8183691237976	0.99340351025926
3.8183707826606	0.99011613003823
3.8183724415236	0.98968837959345
3.8183741003866	0.99048791342876
3.8183757592496	0.99257957197685
3.8183774181126	0.99407380714725
3.8183790769756	0.9949595509064
3.8183807358386	0.99685964717577
3.8183823947017	0.99975853712475
3.8183840535647	1.0030064577672
3.8183857124277	1.0065864996805
3.8183873712907	1.0086645029119
3.8183890301537	1.0093620781708
3.8183906890167	1.0106159259401
3.8183923478797	1.012363246472
3.8183940067427	1.0094794191356
3.8183956656057	1.0026324498052
3.8183973244687	0.997903823274
3.8183989833317	0.99492308150292
3.8184006421947	0.99076121598115
3.8184023010577	0.98566045907633
3.8184039599207	0.98031563312573
3.8184056187837	0.97478399752842
3.8184072776467	0.967758699746
3.8184089365097	0.95963342521832
3.8184105953727	0.95759749326511
3.8184122542357	0.95987355308564
3.8184139130988	0.96517751577679
3.8184155719618	0.97254114565731
3.8184172308248	0.97900250929873
3.8184188896878	0.98487471619239
3.8184205485508	0.99091805316804
3.8184222074138	0.99706855766684
3.8184238662768	1.0012058770613
3.8184255251398	1.0041352827569
3.8184271840028	1.0025661706185
3.8184288428658	0.99841326022447
3.8184305017288	0.99579992870387
3.8184321605918	0.99403216098101
3.8184338194548	0.99346653522521
3.8184354783178	0.99353137824096
3.8184371371808	0.98758684252026
3.8184387960438	0.97863606984688
3.8184404549068	0.97105205436955
3.8184421137698	0.96411944941434
3.8184437726328	0.96054352770118
3.8184454314958	0.95848928754509
3.8184470903589	0.9596001640477
3.8184487492219	0.96207386561419
3.8184504080849	0.96604765285831
3.8184520669479	0.9706338636026
3.8184537258109	0.96803569477256
3.8184553846739	0.96266170651896
3.8184570435369	0.9553248755114
3.8184587023999	0.94727180696474
3.8184603612629	0.94730210909413
3.8184620201259	0.95011237440772
3.8184636789889	0.96165431455628
3.8184653378519	0.97601942256377
3.8184669967149	0.98484418959538
3.8184686555779	0.991989505722
3.8184703144409	0.99558795101633
3.8184719733039	0.99818148476806
3.8184736321669	0.9932189823753
3.8184752910299	0.98626248790797
3.8184769498929	0.98067908823855
3.818478608756	0.97543195582428
3.818480267619	0.97578227889637
3.818481926482	0.97739875435205
3.818483585345	0.982034680282
