6545.072493 0.986254
6545.119719 0.979998
6545.166942 0.97513
6545.214162 0.972276
6545.261379 0.96534
6545.308593 0.958409
6545.355804 0.958466
6545.403012 0.957766
6545.450217 0.96354
6545.497419 0.961269
6545.544618 0.96438
6545.591814 0.969602
6545.639007 0.977327
6545.686197 0.970546
6545.733384 0.969794
6545.780567 0.964855
6545.827748 0.965348
6545.874926 0.968042
6545.922101 0.971462
6545.969273 0.972764
6546.016442 0.974228
6546.063608 0.966458
6546.110771 0.954986
6546.157931 0.951968
6546.205088 0.954114
6546.252242 0.965271
6546.299393 0.978734
6546.346541 0.986779
6546.393686 0.988268
6546.440828 0.980422
6546.487967 0.970344
6546.535103 0.954417
6546.582236 0.91726
6546.629365 0.854481
6546.676492 0.7803
6546.723616 0.71085
6546.770737 0.684515
6546.817855 0.712752
6546.86497 0.788368
6546.912082 0.859129
6546.959191 0.916995
6547.006296 0.952047
6547.053399 0.967355
6547.100499 0.971754
6547.147596 0.972186
6547.19469 0.963377
6547.24178 0.961279
6547.288868 0.953685
6547.335953 0.94921
6547.383035 0.941456
6547.430113 0.929869
6547.477189 0.920705
6547.524262 0.921561
6547.571332 0.922093
6547.618398 0.917162
6547.665462 0.898914
6547.712523 0.874777
6547.75958 0.862621
6547.806635 0.864191
6547.853687 0.882893
6547.900735 0.899697
6547.947781 0.901892
6547.994823 0.90163
6548.041863 0.89595
6548.0889 0.893428
6548.135933 0.898508
6548.182964 0.907233
6548.229991 0.914975
6548.277016 0.912563
6548.324037 0.920455
6548.371055 0.93276
6548.418071 0.941414
6548.465083 0.946302
6548.512093 0.943241
6548.559099 0.923062
6548.606102 0.885174
6548.653103 0.856035
6548.7001 0.863884
6548.747094 0.90328
6548.794086 0.932667
6548.841074 0.948322
6548.888059 0.961431
6548.935041 0.972876
6548.982021 0.979627
6549.028997 0.981409
6549.07597 0.983096
6549.12294 0.984387
6549.169907 0.982001
6549.216871 0.983064
6549.263832 0.983647
6549.31079 0.984625
6549.357745 0.98279
6549.404697 0.973875
6549.451646 0.967596
6549.498592 0.963449
6549.545535 0.964288
6549.592475 0.973017
6549.639412 0.981596
6549.686346 0.987108
6549.733277 0.986472
6549.780205 0.984001
6549.827129 0.981887
6549.874051 0.980516
6549.92097 0.979011
6549.967886 0.980061
6550.014798 0.975875
6550.061708 0.973665
6550.108614 0.982257
6550.155518 0.983689
6550.202419 0.983765
6550.249316 0.981092
6550.296211 0.981924
6550.343102 0.980292
6550.389991 0.981366
6550.436876 0.977128
6550.483758 0.981642
6550.530638 0.979063
6550.577514 0.980561
6550.624387 0.976396
6550.671258 0.967259
6550.718125 0.951007
6550.764989 0.938779
6550.81185 0.939783
6550.858708 0.948908
6550.905563 0.962759
6550.952416 0.968597
6550.999265 0.975614
6551.046111 0.982377
6551.092954 0.984764
6551.139793 0.983711
6551.18663 0.985665
6551.233464 0.985186
6551.280295 0.976693
6551.327123 0.967272
6551.373948 0.957716
6551.420769 0.952732
6551.467588 0.959183
6551.514404 0.966635
6551.561216 0.977093
6551.608026 0.980994
6551.654832 0.983891
6551.701636 0.984321
6551.748436 0.980214
6551.795234 0.972248
6551.842028 0.96102
6551.88882 0.95192
6551.935608 0.950174
6551.982393 0.945601
6552.029175 0.93744
6552.075955 0.915694
6552.122731 0.893399
6552.169504 0.874315
6552.216274 0.872482
6552.263041 0.899038
6552.309805 0.93385
6552.356566 0.960591
6552.403324 0.974409
6552.450079 0.975898
6552.496831 0.970405
6552.543579 0.962067
6552.590325 0.93543
6552.637068 0.895065
6552.683808 0.877203
6552.730544 0.904936
6552.777278 0.937178
6552.824008 0.950953
6552.870736 0.952196
6552.91746 0.95354
6552.964182 0.954664
6553.0109 0.953511
6553.057615 0.951149
6553.104328 0.946042
6553.151037 0.937451
6553.197743 0.943738
6553.244446 0.951391
6553.291146 0.961562
6553.337843 0.964012
6553.384537 0.960089
6553.431228 0.958405
6553.477916 0.957611
6553.524601 0.958236
6553.571283 0.959635
6553.617962 0.958585
6553.664637 0.952501
6553.71131 0.947347
6553.75798 0.936132
6553.804646 0.933294
6553.85131 0.935731
6553.89797 0.946047
6553.944627 0.964195
6553.991282 0.963484
6554.037933 0.965597
6554.084581 0.969092
6554.131227 0.975962
6554.177869 0.969957
6554.224508 0.967474
6554.271144 0.95719
6554.317777 0.953685
6554.364407 0.949307
6554.411034 0.952499
6554.457658 0.960664
6554.504278 0.964645
6554.550896 0.9579
6554.597511 0.93517
6554.644122 0.902046
6554.690731 0.849525
6554.737336 0.820297
6554.783939 0.82537
6554.830538 0.857493
6554.877135 0.908191
6554.923728 0.937064
6554.970318 0.953394
6555.016905 0.963374
6555.063489 0.965406
6555.110071 0.964298
6555.156649 0.957488
6555.203224 0.951073
6555.249795 0.949205
6555.296364 0.94393
6555.34293 0.934706
6555.389493 0.93198
6555.436052 0.940112
6555.482609 0.94562
6555.529163 0.946546
6555.575713 0.938121
6555.62226 0.928228
6555.668805 0.924428
6555.715346 0.930074
6555.761884 0.937672
6555.80842 0.937814
6555.854952 0.921085
6555.901481 0.888643
6555.948007 0.852317
6555.99453 0.83524
6556.041049 0.846786
6556.087566 0.881605
6556.13408 0.912812
6556.180591 0.934707
6556.227098 0.933853
6556.273603 0.921212
6556.320104 0.914178
6556.366603 0.914142
6556.413098 0.907639
6556.45959 0.885892
6556.50608 0.844049
6556.552566 0.802889
6556.599049 0.785986
6556.645529 0.818436
6556.692006 0.865514
6556.73848 0.908926
6556.784951 0.932404
6556.831418 0.937506
6556.877883 0.941505
6556.924345 0.940249
6556.970803 0.943137
6557.017259 0.940042
6557.063711 0.934099
6557.110161 0.92174
6557.156607 0.8939
6557.20305 0.857406
6557.24949 0.829881
6557.295927 0.830453
6557.342361 0.854265
6557.388792 0.879276
6557.43522 0.905138
6557.481645 0.921411
6557.528067 0.931713
6557.574486 0.938769
6557.620901 0.937929
6557.667314 0.93968
6557.713723 0.944514
6557.760129 0.947959
6557.806533 0.946801
6557.852933 0.946727
6557.89933 0.942386
6557.945724 0.937688
6557.992115 0.930519
6558.038503 0.929045
6558.084888 0.930316
6558.13127 0.925697
6558.177649 0.92022
6558.224024 0.919315
6558.270397 0.923406
6558.316766 0.929527
6558.363133 0.930187
6558.409496 0.927345
6558.455856 0.922217
6558.502214 0.914968
6558.548568 0.898568
6558.594919 0.881483
6558.641267 0.874572
6558.687612 0.877316
6558.733953 0.883704
6558.780292 0.908113
6558.826628 0.918179
6558.87296 0.928214
6558.91929 0.9356
6558.965616 0.929136
6559.01194 0.926178
6559.05826 0.928397
6559.104577 0.926242
6559.150891 0.935662
6559.197202 0.944684
6559.24351 0.939055
6559.289815 0.938012
6559.336117 0.925764
6559.382415 0.91862
6559.428711 0.919891
6559.475004 0.924344
6559.521293 0.930504
6559.567579 0.934186
6559.613863 0.943186
6559.660143 0.94035
6559.70642 0.940924
6559.752694 0.940517
6559.798965 0.936155
6559.845233 0.933771
6559.891498 0.930327
6559.937759 0.909767
6559.984018 0.880985
6560.030273 0.841475
6560.076526 0.817283
6560.122775 0.821115
6560.169021 0.845897
6560.215265 0.873116
6560.261505 0.890103
6560.307742 0.896942
6560.353976 0.904067
6560.400207 0.909791
6560.446434 0.909478
6560.492659 0.899572
6560.538881 0.89119
6560.585099 0.88866
6560.631314 0.887585
6560.677527 0.879753
6560.723736 0.8637
6560.769942 0.861039
6560.816145 0.864722
6560.862345 0.866135
6560.908542 0.872406
6560.954736 0.860484
6561.000926 0.839789
6561.047114 0.813561
6561.093299 0.792417
6561.13948 0.786747
6561.185658 0.7981
6561.231834 0.819493
6561.278006 0.841631
6561.324175 0.858298
6561.370341 0.86789
6561.416504 0.869115
6561.462663 0.870301
6561.50882 0.867322
6561.554974 0.867227
6561.601124 0.868519
6561.647272 0.86778
6561.693416 0.860033
6561.739557 0.857858
6561.785695 0.856991
6561.83183 0.857925
6561.877962 0.855812
6561.924091 0.854466
6561.970217 0.85158
6562.016339 0.847564
6562.062459 0.839659
6562.108575 0.836923
6562.154689 0.83009
6562.200799 0.82488
6562.246906 0.809197
6562.29301 0.798153
6562.339111 0.790056
6562.385209 0.774897
6562.431304 0.755039
6562.477395 0.737741
6562.523484 0.722263
6562.56957 0.702756
6562.615652 0.675082
6562.661731 0.644591
6562.707807 0.611509
6562.75388 0.58163
6562.79995 0.553732
6562.846017 0.526627
6562.892081 0.504394
6562.938142 0.482779
6562.984199 0.468102
6563.030254 0.452468
6563.076305 0.43877
6563.122353 0.426105
6563.168399 0.415567
6563.214441 0.407219
6563.26048 0.398212
6563.306515 0.387612
6563.352548 0.379984
6563.398578 0.373549
6563.444604 0.364428
6563.490628 0.357128
6563.536648 0.34812
6563.582665 0.342397
6563.62868 0.341964
6563.674691 0.346472
6563.720699 0.346117
6563.766703 0.353936
6563.812705 0.359115
6563.858704 0.364086
6563.904699 0.371596
6563.950692 0.384946
6563.996681 0.405295
6564.042667 0.426303
6564.08865 0.454236
6564.13463 0.473122
6564.180607 0.485328
6564.226581 0.490641
6564.272551 0.502784
6564.318519 0.526819
6564.364483 0.54846
6564.410445 0.551567
6564.456403 0.550066
6564.502358 0.541256
6564.54831 0.541321
6564.594259 0.546715
6564.640205 0.556557
6564.686147 0.572355
6564.732087 0.586847
6564.778023 0.60512
6564.823957 0.620292
6564.869887 0.630348
6564.915814 0.640434
6564.961738 0.645484
6565.007659 0.653031
6565.053576 0.658828
6565.099491 0.666627
6565.145403 0.672571
6565.191311 0.681715
6565.237216 0.685291
6565.283119 0.693339
6565.329018 0.699801
6565.374914 0.710453
6565.420807 0.718632
6565.466696 0.721888
6565.512583 0.72812
6565.558466 0.734348
6565.604347 0.745442
6565.650224 0.755073
6565.696098 0.763613
6565.741969 0.768367
6565.787837 0.764568
6565.833702 0.768882
6565.879564 0.760738
6565.925422 0.755125
6565.971278 0.747179
6566.01713 0.747686
6566.062979 0.757093
6566.108826 0.771274
6566.154669 0.798941
6566.200509 0.818674
6566.246345 0.837104
6566.292179 0.846362
6566.338009 0.844162
6566.383837 0.840977
6566.429661 0.837235
6566.475482 0.847182
6566.486042 0.85204
6566.536957 0.862909
6566.587869 0.87
6566.638779 0.869776
6566.689685 0.880498
6566.74059 0.888828
6566.791491 0.893929
6566.84239 0.897955
6566.893287 0.899022
6566.94418 0.904001
6566.995071 0.907014
6567.04596 0.904507
6567.096846 0.913218
6567.147729 0.907896
6567.198609 0.900896
6567.249487 0.900963
6567.300362 0.904691
6567.351235 0.906872
6567.402105 0.914113
6567.452972 0.911623
6567.503837 0.909405
6567.554699 0.893712
6567.605558 0.912849
6567.656414 0.91117
6567.707268 0.922855
6567.75812 0.920988
6567.808968 0.923511
6567.859815 0.922666
6567.910658 0.920179
6567.961499 0.924296
6568.012337 0.927787
6568.063172 0.932525
6568.114005 0.930962
6568.164835 0.927312
6568.215663 0.937836
6568.266487 0.941183
6568.31731 0.939573
6568.368129 0.942272
6568.418946 0.947605
6568.46976 0.941816
6568.520572 0.947665
6568.57138 0.950427
6568.622187 0.945897
6568.67299 0.938697
6568.723791 0.938165
6568.774589 0.920378
6568.825385 0.931258
6568.876178 0.931745
6568.926968 0.923253
6568.977756 0.934443
6569.028541 0.945731
6569.079323 0.950699
6569.130103 0.951662
6569.18088 0.950584
6569.231654 0.951384
6569.282425 0.941658
6569.333194 0.944109
6569.383961 0.939973
6569.434724 0.922467
6569.485485 0.902336
6569.536244 0.895686
6569.586999 0.873491
6569.637752 0.822078
6569.688503 0.763633
6569.73925 0.735537
6569.789995 0.753602
6569.840738 0.810715
6569.891477 0.878381
6569.942214 0.909829
6569.992948 0.935095
6570.04368 0.951872
6570.094409 0.948625
6570.145135 0.949947
6570.195859 0.935367
6570.24658 0.926519
6570.297298 0.956618
6570.348014 0.901068
6570.398727 0.884874
6570.449437 0.874613
6570.500145 0.869564
6570.55085 0.880802
6570.601552 0.898552
6570.652251 0.893316
6570.702948 0.894344
6570.753643 0.903009
6570.804334 0.907178
6570.855023 0.891753
6570.905709 0.891551
6570.956393 0.890792
6571.007074 0.884756
6571.057752 0.873759
6571.108427 0.869579
6571.1591 0.873746
6571.20977 0.859246
6571.260438 0.851812
6571.311102 0.863112
6571.361764 0.880665
6571.412424 0.897784
6571.463081 0.891083
6571.513735 0.897936
6571.564386 0.887837
6571.615035 0.892887
6571.665681 0.895452
6571.716324 0.911948
6571.766965 0.925704
6571.817603 0.933204
6571.868238 0.927623
6571.918871 0.936567
6571.969501 0.955283
6572.020128 0.931345
6572.070752 0.902292
6572.121374 0.88532
6572.171993 0.897061
6572.22261 0.924081
6572.273224 0.94559
6572.323835 0.944277
6572.374443 0.91706
6572.425049 0.917707
6572.475652 0.938154
6572.526252 0.924504
6572.57685 0.927051
6572.627445 0.941892
6572.678037 0.944824
6572.728627 0.936551
6572.779214 0.943689
6572.829798 0.930228
6572.88038 0.937229
6572.930959 0.949918
6572.981535 0.947849
6573.032108 0.933186
6573.082679 0.920402
6573.133247 0.879329
6573.183812 0.844648
6573.234375 0.789378
6573.284935 0.750849
6573.335492 0.74088
6573.386047 0.775758
6573.436599 0.832715
6573.487148 0.889967
6573.537695 0.923084
6573.588238 0.940714
6573.638779 0.935288
6573.689318 0.970741
6573.739854 0.955229
6573.790387 0.955161
6573.840917 0.952557
6573.891445 0.954974
6573.94197 0.9504
6573.992492 0.958255
6574.043011 0.955384
6574.093528 0.954642
6574.144042 0.949638
6574.194554 0.949833
6574.245062 0.920384
6574.295568 0.947682
6574.346072 0.922493
6574.396572 0.9719
6574.44707 0.943892
6574.497565 0.937435
6574.548058 0.927562
6574.598548 0.890735
6574.649035 0.83612
6574.699519 0.796544
6574.750001 0.75013
6574.80048 0.724404
6574.850956 0.757235
6574.90143 0.783174
6574.951901 0.844124
6575.002369 0.913298
6575.052834 0.942926
6575.103297 0.950441
6575.153757 0.937603
6575.204214 0.92822
6575.254669 0.917368
6575.305121 0.908651
6575.35557 0.884821
6575.406016 0.861188
6575.45646 0.810282
6575.506901 0.751381
6575.557339 0.718206
6575.607775 0.750096
6575.658208 0.797145
6575.708638 0.855491
6575.759066 0.892765
6575.80949 0.917287
6575.859912 0.899898
6575.910332 0.888522
6575.960748 0.901914
6576.011162 0.950216
6576.061574 0.928718
6576.111982 0.934913
6576.162388 0.92888
6576.212791 0.933551
6576.263191 0.931364
6576.313589 0.921166
6576.363984 0.912763
6576.414376 0.906745
6576.464765 0.896628
6576.515152 0.892121
6576.565536 0.894006
6576.615917 0.905465
6576.666296 0.903984
6576.716672 0.877791
6576.767045 0.876662
6576.817415 0.895108
6576.867783 0.906892
6576.918148 0.915791
6576.96851 0.916285
6577.01887 0.924768
6577.069226 0.919771
6577.11958 0.902079
6577.169932 0.946305
6577.22028 0.896133
6577.270626 0.922
6577.320969 0.917255
6577.37131 0.9144
6577.421648 0.922994
6577.471983 0.934199
6577.522315 0.954702
6577.572644 0.952741
6577.622971 0.956419
6577.673295 0.971752
6577.723617 0.973618
6577.773935 0.953358
6577.824251 0.948979
6577.874564 0.956229
6577.924875 0.954512
6577.975182 0.952978
6578.025487 0.949939
6578.07579 0.94211
6578.126089 0.937426
6578.176386 0.938945
6578.22668 0.962627
6578.276971 0.977667
6578.32726 0.950905
6578.377546 0.957937
6578.427829 0.978171
6578.478109 0.974904
6578.528387 0.950719
6578.578662 0.952642
6578.628934 0.955739
6578.679203 0.949842
6578.72947 0.932753
6578.779734 0.954705
6578.829995 0.961568
6578.880254 0.953949
6578.930509 0.956062
6578.980762 0.945612
6579.031013 0.95792
6579.08126 0.964178
6579.131505 0.964349
6579.181747 0.960853
6579.231986 0.950758
6579.282223 0.959574
6579.332457 0.926763
6579.382688 0.969714
6579.432916 0.9386
6579.483142 1.001039
6579.533364 0.940759
6579.583585 0.95889
6579.633802 0.937702
6579.684017 0.96389
6579.734228 0.981061
6579.784438 0.967335
6579.834644 0.959487
6579.884848 0.955506
6579.935049 0.952447
6579.985247 0.924602
6580.035442 0.936238
6580.085635 0.936582
6580.135825 0.949752
6580.186012 0.933813
6580.236196 0.950378
6580.286378 0.950565
6580.336557 0.943682
6580.386733 0.966984
6580.436906 0.960577
6580.487077 0.952189
6580.537245 0.943895
6580.58741 0.944722
6580.637573 0.914753
6580.687732 0.886257
6580.737889 0.873821
6580.788043 0.87747
6580.838195 0.879604
6580.888343 0.91766
6580.938489 0.97155
6580.988633 0.942646
6581.038773 0.972361
6581.088911 0.968899
6581.139045 0.972296
6581.189178 0.966662
6581.239307 0.963601
6581.289434 0.96428
6581.339557 0.952777
6581.389679 0.887883
6581.439797 0.890839
6581.489913 0.906793
6581.540025 0.885218
6581.590135 0.871433
6581.640243 0.84247
6581.690347 0.814811
6581.740449 0.802861
6581.790548 0.825165
6581.840644 0.883885
6581.890738 0.945098
6581.940829 0.968097
6581.990917 0.97464
6582.041002 0.978212
6582.091084 0.973751
6582.141164 0.936504
6582.191241 0.940456
6582.241315 0.951848
6582.291387 0.971007
6582.341455 0.956126
6582.391521 0.957877
6582.441584 0.965831
6582.491645 0.94246
6582.541702 0.933065
6582.591757 0.904929
6582.641809 0.892357
6582.691859 0.892331
6582.741905 0.91302
6582.791949 0.919982
6582.84199 0.928226
6582.892028 0.93179
6582.942064 0.944285
6582.992096 0.968675
6583.042126 0.939256
6583.092153 0.937845
6583.142178 0.92478
6583.192199 0.926814
6583.242218 0.915226
6583.292234 0.905848
6583.342248 0.931324
6583.392258 0.896842
6583.442266 0.971973
6583.492271 0.965897
6583.542273 0.924069
6583.592273 0.93302
6583.642269 0.923656
6583.692263 0.927016
6583.742254 0.945188
6583.792243 0.951077
6583.842228 0.95605
6583.892211 0.957808
6583.942191 0.962454
