3.8159147692941	0.96738
3.8159164281571	0.97359430388139
3.8159180870201	0.97933407616996
3.8159197458831	0.98127220498738
3.8159214047461	0.98189950382644
3.8159230636091	0.97793394270029
3.8159247224721	0.97613841874297
3.8159263813352	0.97868412809445
3.8159280401982	0.97763664439514
3.8159296990612	0.97210060562636
3.8159313579242	0.9670227784304
3.8159330167872	0.96231075529362
3.8159346756502	0.9602605539846
3.8159363345132	0.95953502108438
3.8159379933762	0.96071044538827
3.8159396522392	0.96242377752122
3.8159413111022	0.96834415130109
3.8159429699652	0.97477567052312
3.8159446288282	0.98064790808284
3.8159462876912	0.98528322129807
3.8159479465542	0.98044461278223
3.8159496054172	0.97521017393315
3.8159512642802	0.96863356592896
3.8159529231432	0.96380866824606
3.8159545820062	0.96238185704168
3.8159562408692	0.95931402175727
3.8159578997322	0.95426244632154
3.8159595585953	0.93680956514623
3.8159612174583	0.90982406132693
3.8159628763213	0.89144361352776
3.8159645351843	0.87714627744132
3.8159661940473	0.84847591652981
3.8159678529103	0.81601087634509
3.8159695117733	0.78608581884548
3.8159711706363	0.75646739527291
3.8159728294993	0.7289696542781
3.8159744883623	0.70593861144057
3.8159761472253	0.71259580571476
3.8159778060883	0.72653625676383
3.8159794649513	0.76301267344174
3.8159811238143	0.79793270820356
3.8159827826773	0.83005986851683
3.8159844415403	0.86172618824797
3.8159861004033	0.89287621873747
3.8159877592663	0.91475953322432
3.8159894181293	0.93008246965299
3.8159910769924	0.93914580774125
3.8159927358554	0.94552007897582
3.8159943947184	0.95104256155721
3.8159960535814	0.95636994399915
3.8159977124444	0.95593464687333
3.8159993713074	0.95504618066277
3.8160010301704	0.9540342270759
3.8160026890334	0.95248440082726
3.8160043478964	0.9480432647677
3.8160060067594	0.9459770852359
3.8160076656224	0.95028274093309
3.8160093244854	0.95093087172347
3.8160109833484	0.9457691264016
3.8160126422114	0.94207399742226
3.8160143010744	0.93983783746604
3.8160159599374	0.93414032271311
3.8160176188004	0.92628853720781
3.8160192776634	0.92704963995906
3.8160209365264	0.93097077018952
3.8160225953895	0.9296974120582
3.8160242542525	0.92748518603846
3.8160259131155	0.92773958578859
3.8160275719785	0.9281082887831
3.8160292308415	0.92868888803673
3.8160308897045	0.92978600687357
3.8160325485675	0.93303260406819
3.8160342074305	0.93296977802936
3.8160358662935	0.92552760613552
3.8160375251565	0.9173152340375
3.8160391840195	0.90806348256437
3.8160408428825	0.90269400973023
3.8160425017455	0.90060824990105
3.8160441606085	0.89774717888197
3.8160458194715	0.89448320321488
3.8160474783345	0.89497602528538
3.8160491371975	0.89656299907419
3.8160507960605	0.90763368280009
3.8160524549235	0.91978469808562
3.8160541137866	0.92157261992783
3.8160557726496	0.92270524554024
3.8160574315126	0.91922845486506
3.8160590903756	0.91578801651216
3.8160607492386	0.91246180849247
3.8160624081016	0.90961037705924
3.8160640669646	0.90760856212543
3.8160657258276	0.90923353189505
3.8160673846906	0.91485590217462
3.8160690435536	0.91990800387905
3.8160707024166	0.92456876675181
3.8160723612796	0.92839106596535
3.8160740201426	0.93187174569342
3.8160756790056	0.93583570792021
3.8160773378686	0.93989997658824
3.8160789967316	0.93819271553469
3.8160806555946	0.93609472737375
3.8160823144576	0.93310959007046
3.8160839733206	0.9295422308212
3.8160856321836	0.92335366284015
3.8160872910467	0.91572090092968
3.8160889499097	0.90471662760187
3.8160906087727	0.90415297302415
3.8160922676357	0.91811616335611
3.8160939264987	0.92696151993357
3.8160955853617	0.93138681472874
3.8160972442247	0.93370938888579
3.8160989030877	0.93492502270789
3.8161005619507	0.93986124882927
3.8161022208137	0.94588509658818
3.8161038796767	0.95153160334941
3.8161055385397	0.95707480580584
3.8161071974027	0.95766387838779
3.8161088562657	0.95848639556509
3.8161105151287	0.96086252568472
3.8161121739917	0.96390878349131
3.8161138328547	0.96896712537294
3.8161154917177	0.97429220342964
3.8161171505807	0.98007304406588
3.8161188094438	0.98405498071018
3.8161204683068	0.98615454639404
3.8161221271698	0.9898005626467
3.8161237860328	0.99444248510741
3.8161254448958	0.99297897824399
3.8161271037588	0.98923454039135
3.8161287626218	0.98651637995787
3.8161304214848	0.98398232198755
3.8161320803478	0.98457961786213
3.8161337392108	0.98434747144323
3.8161353980738	0.97444972959416
3.8161370569368	0.96708916657274
3.8161387157998	0.96936998525413
3.8161403746628	0.9646751040316
3.8161420335258	0.94573663337215
3.8161436923888	0.92665656261775
3.8161453512518	0.90740292677734
3.8161470101148	0.88785603533889
3.8161486689778	0.86808792239842
3.8161503278409	0.86521933658154
3.8161519867039	0.86991425085142
3.8161536455669	0.8838572006707
3.8161553044299	0.89994462423561
3.8161569632929	0.92514215010974
3.8161586221559	0.95005800439516
3.8161602810189	0.95856781913168
3.8161619398819	0.96638846698042
3.8161635987449	0.97096919859579
3.8161652576079	0.97488874241395
3.8161669164709	0.97724235691588
3.8161685753339	0.97912791834308
3.8161702341969	0.98036310800097
3.8161718930599	0.9797758026944
3.8161735519229	0.9776374949306
3.8161752107859	0.97879559813136
3.8161768696489	0.98163587298306
3.8161785285119	0.97628362801606
3.8161801873749	0.96867600729033
3.8161818462379	0.97231029924469
3.816183505101	0.97688158650727
3.816185163964	0.97378985240876
3.816186822827	0.97091420920998
3.81618848169	0.96925344920569
3.816190140553	0.96892800008016
3.816191799416	0.97214854799885
3.816193458279	0.97493119665103
3.816195117142	0.97704659600529
3.816196776005	0.97772415306324
3.816198434868	0.97706940349228
3.816200093731	0.97982660810259
3.816201752594	0.98448646868185
3.816203411457	0.98110638286186
3.81620507032	0.97525808934329
3.816206729183	0.97601844589661
3.816208388046	0.97763379783611
3.816210046909	0.98129962598554
3.816211705772	0.98402535384244
3.816213364635	0.98073545012404
3.8162150234981	0.97887234257507
3.8162166823611	0.98109538994915
3.8162183412241	0.98158589657708
3.8162200000871	0.97928007386162
3.8162216589501	0.97820840930167
3.8162233178131	0.97833954030283
3.8162249766761	0.98203931721866
3.8162266355391	0.98783093848698
3.8162282944021	0.98141887823755
3.8162299532651	0.97103886351707
3.8162316121281	0.97120281978032
3.8162332709911	0.97278950747636
3.8162349298541	0.96543112912467
3.8162365887171	0.95870937475714
3.8162382475801	0.95632791432339
3.8162399064431	0.95336597078577
3.8162415653061	0.94868643623848
3.8162432241691	0.94794504881973
3.8162448830321	0.95370020833701
3.8162465418952	0.95989817494206
3.8162482007582	0.96653472539744
3.8162498596212	0.97069752907199
3.8162515184842	0.97339170253194
3.8162531773472	0.9738600520123
3.8162548362102	0.97359706442477
3.8162564950732	0.98046352899213
3.8162581539362	0.98829094312843
3.8162598127992	0.98799377289365
3.8162614716622	0.9875047423569
3.8162631305252	0.98572269922959
3.8162647893882	0.98464831334198
3.8162664482512	0.98564186756905
3.8162681071142	0.98586209657553
3.8162697659772	0.98482526949346
3.8162714248402	0.98296387107959
3.8162730837032	0.98030031857972
3.8162747425662	0.97868408451294
3.8162764014292	0.9776748621729
3.8162780602922	0.97317508553363
3.8162797191553	0.96756914023103
3.8162813780183	0.96373697674148
3.8162830368813	0.9601629137065
3.8162846957443	0.95894206046574
3.8162863546073	0.95918362768058
3.8162880134703	0.96847794949553
3.8162896723333	0.97635887578219
3.8162913311963	0.98033749112812
3.8162929900593	0.9851750225198
3.8162946489223	0.99133985909707
3.8162963077853	0.99163485806328
3.8162979666483	0.98651147726642
3.8162996255113	0.98726157752441
3.8163012843743	0.99121327378299
3.8163029432373	0.9914119233241
3.8163046021003	0.99051845596778
3.8163062609633	0.98238493840056
3.8163079198263	0.97364858694115
3.8163095786893	0.97087646751166
3.8163112375524	0.96804474636633
3.8163128964154	0.9648942407034
3.8163145552784	0.96120816009901
3.8163162141414	0.95618130879608
3.8163178730044	0.95129038530919
3.8163195318674	0.94659226864454
3.8163211907304	0.94247832171488
3.8163228495934	0.93885865749425
3.8163245084564	0.93866666753441
3.8163261673194	0.94016329010457
3.8163278261824	0.93215249144938
3.8163294850454	0.92174111313311
3.8163311439084	0.90434867065915
3.8163328027714	0.88754111369948
3.8163344616344	0.88996636336517
3.8163361204974	0.89523504829138
3.8163377793604	0.91306655277885
3.8163394382234	0.9275532691576
3.8163410970864	0.93471727350523
3.8163427559495	0.94218154602289
3.8163444148125	0.9500238644683
3.8163460736755	0.95695662201544
3.8163477325385	0.96320857807274
3.8163493914015	0.96547905343738
3.8163510502645	0.96605377182353
3.8163527091275	0.97127361336811
3.8163543679905	0.97743931064959
3.8163560268535	0.97829619642906
3.8163576857165	0.97899549356598
3.8163593445795	0.98030827051104
3.8163610034425	0.98086030687927
3.8163626623055	0.9787180017285
3.8163643211685	0.97647149972411
3.8163659800315	0.97403168632588
3.8163676388945	0.97129163913649
3.8163692977575	0.96822688118782
3.8163709566205	0.96428452343214
3.8163726154835	0.95978290220243
3.8163742743466	0.95856843730964
3.8163759332096	0.95850157148806
3.8163775920726	0.95434074848818
3.8163792509356	0.94958836996592
3.8163809097986	0.94894367778194
3.8163825686616	0.94864733917007
3.8163842275246	0.95061361468301
3.8163858863876	0.95280402650997
3.8163875452506	0.95561800746007
3.8163892041136	0.95578005939707
3.8163908629766	0.95188913879053
3.8163925218396	0.95183569290604
3.8163941807026	0.9552291131774
3.8163958395656	0.94930732769056
3.8163974984286	0.93854810204145
3.8163991572916	0.93158387989853
3.8164008161546	0.92562996260405
3.8164024750176	0.93400968631721
3.8164041338806	0.94259640173784
3.8164057927436	0.93311609682825
3.8164074516067	0.92211843777126
3.8164091104697	0.90444253478641
3.8164107693327	0.88289516060007
3.8164124281957	0.85301535964659
3.8164140870587	0.83881848360473
3.8164157459217	0.84383496465587
3.8164174047847	0.85751976602468
3.8164190636477	0.87743611809769
3.8164207225107	0.89670601421976
3.8164223813737	0.91571729643118
3.8164240402367	0.9265502808608
3.8164256990997	0.93590417199445
3.8164273579627	0.94106038502603
3.8164290168257	0.94612631457152
3.8164306756887	0.95116965128758
3.8164323345517	0.95566676496155
3.8164339934147	0.95848488890074
3.8164356522777	0.95996157092562
3.8164373111407	0.95923676695401
3.8164389700038	0.95998878564926
3.8164406288668	0.96214888772085
3.8164422877298	0.96402591486837
3.8164439465928	0.96574736901499
3.8164456054558	0.96669308063878
3.8164472643188	0.96741857557105
3.8164489231818	0.97130604782463
3.8164505820448	0.97529680327154
3.8164522409078	0.9751848017352
3.8164538997708	0.9744959517916
3.8164555586338	0.97118550749027
3.8164572174968	0.96996543760596
3.8164588763598	0.97330291660112
3.8164605352228	0.97640819358359
3.8164621940858	0.97922812775498
3.8164638529488	0.97802101826948
3.8164655118118	0.97393367125174
3.8164671706748	0.97208318503417
3.8164688295378	0.97111340949388
3.8164704884009	0.96994299985715
3.8164721472639	0.96873777171069
3.8164738061269	0.97228366871824
3.8164754649899	0.97495312466312
3.8164771238529	0.97084906075297
3.8164787827159	0.96647097599121
3.8164804415789	0.96129993322051
3.8164821004419	0.95623411246276
3.8164837593049	0.95133148514565
3.8164854181679	0.94371495685406
3.8164870770309	0.93366551587218
3.8164887358939	0.92419342888912
3.8164903947569	0.91501518162806
3.8164920536199	0.9095940608356
3.8164937124829	0.90512217727416
3.8164953713459	0.8961992490872
3.8164970302089	0.88665441115851
3.8164986890719	0.87301689311282
3.8165003479349	0.85965824616673
3.8165020067979	0.84737577546228
3.816503665661	0.83966689552148
3.816505324524	0.84076039410277
3.816506983387	0.85041562404729
3.81650864225	0.86941383115571
3.816510301113	0.88627583074244
3.816511959976	0.90179789396118
3.816513618839	0.91792579746313
3.816515277702	0.93425451068335
3.816516936565	0.94282538261196
3.816518595428	0.95024079723271
3.816520254291	0.95072224843775
3.816521913154	0.9522099976981
3.816523572017	0.95892678530806
3.81652523088	0.96302266954663
3.816526889743	0.96095751107041
3.816528548606	0.96191603990358
3.816530207469	0.96679181566011
3.816531866332	0.96353928034413
3.816533525195	0.95422836371866
3.8165351840581	0.95312911175056
3.8165368429211	0.95537727191506
3.8165385017841	0.94983946572212
3.8165401606471	0.94290602450955
3.8165418195101	0.94030208482706
3.8165434783731	0.93726933576636
3.8165451372361	0.93075165689829
3.8165467960991	0.9281295815263
3.8165484549621	0.93650337797921
3.8165501138251	0.9419664884858
3.8165517726881	0.94305847392256
3.8165534315511	0.94107972040978
3.8165550904141	0.93646373275905
3.8165567492771	0.93608953317048
3.8165584081401	0.93774466751051
3.8165600670031	0.93278675047788
3.8165617258661	0.92632691343429
3.8165633847291	0.9243044793655
3.8165650435921	0.92390485110324
3.8165667024552	0.93732339541919
3.8165683613182	0.94645972827419
3.8165700201812	0.94136597880796
3.8165716790442	0.93652633123274
3.8165733379072	0.93211858531763
3.8165749967702	0.92656854810209
3.8165766556332	0.91991923058299
3.8165783144962	0.90926045838079
3.8165799733592	0.89643278625122
3.8165816322222	0.88479294099772
3.8165832910852	0.87347181678615
3.8165849499482	0.85892249970115
3.8165866088112	0.84548690968234
3.8165882676742	0.85081132614902
3.8165899265372	0.8568427034841
3.8165915854002	0.86557130645457
3.8165932442632	0.87814025790329
3.8165949031262	0.89791396055886
3.8165965619892	0.91199453656037
3.8165982208523	0.92009848448982
3.8165998797153	0.92528329853527
3.8166015385783	0.92873999706692
3.8166031974413	0.92649582408183
3.8166048563043	0.9225349644214
3.8166065151673	0.92194176851216
3.8166081740303	0.92143146408532
3.8166098328933	0.91608017672801
3.8166114917563	0.91163702487606
3.8166131506193	0.91104962675682
3.8166148094823	0.90737287072006
3.8166164683453	0.89746848160224
3.8166181272083	0.88495156313124
3.8166197860713	0.86952047208485
3.8166214449343	0.85199123127199
3.8166231037973	0.83314257190173
3.8166247626603	0.82167525074238
3.8166264215233	0.81259952441581
3.8166280803863	0.8203778400922
3.8166297392493	0.83027246038793
3.8166313981124	0.84459647688589
3.8166330569754	0.86209457240489
3.8166347158384	0.89403070464459
3.8166363747014	0.91864302206348
3.8166380335644	0.92784191045969
3.8166396924274	0.93404393398619
3.8166413512904	0.93678635302508
3.8166430101534	0.94281985741466
3.8166446690164	0.95099028148196
3.8166463278794	0.94787517903721
3.8166479867424	0.94097089717276
3.8166496456054	0.94295166994678
3.8166513044684	0.9459139661424
3.8166529633314	0.94588327605125
3.8166546221944	0.94635641230403
3.8166562810574	0.94918171823385
3.8166579399204	0.94936202768033
3.8166595987834	0.94390271713351
3.8166612576464	0.94027294967001
3.8166629165095	0.93877150483879
3.8166645753725	0.931615774641
3.8166662342355	0.9207742219825
3.8166678930985	0.9092736222499
3.8166695519615	0.89755173414875
3.8166712108245	0.88951349414459
3.8166728696875	0.8819585946073
3.8166745285505	0.87541940505754
3.8166761874135	0.87177774104388
3.8166778462765	0.88140830696676
3.8166795051395	0.8951091580396
3.8166811640025	0.91734041542502
3.8166828228655	0.93324196046491
3.8166844817285	0.94191750071149
3.8166861405915	0.95025022475687
3.8166877994545	0.95836472128122
3.8166894583175	0.95885370179767
3.8166911171805	0.95687109911542
3.8166927760435	0.95820640384166
3.8166944349066	0.95980838146006
3.8166960937696	0.95915837834419
3.8166977526326	0.95950153556379
3.8166994114956	0.96411602594104
3.8167010703586	0.96466044675984
3.8167027292216	0.95706752887699
3.8167043880846	0.95208681652841
3.8167060469476	0.94995579272599
3.8167077058106	0.94515592413909
3.8167093646736	0.93874298594569
3.8167110235366	0.92028341631423
3.8167126823996	0.89819372255023
3.8167143412626	0.88738710280685
3.8167160001256	0.87843005908436
3.8167176589886	0.88194755304987
3.8167193178516	0.88677470003772
3.8167209767146	0.89668996596061
3.8167226355776	0.90882510632662
3.8167242944406	0.92507577131241
3.8167259533036	0.93620116617754
3.8167276121667	0.94212388701289
3.8167292710297	0.94553336107351
3.8167309298927	0.94754262404701
3.8167325887557	0.94635845065928
3.8167342476187	0.94431663337531
3.8167359064817	0.94345447581289
3.8167375653447	0.94263197449164
3.8167392242077	0.94132146315722
3.8167408830707	0.94045797020885
3.8167425419337	0.94111298896798
3.8167442007967	0.94100508529346
3.8167458596597	0.93962046019442
3.8167475185227	0.93858908396082
3.8167491773857	0.93788269104165
3.8167508362487	0.93197468051116
3.8167524951117	0.92347865175644
3.8167541539747	0.9177018462027
3.8167558128377	0.91254319686428
3.8167574717007	0.90552846057258
3.8167591305638	0.8981481458514
3.8167607894268	0.88838643865668
3.8167624482898	0.88232601201896
3.8167641071528	0.88698048429365
3.8167657660158	0.89022581493127
3.8167674248788	0.89139518516311
3.8167690837418	0.89848947275785
3.8167707426048	0.91039134099759
3.8167724014678	0.91980837140203
3.8167740603308	0.92816000318669
3.8167757191938	0.92351605497064
3.8167773780568	0.91654152275037
3.8167790369198	0.91520905619502
3.8167806957828	0.91400468533265
3.8167823546458	0.91342733896685
3.8167840135088	0.91361585215647
3.8167856723718	0.91565475948008
3.8167873312348	0.92163620835135
3.8167889900978	0.93261006448284
3.8167906489609	0.93670910410691
3.8167923078239	0.93602955084753
3.8167939666869	0.93707559542824
3.8167956255499	0.93873195850897
3.8167972844129	0.94272451664388
3.8167989432759	0.94660252507431
3.8168006021389	0.93973622250614
3.8168022610019	0.93440568501138
3.8168039198649	0.93579652150692
3.8168055787279	0.93421341223868
3.8168072375909	0.92673494171631
3.8168088964539	0.91976972683225
3.8168105553169	0.91334996177519
3.8168122141799	0.91219796966505
3.8168138730429	0.91408154320616
3.8168155319059	0.92059301603967
3.8168171907689	0.92837794346776
3.8168188496319	0.9363320369788
3.8168205084949	0.94396553513538
3.8168221673579	0.94797829739461
3.816823826221	0.95080516594557
3.816825485084	0.94975579252374
3.816827143947	0.94965333325829
3.81682880281	0.9510660846624
3.816830461673	0.95095523257825
3.816832120536	0.94952017999056
3.816833779399	0.94796570236301
3.816835438262	0.94635645932324
3.816837097125	0.94396197674862
3.816838755988	0.9414137706047
3.816840414851	0.93848740070972
3.816842073714	0.93543407464869
3.816843732577	0.93161932935425
3.81684539144	0.92748692662454
3.816847050303	0.92257397152334
3.816848709166	0.91193643213699
3.816850368029	0.89402678618575
3.816852026892	0.87575040949233
3.816853685755	0.85722113102734
3.8168553446181	0.84333063989897
3.8168570034811	0.83104155761956
3.8168586623441	0.83697561338573
3.8168603212071	0.84495519946875
3.8168619800701	0.85108534004189
3.8168636389331	0.85798979834455
3.8168652977961	0.86801550891832
3.8168669566591	0.87948923564393
3.8168686155221	0.89364246537799
3.8168702743851	0.90192484073408
3.8168719332481	0.90440740909305
3.8168735921111	0.90780071192959
3.8168752509741	0.91167294957662
3.8168769098371	0.91335541588118
3.8168785687001	0.91451703730723
3.8168802275631	0.91829139545718
3.8168818864261	0.92179380728362
3.8168835452891	0.92232219963778
3.8168852041521	0.92175632593452
3.8168868630152	0.91817209558413
3.8168885218782	0.91369980017292
3.8168901807412	0.9079965657121
3.8168918396042	0.90773076646128
3.8168934984672	0.91152940558377
3.8168951573302	0.90323849340423
3.8168968161932	0.89037417983768
3.8168984750562	0.88406723397819
3.8169001339192	0.87875972308887
3.8169017927822	0.8763208119506
3.8169034516452	0.87436706276484
3.8169051105082	0.87453389707157
3.8169067693712	0.87610766948475
3.8169084282342	0.88041199437701
3.8169100870972	0.88378840778662
3.8169117459602	0.88621435413511
3.8169134048232	0.88470697272065
3.8169150636862	0.88106407776083
3.8169167225492	0.86735659192485
3.8169183814123	0.85116955038339
3.8169200402753	0.84004785068968
3.8169216991383	0.82945090635267
3.8169233580013	0.82121577539402
3.8169250168643	0.81463460443282
3.8169266757273	0.81262074579716
3.8169283345903	0.80983237807849
3.8169299934533	0.80597726319653
3.8169316523163	0.80616100730414
3.8169333111793	0.80932315522486
3.8169349700423	0.81093817633756
3.8169366289053	0.81198274768463
3.8169382877683	0.82335573249771
3.8169399466313	0.83606712284947
3.8169416054943	0.84894885321011
3.8169432643573	0.85997296401725
3.8169449232203	0.86340610027137
3.8169465820833	0.86709597704305
3.8169482409463	0.87125802377925
3.8169498998093	0.87288430316426
3.8169515586724	0.87205409342147
3.8169532175354	0.87313792057108
3.8169548763984	0.87519104419124
3.8169565352614	0.87410131769588
3.8169581941244	0.87232080110317
3.8169598529874	0.87834059150332
3.8169615118504	0.88422782868413
3.8169631707134	0.88798464657642
3.8169648295764	0.88642311884382
3.8169664884394	0.87175604496514
3.8169681473024	0.8645085564651
3.8169698061654	0.86650658596321
3.8169714650284	0.86544880042197
3.8169731238914	0.86236988821615
3.8169747827544	0.85587152817227
3.8169764416174	0.84828573601475
3.8169781004804	0.84941729482437
3.8169797593434	0.8514022329183
3.8169814182064	0.85403091929995
3.8169830770695	0.85653843429002
3.8169847359325	0.8586402953431
3.8169863947955	0.85977431963093
3.8169880536585	0.85937757180227
3.8169897125215	0.85705667365024
3.8169913713845	0.85312853302313
3.8169930302475	0.84731644135713
3.8169946891105	0.84070660620047
3.8169963479735	0.83894425286201
3.8169980068365	0.83791929032772
3.8169996656995	0.83419606120082
3.8170013245625	0.83036733874459
3.8170029834255	0.82604551919462
3.8170046422885	0.81987689160109
3.8170063011515	0.81003264131335
3.8170079600145	0.80071665695015
3.8170096188775	0.7919445157537
3.8170112777405	0.78152759961222
3.8170129366035	0.77022978992958
3.8170145954666	0.75711273231343
3.8170162543296	0.74356839595655
3.8170179131926	0.73853011654877
3.8170195720556	0.73237405427708
3.8170212309186	0.71666863814204
3.8170228897816	0.70157435271748
3.8170245486446	0.68800289297955
3.8170262075076	0.67262413394457
3.8170278663706	0.65499620867431
3.8170295252336	0.63855574075019
3.8170311840966	0.62289113997566
3.8170328429596	0.60393445020091
3.8170345018226	0.5839621662815
3.8170361606856	0.56785724262926
3.8170378195486	0.55185705927529
3.8170394784116	0.53350347232528
3.8170411372746	0.51628582105202
3.8170427961376	0.50260142984843
3.8170444550006	0.49006677389585
3.8170461138636	0.47923369424426
3.8170477727267	0.46959938438789
3.8170494315897	0.46089438544715
3.8170510904527	0.45092377646588
3.8170527493157	0.4404696411361
3.8170544081787	0.43098288704377
3.8170560670417	0.42173926810541
3.8170577259047	0.4149924645501
3.8170593847677	0.40791934031122
3.8170610436307	0.39958100963216
3.8170627024937	0.39139999869179
3.8170643613567	0.38349171586125
3.8170660202197	0.37791411646428
3.8170676790827	0.37443061036091
3.8170693379457	0.37165909421867
3.8170709968087	0.36921078398429
3.8170726556717	0.36489142298778
3.8170743145347	0.36024700495914
3.8170759733977	0.35635527537662
3.8170776322607	0.35245940119255
3.8170792911238	0.34854354180674
3.8170809499868	0.34529706738146
3.8170826088498	0.34338931500535
3.8170842677128	0.34174083486756
3.8170859265758	0.34035680936209
3.8170875854388	0.33692754922612
3.8170892443018	0.33243023001827
3.8170909031648	0.32982738814709
3.8170925620278	0.3276433632627
3.8170942208908	0.32802267160269
3.8170958797538	0.32910195863135
3.8170975386168	0.33406880071031
3.8170991974798	0.33818909825477
3.8171008563428	0.34038724907507
3.8171025152058	0.34422539415098
3.8171041740688	0.34992554136205
3.8171058329318	0.35446101971769
3.8171074917948	0.35831536243579
3.8171091506578	0.36254883094534
3.8171108095209	0.36688076240486
3.8171124683839	0.37695129246411
3.8171141272469	0.38751446196105
3.8171157861099	0.39979157627309
3.8171174449729	0.41317831396203
3.8171191038359	0.42937492936542
3.8171207626989	0.44494662064662
3.8171224215619	0.45974358272738
3.8171240804249	0.47623340492722
3.8171257392879	0.49380573265322
3.8171273981509	0.50629770050637
3.8171290570139	0.51730291390733
3.8171307158769	0.52314226745616
3.8171323747399	0.52849904808305
3.8171340336029	0.53263585845758
3.8171356924659	0.53663531556305
3.8171373513289	0.54025447943819
3.8171390101919	0.54635299287943
3.8171406690549	0.55574400956893
3.817142327918	0.56229931651259
3.817143986781	0.566915351641
3.817145645644	0.56760337806679
3.817147304507	0.56703946384948
3.81714896337	0.56415921495005
3.817150622233	0.56144811019683
3.817152281096	0.5625101427172
3.817153939959	0.56477586856957
3.817155598822	0.57060478961678
3.817157257685	0.57560742088265
3.817158916548	0.57945731542979
3.817160575411	0.58761468433475
3.817162234274	0.59885725375974
3.817163893137	0.60943239423683
3.817165552	0.61978261331527
3.817167210863	0.62267512006077
3.817168869726	0.62471304520065
3.817170528589	0.6250303280542
3.817172187452	0.62694786014167
3.817173846315	0.63380715697266
3.8171755051781	0.63396914845467
3.8171771640411	0.62451178425681
3.8171788229041	0.61657450357625
3.8171804817671	0.60975417003552
3.8171821406301	0.61522082062452
3.8171837994931	0.62494839867632
3.8171854583561	0.6441402073985
3.8171871172191	0.6639288973608
3.8171887760821	0.67936720988459
3.8171904349451	0.69337138906639
3.8171920938081	0.70287471546472
3.8171937526711	0.71262050059082
3.8171954115341	0.72271767739322
3.8171970703971	0.72948866534482
3.8171987292601	0.73380213968575
3.8172003881231	0.73917442769986
3.8172020469861	0.74491486748336
3.8172037058491	0.75115277914746
3.8172053647121	0.75710692255368
3.8172070235752	0.75902053887137
3.8172086824382	0.76139466174225
3.8172103413012	0.76519870613039
3.8172120001642	0.76857502535407
3.8172136590272	0.7713385677617
3.8172153178902	0.77465023724064
3.8172169767532	0.77836103921513
3.8172186356162	0.78477433224023
3.8172202944792	0.79210570609596
3.8172219533422	0.79960774891187
3.8172236122052	0.80687174925179
3.8172252710682	0.81130330821357
3.8172269299312	0.81538658435502
3.8172285887942	0.81842749415805
3.8172302476572	0.82114495706925
3.8172319065202	0.82341347032398
3.8172335653832	0.82552661605437
3.8172352242462	0.82753052147613
3.8172368831092	0.82452955065419
3.8172385419723	0.81991095177815
3.8172402008353	0.81579032340796
3.8172418596983	0.81175835910081
3.8172435185613	0.80819259953744
3.8172451774243	0.80480725737507
3.8172468362873	0.80192942827832
3.8172484951503	0.79955668225711
3.8172501540133	0.79784974232806
3.8172518128763	0.8003459195702
3.8172534717393	0.80563711201975
3.8172551306023	0.81467616831059
3.8172567894653	0.82483461332028
3.8172584483283	0.84134767957122
3.8172601071913	0.85745632231539
3.8172617660543	0.8669285527246
3.8172634249173	0.87558716511369
3.8172650837803	0.88214323594362
3.8172667426433	0.88670789670498
3.8172684015063	0.88882819971813
3.8172700603693	0.88207401632242
3.8172717192324	0.86985789181862
3.8172733780954	0.86913003377964
3.8172750369584	0.87147035636614
3.8172766958214	0.87681508716196
3.8172783546844	0.88226226698134
3.8172800135474	0.88754772892443
3.8172816724104	0.89269816100801
3.8172833312734	0.8975345295173
3.8172849901364	0.90257729454284
3.8172866489994	0.90785149386734
3.8172883078624	0.90866511185884
3.8172899667254	0.90699476404725
3.8172916255884	0.90882931748001
3.8172932844514	0.91146816596313
3.8172949433144	0.91533362304714
3.8172966021774	0.9193129120685
3.8172982610404	0.92380441661246
3.8172999199034	0.9257993254306
3.8173015787664	0.92266220921622
3.8173032376295	0.92195929279206
3.8173048964925	0.92370193469745
3.8173065553555	0.92387948548928
3.8173082142185	0.9232881825308
3.8173098730815	0.92329177626898
3.8173115319445	0.92344077095553
3.8173131908075	0.92592181241865
3.8173148496705	0.92897098647784
3.8173165085335	0.93449739621567
3.8173181673965	0.93692710025908
3.8173198262595	0.93382247654927
3.8173214851225	0.93318438436785
3.8173231439855	0.93472316207622
3.8173248028485	0.93611474987776
3.8173264617115	0.93678082653621
3.8173281205745	0.93428079505856
3.8173297794375	0.93188020841238
3.8173314383005	0.9300820110646
3.8173330971635	0.92802027602942
3.8173347560266	0.9238309305006
3.8173364148896	0.92030018495103
3.8173380737526	0.92446125524067
3.8173397326156	0.92847114417237
3.8173413914786	0.92946027660879
3.8173430503416	0.93049285621558
3.8173447092046	0.93410097134806
3.8173463680676	0.93770908648054
3.8173480269306	0.93755862078149
3.8173496857936	0.93735328722612
3.8173513446566	0.94200475970985
3.8173530035196	0.94688631176762
3.8173546623826	0.9495246417585
3.8173563212456	0.95197863099891
3.8173579801086	0.95414581674053
3.8173596389716	0.9562788143712
3.8173612978346	0.95327848549845
3.8173629566976	0.94946336172504
3.8173646155606	0.94920848444745
3.8173662744236	0.94966902905542
3.8173679332867	0.94770329415253
3.8173695921497	0.94514032800512
3.8173712510127	0.94302054895685
3.8173729098757	0.94103136117217
3.8173745687387	0.94039647154506
3.8173762276017	0.94023143381904
3.8173778864647	0.93908406684256
3.8173795453277	0.93754049170345
3.8173812041907	0.94040760310332
3.8173828630537	0.94532293421169
3.8173845219167	0.94891341739606
3.8173861807797	0.95180086679252
3.8173878396427	0.95453875894622
3.8173894985057	0.95718647310187
3.8173911573687	0.95922893395731
3.8173928162317	0.96085863851909
3.8173944750947	0.96015608350498
3.8173961339577	0.9576604039954
3.8173977928207	0.95647736336235
3.8173994516838	0.95642955494728
3.8174011105468	0.95882020874555
3.8174027694098	0.96357909497024
3.8174044282728	0.96475297514458
3.8174060871358	0.96201920576614
3.8174077459988	0.96133136408096
3.8174094048618	0.96314643985568
3.8174110637248	0.96447649665386
3.8174127225878	0.96514006399684
3.8174143814508	0.96548800536155
3.8174160403138	0.96534798902222
3.8174176991768	0.96629884078475
3.8174193580398	0.9691521105318
3.8174210169028	0.97067545257167
3.8174226757658	0.96957341640268
3.8174243346288	0.96862043552585
3.8174259934918	0.96800207062522
3.8174276523548	0.96767115295665
3.8174293112178	0.96807848425211
3.8174309700809	0.96844150669671
3.8174326289439	0.96867329662659
3.8174342878069	0.96855752760667
3.8174359466699	0.96724264849061
3.8174376055329	0.96650245396157
3.8174392643959	0.96810251115161
3.8174409232589	0.96908022166862
3.8174425821219	0.96701346606745
3.8174442409849	0.96477214230984
3.8174458998479	0.96147941815126
3.8174475587109	0.95898829378834
3.8174492175739	0.96265419132781
3.8174508764369	0.96661321867874
3.8174525352999	0.97360508613982
3.8174541941629	0.98006469218258
3.8174558530259	0.97836052043831
3.8174575118889	0.97670338466074
3.8174591707519	0.97636588948241
3.8174608296149	0.97603180385751
3.817462488478	0.97613592116101
3.817464147341	0.97624003846452
3.817465806204	0.97320665755561
3.817467465067	0.97011303223577
3.81746912393	0.96801625258138
3.817470782793	0.96596673418583
3.817472441656	0.95949119507563
3.817474100519	0.95267434109498
3.817475759382	0.9421547813868
3.817477418245	0.93123407383375
3.817479077108	0.9201874961312
3.817480735971	0.90912313263597
3.817482394834	0.89781326965284
3.817484053697	0.88646016065826
3.81748571256	0.87100631740772
3.817487371423	0.85467924047091
3.817489030286	0.83123701937909
3.817490689149	0.80600249245707
3.817492348012	0.77837836524342
3.817494006875	0.75005341569016
3.8174956657381	0.74414284769418
3.8174973246011	0.74579146997858
3.8174989834641	0.75764901313255
3.8175006423271	0.77342807263695
3.8175023011901	0.7988022274021
3.8175039600531	0.82834114883713
3.8175056189161	0.85765231846204
3.8175072777791	0.8868524585989
3.8175089366421	0.90753356787023
3.8175105955051	0.92357377700602
3.8175122543681	0.93561901294222
3.8175139132311	0.94524220880528
3.8175155720941	0.94815990696698
3.8175172309571	0.94656742768475
3.8175188898201	0.94287626053195
3.8175205486831	0.93762339999306
3.8175222075461	0.93398518176996
3.8175238664091	0.93167374899477
3.8175255252721	0.93083133698595
3.8175271841352	0.93131992743334
3.8175288429982	0.93022459866562
3.8175305018612	0.92754823530426
3.8175321607242	0.92457849741363
3.8175338195872	0.92128637092407
3.8175354784502	0.91619415489862
3.8175371373132	0.9089241124462
3.8175387961762	0.90316722974111
3.8175404550392	0.89942653686615
3.8175421139022	0.896059030017
3.8175437727652	0.89323967745265
3.8175454316282	0.8938380841551
3.8175470904912	0.89997670435444
3.8175487493542	0.90536465299687
3.8175504082172	0.90940709154989
3.8175520670802	0.9119022000664
3.8175537259432	0.911323399254
3.8175553848062	0.91168931622949
3.8175570436692	0.91414155033706
3.8175587025323	0.91703416251277
3.8175603613953	0.92101215792675
3.8175620202583	0.92359929849288
3.8175636791213	0.92234360264081
3.8175653379843	0.92255339266937
3.8175669968473	0.92732931100495
3.8175686557103	0.93128153842634
3.8175703145733	0.93231884162509
3.8175719734363	0.93388784462177
3.8175736322993	0.93761365777584
3.8175752911623	0.93975175704908
3.8175769500253	0.93442510131529
3.8175786088883	0.92826907760735
3.8175802677513	0.91752554523761
3.8175819266143	0.9077746883345
3.8175835854773	0.90461106964333
3.8175852443403	0.90158687942212
3.8175869032033	0.89970348053255
3.8175885620663	0.89806884724572
3.8175902209293	0.89904373017698
3.8175918797924	0.89999734702052
3.8175935386554	0.90064632313
3.8175951975184	0.90127554210978
3.8175968563814	0.90147143518941
3.8175985152444	0.90160941769341
3.8176001741074	0.89918433669032
3.8176018329704	0.89676616272598
3.8176034918334	0.90394379103069
3.8176051506964	0.91112141933541
3.8176068095594	0.9202616465838
3.8176084684224	0.9294430743576
3.8176101272854	0.93993852906974
3.8176117861484	0.95049117244901
3.8176134450114	0.94784007170817
3.8176151038744	0.94430546430958
3.8176167627374	0.94015304760066
3.8176184216004	0.93594427629539
3.8176200804634	0.93062095024597
3.8176217393264	0.92516774009332
3.8176233981895	0.92609045401806
3.8176250570525	0.92792414988788
3.8176267159155	0.93438309796264
3.8176283747785	0.94162977454441
3.8176300336415	0.94847760840298
3.8176316925045	0.95524611349131
3.8176333513675	0.96142507305447
3.8176350102305	0.96746919655252
3.8176366690935	0.97296550750566
3.8176383279565	0.97831944426604
3.8176399868195	0.97538221313126
3.8176416456825	0.97001999695997
3.8176433045455	0.96884705391057
3.8176449634085	0.96904212864948
3.8176466222715	0.9697613447274
3.8176482811345	0.97067041608334
3.8176499399975	0.97252800164692
3.8176515988605	0.97476468466201
3.8176532577235	0.97592053398537
3.8176549165866	0.97660193352664
3.8176565754496	0.9768447468396
3.8176582343126	0.97687693719819
3.8176598931756	0.97536121822108
3.8176615520386	0.97303498365138
3.8176632109016	0.97081592510061
3.8176648697646	0.96865789185039
3.8176665286276	0.96921842456562
3.8176681874906	0.97145779308039
3.8176698463536	0.97154715525888
3.8176715052166	0.97019928322574
3.8176731640796	0.96894657791356
3.8176748229426	0.96776261387459
3.8176764818056	0.9700350934797
3.8176781406686	0.97500173283184
3.8176797995316	0.97777416320825
3.8176814583946	0.97870362506024
3.8176831172576	0.98002730996196
3.8176847761206	0.98170748910777
3.8176864349837	0.98016518470123
3.8176880938467	0.97548801796778
3.8176897527097	0.97156717724422
3.8176914115727	0.96843735638179
3.8176930704357	0.96106965978227
3.8176947292987	0.94893806651977
3.8176963881617	0.93240614948717
3.8176980470247	0.91055889904405
3.8176997058877	0.89160814235588
3.8177013647507	0.87641683864442
3.8177030236137	0.87120292077409
3.8177046824767	0.87990541910254
3.8177063413397	0.89294714795663
3.8177080002027	0.91249486221695
3.8177096590657	0.93118372263928
3.8177113179287	0.94848744066869
3.8177129767917	0.96038858710485
3.8177146356547	0.96291250593155
3.8177162945177	0.96199011936657
3.8177179533807	0.95462326018292
3.8177196122438	0.94381080243979
3.8177212711068	0.9260477891852
3.8177229299698	0.90562793296755
3.8177245888328	0.87941974353847
3.8177262476958	0.85128820255231
3.8177279065588	0.81862284136376
3.8177295654218	0.79042923392933
3.8177312242848	0.7736627719334
3.8177328831478	0.7623687445573
3.8177345420108	0.76626889797515
3.8177362008738	0.77607142126368
3.8177378597368	0.80372691747458
3.8177395185998	0.83286760810025
3.8177411774628	0.8669184862534
3.8177428363258	0.89901544800105
3.8177444951888	0.92402579415038
3.8177461540518	0.94648964710764
3.8177478129148	0.95877788153266
3.8177494717778	0.97016092877362
3.8177511306409	0.97753853057581
3.8177527895039	0.98406706896031
3.8177544483669	0.98640979512442
3.8177561072299	0.98830478129333
3.8177577660929	0.9877217894177
3.8177594249559	0.98729675039925
3.8177610838189	0.98786191825398
3.8177627426819	0.98818487887334
3.8177644015449	0.9867686390881
3.8177660604079	0.98513703886596
3.8177677192709	0.98170892166438
3.8177693781339	0.97869939909369
3.8177710369969	0.97982398421589
3.8177726958599	0.98077064728702
3.8177743547229	0.97958392339417
3.8177760135859	0.97859915896539
3.8177776724489	0.98065997574901
3.8177793313119	0.98270454795929
3.8177809901749	0.98442303707765
3.817782649038	0.98596456183802
3.817784307901	0.98230304407478
3.817785966764	0.97863255489815
3.817787625627	0.97448419566801
3.81778928449	0.97033286779644
3.817790943353	0.96546700068693
3.817792602216	0.96060113357741
3.817794261079	0.9621537852286
3.817795919942	0.96377190962938
3.817797578805	0.96286661718839
3.817799237668	0.96189885535302
3.817800896531	0.96514062697908
3.817802555394	0.96854905749593
3.817804214257	0.96810781408123
3.81780587312	0.96745577893758
3.817807531983	0.96917638824512
3.817809190846	0.97106359283372
3.817810849709	0.9701007350981
3.817812508572	0.9688928432002
3.817814167435	0.95719036830967
3.8178158262981	0.94441700327606
3.8178174851611	0.9233429368697
3.8178191440241	0.90128546237266
3.8178208028871	0.87440933305399
3.8178224617501	0.84688159146922
3.8178241206131	0.81786616291879
3.8178257794761	0.78862414258607
3.8178274383391	0.78257928838213
3.8178290972021	0.78047176626463
3.8178307560651	0.79969110640963
3.8178324149281	0.82290922772784
3.8178340737911	0.85526280180305
3.8178357326541	0.88949531819201
3.8178373915171	0.91440976333751
3.8178390503801	0.93723495885448
3.8178407092431	0.95454915207294
3.8178423681061	0.97052348721297
3.8178440269691	0.97869121976172
3.8178456858321	0.98481040737247
3.8178473446952	0.98779632893729
3.8178490035582	0.98989819623554
3.8178506624212	0.98780696409325
3.8178523212842	0.98444848958469
3.8178539801472	0.97856008412116
3.8178556390102	0.97185511135622
3.8178572978732	0.96695483150992
3.8178589567362	0.96267485933667
3.8178606155992	0.95911273091091
3.8178622744622	0.95581273981781
3.8178639333252	0.95158067694645
3.8178655921882	0.94698791421619
3.8178672510512	0.93693798873243
3.8178689099142	0.92465433346789
3.8178705687772	0.89798426166312
3.8178722276402	0.86509769730158
3.8178738865032	0.82805382429967
3.8178755453662	0.78911688145824
3.8178772042292	0.74832650911395
3.8178788630923	0.70664819076106
3.8178805219553	0.6794017973823
3.8178821808183	0.65942010620557
3.8178838396813	0.66055990207875
3.8178854985443	0.67285539256199
3.8178871574073	0.7010946244053
3.8178888162703	0.73815815239962
3.8178904751333	0.781870627171
3.8178921339963	0.82943467845288
3.8178937928593	0.86239083179449
3.8178954517223	0.8864987644441
3.8178971105853	0.90424068353492
3.8178987694483	0.91795553876527
3.8179004283113	0.92821890502656
3.8179020871743	0.93620389534973
3.8179037460373	0.94106343773482
3.8179054049003	0.9437720486131
3.8179070637633	0.95043115544373
3.8179087226263	0.95992219077395
3.8179103814893	0.96290626960255
3.8179120403524	0.96103480540369
3.8179136992154	0.95902794707287
3.8179153580784	0.95691600154185
3.8179170169414	0.95500120188464
3.8179186758044	0.95324544223678
3.8179203346674	0.9573757219383
3.8179219935304	0.96643780173889
3.8179236523934	0.96689334784793
3.8179253112564	0.95986403063705
3.8179269701194	0.9558339498022
3.8179286289824	0.95450989616325
3.8179302878454	0.95238998933601
3.8179319467084	0.94952571674531
3.8179336055714	0.94908147127294
3.8179352644344	0.9509826515631
3.8179369232974	0.94995848402021
3.8179385821604	0.94599812664918
3.8179402410234	0.94487489561628
3.8179418998864	0.94669965639797
3.8179435587495	0.95102389747972
3.8179452176125	0.9580349949986
3.8179468764755	0.96036424858233
3.8179485353385	0.95748861426325
3.8179501942015	0.95338136557301
3.8179518530645	0.94785878097976
3.8179535119275	0.94130265707052
3.8179551707905	0.93351937850784
3.8179568296535	0.92752338094411
3.8179584885165	0.92371930821294
3.8179601473795	0.92030706213084
3.8179618062425	0.91739086679691
3.8179634651055	0.92077527430372
3.8179651239685	0.93239152687967
3.8179667828315	0.93923886275103
3.8179684416945	0.9396587915112
3.8179701005575	0.94095778844427
3.8179717594205	0.94347847658221
3.8179734182835	0.94723805046392
3.8179750771466	0.95277258817412
3.8179767360096	0.95772875557738
3.8179783948726	0.9618311536946
3.8179800537356	0.96402707968548
3.8179817125986	0.96332403467959
3.8179833714616	0.96419908677864
3.8179850303246	0.96754506176192
3.8179866891876	0.97317660979959
3.8179883480506	0.98249233568281
3.8179900069136	0.98710768141428
3.8179916657766	0.98392720761167
3.8179933246396	0.98220414176934
3.8179949835026	0.98296766624825
3.8179966423656	0.98140442407337
3.8179983012286	0.97575884780394
3.8179999600916	0.97095285359406
3.8180016189546	0.96766108253367
3.8180032778176	0.96367005592011
3.8180049366806	0.95838312833309
3.8180065955437	0.95584564128954
3.8180082544067	0.95854207212427
3.8180099132697	0.96261373740361
3.8180115721327	0.96937396279902
3.8180132309957	0.97708175894051
3.8180148898587	0.98669129732379
3.8180165487217	0.99465343949195
3.8180182075847	0.99922268967231
3.8180198664477	1.0012965215941
3.8180215253107	0.99809829389914
3.8180231841737	0.99563348566589
3.8180248430367	0.99475782846434
3.8180265018997	0.9932229704416
3.8180281607627	0.99022379255472
3.8180298196257	0.9889450878698
3.8180314784887	0.99158288602021
3.8180331373517	0.99354426522745
3.8180347962147	0.99392831535131
3.8180364550777	0.99353937471484
3.8180381139407	0.99130475105972
3.8180397728038	0.98968742390038
3.8180414316668	0.98957868036637
3.8180430905298	0.98946409219593
3.8180447493928	0.98933488821086
3.8180464082558	0.98906461566449
3.8180480671188	0.98843351902566
3.8180497259818	0.98860481911805
3.8180513848448	0.99087438007709
3.8180530437078	0.99153603989385
3.8180547025708	0.9879001350476
3.8180563614338	0.98615789817088
3.8180580202968	0.98958540107194
3.8180596791598	0.99374573732441
3.8180613380228	0.99994899159017
3.8180629968858	1.00468435893
3.8180646557488	1.0052432932047
3.8180663146118	1.0045435409974
3.8180679734748	1.0001905476241
3.8180696323378	0.99728984275053
3.8180712912009	0.99868683951536
3.8180729500639	1.0003412555427
3.8180746089269	1.002772111906
3.8180762677899	1.0039789697339
3.8180779266529	1.0014257008404
3.8180795855159	0.99962996040983
3.8180812443789	1.0002035485382
3.8180829032419	1.001520986688
3.8180845621049	1.0052058035823
3.8180862209679	1.0076798848869
3.8180878798309	1.0062344879974
3.8180895386939	1.004598209244
3.8180911975569	1.0023338964427
3.8180928564199	1.0001912014031
3.8180945152829	0.99845502825476
3.8180961741459	0.99788513559553
3.8180978330089	1.0012733229071
3.8180994918719	1.0040409477076
3.8181011507349	1.0046716873491
3.818102809598	1.0044357034186
3.818104468461	1.0011734812239
3.818106127324	0.99775724563966
3.818107786187	0.99379598732732
3.81810944505	0.99081004953766
3.818111103913	0.99131902867932
3.818112762776	0.99217652272074
3.818114421639	0.99429799461921
3.818116080502	0.99649311363127
3.818117739365	0.99895837385247
3.818119398228	1.0010324320756
3.818121057091	1.0016559200117
3.818122715954	1.0016464569469
3.818124374817	0.99926679842298
3.81812603368	0.99640133868725
3.818127692543	0.99169966039784
3.818129351406	0.98826137584444
3.818131010269	0.98963949501918
3.818132669132	0.99018365144291
3.818134327995	0.98752367243856
3.8181359868581	0.98597111208315
3.8181376457211	0.98870317948583
3.8181393045841	0.99060934083
3.8181409634471	0.98929941343335
3.8181426223101	0.98913265999104
3.8181442811731	0.99344148090819
3.8181459400361	0.9967744781418
3.8181475988991	0.99626864119719
3.8181492577621	0.99611676991041
3.8181509166251	0.99736295211893
3.8181525754881	0.99823449206261
3.8181542343511	0.99762161927954
3.8181558932141	0.9959540522059
3.8181575520771	0.99009675710128
3.8181592109401	0.98477317164858
3.8181608698031	0.98157290498044
3.8181625286661	0.97819114401924
3.8181641875291	0.97408666692311
3.8181658463921	0.97078642994229
3.8181675052552	0.97068892586154
3.8181691641182	0.97206965436523
3.8181708229812	0.97933409202876
3.8181724818442	0.98450477549698
3.8181741407072	0.98135521958344
3.8181757995702	0.98034166894949
3.8181774584332	0.98779763528101
3.8181791172962	0.99453093382153
3.8181807761592	0.99840814022495
3.8181824350222	1.0009676977626
3.8181840938852	0.99833975543894
3.8181857527482	0.9958653052521
3.8181874116112	0.99399247035285
3.8181890704742	0.9931223628957
3.8181907293372	0.99616092202
3.8181923882002	0.99793739936854
3.8181940470632	0.99482515484723
3.8181957059262	0.99222886490382
3.8181973647892	0.99161748104599
3.8181990236523	0.99097171248582
3.8182006825153	0.99019467231456
3.8182023413783	0.98895329097473
3.8182040002413	0.98595406379873
3.8182056591043	0.98315539401049
3.8182073179673	0.98110919609664
3.8182089768303	0.97941516305186
3.8182106356933	0.97902932459239
3.8182122945563	0.97754054583017
3.8182139534193	0.9719973101672
3.8182156122823	0.96653530419999
3.8182172711453	0.96136857639476
3.8182189300083	0.95589940134475
3.8182205888713	0.94934382704765
3.8182222477343	0.94516398215114
3.8182239065973	0.94941076631269
3.8182255654603	0.95441329545789
3.8182272243233	0.96206157844156
3.8182288831863	0.96962425946626
3.8182305420494	0.97689142439436
3.8182322009124	0.98349073313572
3.8182338597754	0.98781748097083
3.8182355186384	0.99255040818173
3.8182371775014	0.99864479312854
3.8182388363644	1.0037127710245
3.8182404952274	1.0053932295998
3.8182421540904	1.0059554456935
3.8182438129534	1.0028868107007
3.8182454718164	0.99962200207024
3.8182471306794	0.99573078535128
3.8182487895424	0.9919673415723
3.8182504484054	0.98860481011135
3.8182521072684	0.98465503108672
3.8182537661314	0.97889528312867
3.8182554249944	0.97502888908781
3.8182570838574	0.97689270595596
3.8182587427204	0.97730298687597
3.8182604015834	0.9733968503372
3.8182620604464	0.96910500199543
3.8182637193095	0.96368963597449
3.8182653781725	0.95780182247077
3.8182670370355	0.95056512711232
3.8182686958985	0.94160255604163
3.8182703547615	0.92781157600649
3.8182720136245	0.91487151401576
3.8182736724875	0.90426298799731
3.8182753313505	0.89316589246506
3.8182769902135	0.88075804897156
3.8182786490765	0.86816245900667
3.8182803079395	0.85507402285169
3.8182819668025	0.84255686887537
3.8182836256655	0.831506695507
3.8182852845285	0.8214230290452
3.8182869433915	0.8137660706095
3.8182886022545	0.81138208104252
3.8182902611175	0.82193754769357
3.8182919199805	0.83612644634073
3.8182935788435	0.85902577948544
3.8182952377066	0.88371677356451
3.8182968965696	0.91260285212436
3.8182985554326	0.93734134344679
3.8183002142956	0.95260043436567
3.8183018731586	0.96385189381525
3.8183035320216	0.96616454975696
3.8183051908846	0.96799685607299
3.8183068497476	0.96878400429355
3.8183085086106	0.97051911025282
3.8183101674736	0.97426551212137
3.8183118263366	0.97735264991493
3.8183134851996	0.97907608523315
3.8183151440626	0.98107675748974
3.8183168029256	0.98363620811823
3.8183184617886	0.98434187299368
3.8183201206516	0.98140763398061
3.8183217795146	0.98026065061179
3.8183234383776	0.98253106527625
3.8183250972406	0.98242303651455
3.8183267561037	0.97788791955017
3.8183284149667	0.97529233026761
3.8183300738297	0.97620972941516
3.8183317326927	0.97946442841711
3.8183333915557	0.98683787240624
3.8183350504187	0.99062528263443
3.8183367092817	0.98826801616068
3.8183383681447	0.98441626448353
3.8183400270077	0.97807494528914
3.8183416858707	0.97228846218205
3.8183433447337	0.96740019933823
3.8183450035967	0.96303783559824
3.8183466624597	0.95950254492681
3.8183483213227	0.95554504940438
3.8183499801857	0.9509426478038
3.8183516390487	0.9523576658681
3.8183532979117	0.96269499463791
3.8183549567747	0.97014479957362
3.8183566156377	0.97343941821202
3.8183582745007	0.97793184351293
3.8183599333638	0.9840964333483
3.8183615922268	0.98852437804176
3.8183632510898	0.99060129692552
3.8183649099528	0.99461218433519
3.8183665688158	1.0011609636678
3.8183682276788	1.0023886450925
3.8183698865418	0.99684939021564
3.8183715454048	0.99210998754078
3.8183732042678	0.98835591671523
3.8183748631308	0.98440714022917
3.8183765219938	0.98022615757641
3.8183781808568	0.97470662342688
3.8183798397198	0.96764209363942
3.8183814985828	0.96239854089949
3.8183831574458	0.95918857072723
3.8183848163088	0.95834045344998
3.8183864751718	0.96004267718103
3.8183881340348	0.96258187901912
3.8183897928978	0.96599465916273
3.8183914517609	0.96700453471159
3.8183931106239	0.96559184974011
3.8183947694869	0.96269746902
3.8183964283499	0.95836069031205
3.8183980872129	0.95819734485518
3.8183997460759	0.96195472579472
3.8184014049389	0.96718342640278
3.8184030638019	0.97374547965274
3.8184047226649	0.97961354080696
3.8184063815279	0.98487538840182
3.8184080403909	0.98847780149424
3.8184096992539	0.99068365670499
3.8184113581169	0.99019209118695
3.8184130169799	0.98751484308674
3.8184146758429	0.98886541532874
3.8184163347059	0.99335610024034
3.8184179935689	0.99325067251595
3.8184196524319	0.98970028953729
3.8184213112949	0.98617814499569
3.818422970158	0.982676334075
3.818424629021	0.9838537499108
3.818426287884	0.98826594555837
3.818427946747	0.99160366389768
3.81842960561	0.99422899494403
3.818431264473	0.99410546600522
3.818432923336	0.99223534410035
3.818434582199	0.99237926509888
3.818436241062	0.99374837405684
3.818437899925	0.98841964622505
3.818439558788	0.97919343651011
3.818441217651	0.97374466937079
3.818442876514	0.97039583070951
3.818444535377	0.96512531030328
3.81844619424	0.95883525649837
3.818447853103	0.95546479273419
3.818449511966	0.95357044726481
3.818451170829	0.9507840280909
3.818452829692	0.94756831413851
3.818454488555	0.94301623827391
3.8184561474181	0.937852845746
3.8184578062811	0.93967619439736
3.8184594651441	0.94453219319655
3.8184611240071	0.95490870806307
3.8184627828701	0.96755492008693
3.8184644417331	0.98040671098815
3.8184661005961	0.99333842228207
3.8184677594591	0.99344067648409
3.8184694183221	0.98883676862226
3.8184710771851	0.98996698815693
3.8184727360481	0.99307737604794
3.8184743949111	0.99672577436062
3.8184760537741	1.0005486310839
3.8184777126371	1.0019564543858
3.8184793715001	1.0026310195018
3.8184810303631	1.0039884167958
3.8184826892261	1.0055393674675
3.8184843480891	1.0046638413488
