6545.054288 0.977711
6545.101513 0.979935
6545.148736 0.970817
6545.195955 0.969179
6545.243172 0.959593
6545.290386 0.978722
6545.337596 0.992618
6545.384804 0.986541
6545.432008 0.978679
6545.47921 0.968009
6545.526408 0.965214
6545.573604 0.93817
6545.620796 0.89638
6545.667986 0.848388
6545.715172 0.77241
6545.762356 0.718396
6545.809536 0.703109
6545.856714 0.755252
6545.903888 0.828869
6545.95106 0.889021
6545.998228 0.939522
6546.045394 0.968505
6546.092556 0.974326
6546.139716 0.986021
6546.186872 0.993827
6546.234025 0.994864
6546.281176 0.983066
6546.328323 0.973906
6546.375468 0.961923
6546.422609 0.951258
6546.469747 0.947945
6546.516883 0.937797
6546.564015 0.941996
6546.611144 0.942124
6546.658271 0.943257
6546.705394 0.935064
6546.752514 0.934164
6546.799631 0.925006
6546.846746 0.917406
6546.893857 0.913985
6546.940965 0.913647
6546.98807 0.917505
6547.035172 0.907876
6547.082272 0.907525
6547.129368 0.90909
6547.176461 0.910133
6547.223551 0.918457
6547.270638 0.925385
6547.317722 0.919246
6547.364803 0.936913
6547.411881 0.949367
6547.458956 0.941945
6547.506028 0.949397
6547.553097 0.949288
6547.600163 0.94211
6547.647226 0.932024
6547.694286 0.922701
6547.741343 0.940959
6547.788397 0.946683
6547.835448 0.955697
6547.882496 0.965503
6547.929541 0.964062
6547.976583 0.977537
6548.023621 0.983511
6548.070657 0.987181
6548.11769 0.984331
6548.16472 0.985994
6548.211746 0.988981
6548.25877 0.983858
6548.305791 0.989075
6548.352808 0.980371
6548.399823 0.979673
6548.446835 0.976375
6548.493843 0.968426
6548.540849 0.964889
6548.587851 0.955544
6548.634851 0.957684
6548.681847 0.962663
6548.728841 0.984778
6548.775831 0.984461
6548.822818 0.983175
6548.869803 0.974735
6548.916784 0.982833
6548.963763 0.983173
6549.010738 0.981161
6549.05771 0.983343
6549.104679 0.983485
6549.151646 0.978832
6549.198609 0.986059
6549.245569 0.981364
6549.292526 0.989399
6549.33948 0.995712
6549.386431 0.986384
6549.433379 0.971412
6549.480324 0.978555
6549.527266 0.980886
6549.574205 0.979278
6549.621141 0.973653
6549.668074 0.971775
6549.715004 0.955158
6549.761931 0.949852
6549.808855 0.937258
6549.855775 0.942655
6549.902693 0.947206
6549.949608 0.966353
6549.99652 0.97405
6550.043428 0.977165
6550.090334 0.982773
6550.137236 0.982785
6550.184136 0.988176
6550.231033 0.97873
6550.277926 0.977803
6550.324817 0.956926
6550.371704 0.965003
6550.418588 0.956533
6550.46547 0.963689
6550.512348 0.957034
6550.559223 0.978988
6550.606096 0.975658
6550.652965 0.981457
6550.699831 0.990284
6550.746694 0.980572
6550.793554 0.978321
6550.840411 0.967846
6550.887265 0.970176
6550.934116 0.953752
6550.980964 0.951159
6551.027809 0.945797
6551.074651 0.936001
6551.12149 0.921447
6551.168326 0.897585
6551.215159 0.894423
6551.261988 0.905243
6551.308815 0.91066
6551.355639 0.948671
6551.402459 0.973442
6551.449277 0.985973
6551.496092 0.981319
6551.542903 0.985027
6551.589712 0.982339
6551.636517 0.982604
6551.683319 0.981133
6551.730119 0.979842
6551.776915 0.97913
6551.823708 0.968988
6551.870499 0.967341
6551.917286 0.964988
6551.96407 0.953652
6552.010851 0.953892
6552.057629 0.957247
6552.104404 0.952561
6552.151176 0.944209
6552.197945 0.942124
6552.244711 0.948718
6552.291474 0.943668
6552.338233 0.963695
6552.38499 0.966656
6552.431744 0.967905
6552.478495 0.966352
6552.525242 0.953632
6552.571987 0.939325
6552.618728 0.93102
6552.665467 0.939091
6552.712202 0.940041
6552.758935 0.951102
6552.805664 0.963914
6552.85239 0.96833
6552.899114 0.969944
6552.945834 0.970804
6552.992551 0.964383
6553.039265 0.975193
6553.085976 0.967353
6553.132684 0.975093
6553.179389 0.967927
6553.226091 0.969749
6553.27279 0.963855
6553.319486 0.95857
6553.366178 0.960297
6553.412868 0.960509
6553.459555 0.955244
6553.506238 0.959231
6553.552919 0.970548
6553.599597 0.954116
6553.646271 0.921369
6553.692942 0.884643
6553.739611 0.844866
6553.786276 0.813497
6553.832938 0.855631
6553.879598 0.902493
6553.926254 0.932556
6553.972907 0.952859
6554.019557 0.963761
6554.066204 0.971798
6554.112848 0.971562
6554.159489 0.965556
6554.206127 0.964592
6554.252761 0.953535
6554.299393 0.956832
6554.346022 0.950639
6554.392648 0.950777
6554.43927 0.955834
6554.48589 0.964716
6554.532506 0.962258
6554.57912 0.95374
6554.62573 0.941399
6554.672337 0.938562
6554.718941 0.934226
6554.765543 0.940526
6554.812141 0.943441
6554.858736 0.928579
6554.905328 0.905245
6554.951917 0.87857
6554.998503 0.850003
6555.045086 0.842777
6555.091665 0.877245
6555.138242 0.895689
6555.184816 0.925382
6555.231386 0.941728
6555.277954 0.938868
6555.324519 0.930787
6555.37108 0.917065
6555.417638 0.914146
6555.464194 0.902454
6555.510746 0.870005
6555.557295 0.83084
6555.603841 0.798673
6555.650384 0.810413
6555.696924 0.853036
6555.743461 0.898317
6555.789995 0.93687
6555.836526 0.948511
6555.883054 0.94962
6555.929579 0.951195
6555.9761 0.946088
6556.022619 0.947562
6556.069134 0.954528
6556.115647 0.944543
6556.162156 0.934945
6556.208663 0.915703
6556.255166 0.895319
6556.301666 0.867955
6556.348163 0.872266
6556.394657 0.878098
6556.441148 0.897843
6556.487636 0.919186
6556.534121 0.93364
6556.580603 0.93976
6556.627082 0.943261
6556.673557 0.942578
6556.72003 0.939715
6556.7665 0.947762
6556.812966 0.950567
6556.85943 0.948022
6556.90589 0.950617
6556.952347 0.938919
6556.998802 0.926744
6557.045253 0.938636
6557.091701 0.930986
6557.138146 0.917756
6557.184588 0.924408
6557.231027 0.93387
6557.277463 0.936433
6557.323895 0.948689
6557.370325 0.942465
6557.416752 0.942656
6557.463175 0.93701
6557.509596 0.934939
6557.556013 0.916534
6557.602427 0.897693
6557.648839 0.884271
6557.695247 0.891487
6557.741652 0.897956
6557.788054 0.919046
6557.834453 0.924872
6557.880849 0.941355
6557.927242 0.939391
6557.973632 0.937918
6558.020018 0.936086
6558.066402 0.923114
6558.112783 0.935377
6558.15916 0.940346
6558.205534 0.944497
6558.251906 0.953621
6558.298274 0.946404
6558.344639 0.936407
6558.391001 0.934645
6558.43736 0.933296
6558.483716 0.938003
6558.530069 0.93777
6558.576419 0.946776
6558.622766 0.953067
6558.66911 0.946485
6558.71545 0.943501
6558.761788 0.940374
6558.808122 0.945248
6558.854454 0.940292
6558.900782 0.935625
6558.947107 0.926307
6558.993429 0.906638
6559.039748 0.879391
6559.086064 0.851394
6559.132377 0.839982
6559.178687 0.849296
6559.224994 0.86921
6559.271298 0.888544
6559.317598 0.905782
6559.363896 0.918418
6559.41019 0.922353
6559.456482 0.926286
6559.50277 0.933878
6559.549055 0.934136
6559.595337 0.923114
6559.641616 0.91486
6559.687892 0.899682
6559.734165 0.883593
6559.780435 0.869728
6559.826702 0.876876
6559.872966 0.886251
6559.919226 0.889934
6559.965484 0.883249
6560.011738 0.867693
6560.057989 0.833449
6560.104238 0.821407
6560.150483 0.812942
6560.196725 0.824
6560.242964 0.834615
6560.2892 0.852179
6560.335433 0.862556
6560.381663 0.881372
6560.427889 0.879422
6560.474113 0.864263
6560.520333 0.879353
6560.566551 0.875817
6560.612765 0.875176
6560.658976 0.878235
6560.705185 0.877496
6560.75139 0.872464
6560.797592 0.863384
6560.843791 0.870704
6560.889987 0.868858
6560.936179 0.859698
6560.982369 0.859642
6561.028556 0.854809
6561.074739 0.842944
6561.12092 0.846028
6561.167097 0.848747
6561.213271 0.835949
6561.259442 0.827803
6561.30561 0.82606
6561.351775 0.811301
6561.397937 0.798899
6561.444096 0.789096
6561.490252 0.758098
6561.536405 0.74269
6561.582554 0.724053
6561.628701 0.697837
6561.674844 0.674777
6561.720984 0.636893
6561.767122 0.604831
6561.813256 0.57015
6561.859387 0.544883
6561.905515 0.522823
6561.951639 0.497586
6561.997761 0.482706
6562.04388 0.462966
6562.089995 0.457621
6562.136108 0.448044
6562.182217 0.435814
6562.228324 0.429074
6562.274427 0.418593
6562.320527 0.406455
6562.366624 0.404098
6562.412718 0.395396
6562.458809 0.388233
6562.504897 0.389429
6562.550981 0.378085
6562.597063 0.37202
6562.643141 0.378228
6562.689217 0.373511
6562.735289 0.37139
6562.781358 0.382417
6562.827424 0.38013
6562.873487 0.38821
6562.919547 0.399753
6562.965604 0.409823
6563.011658 0.434251
6563.057709 0.453076
6563.103756 0.485167
6563.149801 0.503359
6563.195842 0.532648
6563.24188 0.548362
6563.287916 0.563902
6563.333948 0.567195
6563.379977 0.572982
6563.426002 0.577985
6563.472025 0.565493
6563.518045 0.557147
6563.564062 0.567389
6563.610075 0.56234
6563.656086 0.569042
6563.702093 0.586721
6563.748097 0.604215
6563.794098 0.611301
6563.840096 0.622731
6563.886091 0.636873
6563.932083 0.646675
6563.978072 0.648406
6564.024057 0.655621
6564.07004 0.656118
6564.116019 0.666588
6564.161996 0.658282
6564.207969 0.663307
6564.253939 0.673609
6564.299906 0.698345
6564.34587 0.711972
6564.391831 0.71367
6564.437789 0.725518
6564.483743 0.737427
6564.529695 0.741186
6564.575643 0.749755
6564.621589 0.754261
6564.667531 0.759304
6564.71347 0.767143
6564.759406 0.780813
6564.805339 0.782448
6564.851269 0.779303
6564.897196 0.765313
6564.943119 0.759534
6564.98904 0.749748
6565.034957 0.747285
6565.080872 0.758299
6565.126783 0.776527
6565.172691 0.799594
6565.218596 0.830484
6565.264498 0.847976
6565.310397 0.844299
6565.356292 0.848897
6565.402185 0.846651
6565.448074 0.845827
6565.493961 0.851559
6565.539844 0.862547
6565.585724 0.869874
6565.631601 0.871365
6565.677475 0.881035
6565.723346 0.886448
6565.769214 0.891711
6565.815079 0.901358
6565.86094 0.901679
6565.906799 0.897924
6565.952654 0.901885
6565.998506 0.909491
6566.044356 0.908247
6566.090202 0.922059
6566.136045 0.907618
6566.181884 0.91037
6566.227721 0.902302
6566.273555 0.916431
6566.319385 0.91551
6566.363915 0.912291
6566.414831 0.906298
6566.465744 0.910449
6566.516655 0.920417
6566.567563 0.925938
6566.618468 0.936491
6566.669371 0.936044
6566.720272 0.927397
6566.771169 0.917112
6566.822064 0.930798
6566.872957 0.927435
6566.923846 0.930444
6566.974734 0.925406
6567.025618 0.930406
6567.0765 0.938178
6567.12738 0.948984
6567.178256 0.940871
6567.229131 0.951074
6567.280002 0.960334
6567.330871 0.95528
6567.381737 0.956513
6567.432601 0.95991
6567.483462 0.956319
6567.534321 0.967777
6567.585177 0.963696
6567.63603 0.963291
6567.68688 0.952688
6567.737728 0.954547
6567.788574 0.953208
6567.839417 0.958508
6567.890257 0.968341
6567.941094 0.963101
6567.991929 0.957415
6568.042762 0.957155
6568.093591 0.958046
6568.144418 0.966459
6568.195243 0.96792
6568.246065 0.967171
6568.296884 0.971393
6568.3477 0.961465
6568.398514 0.954342
6568.449326 0.93784
6568.500134 0.924499
6568.55094 0.913725
6568.601744 0.898263
6568.652545 0.851377
6568.703343 0.788188
6568.754139 0.750355
6568.804931 0.755767
6568.855722 0.811593
6568.906509 0.875008
6568.957295 0.923325
6569.008077 0.948098
6569.058857 0.963763
6569.109634 0.964543
6569.160409 0.958263
6569.21118 0.958958
6569.26195 0.953348
6569.312716 0.952973
6569.36348 0.936779
6569.414242 0.919286
6569.465001 0.898685
6569.515757 0.905297
6569.56651 0.912527
6569.617261 0.916899
6569.668009 0.919168
6569.718755 0.922654
6569.769498 0.916319
6569.820238 0.917989
6569.870976 0.931843
6569.921711 0.928974
6569.972443 0.926825
6570.023173 0.922401
6570.0739 0.904862
6570.124625 0.898843
6570.175346 0.887049
6570.226066 0.883636
6570.276782 0.88039
6570.327496 0.878585
6570.378207 0.883947
6570.428916 0.915784
6570.479622 0.919208
6570.530325 0.934958
6570.581026 0.920546
6570.631724 0.916585
6570.682419 0.918716
6570.733112 0.932552
6570.783802 0.951896
6570.83449 0.966075
6570.885174 0.972684
6570.935857 0.977118
6570.986536 0.982665
6571.037213 0.977164
6571.087887 0.975285
6571.138559 0.977388
6571.189228 0.978653
6571.239894 0.97943
6571.290558 0.974153
6571.341219 0.971418
6571.391877 0.96729
6571.442533 0.966291
6571.493186 0.967707
6571.543836 0.968683
6571.594484 0.966303
6571.645129 0.960018
6571.695771 0.965236
6571.746411 0.95842
6571.797048 0.952368
6571.847682 0.962771
6571.898314 0.968645
6571.948943 0.973434
6571.99957 0.959665
6572.050193 0.940368
6572.100815 0.925771
6572.151433 0.91832
6572.202049 0.884861
6572.252662 0.820155
6572.303272 0.769462
6572.35388 0.752924
6572.404485 0.786881
6572.455088 0.851141
6572.505688 0.911742
6572.556285 0.959908
6572.606879 0.979023
6572.657471 0.973114
6572.70806 0.978061
6572.758647 0.992923
6572.809231 0.989641
6572.859812 0.988807
6572.910391 0.990986
6572.960966 0.986852
6573.01154 0.988455
6573.06211 0.979894
6573.112678 0.981979
6573.163243 0.974267
6573.213806 0.964132
6573.264365 0.9582
6573.314923 0.962933
6573.365477 0.968236
6573.416029 0.96854
6573.466578 0.967497
6573.517125 0.969387
6573.567668 0.955456
6573.61821 0.925237
6573.668748 0.874592
6573.719284 0.802059
6573.769817 0.766386
6573.820347 0.781337
6573.870875 0.853118
6573.9214 0.913332
6573.971923 0.95599
6574.022442 0.980058
6574.072959 0.987894
6574.123474 0.978336
6574.173985 0.968566
6574.224494 0.970868
6574.275001 0.978995
6574.325504 0.960888
6574.376005 0.944001
6574.426504 0.900597
6574.476999 0.8296
6574.527492 0.765975
6574.577982 0.738213
6574.62847 0.761564
6574.678955 0.813255
6574.729437 0.871669
6574.779917 0.898048
6574.830393 0.897083
6574.880867 0.90251
6574.931339 0.926431
6574.981808 0.947719
6575.032274 0.962221
6575.082737 0.965816
6575.133198 0.966753
6575.183656 0.964004
6575.234111 0.960333
6575.284564 0.95347
6575.335014 0.9469
6575.385461 0.943339
6575.435906 0.945347
6575.486347 0.943907
6575.536787 0.951507
6575.587223 0.95759
6575.637657 0.94313
6575.688088 0.929718
6575.738516 0.913862
6575.788942 0.909518
6575.839365 0.916951
6575.889785 0.920479
6575.940203 0.930146
6575.990618 0.940627
6576.04103 0.942714
6576.09144 0.93851
6576.141847 0.942913
6576.192251 0.948674
6576.242652 0.963717
6576.293051 0.963503
6576.343447 0.958162
6576.39384 0.955428
6576.444231 0.959623
6576.494619 0.9666
6576.545004 0.981516
6576.595387 0.991973
6576.645767 0.995707
6576.696144 0.99465
6576.746518 0.994661
6576.79689 1.002796
6576.847259 0.995574
6576.897625 1.002446
6576.947989 1.002261
6576.99835 1.000761
6577.048708 0.996165
6577.099064 0.987553
6577.149416 0.977572
6577.199766 0.996132
6577.250114 0.992998
6577.300459 0.997918
6577.350801 0.997886
6577.40114 0.996028
6577.451476 0.995312
6577.50181 0.991811
6577.552141 0.984501
6577.60247 0.991321
6577.652795 0.988054
6577.703118 0.985403
6577.753439 1.005884
6577.803756 1.005987
6577.854071 1.005079
6577.904383 0.998976
6577.954693 1.005345
6578.004999 0.995025
6578.055303 0.991121
6578.105605 0.992798
6578.155903 0.989033
6578.206199 0.988432
6578.256492 0.976928
6578.306783 0.986757
6578.35707 0.973937
6578.407355 0.971961
6578.457638 0.979428
6578.507917 0.977368
6578.558194 0.984681
6578.608468 1.001892
6578.658739 0.995998
6578.709008 0.998374
6578.759274 1.00292
6578.809537 0.990355
6578.859798 0.980521
6578.910056 0.978646
6578.960311 0.978908
6579.010563 0.986724
6579.060813 0.99641
6579.111059 1.007311
6579.161304 1.001223
6579.211545 0.993188
6579.261784 1.001777
6579.31202 1.004581
6579.362253 0.995671
6579.412483 0.986681
6579.462711 0.981607
6579.512936 0.982068
6579.563159 0.969995
6579.613378 0.967861
6579.663595 0.95875
6579.713809 0.949883
6579.764021 0.94088
6579.814229 0.952799
6579.864435 0.968026
6579.914639 0.973759
6579.964839 0.987649
6580.015037 0.989292
6580.065232 0.991309
6580.115424 0.999609
6580.165614 1.000431
6580.215801 0.99221
6580.265985 0.978321
6580.316166 0.968581
6580.366345 0.963907
6580.41652 0.95678
6580.466694 0.941413
6580.516864 0.937208
6580.567032 0.927536
6580.617197 0.896193
6580.667359 0.857005
6580.717518 0.824883
6580.767675 0.800428
6580.817829 0.836068
6580.86798 0.884443
6580.918129 0.945379
6580.968274 0.964693
6581.018417 0.979845
6581.068558 0.984728
6581.118695 0.977224
6581.16883 0.975097
6581.218962 0.981342
6581.269091 0.971271
6581.319218 0.974039
6581.369342 0.979761
6581.419463 0.977607
6581.469581 0.967272
6581.519697 0.976504
6581.569809 0.955623
6581.61992 0.95643
6581.670027 0.951063
6581.720131 0.957626
6581.770233 0.967052
6581.820332 0.975716
6581.870429 0.982221
6581.920522 0.983372
6581.970613 0.981968
6582.020701 0.986205
6582.070786 0.979925
6582.120869 0.965288
6582.170949 0.957702
6582.221026 0.956023
6582.2711 0.95236
6582.321172 0.956142
6582.371241 0.950869
6582.421307 0.946764
6582.47137 0.956308
6582.521431 0.96773
6582.571488 0.983188
6582.621543 0.984642
6582.671596 0.98179
6582.721645 0.978387
6582.771692 0.980781
6582.821736 0.97771
6582.871777 0.985321
6582.921816 0.988666
6582.971851 0.994477
6583.021884 1.002931
6583.071915 0.992881
6583.121942 0.982693
6583.171967 0.960393
6583.221989 0.936333
6583.272008 0.934681
6583.322024 0.951541
6583.372038 0.962584
6583.422049 0.986097
6583.472057 0.993403
6583.522062 0.991663
6583.572065 0.999019
6583.622065 1.009642
6583.672062 1.006285
6583.722056 1.002212
6583.772048 0.989308
6583.822036 0.986161
6583.872022 0.984019
6583.922005 0.982571
