3.8159134463186	0.973465
3.8159151051816	0.97493503185151
3.8159167640446	0.97589993544657
3.8159184229077	0.9728161971316
3.8159200817707	0.96976941739974
3.8159217406337	0.96685217103819
3.8159233994967	0.96470816457415
3.8159250583597	0.96411144957825
3.8159267172227	0.963844025997
3.8159283760857	0.96398805258317
3.8159300349487	0.96657172802286
3.8159316938117	0.97110359103039
3.8159333526747	0.97580713914648
3.8159350115377	0.9805961712872
3.8159366704007	0.97927103935208
3.8159383292637	0.97621459124545
3.8159399881267	0.97536181870042
3.8159416469897	0.97479104039553
3.8159433058527	0.97822188712373
3.8159449647157	0.97971360818
3.8159466235787	0.9663330476088
3.8159482824417	0.95231838277578
3.8159499413047	0.9361518644403
3.8159516001678	0.92288551365875
3.8159532590308	0.9152488414498
3.8159549178938	0.89494092700653
3.8159565767568	0.8593034265836
3.8159582356198	0.82548538165285
3.8159598944828	0.7930670555011
3.8159615533458	0.76298142364252
3.8159632122088	0.73400370503458
3.8159648710718	0.72219994398957
3.8159665299348	0.71493616643106
3.8159681887978	0.72843893486554
3.8159698476608	0.74455627531185
3.8159715065238	0.78406557328325
3.8159731653868	0.82287756216433
3.8159748242498	0.85704547194136
3.8159764831128	0.88925207347577
3.8159781419758	0.91538223167299
3.8159798008388	0.93679578359705
3.8159814597018	0.94973667317605
3.8159831185649	0.96024049579846
3.8159847774279	0.96801088125309
3.8159864362909	0.97194642247298
3.8159880951539	0.9731638125179
3.8159897540169	0.97407093749822
3.8159914128799	0.97484458639687
3.8159930717429	0.97312272586244
3.8159947306059	0.97082812964162
3.8159963894689	0.96864456073143
3.8159980483319	0.96649145817703
3.8159997071949	0.96483563559965
3.8160013660579	0.96200838911552
3.8160030249209	0.95286889521508
3.8160046837839	0.94607277295304
3.8160063426469	0.94557414169896
3.8160080015099	0.94304053957168
3.8160096603729	0.93727045305395
3.8160113192359	0.93593409156481
3.8160129780989	0.93901430631543
3.816014636962	0.93630167475618
3.816016295825	0.92997845732838
3.816017954688	0.93052935314486
3.816019613551	0.93360682081583
3.816021272414	0.93541138503508
3.816022931277	0.93698524984565
3.81602459014	0.9358656835108
3.816026249003	0.93413500754854
3.816027907866	0.92640679860223
3.816029566729	0.91996855855128
3.816031225592	0.9189113079512
3.816032884455	0.91626976003326
3.816034543318	0.91008928890578
3.816036202181	0.90858321783341
3.816037861044	0.91339513313193
3.816039519907	0.9163730800166
3.81604117877	0.91779738049595
3.816042837633	0.91768377787063
3.816044496496	0.91676957016316
3.816046155359	0.91588901170739
3.8160478142221	0.91501827598003
3.8160494730851	0.91177081638474
3.8160511319481	0.90825394376646
3.8160527908111	0.90783232047556
3.8160544496741	0.9075041073938
3.8160561085371	0.90783548218775
3.8160577674001	0.90913609309394
3.8160594262631	0.91348941324787
3.8160610851261	0.91559633626547
3.8160627439891	0.91367578949895
3.8160644028521	0.91636581540568
3.8160660617151	0.924146446328
3.8160677205781	0.92732324058197
3.8160693794411	0.92733545818166
3.8160710383041	0.93100006213328
3.8160726971671	0.93615572359709
3.8160743560301	0.93948412355109
3.8160760148931	0.94243217037127
3.8160776737561	0.94313953223624
3.8160793326192	0.9436328907654
3.8160809914822	0.94287305926898
3.8160826503452	0.94108919905436
3.8160843092082	0.93468171789905
3.8160859680712	0.92877857161001
3.8160876269342	0.92405525661802
3.8160892857972	0.92375373736158
3.8160909446602	0.9296157828256
3.8160926035232	0.93294195368565
3.8160942623862	0.93407405183802
3.8160959212492	0.93798526505322
3.8160975801122	0.94336242974906
3.8160992389752	0.94941279016921
3.8161008978382	0.95566041346113
3.8161025567012	0.95753729572006
3.8161042155642	0.95890375008486
3.8161058744272	0.96184804072234
3.8161075332902	0.96435362137081
3.8161091921532	0.9639282693216
3.8161108510163	0.96649995946334
3.8161125098793	0.97809162532164
3.8161141687423	0.98479349760713
3.8161158276053	0.98312428562022
3.8161174864683	0.98237255673923
3.8161191453313	0.98258262349552
3.8161208041943	0.9851778751032
3.8161224630573	0.98931187526678
3.8161241219203	0.99210129167317
3.8161257807833	0.99438730657244
3.8161274396463	0.99149668397986
3.8161290985093	0.98767433193679
3.8161307573723	0.98364637161589
3.8161324162353	0.97985141230747
3.8161340750983	0.97855492015598
3.8161357339613	0.97732766386657
3.8161373928243	0.97636415790535
3.8161390516873	0.97258072178206
3.8161407105503	0.96302851274199
3.8161423694133	0.95652868892619
3.8161440282764	0.95377664009013
3.8161456871394	0.95006220693632
3.8161473460024	0.94562040828332
3.8161490048654	0.94563045886967
3.8161506637284	0.94763735577422
3.8161523225914	0.95149893271135
3.8161539814544	0.9557918087301
3.8161556403174	0.96746758325522
3.8161572991804	0.97913446272187
3.8161589580434	0.9811950177695
3.8161606169064	0.98266314508391
3.8161622757694	0.9813381705019
3.8161639346324	0.98004931045768
3.8161655934954	0.97884615447953
3.8161672523584	0.98006314683057
3.8161689112214	0.98464887207497
3.8161705700844	0.98549742596866
3.8161722289474	0.98316052253209
3.8161738878104	0.98143202816702
3.8161755466735	0.98001455748204
3.8161772055365	0.97546886131428
3.8161788643995	0.97005992855455
3.8161805232625	0.97299231819328
3.8161821821255	0.9767325446817
3.8161838409885	0.97845499955055
3.8161854998515	0.97954027205202
3.8161871587145	0.97703262795553
3.8161888175775	0.97503247683281
3.8161904764405	0.97438261634694
3.8161921353035	0.97717337389877
3.8161937941665	0.9852153410244
3.8161954530295	0.98752527392613
3.8161971118925	0.98451631191068
3.8161987707555	0.98320279993716
3.8162004296185	0.98283623530001
3.8162020884815	0.97906764201217
3.8162037473445	0.97425251194602
3.8162054062075	0.97125820794692
3.8162070650706	0.96855391122634
3.8162087239336	0.9711043691567
3.8162103827966	0.97355606948144
3.8162120416596	0.9753739582573
3.8162137005226	0.97590993751455
3.8162153593856	0.97276798029572
3.8162170182486	0.97017748260954
3.8162186771116	0.96847823609245
3.8162203359746	0.96835960855911
3.8162219948376	0.96978341872371
3.8162236537006	0.96520585384305
3.8162253125636	0.95710609772216
3.8162269714266	0.95014063613509
3.8162286302896	0.94354464806367
3.8162302891526	0.93933456874899
3.8162319480156	0.93546231801116
3.8162336068786	0.93426047882158
3.8162352657416	0.9339502936015
3.8162369246046	0.93973607903789
3.8162385834677	0.94646684361212
3.8162402423307	0.95599780309016
3.8162419011937	0.96311112612325
3.8162435600567	0.96623209480154
3.8162452189197	0.96846997984997
3.8162468777827	0.96983219632416
3.8162485366457	0.97216403675609
3.8162501955087	0.97507215438196
3.8162518543717	0.97350763797878
3.8162535132347	0.970471820935
3.8162551720977	0.97263412058666
3.8162568309607	0.97550713052201
3.8162584898237	0.97465458750042
3.8162601486867	0.97375799298555
3.8162618075497	0.9725638955538
3.8162634664127	0.97169792463773
3.8162651252757	0.97179183710359
3.8162667841387	0.96942921632077
3.8162684430017	0.96306992953222
3.8162701018647	0.95861741022169
3.8162717607278	0.95602110818848
3.8162734195908	0.95446336973174
3.8162750784538	0.95350803339096
3.8162767373168	0.95986575923856
3.8162783961798	0.96854285865815
3.8162800550428	0.97224338762698
3.8162817139058	0.97531252426489
3.8162833727688	0.97927668191797
3.8162850316318	0.98299667019107
3.8162866904948	0.98520364486898
3.8162883493578	0.98574362930857
3.8162900082208	0.98167906860412
3.8162916670838	0.97948741223496
3.8162933259468	0.98019113905467
3.8162949848098	0.97701082986741
3.8162966436728	0.97024378529737
3.8162983025358	0.96753391681892
3.8162999613988	0.96703621821147
3.8163016202618	0.96890121757666
3.8163032791249	0.97145402816003
3.8163049379879	0.96494931206375
3.8163065968509	0.95764778233008
3.8163082557139	0.95642944222264
3.8163099145769	0.95464359902752
3.8163115734399	0.94982223967059
3.8163132323029	0.94549387871804
3.8163148911659	0.94239978370704
3.8163165500289	0.9365534268707
3.8163182088919	0.92680281318718
3.8163198677549	0.91746058635771
3.8163215266179	0.90846388650528
3.8163231854809	0.90040398286276
3.8163248443439	0.89280548063824
3.8163265032069	0.89156071794547
3.8163281620699	0.89191981126918
3.8163298209329	0.90079020997223
3.8163314797959	0.91094102682757
3.8163331386589	0.9314315016535
3.816334797522	0.95057915171898
3.816336456385	0.96379814452085
3.816338115248	0.97340111361438
3.816339774111	0.97509125735717
3.816341432974	0.97737199941385
3.816343091837	0.9803959146393
3.8163447507	0.98294903641439
3.816346409563	0.98514995770753
3.816348068426	0.98495608036029
3.816349727289	0.98374302729527
3.816351386152	0.98182166498179
3.816353045015	0.97975623618331
3.816354703878	0.97524761854784
3.816356362741	0.97118262896
3.816358021604	0.97258202887738
3.816359680467	0.97198432265169
3.81636133933	0.96432247336331
3.816362998193	0.95960805228211
3.816364657056	0.96035573348103
3.816366315919	0.96236890278361
3.8163679747821	0.96574914663322
3.8163696336451	0.9624210165785
3.8163712925081	0.95482225194543
3.8163729513711	0.95246332594234
3.8163746102341	0.9519310642478
3.8163762690971	0.95109317047837
3.8163779279601	0.95021015324167
3.8163795868231	0.94921984486342
3.8163812456861	0.94811272754886
3.8163829045491	0.9462491457382
3.8163845634121	0.94482261138233
3.8163862222751	0.9446096459992
3.8163878811381	0.94419306479607
3.8163895400011	0.94346582714125
3.8163911988641	0.94530215028311
3.8163928577271	0.94943737173086
3.8163945165901	0.95378922392277
3.8163961754531	0.95825335502799
3.8163978343161	0.95500966686546
3.8163994931792	0.94971933985315
3.8164011520422	0.95179006553841
3.8164028109052	0.95445484228042
3.8164044697682	0.95659397233182
3.8164061286312	0.95632868121781
3.8164077874942	0.94551556069464
3.8164094463572	0.93683175457118
3.8164111052202	0.93272046268291
3.8164127640832	0.92786456615289
3.8164144229462	0.92209837173917
3.8164160818092	0.92104610547201
3.8164177406722	0.92337486686145
3.8164193995352	0.9284850878546
3.8164210583982	0.93470502177935
3.8164227172612	0.93981079376709
3.8164243761242	0.9447159730214
3.8164260349872	0.95105146775682
3.8164276938502	0.95687417083213
3.8164293527132	0.95844947275303
3.8164310115763	0.95957146663166
3.8164326704393	0.95930524284767
3.8164343293023	0.96050408026919
3.8164359881653	0.9641003096585
3.8164376470283	0.96455864078342
3.8164393058913	0.962033707742
3.8164409647543	0.96230615908347
3.8164426236173	0.96411122770425
3.8164442824803	0.96455620463839
3.8164459413433	0.96461675166747
3.8164476002063	0.96388298426973
3.8164492590693	0.96313047990996
3.8164509179323	0.96352222453335
3.8164525767953	0.96503652588288
3.8164542356583	0.97162470261948
3.8164558945213	0.97497251524556
3.8164575533843	0.97128176490414
3.8164592122473	0.96999088647892
3.8164608711103	0.97163913905763
3.8164625299734	0.9693775239447
3.8164641888364	0.96432949066448
3.8164658476994	0.95893111225576
3.8164675065624	0.95339540957369
3.8164691654254	0.95201076572781
3.8164708242884	0.95134113700718
3.8164724831514	0.95498655929163
3.8164741420144	0.9577627531934
3.8164758008774	0.95394870264866
3.8164774597404	0.95119265848058
3.8164791186034	0.95148223170251
3.8164807774664	0.94997736063803
3.8164824363294	0.94570102411444
3.8164840951924	0.93499604870328
3.8164857540554	0.91855184059161
3.8164874129184	0.90184090087337
3.8164890717814	0.88499485653947
3.8164907306444	0.8648939031863
3.8164923895074	0.8439760055203
3.8164940483704	0.83868766413443
3.8164957072335	0.83546075371235
3.8164973660965	0.84502344703807
3.8164990249595	0.85673365483424
3.8165006838225	0.87667258153344
3.8165023426855	0.89608973177953
3.8165040015485	0.91450799050638
3.8165056604115	0.93051176223987
3.8165073192745	0.9438932794543
3.8165089781375	0.95206812684208
3.8165106370005	0.95699395701517
3.8165122958635	0.96185787388163
3.8165139547265	0.96670140725287
3.8165156135895	0.96376067573547
3.8165172724525	0.96002753759075
3.8165189313155	0.96307255595269
3.8165205901785	0.96517305169436
3.8165222490415	0.9624145232681
3.8165239079045	0.96019764947534
3.8165255667675	0.9592458446094
3.8165272256306	0.95635014259234
3.8165288844936	0.9509502907359
3.8165305433566	0.94742491772691
3.8165322022196	0.94528855405945
3.8165338610826	0.94398573911389
3.8165355199456	0.94302030650521
3.8165371788086	0.94365458602252
3.8165388376716	0.94457229582865
3.8165404965346	0.94781111065595
3.8165421553976	0.95038935897069
3.8165438142606	0.94813794181152
3.8165454731236	0.94620182865706
3.8165471319866	0.94514857248363
3.8165487908496	0.94173964229078
3.8165504497126	0.93481644539487
3.8165521085756	0.92661469443152
3.8165537674386	0.91732204615519
3.8165554263016	0.91754517951303
3.8165570851646	0.92228719175019
3.8165587440277	0.92531939467869
3.8165604028907	0.92796752531991
3.8165620617537	0.92805879686996
3.8165637206167	0.92811386818456
3.8165653794797	0.92897306200715
3.8165670383427	0.9262548366161
3.8165686972057	0.91176518145299
3.8165703560687	0.89788704483828
3.8165720149317	0.88504054889458
3.8165736737947	0.87201671376239
3.8165753326577	0.8588234589866
3.8165769915207	0.85211097624835
3.8165786503837	0.84887631805863
3.8165803092467	0.85462527844736
3.8165819681097	0.86275801814602
3.8165836269727	0.87779755589864
3.8165852858357	0.89307811403259
3.8165869446987	0.90462818169642
3.8165886035617	0.91525162317261
3.8165902624247	0.92238141288322
3.8165919212878	0.92685009853312
3.8165935801508	0.9263699521728
3.8165952390138	0.92466787205528
3.8165968978768	0.92169316130007
3.8165985567398	0.91469513440241
3.8166002156028	0.90533584853353
3.8166018744658	0.90201861502507
3.8166035333288	0.90049985416133
3.8166051921918	0.89937404407139
3.8166068510548	0.89752352162499
3.8166085099178	0.88174314556831
3.8166101687808	0.86458132725677
3.8166118276438	0.84163526195806
3.8166134865068	0.82103527553402
3.8166151453698	0.80511815152802
3.8166168042328	0.80023783921818
3.8166184630958	0.80756121528152
3.8166201219588	0.81966418655217
3.8166217808218	0.83474425283154
3.8166234396849	0.85794600054378
3.8166250985479	0.88374666147028
3.8166267574109	0.89819455675735
3.8166284162739	0.91112585850134
3.8166300751369	0.91835430655238
3.8166317339999	0.92530223642796
3.8166333928629	0.93099425410513
3.8166350517259	0.93399951126792
3.8166367105889	0.93141278594221
3.8166383694519	0.93196337859809
3.8166400283149	0.9361005865442
3.8166416871779	0.93855046488031
3.8166433460409	0.93991617499399
3.8166450049039	0.94048569331069
3.8166466637669	0.94079147265684
3.8166483226299	0.93678449754755
3.8166499814929	0.93237963517034
3.8166516403559	0.93104539923031
3.8166532992189	0.92897039092935
3.816654958082	0.92349790878556
3.816656616945	0.91584896112193
3.816658275808	0.90361509794439
3.816659934671	0.89230248268688
3.816661593534	0.88205013958697
3.816663252397	0.87472849030372
3.81666491126	0.86929576505345
3.816666570123	0.87251775417027
3.816668228986	0.87860368246116
3.816669887849	0.88793427291866
3.816671546712	0.89779821628976
3.816673205575	0.91147024232357
3.816674864438	0.92339651234246
3.816676523301	0.92748017012588
3.816678182164	0.93061243603078
3.816679841027	0.9317767390106
3.81668149989	0.93455756146658
3.816683158753	0.939162401875
3.816684817616	0.94075902889757
3.816686476479	0.94046427416427
3.8166881353421	0.9408028206448
3.8166897942051	0.94134334448264
3.8166914530681	0.94343512912605
3.8166931119311	0.94566664689998
3.8166947707941	0.94733749836063
3.8166964296571	0.94889159173146
3.8166980885201	0.94995346696688
3.8166997473831	0.95011850159302
3.8167014062461	0.94851533243406
3.8167030651091	0.94518461859403
3.8167047239721	0.93999319525634
3.8167063828351	0.93435530127545
3.8167080416981	0.92845119172427
3.8167097005611	0.92579782800726
3.8167113594241	0.92410642822329
3.8167130182871	0.91758861238876
3.8167146771501	0.91128175217599
3.8167163360131	0.91470555449785
3.8167179948761	0.91854758233651
3.8167196537392	0.92398150298095
3.8167213126022	0.92960388696859
3.8167229714652	0.9355705179053
3.8167246303282	0.93937255324251
3.8167262891912	0.94100684662952
3.8167279480542	0.93895347625343
3.8167296069172	0.93487599261833
3.8167312657802	0.9323518079314
3.8167329246432	0.93023609250587
3.8167345835062	0.9295584440085
3.8167362423692	0.928915356079
3.8167379012322	0.92761725783978
3.8167395600952	0.92535646198015
3.8167412189582	0.91989055950825
3.8167428778212	0.91614743169694
3.8167445366842	0.9152430378705
3.8167461955472	0.91048499236041
3.8167478544102	0.90223333378843
3.8167495132732	0.89560634156323
3.8167511721363	0.8897744313834
3.8167528309993	0.88865282616835
3.8167544898623	0.88857564469806
3.8167561487253	0.88816119389188
3.8167578075883	0.8884554960229
3.8167594664513	0.89440202083468
3.8167611253143	0.90137402429952
3.8167627841773	0.91125591833929
3.8167644430403	0.91700659093302
3.8167661019033	0.91676796157004
3.8167677607663	0.92009427390531
3.8167694196293	0.92626789990315
3.8167710784923	0.92770452577341
3.8167727373553	0.92714836398361
3.8167743962183	0.92605209195574
3.8167760550813	0.92486166590002
3.8167777139443	0.91931317133692
3.8167793728073	0.91502676979936
3.8167810316703	0.91798370307756
3.8167826905334	0.92122751971153
3.8167843493964	0.92515102067584
3.8167860082594	0.92872266361704
3.8167876671224	0.93185617991894
3.8167893259854	0.93515956846381
3.8167909848484	0.93857900544206
3.8167926437114	0.93983207793464
3.8167943025744	0.94033558705268
3.8167959614374	0.93685528235896
3.8167976203004	0.93297194448558
3.8167992791634	0.93094897371431
3.8168009380264	0.92902418539889
3.8168025968894	0.92751711529454
3.8168042557524	0.92591069419321
3.8168059146154	0.92411115898353
3.8168075734784	0.92296752760573
3.8168092323414	0.9225086942512
3.8168108912044	0.92467136145992
3.8168125500674	0.92831580836954
3.8168142089304	0.93250234770701
3.8168158677935	0.93683414729811
3.8168175266565	0.93754142144303
3.8168191855195	0.93796467848078
3.8168208443825	0.93790467114286
3.8168225032455	0.93847316244496
3.8168241621085	0.94104387616626
3.8168258209715	0.9419782346251
3.8168274798345	0.94034482737894
3.8168291386975	0.93843530287979
3.8168307975605	0.93629030055462
3.8168324564235	0.93625909926001
3.8168341152865	0.93717623153595
3.8168357741495	0.9313384977916
3.8168374330125	0.92422426334875
3.8168390918755	0.91326613380363
3.8168407507385	0.9010209134104
3.8168424096015	0.88124747773142
3.8168440684645	0.86353858243765
3.8168457273275	0.85078429250933
3.8168473861906	0.83861944479724
3.8168490450536	0.82718849940989
3.8168507039166	0.82620893279561
3.8168523627796	0.83228917626518
3.8168540216426	0.84320473783202
3.8168556805056	0.85574590424891
3.8168573393686	0.86878537299377
3.8168589982316	0.88174300749286
3.8168606570946	0.89219728506632
3.8168623159576	0.90085730827986
3.8168639748206	0.90251164126532
3.8168656336836	0.90506424917659
3.8168672925466	0.90924169049464
3.8168689514096	0.91389879192387
3.8168706102726	0.91902000505819
3.8168722691356	0.9195400683456
3.8168739279986	0.91769647232835
3.8168755868616	0.9176733267604
3.8168772457246	0.91806848877412
3.8168789045877	0.91513582151275
3.8168805634507	0.91182381213682
3.8168822223137	0.90656740180542
3.8168838811767	0.9014228941149
3.8168855400397	0.89657867907663
3.8168871989027	0.89004971776216
3.8168888577657	0.88123704634915
3.8168905166287	0.87512539703994
3.8168921754917	0.87098770070493
3.8168938343547	0.86861241596623
3.8168954932177	0.86688540873447
3.8168971520807	0.86876126888508
3.8168988109437	0.87125146484961
3.8169004698067	0.87737579881752
3.8169021286697	0.88150775990549
3.8169037875327	0.87724862312299
3.8169054463957	0.87231417270079
3.8169071052587	0.866101741194
3.8169087641217	0.85588502581844
3.8169104229847	0.8416600916907
3.8169120818478	0.8294836840913
3.8169137407108	0.81839147932569
3.8169153995738	0.81396194695562
3.8169170584368	0.81111357821074
3.8169187172998	0.81538008774527
3.8169203761628	0.81980887866788
3.8169220350258	0.8233762962852
3.8169236938888	0.82833061995185
3.8169253527518	0.83700023633215
3.8169270116148	0.84530760933311
3.8169286704778	0.85312817564861
3.8169303293408	0.86165295942569
3.8169319882038	0.87068427354845
3.8169336470668	0.86872220051547
3.8169353059298	0.86283153005144
3.8169369647928	0.86451841099335
3.8169386236558	0.8670265600658
3.8169402825188	0.86758768284847
3.8169419413818	0.86854019033968
3.8169436002449	0.87103104959086
3.8169452591079	0.87190435835928
3.8169469179709	0.86988289743339
3.8169485768339	0.86678440022375
3.8169502356969	0.86266861145825
3.8169518945599	0.86396767502743
3.8169535534229	0.86793200074453
3.8169552122859	0.86617172189974
3.8169568711489	0.86320721247604
3.8169585300119	0.86549417010329
3.8169601888749	0.86751497945118
3.8169618477379	0.86729854887351
3.8169635066009	0.86620081451923
3.8169651654639	0.86299853552117
3.8169668243269	0.86033809642795
3.8169684831899	0.85833514721799
3.8169701420529	0.85716935413597
3.8169718009159	0.85654216671186
3.8169734597789	0.85666410255199
3.816975118642	0.85701570766422
3.816976777505	0.8529938912837
3.816978436368	0.84894018750487
3.816980095231	0.8487790119552
3.816981754094	0.84715748916113
3.816983412957	0.84082885813274
3.81698507182	0.83744601158196
3.816986730683	0.83859011808428
3.816988389546	0.83585584188388
3.816990048409	0.82997030638108
3.816991707272	0.82193836417326
3.816993366135	0.81302718564643
3.816995024998	0.80865860979728
3.816996683861	0.80485704014962
3.816998342724	0.79608065906564
3.817000001587	0.78646580804741
3.81700166045	0.77311515522073
3.817003319313	0.76251149279682
3.817004978176	0.75720429527053
3.8170066370391	0.75005234742342
3.8170082959021	0.74105468059394
3.8170099547651	0.73090789972316
3.8170116136281	0.7201648970874
3.8170132724911	0.70753520626797
3.8170149313541	0.69448293481707
3.8170165902171	0.67655204306938
3.8170182490801	0.65865448438216
3.8170199079431	0.64174833293853
3.8170215668061	0.62479703800979
3.8170232256691	0.60773719536802
3.8170248845321	0.59018221946678
3.8170265433951	0.5720291606869
3.8170282022581	0.55589273830204
3.8170298611211	0.54103358402894
3.8170315199841	0.52492214075473
3.8170331788471	0.50844018602207
3.8170348377101	0.49481015970982
3.8170364965731	0.48180986823191
3.8170381554361	0.47299754800071
3.8170398142992	0.46446834654744
3.8170414731622	0.45678456108804
3.8170431320252	0.44811574870195
3.8170447908882	0.43803468807738
3.8170464497512	0.43052737227539
3.8170481086142	0.42495367759629
3.8170497674772	0.41880485529916
3.8170514263402	0.41244471010248
3.8170530852032	0.40560713941527
3.8170547440662	0.39877504882527
3.8170564029292	0.3930935872031
3.8170580617922	0.38759972713665
3.8170597206552	0.38279922557303
3.8170613795182	0.37815935742174
3.8170630383812	0.37378862304616
3.8170646972442	0.37017578043244
3.8170663561072	0.36722241267301
3.8170680149702	0.36348900944258
3.8170696738332	0.35941457990108
3.8170713326963	0.35702811240469
3.8170729915593	0.35491913839848
3.8170746504223	0.35259009090852
3.8170763092853	0.35075426853817
3.8170779681483	0.35116713937028
3.8170796270113	0.35018412305635
3.8170812858743	0.34650990601991
3.8170829447373	0.34508998503378
3.8170846036003	0.34589461059286
3.8170862624633	0.34463233539295
3.8170879213263	0.34232976953245
3.8170895801893	0.3448173084264
3.8170912390523	0.34830514205031
3.8170928979153	0.34972895080568
3.8170945567783	0.35146106840554
3.8170962156413	0.35503982058062
3.8170978745043	0.35975625649952
3.8170995333673	0.36695548423045
3.8171011922303	0.3729466242873
3.8171028510934	0.37761219979735
3.8171045099564	0.38728606065592
3.8171061688194	0.39978283357933
3.8171078276824	0.41128900743076
3.8171094865454	0.42255125926908
3.8171111454084	0.43995687641989
3.8171128042714	0.45732630522353
3.8171144631344	0.47295745916606
3.8171161219974	0.48777046219245
3.8171177808604	0.50059808093503
3.8171194397234	0.51286811307492
3.8171210985864	0.5244709242503
3.8171227574494	0.53252220495859
3.8171244163124	0.53838556545091
3.8171260751754	0.54477085336235
3.8171277340384	0.55130123608804
3.8171293929014	0.55556073257388
3.8171310517644	0.55939277468124
3.8171327106274	0.56081497981161
3.8171343694904	0.56094538967577
3.8171360283535	0.55765906390878
3.8171376872165	0.55407514883252
3.8171393460795	0.550110268083
3.8171410049425	0.54810665727368
3.8171426638055	0.54739458344658
3.8171443226685	0.55242656564806
3.8171459815315	0.55919896383578
3.8171476403945	0.56320451401362
3.8171492992575	0.56683148042627
3.8171509581205	0.56880849920771
3.8171526169835	0.57314000967007
3.8171542758465	0.58411164191728
3.8171559347095	0.59351505101013
3.8171575935725	0.60081276472793
3.8171592524355	0.60985040078038
3.8171609112985	0.62008701472625
3.8171625701615	0.62626954253364
3.8171642290245	0.63115311863158
3.8171658878875	0.63103448504872
3.8171675467506	0.63091104656576
3.8171692056136	0.63505170058898
3.8171708644766	0.63911122927489
3.8171725233396	0.64293268295401
3.8171741822026	0.6467649817423
3.8171758410656	0.65061225508158
3.8171774999286	0.65028386919494
3.8171791587916	0.6470055271438
3.8171808176546	0.65179931958651
3.8171824765176	0.6592530149948
3.8171841353806	0.66768161199244
3.8171857942436	0.67579705775501
3.8171874531066	0.67960298427249
3.8171891119696	0.68372084184936
3.8171907708326	0.68876741347503
3.8171924296956	0.69412345812213
3.8171940885586	0.69991021401179
3.8171957474216	0.7043670817666
3.8171974062846	0.70788033501931
3.8171990651477	0.71208301146827
3.8172007240107	0.71651318213477
3.8172023828737	0.72044772849656
3.8172040417367	0.72428792987191
3.8172057005997	0.72759139424691
3.8172073594627	0.73145962191596
3.8172090183257	0.73698980494429
3.8172106771887	0.74252521273247
3.8172123360517	0.74806780195551
3.8172139949147	0.75391815873492
3.8172156537777	0.75998346468048
3.8172173126407	0.75970368961022
3.8172189715037	0.75738224870207
3.8172206303667	0.76347987027352
3.8172222892297	0.76965114675501
3.8172239480927	0.76980400296451
3.8172256069557	0.76874576736518
3.8172272658187	0.76425419960229
3.8172289246817	0.76338251422052
3.8172305835447	0.76732677482754
3.8172322424078	0.76440819331684
3.8172339012708	0.75686818117164
3.8172355601338	0.75202860341674
3.8172372189968	0.74801324141163
3.8172388778598	0.74551820320157
3.8172405367228	0.74399819090603
3.8172421955858	0.7499818318981
3.8172438544488	0.75742696554072
3.8172455133118	0.76876753918765
3.8172471721748	0.78034131260067
3.8172488310378	0.79220953181525
3.8172504899008	0.80259917840583
3.8172521487638	0.81204856560893
3.8172538076268	0.82468505043975
3.8172554664898	0.83821689828828
3.8172571253528	0.84219408903281
3.8172587842158	0.84543931132644
3.8172604430788	0.84698398692302
3.8172621019418	0.84713477534385
3.8172637608049	0.843869793195
3.8172654196679	0.84230701055543
3.8172670785309	0.84274419461112
3.8172687373939	0.84644081800399
3.8172703962569	0.85205260372814
3.8172720551199	0.85817280671306
3.8172737139829	0.86441997802152
3.8172753728459	0.86727723592833
3.8172770317089	0.86991462986609
3.8172786905719	0.87183988992093
3.8172803494349	0.87494261328755
3.8172820082979	0.88064513431335
3.8172836671609	0.88607770794049
3.8172853260239	0.89122079090919
3.8172869848869	0.89404345638582
3.8172886437499	0.89563564749802
3.8172903026129	0.8994263761312
3.8172919614759	0.90368492080239
3.8172936203389	0.90066399753279
3.817295279202	0.89853212788753
3.817296938065	0.90098661336878
3.817298596928	0.9032305777999
3.817300255791	0.90506333114785
3.817301914654	0.90647951706716
3.817303573517	0.90749580371834
3.81730523238	0.90778654471825
3.817306891243	0.90773895515265
3.817308550106	0.90575941039031
3.817310208969	0.90369935333626
3.817311867832	0.9110512517759
3.817313526695	0.91574454330806
3.817315185558	0.90967350792799
3.817316844421	0.90628448491188
3.817318503284	0.90745489634464
3.817320162147	0.90858764363156
3.81732182101	0.90968866736207
3.817323479873	0.9147585933747
3.817325138736	0.92128869881074
3.8173267975991	0.92500935961324
3.8173284564621	0.92865764346203
3.8173301153251	0.92490226354872
3.8173317741881	0.92114688363541
3.8173334330511	0.92117503128182
3.8173350919141	0.92128435904811
3.8173367507771	0.92525052419395
3.8173384096401	0.92942651576995
3.8173400685031	0.93125518130055
3.8173417273661	0.93287413752821
3.8173433862291	0.93715542949485
3.8173450450921	0.94177363682017
3.8173467039551	0.93893769345587
3.8173483628181	0.93486242395381
3.8173500216811	0.93229223111862
3.8173516805441	0.9300360227067
3.8173533394071	0.93285186487359
3.8173549982701	0.93695609115632
3.8173566571331	0.93843301825884
3.8173583159961	0.93911440523834
3.8173599748592	0.93794234132207
3.8173616337222	0.93611192071446
3.8173632925852	0.93221001661492
3.8173649514482	0.92745504036946
3.8173666103112	0.92730487140635
3.8173682691742	0.92933309968652
3.8173699280372	0.93152017146651
3.8173715869002	0.93379296365682
3.8173732457632	0.93469390576399
3.8173749046262	0.93475501700148
3.8173765634892	0.93802126882771
3.8173782223522	0.94350390387327
3.8173798812152	0.94634323535196
3.8173815400782	0.94712446381244
3.8173831989412	0.94797749582554
3.8173848578042	0.94889334396227
3.8173865166672	0.9496850844781
3.8173881755302	0.95035500947248
3.8173898343932	0.94880051745651
3.8173914932563	0.94479803257358
3.8173931521193	0.94443395850312
3.8173948109823	0.94856045600995
3.8173964698453	0.95180901243778
3.8173981287083	0.95384133710211
3.8173997875713	0.95478209054732
3.8174014464343	0.9540227531421
3.8174031052973	0.95476701831571
3.8174047641603	0.95815066668096
3.8174064230233	0.95965096692121
3.8174080818863	0.95741165296396
3.8174097407493	0.95611260350551
3.8174113996123	0.95693518696024
3.8174130584753	0.95700244087431
3.8174147173383	0.95512092692341
3.8174163762013	0.95439270170159
3.8174180350643	0.9570930886627
3.8174196939273	0.95871774353468
3.8174213527903	0.95662042635559
3.8174230116534	0.95615465303672
3.8174246705164	0.96234491400608
3.8174263293794	0.96704144359206
3.8174279882424	0.9644268984124
3.8174296471054	0.96239319981463
3.8174313059684	0.96385396070023
3.8174329648314	0.96498176574592
3.8174346236944	0.96355985536464
3.8174362825574	0.96252670717222
3.8174379414204	0.96549006448542
3.8174396002834	0.96802184788793
3.8174412591464	0.9640127094886
3.8174429180094	0.96013660944183
3.8174445768724	0.95989875914105
3.8174462357354	0.95965546366083
3.8174478945984	0.95879827398519
3.8174495534614	0.95794108430954
3.8174512123244	0.95661936473391
3.8174528711874	0.95528932421284
3.8174545300504	0.95793080507841
3.8174561889135	0.96075443022975
3.8174578477765	0.96062608021129
3.8174595066395	0.96027564003423
3.8174611655025	0.95559275908293
3.8174628243655	0.95044982955126
3.8174644832285	0.94353844400905
3.8174661420915	0.93638159877987
3.8174678009545	0.93022962020668
3.8174694598175	0.92425169048405
3.8174711186805	0.91822291554246
3.8174727775435	0.91218348552997
3.8174744364065	0.9025940922464
3.8174760952695	0.89212399459553
3.8174777541325	0.87294742378911
3.8174794129955	0.85125530623868
3.8174810718585	0.82328689121033
3.8174827307215	0.79323291636614
3.8174843895845	0.767597368607
3.8174860484475	0.74363416251286
3.8174877073106	0.73992299775458
3.8174893661736	0.74487438771758
3.8174910250366	0.76639680971755
3.8174926838996	0.79587887093585
3.8174943427626	0.82903920421707
3.8174960016256	0.86417377654489
3.8174976604886	0.88950909835363
3.8174993193516	0.90899283806155
3.8175009782146	0.92728778121276
3.8175026370776	0.94479532118615
3.8175042959406	0.95499106706785
3.8175059548036	0.95983029568929
3.8175076136666	0.95980175902949
3.8175092725296	0.95583664639454
3.8175109313926	0.95812176733067
3.8175125902556	0.96597791831844
3.8175142491186	0.96697024868511
3.8175159079816	0.96122683633917
3.8175175668446	0.95626281536992
3.8175192257077	0.9521403491954
3.8175208845707	0.94570146866918
3.8175225434337	0.93651066548753
3.8175242022967	0.92851109562144
3.8175258611597	0.92206897746842
3.8175275200227	0.91680483181616
3.8175291788857	0.91323704459377
3.8175308377487	0.90863551644913
3.8175324966117	0.90239270665393
3.8175341554747	0.8979709532275
3.8175358143377	0.89674269629035
3.8175374732007	0.89696969017586
3.8175391320637	0.90002206153056
3.8175407909267	0.90360764920641
3.8175424497897	0.90834238452596
3.8175441086527	0.91317183916707
3.8175457675157	0.9182287241339
3.8175474263787	0.92236228481031
3.8175490852417	0.9240150331895
3.8175507441048	0.92423800642144
3.8175524029678	0.9201381633083
3.8175540618308	0.91693773027864
3.8175557206938	0.91681708280283
3.8175573795568	0.91758020000017
3.8175590384198	0.92180009380309
3.8175606972828	0.92533953781901
3.8175623561458	0.9258058729802
3.8175640150088	0.9260212456606
3.8175656738718	0.92491049471326
3.8175673327348	0.92382190238436
3.8175689915978	0.92287280463019
3.8175706504608	0.92133231532387
3.8175723093238	0.91524759353868
3.8175739681868	0.90928929664267
3.8175756270498	0.90455860061153
3.8175772859128	0.89969860288904
3.8175789447758	0.8931640281775
3.8175806036388	0.88676003739095
3.8175822625018	0.88283062049754
3.8175839213649	0.87894633033277
3.8175855802279	0.87658896481977
3.8175872390909	0.8742716205877
3.8175888979539	0.87733615328338
3.8175905568169	0.88040068597905
3.8175922156799	0.88469410262481
3.8175938745429	0.88900472484925
3.8175955334059	0.89778810641334
3.8175971922689	0.90673304771562
3.8175988511319	0.91365054412003
3.8176005099949	0.92044826790089
3.8176021688579	0.92574800334593
3.8176038277209	0.93092346738038
3.8176054865839	0.93432827669084
3.8176071454469	0.93754224792333
3.8176088043099	0.93288338045694
3.8176104631729	0.92717279393724
3.8176121220359	0.92712854695147
3.8176137808989	0.92799375520798
3.817615439762	0.92827593605822
3.817617098625	0.92844819727785
3.817618757488	0.93660283821937
3.817620416351	0.94649564992481
3.817622075214	0.95639042187511
3.817623734077	0.96628568042015
3.81762539294	0.96941943415734
3.817627051803	0.97065914722802
3.817628710666	0.96868980992506
3.817630369529	0.96571459659386
3.817632028392	0.96457324815717
3.817633687255	0.96407066144456
3.817635346118	0.96568885692541
3.817637004981	0.96812317498251
3.817638663844	0.96965150050666
3.817640322707	0.97079643945991
3.81764198157	0.97284873909348
3.817643640433	0.97532151706947
3.817645299296	0.97446127402916
3.8176469581591	0.97191557436594
3.8176486170221	0.96976946058437
3.8176502758851	0.9678432176983
3.8176519347481	0.96689505249974
3.8176535936111	0.96653097863525
3.8176552524741	0.96780641328661
3.8176569113371	0.97014209103271
3.8176585702001	0.97214309154019
3.8176602290631	0.97391016590336
3.8176618879261	0.97563297145185
3.8176635467891	0.97732238183542
3.8176652056521	0.97500870568095
3.8176668645151	0.96944021475792
3.8176685233781	0.96475905318209
3.8176701822411	0.9608546329419
3.8176718411041	0.95872290480758
3.8176734999671	0.95826058654589
3.8176751588301	0.96017230619805
3.8176768176931	0.96448756545845
3.8176784765561	0.96560828507959
3.8176801354192	0.96325376405562
3.8176817942822	0.96184878831962
3.8176834531452	0.96155340613511
3.8176851120082	0.96001519783152
3.8176867708712	0.95691694675849
3.8176884297342	0.95577226249706
3.8176900885972	0.95726176301672
3.8176917474602	0.95927519491423
3.8176934063232	0.96204768547502
3.8176950651862	0.96491579739028
3.8176967240492	0.9679328140187
3.8176983829122	0.96791404832335
3.8177000417752	0.96281015976577
3.8177017006382	0.95713097625644
3.8177033595012	0.95041441406252
3.8177050183642	0.94496278136096
3.8177066772272	0.94196901765214
3.8177083360902	0.93883188088545
3.8177099949532	0.93539412771889
3.8177116538163	0.92767400441493
3.8177133126793	0.91025052486019
3.8177149715423	0.88994551215275
3.8177166304053	0.86257221397862
3.8177182892683	0.8341473297004
3.8177199481313	0.80292421798528
3.8177216069943	0.77680364699994
3.8177232658573	0.76545074117745
3.8177249247203	0.75982775472418
3.8177265835833	0.7722929790489
3.8177282424463	0.78933474130484
3.8177299013093	0.82218717996898
3.8177315601723	0.85413998595898
3.8177332190353	0.88267819713064
3.8177348778983	0.91025406774311
3.8177365367613	0.93379747376619
3.8177381956243	0.955295169885
3.8177398544873	0.96727727761865
3.8177415133503	0.97785502214167
3.8177431722134	0.98113362373419
3.8177448310764	0.98431353716916
3.8177464899394	0.98691555571085
3.8177481488024	0.98911848633777
3.8177498076654	0.9886624574974
3.8177514665284	0.98794555311669
3.8177531253914	0.98522656572435
3.8177547842544	0.98245888625183
3.8177564431174	0.97925391272961
3.8177581019804	0.97616300691061
3.8177597608434	0.97429687066721
3.8177614197064	0.97261035505444
3.8177630785694	0.97329779438366
3.8177647374324	0.97385227894658
3.8177663962954	0.97214920141341
3.8177680551584	0.97058492216824
3.8177697140214	0.9722647492202
3.8177713728844	0.97378694467978
3.8177730317474	0.96952653042598
3.8177746906104	0.96532493483322
3.8177763494735	0.96589438515191
3.8177780083365	0.9664638354706
3.8177796671995	0.9653679912298
3.8177813260625	0.96426873447278
3.8177829849255	0.96273904443857
3.8177846437885	0.96120229629067
3.8177863026515	0.96072641287123
3.8177879615145	0.96028348194307
3.8177896203775	0.96280581370581
3.8177912792405	0.96546457058933
3.8177929381035	0.96535781548525
3.8177945969665	0.96508169694304
3.8177962558295	0.96716332215158
3.8177979146925	0.96942605669145
3.8177995735555	0.96416203570169
3.8178012324185	0.95820035367437
3.8178028912815	0.95599164583015
3.8178045501445	0.95419154718605
3.8178062090075	0.9408541070139
3.8178078678706	0.92607014796532
3.8178095267336	0.90527970125763
3.8178111855966	0.88363481632465
3.8178128444596	0.85154018482026
3.8178145033226	0.81777923331057
3.8178161621856	0.79602527336739
3.8178178210486	0.77639664100965
3.8178194799116	0.77825011358477
3.8178211387746	0.7842904750837
3.8178227976376	0.80877380145929
3.8178244565006	0.83718930484498
3.8178261153636	0.86856684635135
3.8178277742266	0.90063122059101
3.8178294330896	0.92475454993904
3.8178310919526	0.94688529721112
3.8178327508156	0.95852665940728
3.8178344096786	0.96733226246206
3.8178360685416	0.97647462005195
3.8178377274046	0.98571471177991
3.8178393862677	0.98758312539265
3.8178410451307	0.98716261859483
3.8178427039937	0.98757069928169
3.8178443628567	0.98825319875825
3.8178460217197	0.98463473992964
3.8178476805827	0.97950108712047
3.8178493394457	0.97323929983191
3.8178509983087	0.96655570752703
3.8178526571717	0.96053211344211
3.8178543160347	0.95476983800863
3.8178559748977	0.94824602181176
3.8178576337607	0.94140355555353
3.8178592926237	0.92776418199397
3.8178609514867	0.91112426814029
3.8178626103497	0.88296668371747
3.8178642692127	0.84945389162623
3.8178659280757	0.81476391917032
3.8178675869387	0.77949838248719
3.8178692458017	0.75703330917138
3.8178709046648	0.74114002479785
3.8178725635278	0.74183776491929
3.8178742223908	0.75146759013518
3.8178758812538	0.77228445486191
3.8178775401168	0.79941013329387
3.8178791989798	0.82337388468438
3.8178808578428	0.84547199203115
3.8178825167058	0.86223261616586
3.8178841755688	0.87570126643009
3.8178858344318	0.88550018809755
3.8178874932948	0.89293603064768
3.8178891521578	0.90297078246062
3.8178908110208	0.91475141615494
3.8178924698838	0.92549860397875
3.8178941287468	0.93552219341618
3.8178957876098	0.94651146588505
3.8178974464728	0.95820487985763
3.8178991053358	0.96578688149342
3.8179007641988	0.97024889930724
3.8179024230618	0.97074063102579
3.8179040819249	0.96809917008584
3.8179057407879	0.96831062326065
3.8179073996509	0.97086168536172
3.8179090585139	0.97133883637501
3.8179107173769	0.97004980722575
3.8179123762399	0.96821067590201
3.8179140351029	0.96588529039874
3.8179156939659	0.96292441185899
3.8179173528289	0.95938084792196
3.8179190116919	0.95596451167076
3.8179206705549	0.95266910949131
3.8179223294179	0.94885269354718
3.8179239882809	0.94452316653666
3.8179256471439	0.94268254365148
3.8179273060069	0.94338053196964
3.8179289648699	0.94176931105494
3.8179306237329	0.93772000995738
3.8179322825959	0.93798571361827
3.8179339414589	0.94296490086624
3.817935600322	0.94721701894314
3.817937259185	0.95064784130143
3.817938918048	0.95208962554189
3.817940576911	0.95120870648613
3.817942235774	0.94681246805449
3.817943894637	0.93817449909376
3.8179455535	0.93044266200009
3.817947212363	0.92384011113201
3.817948871226	0.91858243259986
3.817950530089	0.91505512790857
3.817952188952	0.91111734243255
3.817953847815	0.90663444575082
3.817955506678	0.90836399460677
3.817957165541	0.91860511271767
3.817958824404	0.92703672814957
3.817960483267	0.93291160620281
3.81796214213	0.93675800851766
3.817963800993	0.93764976884104
3.817965459856	0.93960125286906
3.8179671187191	0.94314362258957
3.8179687775821	0.94457147888823
3.8179704364451	0.94272892428896
3.8179720953081	0.94253118225997
3.8179737541711	0.94495337252497
3.8179754130341	0.94904300302478
3.8179770718971	0.95586691658148
3.8179787307601	0.96178527422295
3.8179803896231	0.96617521821494
3.8179820484861	0.97015077134882
3.8179837073491	0.97340669494684
3.8179853662121	0.97350401283726
3.8179870250751	0.96795964920257
3.8179886839381	0.96364177992202
3.8179903428011	0.96157625216407
3.8179920016641	0.9591811510395
3.8179936605271	0.95616390209486
3.8179953193901	0.95649765462498
3.8179969782531	0.96333166177892
3.8179986371161	0.96936467702437
3.8180002959792	0.97380167104121
3.8180019548422	0.97909035057904
3.8180036137052	0.98612157416151
3.8180052725682	0.99117591705721
3.8180069314312	0.99207789470431
3.8180085902942	0.99232499485711
3.8180102491572	0.99116071860264
3.8180119080202	0.99199926976339
3.8180135668832	0.99726664483263
3.8180152257462	1.0020703151546
3.8180168846092	1.0058225061852
3.8180185434722	1.0079620353962
3.8180202023352	1.0063531649037
3.8180218611982	1.0049378902781
3.8180235200612	1.003983774922
3.8180251789242	1.0031456332858
3.8180268377872	1.0025904943982
3.8180284966502	1.0022746833785
3.8180301555132	1.0025570157884
3.8180318143763	1.0003492987602
3.8180334732393	0.99177167374352
3.8180351321023	0.98629777593028
3.8180367909653	0.98894881191842
3.8180384498283	0.99021752263665
3.8180401086913	0.98778483152437
3.8180417675543	0.98673838870799
3.8180434264173	0.98948702083572
3.8180450852803	0.99260116502812
3.8180467441433	0.99673811207302
3.8180484030063	1.000065633998
3.8180500618693	1.0010791069714
3.8180517207323	1.0021071123975
3.8180533795953	1.0031775435702
3.8180550384583	1.003362887283
3.8180566973213	1.0009109609382
3.8180583561843	0.99879851732704
3.8180600150473	0.99771798159058
3.8180616739103	0.99709968327617
3.8180633327734	0.99791425737221
3.8180649916364	0.99890824888878
3.8180666504994	1.000469121751
3.8180683093624	1.0011324930759
3.8180699682254	0.99890713299518
3.8180716270884	0.99725405058248
3.8180732859514	0.99747670582601
3.8180749448144	0.99794765882649
3.8180766036774	0.99924670905245
3.8180782625404	0.9996845866226
3.8180799214034	0.99720114678041
3.8180815802664	0.9952436726935
3.8180832391294	0.99509987201526
3.8180848979924	0.99536818377295
3.8180865568554	0.99708045980655
3.8180882157184	0.99921935293814
3.8180898745814	1.0028757773717
3.8180915334444	1.0054381437301
3.8180931923074	1.0040512857968
3.8180948511704	1.0030527654113
3.8180965100335	1.0034757846234
3.8180981688965	1.0037354116951
3.8180998277595	1.0033887754233
3.8181014866225	1.0033979528754
3.8181031454855	1.0047441042285
3.8181048043485	1.0048637227729
3.8181064632115	1.0003184703187
3.8181081220745	0.99663617176522
3.8181097809375	0.99627349347896
3.8181114398005	0.99579195961735
3.8181130986635	0.99484821442605
3.8181147575265	0.99415298538574
3.8181164163895	0.99443377413367
3.8181180752525	0.99454808750242
3.8181197341155	0.9940024612595
3.8181213929785	0.99248707345067
3.8181230518415	0.98709440429018
3.8181247107045	0.98274419137188
3.8181263695675	0.98259427685542
3.8181280284306	0.98199698965073
3.8181296872936	0.97958415498887
3.8181313461566	0.97847171436109
3.8181330050196	0.98266888635856
3.8181346638826	0.98688559459588
3.8181363227456	0.99118251250334
3.8181379816086	0.99490364978212
3.8181396404716	0.99624971802779
3.8181412993346	0.99709163457168
3.8181429581976	0.99584542558373
3.8181446170606	0.99419010333568
3.8181462759236	0.99083522761156
3.8181479347866	0.98853757006282
3.8181495936496	0.99064232013164
3.8181512525126	0.99224311076306
3.8181529113756	0.99174214648738
3.8181545702386	0.99025706362275
3.8181562291016	0.9846639745965
3.8181578879646	0.98026044519309
3.8181595468277	0.98082148073449
3.8181612056907	0.98215485942154
3.8181628645537	0.98670895454136
3.8181645234167	0.99113641545478
3.8181661822797	0.99503668772684
3.8181678411427	0.99820630412764
3.8181695000057	0.99834183739206
3.8181711588687	0.99895538493441
3.8181728177317	1.0015476956994
3.8181744765947	1.0034179344546
3.8181761354577	1.002311013736
3.8181777943207	1.0007832720852
3.8181794531837	0.99752881603699
3.8181811120467	0.99476433211859
3.8181827709097	0.99399893815423
3.8181844297727	0.99291586069231
3.8181860886357	0.99054502794424
3.8181877474987	0.98887390334281
3.8181894063617	0.99001912421411
3.8181910652248	0.99046455539093
3.8181927240878	0.98811541856887
3.8181943829508	0.98568633287376
3.8181960418138	0.98294073499004
3.8181977006768	0.98098766532907
3.8181993595398	0.98214260256935
3.8182010184028	0.98214940177873
3.8182026772658	0.97769840160423
3.8182043361288	0.97307219768783
3.8182059949918	0.96777318413984
3.8182076538548	0.9622639526821
3.8182093127178	0.95595668614623
3.8182109715808	0.95127715923724
3.8182126304438	0.9527032004226
3.8182142893068	0.95336829525963
3.8182159481698	0.95121586698668
3.8182176070328	0.95008046546917
3.8182192658958	0.95266054985509
3.8182209247588	0.95771528729651
3.8182225836218	0.97168392636206
3.8182242424849	0.98269216569165
3.8182259013479	0.98319333227495
3.8182275602109	0.98522448368922
3.8182292190739	0.99260264688335
3.8182308779369	0.99833884923219
3.8182325367999	0.99842697655574
3.8182341956629	0.99807518900038
3.8182358545259	0.9962349063732
3.8182375133889	0.99429620209887
3.8182391722519	0.99203012314267
3.8182408311149	0.98940363818473
3.8182424899779	0.9855993738741
3.8182441488409	0.98294307152553
3.8182458077039	0.98397031172666
3.8182474665669	0.98346073604098
3.8182491254299	0.97811081297484
3.8182507842929	0.97335506986726
3.8182524431559	0.9704352305432
3.8182541020189	0.96698763158569
3.818255760882	0.96194116424925
3.818257419745	0.95713791388151
3.818259078608	0.95305690199044
3.818260737471	0.94862834280363
3.818262396334	0.94318890624313
3.818264055197	0.93754482377688
3.81826571406	0.93131788488408
3.818267372923	0.92283295279667
3.818269031786	0.90805374885142
3.818270690649	0.89140064215112
3.818272349512	0.86963742493748
3.818274008375	0.84849833446695
3.818275667238	0.82902382513845
3.818277326101	0.81339904374603
3.818278984964	0.80781154094803
3.818280643827	0.80872029303
3.81828230269	0.82617959756831
3.818283961553	0.84649050921758
3.818285620416	0.87389747625024
3.8182872792791	0.90017881467506
3.8182889381421	0.92372539440921
3.8182905970051	0.94444157886976
3.8182922558681	0.95844543599053
3.8182939147311	0.9691110982403
3.8182955735941	0.97205381909254
3.8182972324571	0.97408653458359
3.8182988913201	0.97406547750051
3.8183005501831	0.97521425466707
3.8183022090461	0.97893709725165
3.8183038679091	0.98104146944965
3.8183055267721	0.97967510877182
3.8183071856351	0.97923126116375
3.8183088444981	0.98071505345569
3.8183105033611	0.9812196343148
3.8183121622241	0.9797312285601
3.8183138210871	0.98007126668717
3.8183154799501	0.98403476543693
3.8183171388131	0.98504114391392
3.8183187976761	0.98034370075794
3.8183204565392	0.97744584175776
3.8183221154022	0.97792584991706
3.8183237742652	0.97866253761643
3.8183254331282	0.97986790588925
3.8183270919912	0.97941452809671
3.8183287508542	0.97601589259842
3.8183304097172	0.97286598627361
3.8183320685802	0.97014538936575
3.8183337274432	0.96673024957469
3.8183353863062	0.96215021830714
3.8183370451692	0.95716821762774
3.8183387040322	0.95153122300264
3.8183403628952	0.94889887335157
3.8183420217582	0.95102135635329
3.8183436806212	0.954566223061
3.8183453394842	0.96029631034164
3.8183469983472	0.96767447500495
3.8183486572102	0.97750977746945
3.8183503160732	0.98349690273118
3.8183519749363	0.98391747032769
3.8183536337993	0.98511259454661
3.8183552926623	0.98739420693403
3.8183569515253	0.98826681938979
3.8183586103883	0.98722331029211
3.8183602692513	0.9865680649449
3.8183619281143	0.9864245066043
3.8183635869773	0.98322112267139
3.8183652458403	0.97611084921161
3.8183669047033	0.97145132859452
3.8183685635663	0.96982177162104
3.8183702224293	0.96709906571114
3.8183718812923	0.96306807486393
3.8183735401553	0.95982242434898
3.8183751990183	0.9574862097763
3.8183768578813	0.95657103525535
3.8183785167443	0.95724737969159
3.8183801756073	0.95682147443024
3.8183818344703	0.95520202256924
3.8183834933334	0.95485992388061
3.8183851521964	0.95585423928053
3.8183868110594	0.95617989500501
3.8183884699224	0.95582985226038
3.8183901287854	0.95739593909583
3.8183917876484	0.96083124216202
3.8183934465114	0.96559630370376
3.8183951053744	0.97161313070928
3.8183967642374	0.97642259974548
3.8183984231004	0.98013614157979
3.8184000819634	0.98116728753892
3.8184017408264	0.97985166154775
3.8184033996894	0.98121673821418
3.8184050585524	0.98484085694483
3.8184067174154	0.98432641196299
3.8184083762784	0.9804548642284
3.8184100351414	0.97966930643439
3.8184116940044	0.98129168796786
3.8184133528674	0.98128843468847
3.8184150117305	0.98006593792883
3.8184166705935	0.98069541039992
3.8184183294565	0.98265917533367
3.8184199883195	0.98668926359349
3.8184216471825	0.9921482757879
3.8184233060455	0.992907230703
3.8184249649085	0.99054923532816
3.8184266237715	0.99134316562886
3.8184282826345	0.99414013774106
3.8184299414975	0.99546176973062
3.8184316003605	0.99588598478478
3.8184332592235	0.99252942520809
3.8184349180865	0.98697354153753
3.8184365769495	0.97670000525801
3.8184382358125	0.96380493981285
3.8184398946755	0.95273138493218
3.8184415535385	0.94262356854002
3.8184432124015	0.93774599986907
3.8184448712645	0.93551077207164
3.8184465301275	0.93952723861977
3.8184481889906	0.94654962649363
3.8184498478536	0.95627155112891
3.8184515067166	0.96722695512536
3.8184531655796	0.97270047691875
3.8184548244426	0.9757975438182
3.8184564833056	0.97713394497909
3.8184581421686	0.97774746616799
3.8184598010316	0.98169708484954
3.8184614598946	0.98694143193902
3.8184631187576	0.99028234958366
3.8184647776206	0.99292632697357
3.8184664364836	0.99584350161898
3.8184680953466	0.99885483178497
3.8184697542096	1.0007938352039
3.8184714130726	1.0023858686558
3.8184730719356	1.0002920030187
3.8184747307986	0.99708162667594
3.8184763896616	0.99427459656336
3.8184780485246	0.99158160844063
3.8184797073877	0.98907894025592
3.8184813662507	0.98662630770255
3.8184830251137	0.98520286152266
