3.8159139999145	0.965446
3.8159156587775	0.96848730407464
3.8159173176405	0.97133816249178
3.8159189765035	0.972663858826
3.8159206353665	0.97371111697763
3.8159222942295	0.97378365421702
3.8159239530925	0.97457916272969
3.8159256119555	0.97681950414934
3.8159272708185	0.97866100828853
3.8159289296815	0.98000499052588
3.8159305885445	0.98095408698851
3.8159322474075	0.98158852538538
3.8159339062706	0.98170521172563
3.8159355651336	0.98156486275026
3.8159372239966	0.98381023508766
3.8159388828596	0.98672811139518
3.8159405417226	0.982905993256
3.8159422005856	0.97829610200281
3.8159438594486	0.98022534225923
3.8159455183116	0.98205981594531
3.8159471771746	0.98317497910434
3.8159488360376	0.98436034456357
3.8159504949006	0.98578234445683
3.8159521537636	0.98426751202339
3.8159538126266	0.97708495052772
3.8159554714896	0.96951295476445
3.8159571303526	0.96147253699487
3.8159587892156	0.95761989475823
3.8159604480786	0.95696862462599
3.8159621069416	0.95185669660457
3.8159637658046	0.94464240208298
3.8159654246677	0.94137070700339
3.8159670835307	0.93912994081102
3.8159687423937	0.94567162312591
3.8159704012567	0.95291428910804
3.8159720601197	0.94933208394039
3.8159737189827	0.9465951820647
3.8159753778457	0.94938619208297
3.8159770367087	0.95095599375547
3.8159786955717	0.94878717504022
3.8159803544347	0.94737400084001
3.8159820132977	0.94730454707029
3.8159836721607	0.94393873187044
3.8159853310237	0.93691188852227
3.8159869898867	0.93050173768646
3.8159886487497	0.9245241556162
3.8159903076127	0.915518119979
3.8159919664757	0.90522564169005
3.8159936253387	0.88247669640668
3.8159952842017	0.85692107405681
3.8159969430648	0.81771428329733
3.8159986019278	0.77737801605176
3.8160002607908	0.73471103200078
3.8160019196538	0.69420485434903
3.8160035785168	0.6650701968863
3.8160052373798	0.64277305625465
3.8160068962428	0.63855050945202
3.8160085551058	0.64824495986484
3.8160102139688	0.67976683947235
3.8160118728318	0.71892194107918
3.8160135316948	0.76557701289415
3.8160151905578	0.80221607426719
3.8160168494208	0.83270563886584
3.8160185082838	0.86162989560543
3.8160201671468	0.88998954001295
3.8160218260098	0.90166399167546
3.8160234848728	0.91040253330531
3.8160251437358	0.91969583895192
3.8160268025988	0.92870765615776
3.8160284614618	0.9343350274586
3.8160301203249	0.93869658698975
3.8160317791879	0.93791474398789
3.8160334380509	0.93723672110545
3.8160350969139	0.9367860546045
3.8160367557769	0.93714294601716
3.8160384146399	0.9385720157613
3.8160400735029	0.94100906416954
3.8160417323659	0.94428469022265
3.8160433912289	0.94115438011714
3.8160450500919	0.93475716518795
3.8160467089549	0.93859235853294
3.8160483678179	0.94533409611786
3.8160500266809	0.94562247316419
3.8160516855439	0.94523500459521
3.8160533444069	0.95112112063428
3.8160550032699	0.95633973843904
3.8160566621329	0.9570577638022
3.8160583209959	0.95878744220117
3.8160599798589	0.96361427444158
3.816061638722	0.96724966229619
3.816063297585	0.96879795838307
3.816064956448	0.96958770082638
3.816066615311	0.96955795380374
3.816068274174	0.96891302490001
3.816069933037	0.96785480576932
3.8160715919	0.96650297640526
3.816073250763	0.96503454010419
3.816074909626	0.96281364828949
3.816076568489	0.96044241239318
3.816078227352	0.95901071475712
3.816079886215	0.95760040966154
3.816081545078	0.95583195961294
3.816083203941	0.95247803652448
3.816084862804	0.94225133376991
3.816086521667	0.9336000524104
3.81608818053	0.92852672931112
3.816089839393	0.92572469174017
3.816091498256	0.92600691735057
3.8160931571191	0.92776704497931
3.8160948159821	0.93077288123811
3.8160964748451	0.93820276647922
3.8160981337081	0.94789867155437
3.8160997925711	0.95504886023523
3.8161014514341	0.96148135889352
3.8161031102971	0.95886608240807
3.8161047691601	0.95534480184492
3.8161064280231	0.95782458957106
3.8161080868861	0.9606624071048
3.8161097457491	0.96575058831001
3.8161114046121	0.97098362387599
3.8161130634751	0.97663625786354
3.8161147223381	0.97983779346467
3.8161163812011	0.97897308648834
3.8161180400641	0.9758074480275
3.8161196989271	0.97030079890777
3.8161213577901	0.9669159370039
3.8161230166531	0.96485704655561
3.8161246755162	0.96148864304734
3.8161263343792	0.9576487605535
3.8161279932422	0.95480773674091
3.8161296521052	0.95213574631491
3.8161313109682	0.9502792799326
3.8161329698312	0.94845436290353
3.8161346286942	0.94673322011939
3.8161362875572	0.94533111192192
3.8161379464202	0.94508636229365
3.8161396052832	0.94415917631398
3.8161412641462	0.94188709998462
3.8161429230092	0.93875012925305
3.8161445818722	0.93458666616726
3.8161462407352	0.92768627532605
3.8161478995982	0.91878826335061
3.8161495584612	0.92356285426353
3.8161512173242	0.93422495501522
3.8161528761872	0.94256834329457
3.8161545350502	0.95040311235335
3.8161561939132	0.96514533177416
3.8161578527763	0.97957527505518
3.8161595116393	0.98288476404023
3.8161611705023	0.98589460398338
3.8161628293653	0.98757638631389
3.8161644882283	0.98891051493749
3.8161661470913	0.98945516479642
3.8161678059543	0.99140023229248
3.8161694648173	0.99522103874625
3.8161711236803	0.995516144914
3.8161727825433	0.9929186512441
3.8161744414063	0.99452287476754
3.8161761002693	0.99818393614305
3.8161777591323	0.99099896850252
3.8161794179953	0.98099117899105
3.8161810768583	0.98059329917069
3.8161827357213	0.98083185314905
3.8161843945843	0.97483069377222
3.8161860534473	0.97015817995617
3.8161877123103	0.97242420369857
3.8161893711734	0.97521158560964
3.8161910300364	0.97931716012973
3.8161926888994	0.98325127381725
3.8161943477624	0.98693475167737
3.8161960066254	0.9905007579592
3.8161976654884	0.99396224864465
3.8161993243514	0.99501551648027
3.8162009832144	0.99478480016376
3.8162026420774	0.98968342910018
3.8162043009404	0.98317189629524
3.8162059598034	0.98165849361335
3.8162076186664	0.98074002376753
3.8162092775294	0.98123405396253
3.8162109363924	0.98213613884012
3.8162125952554	0.98542677984884
3.8162142541184	0.98837206380581
3.8162159129814	0.99038208799394
3.8162175718444	0.99066361861911
3.8162192307074	0.9882819598711
3.8162208895705	0.98712499830559
3.8162225484335	0.98710953848338
3.8162242072965	0.98604439410687
3.8162258661595	0.98439327433429
3.8162275250225	0.98109775149807
3.8162291838855	0.97730004026834
3.8162308427485	0.97419237226478
3.8162325016115	0.97127398797026
3.8162341604745	0.97520136648145
3.8162358193375	0.97842717827273
3.8162374782005	0.97733343021897
3.8162391370635	0.97770824491293
3.8162407959265	0.98216630685494
3.8162424547895	0.98441518549645
3.8162441136525	0.98320125194293
3.8162457725155	0.9822754823712
3.8162474313785	0.98162153316889
3.8162490902415	0.98431512055121
3.8162507491045	0.98889309054978
3.8162524079675	0.98611974776607
3.8162540668306	0.98109066447426
3.8162557256936	0.98075246527668
3.8162573845566	0.98085548604412
3.8162590434196	0.97286784290382
3.8162607022826	0.96666815228869
3.8162623611456	0.9712655670852
3.8162640200086	0.97294362529883
3.8162656788716	0.96664681076479
3.8162673377346	0.96034603486614
3.8162689965976	0.95403916634564
3.8162706554606	0.9469058616355
3.8162723143236	0.93901024043012
3.8162739731866	0.93970785130839
3.8162756320496	0.94510451930511
3.8162772909126	0.9533669252141
3.8162789497756	0.96247127521094
3.8162806086386	0.97063583126985
3.8162822675016	0.97845677603534
3.8162839263646	0.9774189595588
3.8162855852277	0.97709039993988
3.8162872440907	0.98068617741326
3.8162889029537	0.98214252500235
3.8162905618167	0.97809852249563
3.8162922206797	0.97792784118141
3.8162938795427	0.98339729799778
3.8162955384057	0.98522601391368
3.8162971972687	0.98388242057672
3.8162988561317	0.98417549368629
3.8163005149947	0.98530500145039
3.8163021738577	0.98124110914061
3.8163038327207	0.97579077946703
3.8163054915837	0.97287205254754
3.8163071504467	0.97008557014983
3.8163088093097	0.96522524570056
3.8163104681727	0.95987524878213
3.8163121270357	0.95217851943323
3.8163137858987	0.94947988380404
3.8163154447617	0.95840609533897
3.8163171036248	0.9639673242994
3.8163187624878	0.96504762711784
3.8163204213508	0.9679518056826
3.8163220802138	0.9723054763641
3.8163237390768	0.97730339873971
3.8163253979398	0.98259667462971
3.8163270568028	0.98664632676175
3.8163287156658	0.990412243202
3.8163303745288	0.98713311361066
3.8163320333918	0.98372313064581
3.8163336922548	0.9841287979848
3.8163353511178	0.98378385618848
3.8163370099808	0.98045176620486
3.8163386688438	0.976985893879
3.8163403277068	0.9732483047957
3.8163419865698	0.96922043434027
3.8163436454328	0.96485069329043
3.8163453042958	0.96198842238576
3.8163469631588	0.96017977459349
3.8163486220219	0.96025323582339
3.8163502808849	0.96106537682787
3.8163519397479	0.95794509617845
3.8163535986109	0.95411875039002
3.8163552574739	0.94939142469648
3.8163569163369	0.94378899103773
3.8163585751999	0.9310949003387
3.8163602340629	0.91671340540072
3.8163618929259	0.89691762021424
3.8163635517889	0.88422909260029
3.8163652106519	0.8837562790409
3.8163668695149	0.88576952749643
3.8163685283779	0.89028725136514
3.8163701872409	0.90211456772282
3.8163718461039	0.91826011146278
3.8163735049669	0.93285715572113
3.8163751638299	0.94696304622415
3.8163768226929	0.95334836633238
3.8163784815559	0.95879415007283
3.8163801404189	0.96493970668355
3.816381799282	0.9705446388366
3.816383458145	0.9731301730719
3.816385117008	0.97671026782962
3.816386775871	0.98281014482804
3.816388434734	0.98604889232644
3.816390093597	0.98524240316531
3.81639175246	0.98411258473463
3.816393411323	0.98271357148989
3.816395070186	0.98232072218426
3.816396729049	0.9824074326476
3.816398387912	0.97970820031227
3.816400046775	0.97635094617678
3.816401705638	0.9787943506771
3.816403364501	0.98065622946148
3.816405023364	0.97043666078427
3.816406682227	0.96017137533693
3.81640834109	0.94972857386782
3.816409999953	0.93594868172354
3.816411658816	0.91560354390295
3.8164133176791	0.90038898423037
3.8164149765421	0.89097439700917
3.8164166354051	0.8915474265894
3.8164182942681	0.89872763869375
3.8164199531311	0.90984049168847
3.8164216119941	0.92237489313265
3.8164232708571	0.92939684981344
3.8164249297201	0.93557504246798
3.8164265885831	0.9425772047029
3.8164282474461	0.94803145093969
3.8164299063091	0.9434086203683
3.8164315651721	0.94133690013143
3.8164332240351	0.94629273518176
3.8164348828981	0.95202528062973
3.8164365417611	0.95892462091417
3.8164382006241	0.9641599116829
3.8164398594871	0.96793772804714
3.8164415183501	0.97233256757223
3.8164431772131	0.97703591861578
3.8164448360762	0.97534259735161
3.8164464949392	0.97205348289811
3.8164481538022	0.97177191844165
3.8164498126652	0.97167269912201
3.8164514715282	0.97116945388437
3.8164531303912	0.97046889202793
3.8164547892542	0.96899013516251
3.8164564481172	0.9679538049625
3.8164581069802	0.9677897847034
3.8164597658432	0.9687396962966
3.8164614247062	0.97094126257842
3.8164630835692	0.96634394062243
3.8164647424322	0.95731510550409
3.8164664012952	0.95778147473577
3.8164680601582	0.96158324478117
3.8164697190212	0.9648978164488
3.8164713778842	0.96816630427966
3.8164730367472	0.97382755926928
3.8164746956102	0.97831047067164
3.8164763544732	0.97583463431347
3.8164780133363	0.97406491334401
3.8164796721993	0.97411103456774
3.8164813310623	0.97173137775436
3.8164829899253	0.96593697540743
3.8164846487883	0.96020992810165
3.8164863076513	0.95453781657195
3.8164879665143	0.95076457609547
3.8164896253773	0.94785891522294
3.8164912842403	0.94903284383964
3.8164929431033	0.95108957967807
3.8164946019663	0.95098224776317
3.8164962608293	0.952007016702
3.8164979196923	0.96486425655216
3.8164995785553	0.97526525433641
3.8165012374183	0.97744798623495
3.8165028962813	0.9768290489607
3.8165045551443	0.97136497079384
3.8165062140073	0.96420063447717
3.8165078728703	0.95535469234473
3.8165095317334	0.95227482116964
3.8165111905964	0.95244816765131
3.8165128494594	0.95175399137536
3.8165145083224	0.95080937341363
3.8165161671854	0.95073679893347
3.8165178260484	0.95088066857855
3.8165194849114	0.95356784652454
3.8165211437744	0.95493582308583
3.8165228026374	0.95056173395152
3.8165244615004	0.94196179064527
3.8165261203634	0.92454632483898
3.8165277792264	0.90469472428283
3.8165294380894	0.881999149315
3.8165310969524	0.85965502602038
3.8165327558154	0.83754632089246
3.8165344146784	0.82561866241545
3.8165360735414	0.81733408494866
3.8165377324044	0.82658375960759
3.8165393912674	0.83849575371385
3.8165410501305	0.86179767564538
3.8165427089935	0.88444754788095
3.8165443678565	0.90340658361976
3.8165460267195	0.92002887612328
3.8165476855825	0.93088226168708
3.8165493444455	0.93899414405011
3.8165510033085	0.9434205623635
3.8165526621715	0.95066084979838
3.8165543210345	0.96006745925275
3.8165559798975	0.96049391232259
3.8165576387605	0.95713655275719
3.8165592976235	0.95992550611969
3.8165609564865	0.96386545641312
3.8165626153495	0.96128462519695
3.8165642742125	0.95884480404053
3.8165659330755	0.95836008842249
3.8165675919385	0.95724356148979
3.8165692508015	0.9543210869892
3.8165709096645	0.94959514077891
3.8165725685275	0.94214616626648
3.8165742273906	0.93823590129928
3.8165758862536	0.93736731096673
3.8165775451166	0.93584773875977
3.8165792039796	0.93401797828319
3.8165808628426	0.93314986387786
3.8165825217056	0.932497252809
3.8165841805686	0.93680484560233
3.8165858394316	0.94031572512764
3.8165874982946	0.93427901568545
3.8165891571576	0.92782939553489
3.8165908160206	0.92004800010923
3.8165924748836	0.91318759605183
3.8165941337466	0.90785014056153
3.8165957926096	0.90461720431146
3.8165974514726	0.90334913150506
3.8165991103356	0.90992710682919
3.8166007691986	0.92058956229375
3.8166024280616	0.92241257296559
3.8166040869246	0.92200112527189
3.8166057457877	0.91364328550382
3.8166074046507	0.90461965565966
3.8166090635137	0.89387852727726
3.8166107223767	0.88122646486907
3.8166123812397	0.86183059785596
3.8166140401027	0.84401340559997
3.8166156989657	0.82897916133392
3.8166173578287	0.82160529994523
3.8166190166917	0.82179469147842
3.8166206755547	0.82953592581938
3.8166223344177	0.84144074826273
3.8166239932807	0.85638757269732
3.8166256521437	0.87216205587364
3.8166273110067	0.88478698064619
3.8166289698697	0.89698545686814
3.8166306287327	0.90676021213515
3.8166322875957	0.91372046521727
3.8166339464587	0.91019178541705
3.8166356053217	0.90648921990013
3.8166372641848	0.90246884222518
3.8166389230478	0.90070278773082
3.8166405819108	0.90122872027495
3.8166422407738	0.89905173952363
3.8166438996368	0.89534249218775
3.8166455584998	0.88964285142832
3.8166472173628	0.88338405790294
3.8166488762258	0.86379328517597
3.8166505350888	0.8429477959318
3.8166521939518	0.82002090798001
3.8166538528148	0.7984454871911
3.8166555116778	0.78198729772997
3.8166571705408	0.77500543407094
3.8166588294038	0.7854704416389
3.8166604882668	0.80239016245592
3.8166621471298	0.82589179748148
3.8166638059928	0.85076168729724
3.8166654648558	0.87640658018635
3.8166671237188	0.90436713033798
3.8166687825819	0.93297378788181
3.8166704414449	0.94515866524923
3.8166721003079	0.95547646662541
3.8166737591709	0.95847837898055
3.8166754180339	0.9607307362234
3.8166770768969	0.96021297198226
3.8166787357599	0.96066519987037
3.8166803946229	0.96286522933845
3.8166820534859	0.96301752195124
3.8166837123489	0.96113041562342
3.8166853712119	0.96309650514731
3.8166870300749	0.96718085794932
3.8166886889379	0.96408171600349
3.8166903478009	0.95906901153896
3.8166920066639	0.953839971218
3.8166936655269	0.9483520661868
3.8166953243899	0.94001666455698
3.8166969832529	0.92969757280608
3.8166986421159	0.91249028999226
3.8167003009789	0.89679495645321
3.816701959842	0.88369058614906
3.816703618705	0.8740297052846
3.816705277568	0.86763056648807
3.816706936431	0.87253238653532
3.816708595294	0.88328783527369
3.816710254157	0.89102493866413
3.81671191302	0.8980266186064
3.816713571883	0.90109742849393
3.816715230746	0.90405505979484
3.816716889609	0.9079233886475
3.816718548472	0.91340534706322
3.816720207335	0.92397318493579
3.816721866198	0.93445203483463
3.816723525061	0.94478977600278
3.816725183924	0.95316080057823
3.816726842787	0.95980696776569
3.81672850165	0.95890492542193
3.816730160513	0.95443292725498
3.816731819376	0.95729378234824
3.8167334782391	0.96170847148905
3.8167351371021	0.9630354494745
3.8167367959651	0.96418565227032
3.8167384548281	0.96469069218716
3.8167401136911	0.96460161993848
3.8167417725541	0.96286299248086
3.8167434314171	0.96107344711004
3.8167450902801	0.95921111513147
3.8167467491431	0.95594180558156
3.8167484080061	0.95156051870285
3.8167500668691	0.94764869254674
3.8167517257321	0.94393266968106
3.8167533845951	0.94422431606355
3.8167550434581	0.94520714164806
3.8167567023211	0.94581227585458
3.8167583611841	0.94662097023508
3.8167600200471	0.94860381543788
3.8167616789101	0.94991409152574
3.8167633377731	0.94961984936687
3.8167649966362	0.94988500185098
3.8167666554992	0.95085308013861
3.8167683143622	0.95112485588754
3.8167699732252	0.9509148070369
3.8167716320882	0.94500149593584
3.8167732909512	0.93707468797406
3.8167749498142	0.93001622968539
3.8167766086772	0.92322560819548
3.8167782675402	0.92070988026059
3.8167799264032	0.91822939663824
3.8167815852662	0.91590523302685
3.8167832441292	0.91412028983195
3.8167849029922	0.91341753504509
3.8167865618552	0.908762162788
3.8167882207182	0.89984663829906
3.8167898795812	0.89103135590207
3.8167915384442	0.88227491452651
3.8167931973072	0.87808256625081
3.8167948561702	0.87518395651823
3.8167965150332	0.88313881904669
3.8167981738963	0.89128106969251
3.8167998327593	0.89166905580055
3.8168014916223	0.89538563903718
3.8168031504853	0.91044220134626
3.8168048093483	0.92406502878688
3.8168064682113	0.93531283693923
3.8168081270743	0.9391345104905
3.8168097859373	0.93626728875953
3.8168114448003	0.93268309446323
3.8168131036633	0.92875509336056
3.8168147625263	0.92897678799898
3.8168164213893	0.93007359362407
3.8168180802523	0.92688494793829
3.8168197391153	0.9247731026647
3.8168213979783	0.93085640936921
3.8168230568413	0.9358827847484
3.8168247157043	0.93814283167797
3.8168263745673	0.94045858245614
3.8168280334303	0.94284910518963
3.8168296922934	0.94458356159717
3.8168313511564	0.9458381218888
3.8168330100194	0.94329590590418
3.8168346688824	0.93933718213009
3.8168363277454	0.92910300813917
3.8168379866084	0.91843041183837
3.8168396454714	0.92135600620666
3.8168413043344	0.92274483473764
3.8168429631974	0.91719709965381
3.8168446220604	0.91450244795825
3.8168462809234	0.9175307027762
3.8168479397864	0.92166508194794
3.8168495986494	0.92697827762435
3.8168512575124	0.92968266226898
3.8168529163754	0.93089186591931
3.8168545752384	0.92859159163528
3.8168562341014	0.92534348075283
3.8168578929644	0.92610247150312
3.8168595518274	0.92724264846353
3.8168612106905	0.92959669026361
3.8168628695535	0.93005969988895
3.8168645284165	0.92464122628984
3.8168661872795	0.92078369360542
3.8168678461425	0.91931152946831
3.8168695050055	0.91526560194559
3.8168711638685	0.90909614137396
3.8168728227315	0.90502500338812
3.8168744815945	0.9018512758016
3.8168761404575	0.90259866104323
3.8168777993205	0.90391979685169
3.8168794581835	0.88801713327872
3.8168811170465	0.87183059000825
3.8168827759095	0.85414040350014
3.8168844347725	0.83482337041976
3.8168860936355	0.81191651701687
3.8168877524985	0.79581713957323
3.8168894113615	0.78754775261201
3.8168910702245	0.79335902749175
3.8168927290876	0.80785983360289
3.8168943879506	0.82102455188112
3.8168960468136	0.83379436770692
3.8168977056766	0.845507614249
3.8168993645396	0.85664637455246
3.8169010234026	0.86209401672592
3.8169026822656	0.86814878599241
3.8169043411286	0.87620138856761
3.8169059999916	0.88120850826882
3.8169076588546	0.88139324657679
3.8169093177176	0.88448978476862
3.8169109765806	0.89005454611709
3.8169126354436	0.89037725070149
3.8169142943066	0.88840493776665
3.8169159531696	0.88896657350773
3.8169176120326	0.88997910691285
3.8169192708956	0.89178150104663
3.8169209297586	0.89216587505644
3.8169225886216	0.88505968052217
3.8169242474846	0.87834891212517
3.8169259063477	0.87250194116742
3.8169275652107	0.86552836297615
3.8169292240737	0.85727906954968
3.8169308829367	0.84628545094146
3.8169325417997	0.83363876839132
3.8169342006627	0.82847869252872
3.8169358595257	0.82543849970945
3.8169375183887	0.82969633141686
3.8169391772517	0.83485544912321
3.8169408361147	0.84396432746125
3.8169424949777	0.8508016091569
3.8169441538407	0.85066984625722
3.8169458127037	0.84972116932878
3.8169474715667	0.84755528339649
3.8169491304297	0.8408976395325
3.8169507892927	0.83067559685402
3.8169524481557	0.81795286942837
3.8169541070187	0.80422650211356
3.8169557658817	0.80005657028278
3.8169574247448	0.79747656248636
3.8169590836078	0.80082823317022
3.8169607424708	0.80495286044875
3.8169624013338	0.81253835960245
3.8169640601968	0.8195099525191
3.8169657190598	0.82528548630624
3.8169673779228	0.83130074127352
3.8169690367858	0.83755969268003
3.8169706956488	0.84063866435919
3.8169723545118	0.84202608555758
3.8169740133748	0.84019398393832
3.8169756722378	0.83760560865648
3.8169773311008	0.8445964655991
3.8169789899638	0.85129659178885
3.8169806488268	0.85363623388227
3.8169823076898	0.85504294532763
3.8169839665528	0.85406978820697
3.8169856254158	0.85194312172828
3.8169872842788	0.84834332095258
3.8169889431419	0.84879542300763
3.8169906020049	0.85198462848473
3.8169922608679	0.84996632842283
3.8169939197309	0.84625526348229
3.8169955785939	0.84604297905792
3.8169972374569	0.84577124838858
3.8169988963199	0.84031786837374
3.8170005551829	0.83543821344368
3.8170022140459	0.83249080999193
3.8170038729089	0.82976290968138
3.8170055317719	0.82738222664177
3.8170071906349	0.82453753672244
3.8170088494979	0.82130676489904
3.8170105083609	0.81815579543768
3.8170121672239	0.81503830236575
3.8170138260869	0.80590719946642
3.8170154849499	0.79595567969947
3.8170171438129	0.79183554164567
3.8170188026759	0.78793260187267
3.8170204615389	0.7850110858484
3.817022120402	0.78208931324687
3.817023779265	0.77916704342954
3.817025438128	0.77303857057241
3.817027096991	0.7636999050169
3.817028755854	0.7557244480947
3.817030414717	0.74845385348331
3.81703207358	0.73956857856939
3.817033732443	0.73032583605938
3.817035391306	0.72395283536749
3.817037050169	0.71675420172171
3.817038709032	0.70402125238016
3.817040367895	0.69136723905049
3.817042026758	0.67889887734273
3.817043685621	0.66647521071941
3.817045344484	0.65410433453664
3.817047003347	0.64162493673056
3.81704866221	0.62907867348647
3.817050321073	0.61790435557279
3.817051979936	0.60711888504798
3.8170536387991	0.5877316040386
3.8170552976621	0.5680663425148
3.8170569565251	0.55085173406951
3.8170586153881	0.53242804038096
3.8170602742511	0.51058489947057
3.8170619331141	0.48895504369106
3.8170635919771	0.46761707467389
3.8170652508401	0.44812823277096
3.8170669097031	0.4299605154034
3.8170685685661	0.4134516411759
3.8170702274291	0.39751199887373
3.8170718862921	0.38401802168302
3.8170735451551	0.37076621869249
3.8170752040181	0.35734990015726
3.8170768628811	0.34511936117672
3.8170785217441	0.33688098205637
3.8170801806071	0.32815636487011
3.8170818394701	0.31867371129399
3.8170834983331	0.31173009033806
3.8170851571962	0.30684141346682
3.8170868160592	0.29952492629601
3.8170884749222	0.29123960221029
3.8170901337852	0.28818428675222
3.8170917926482	0.28584072409673
3.8170934515112	0.28295422943715
3.8170951103742	0.27979796600198
3.8170967692372	0.2755741321024
3.8170984281002	0.27209370142582
3.8171000869632	0.26991055646291
3.8171017458262	0.26796142170964
3.8171034046892	0.26622229144915
3.8171050635522	0.26490671023745
3.8171067224152	0.26378150158092
3.8171083812782	0.26405943802568
3.8171100401412	0.2645824506147
3.8171116990042	0.26529567562819
3.8171133578672	0.26611592454495
3.8171150167302	0.26742595754827
3.8171166755932	0.26883904069469
3.8171183344563	0.27044974614643
3.8171199933193	0.27257333493591
3.8171216521823	0.27519710356646
3.8171233110453	0.27933263213697
3.8171249699083	0.28421282664089
3.8171266287713	0.28930820384312
3.8171282876343	0.29444647845629
3.8171299464973	0.30001718413239
3.8171316053603	0.30555407936633
3.8171332642233	0.3109108729662
3.8171349230863	0.31744890414023
3.8171365819493	0.32642839596999
3.8171382408123	0.3364994377434
3.8171398996753	0.3477045911355
3.8171415585383	0.35923322108182
3.8171432174013	0.3709322742677
3.8171448762643	0.38576970862969
3.8171465351273	0.40129801029237
3.8171481939903	0.42339990180581
3.8171498528534	0.44488421908045
3.8171515117164	0.46225403618097
3.8171531705794	0.47980887402967
3.8171548294424	0.49776731071205
3.8171564883054	0.51530354489441
3.8171581471684	0.53238154506184
3.8171598060314	0.54951682028229
3.8171614648944	0.56668364127587
3.8171631237574	0.5772073755074
3.8171647826204	0.58617600156829
3.8171664414834	0.59713937724122
3.8171681003464	0.60732145899481
3.8171697592094	0.61247104036019
3.8171714180724	0.61748038810792
3.8171730769354	0.62217396131642
3.8171747357984	0.62324032279587
3.8171763946614	0.62027390980298
3.8171780535244	0.61758886627129
3.8171797123874	0.61506232501614
3.8171813712505	0.61658115593545
3.8171830301135	0.61907412071084
3.8171846889765	0.62830736511837
3.8171863478395	0.63838635153221
3.8171880067025	0.65252101207221
3.8171896655655	0.66623203846723
3.8171913244285	0.67898050024401
3.8171929832915	0.69179073958749
3.8171946421545	0.70466996243249
3.8171963010175	0.71823353727539
3.8171979598805	0.73218303620871
3.8171996187435	0.74270355294788
3.8172012776065	0.75240146892486
3.8172029364695	0.76114684050165
3.8172045953325	0.76902867620765
3.8172062541955	0.77181121379523
3.8172079130585	0.77531586353845
3.8172095719215	0.78043819848268
3.8172112307845	0.78479551018795
3.8172128896476	0.7883115112214
3.8172145485106	0.79303727903839
3.8172162073736	0.7984316277169
3.8172178662366	0.80264475173682
3.8172195250996	0.80658431228389
3.8172211839626	0.80968525962487
3.8172228428256	0.81342966270536
3.8172245016886	0.82096979570908
3.8172261605516	0.82775167683949
3.8172278194146	0.83289654770384
3.8172294782776	0.8362692814368
3.8172311371406	0.83776049002134
3.8172327960036	0.83975575078227
3.8172344548666	0.8420181176797
3.8172361137296	0.84513666191544
3.8172377725926	0.84844014857937
3.8172394314556	0.85114395299764
3.8172410903186	0.85447163464035
3.8172427491816	0.86109594984864
3.8172444080446	0.86471601032559
3.8172460669077	0.86222084197564
3.8172477257707	0.86189761167349
3.8172493846337	0.86375769222511
3.8172510434967	0.86453560487041
3.8172527023597	0.86477598509239
3.8172543612227	0.86909661093617
3.8172560200857	0.87414729890243
3.8172576789487	0.8710770899646
3.8172593378117	0.87027376984245
3.8172609966747	0.87999455450234
3.8172626555377	0.88556922474238
3.8172643144007	0.88334943587365
3.8172659732637	0.88246120694048
3.8172676321267	0.88281534955073
3.8172692909897	0.87685353033936
3.8172709498527	0.86802154064546
3.8172726087157	0.86038345512253
3.8172742675787	0.85306766834353
3.8172759264417	0.85000213901002
3.8172775853048	0.84590854413911
3.8172792441678	0.83767981850245
3.8172809030308	0.83278076615223
3.8172825618938	0.83355329013515
3.8172842207568	0.83653690049542
3.8172858796198	0.84139764740081
3.8172875384828	0.85216024101934
3.8172891973458	0.86531119436032
3.8172908562088	0.87616296942773
3.8172925150718	0.88679174165089
3.8172941739348	0.89883057147751
3.8172958327978	0.90745900913186
3.8172974916608	0.90440553219419
3.8172991505238	0.90240377751997
3.8173008093868	0.90199573374022
3.8173024682498	0.89948427417185
3.8173041271128	0.89538166028001
3.8173057859758	0.89679875942122
3.8173074448388	0.90014290541426
3.8173091037019	0.89940624878514
3.8173107625649	0.89864933430522
3.8173124214279	0.90182599456496
3.8173140802909	0.90444205147098
3.8173157391539	0.90544337929327
3.8173173980169	0.90784220627101
3.8173190568799	0.91209250476363
3.8173207157429	0.91477615278166
3.8173223746059	0.91642721492216
3.8173240334689	0.92257655344147
3.8173256923319	0.93002865196948
3.8173273511949	0.93010569636495
3.8173290100579	0.92988543903024
3.8173306689209	0.93042515949634
3.8173323277839	0.9312783541603
3.8173339866469	0.93119582782887
3.8173356455099	0.93095499671037
3.8173373043729	0.9322602156453
3.8173389632359	0.93376880543527
3.8173406220989	0.93429684937183
3.817342280962	0.93465642024822
3.817343939825	0.93511534144085
3.817345598688	0.93559560336947
3.817347257551	0.93431439062512
3.817348916414	0.93257347559723
3.817350575277	0.93422217034337
3.81735223414	0.93692332655945
3.817353893003	0.93740414440116
3.817355551866	0.93707700828578
3.817357210729	0.93655333396334
3.817358869592	0.93594681075387
3.817360528455	0.93835512101328
3.817362187318	0.94222256586255
3.817363846181	0.94167703296981
3.817365505044	0.93869581221852
3.817367163907	0.9366348713543
3.81736882277	0.93515007512994
3.817370481633	0.93424719624152
3.817372140496	0.93375585489464
3.8173737993591	0.93313995054311
3.8173754582221	0.93242482131214
3.8173771170851	0.93297169135281
3.8173787759481	0.93464848798284
3.8173804348111	0.93547105418899
3.8173820936741	0.93543507185121
3.8173837525371	0.93749775025131
3.8173854114001	0.94192732360377
3.8173870702631	0.94589775039932
3.8173887291261	0.94928695006515
3.8173903879891	0.95148357915813
3.8173920468521	0.95198398165129
3.8173937057151	0.95301911360075
3.8173953645781	0.95491037891092
3.8173970234411	0.95489442526727
3.8173986823041	0.95143114743239
3.8174003411671	0.94882043930525
3.8174020000301	0.94795605836198
3.8174036588931	0.94711887662586
3.8174053177562	0.94634515680518
3.8174069766192	0.94563249188105
3.8174086354822	0.94508312002334
3.8174102943452	0.94478743431721
3.8174119532082	0.9452761714211
3.8174136120712	0.94678016690474
3.8174152709342	0.95195402676223
3.8174169297972	0.95703358560539
3.8174185886602	0.96170902182248
3.8174202475232	0.96605177690203
3.8174219063862	0.96867101256619
3.8174235652492	0.97097024245402
3.8174252241122	0.97120998982019
3.8174268829752	0.9712888469314
3.8174285418382	0.97002986734518
3.8174302007012	0.96855845981117
3.8174318595642	0.96465447456526
3.8174335184272	0.96105982135967
3.8174351772902	0.96294751890782
3.8174368361533	0.96483944635706
3.8174384950163	0.96688615102305
3.8174401538793	0.96893285568904
3.8174418127423	0.97096982860288
3.8174434716053	0.9730068008305
3.8174451304683	0.97513036930858
3.8174467893313	0.97725630489813
3.8174484481943	0.97608426029029
3.8174501070573	0.97472760474471
3.8174517659203	0.97405291398354
3.8174534247833	0.97343697395251
3.8174550836463	0.97005538662941
3.8174567425093	0.96634765393583
3.8174584013723	0.96565080505519
3.8174600602353	0.96540992928954
3.8174617190983	0.96512245898499
3.8174633779613	0.9648262804841
3.8174650368243	0.96410230094641
3.8174666956873	0.96328232538655
3.8174683545503	0.9647739033728
3.8174700134134	0.96687602278972
3.8174716722764	0.9675250904614
3.8174733311394	0.96772900083573
3.8174749900024	0.96767420332333
3.8174766488654	0.96752854906291
3.8174783077284	0.96553565287421
3.8174799665914	0.96280551039125
3.8174816254544	0.96089218050676
3.8174832843174	0.95934655771064
3.8174849431804	0.95729419079913
3.8174866020434	0.95498597246002
3.8174882609064	0.95234852610334
3.8174899197694	0.94952553569363
3.8174915786324	0.94577032621658
3.8174932374954	0.94143093468013
3.8174948963584	0.93933461737424
3.8174965552214	0.93879672606915
3.8174982140844	0.93791664061743
3.8174998729474	0.93677360699369
3.8175015318105	0.9333323155846
3.8175031906735	0.92794142813783
3.8175048495365	0.91979752866845
3.8175065083995	0.90907855119866
3.8175081672625	0.90130082430229
3.8175098261255	0.89655355606951
3.8175114849885	0.89259993381967
3.8175131438515	0.88954697226251
3.8175148027145	0.88112305557707
3.8175164615775	0.86598649129993
3.8175181204405	0.84636789192982
3.8175197793035	0.82057609996483
3.8175214381665	0.79347643868018
3.8175230970295	0.76438973479465
3.8175247558925	0.7400484786387
3.8175264147555	0.72367170346101
3.8175280736185	0.71652365885425
3.8175297324815	0.72652296642185
3.8175313913445	0.74422574173143
3.8175330502076	0.77781551782879
3.8175347090706	0.80931936832945
3.8175363679336	0.83603273333722
3.8175380267966	0.8614860965842
3.8175396856596	0.88370387660092
3.8175413445226	0.90257011851233
3.8175430033856	0.91176214915809
3.8175446622486	0.91930171352694
3.8175463211116	0.92144583075438
3.8175479799746	0.92368524398875
3.8175496388376	0.92627946963904
3.8175512977006	0.92843799188662
3.8175529565636	0.92872872498705
3.8175546154266	0.92957073830481
3.8175562742896	0.93316897723399
3.8175579331526	0.93591041249632
3.8175595920156	0.93357088498561
3.8175612508786	0.93158498745385
3.8175629097416	0.9321418321275
3.8175645686046	0.93159471278352
3.8175662274677	0.92111039721576
3.8175678863307	0.91182668298603
3.8175695451937	0.91673202491669
3.8175712040567	0.92102963848406
3.8175728629197	0.91510900244543
3.8175745217827	0.90955105578436
3.8175761806457	0.91417559436941
3.8175778395087	0.91884002538173
3.8175794983717	0.92658438219428
3.8175811572347	0.93432873900683
3.8175828160977	0.93741205654941
3.8175844749607	0.94045453753896
3.8175861338237	0.94339169999159
3.8175877926867	0.94632559825171
3.8175894515497	0.9481517765885
3.8175911104127	0.94991810106437
3.8175927692757	0.94327141880466
3.8175944281387	0.93596799958589
3.8175960870017	0.9411464121425
3.8175977458648	0.9476104408621
3.8175994047278	0.95242104848714
3.8176010635908	0.95701837242589
3.8176027224538	0.96282189372507
3.8176043813168	0.96881366156688
3.8176060401798	0.96495045276902
3.8176076990428	0.95927119462322
3.8176093579058	0.95567297756413
3.8176110167688	0.95251960296028
3.8176126756318	0.94992566572161
3.8176143344948	0.94746853206918
3.8176159933578	0.93853078629458
3.8176176522208	0.92779987261808
3.8176193110838	0.92100105254276
3.8176209699468	0.9154227515716
3.8176226288098	0.90757835003304
3.8176242876728	0.89895075697113
3.8176259465358	0.89525097039886
3.8176276053988	0.89343687507341
3.8176292642619	0.89541254796194
3.8176309231249	0.89898545444167
3.8176325819879	0.90387577907351
3.8176342408509	0.90937513522795
3.8176358997139	0.91782707015297
3.8176375585769	0.92777074559931
3.8176392174399	0.93646114686593
3.8176408763029	0.9444616859425
3.8176425351659	0.94747087527931
3.8176441940289	0.9474946477332
3.8176458528919	0.94609283019259
3.8176475117549	0.9437664408767
3.8176491706179	0.9379018188339
3.8176508294809	0.92955376361094
3.8176524883439	0.92532425471433
3.8176541472069	0.92421861368891
3.8176558060699	0.92547760629438
3.8176574649329	0.92867183107333
3.8176591237959	0.93545791476224
3.8176607826589	0.94541279194824
3.817662441522	0.95215771577573
3.817664100385	0.95585269822292
3.817665759248	0.96203130451368
3.817667418111	0.97075012427272
3.817669076974	0.97728450482342
3.817670735837	0.98141503536768
3.8176723947	0.98311390544644
3.817674053563	0.98193452436531
3.817675712426	0.98235362172779
3.817677371289	0.98480764304372
3.817679030152	0.98424697897253
3.817680689015	0.97955766071912
3.817682347878	0.97735345231425
3.817684006741	0.97881158989805
3.817685665604	0.98177441664996
3.817687324467	0.98712458344755
3.81768898333	0.98992990437306
3.817690642193	0.98838535123162
3.817692301056	0.98529525231335
3.8176939599191	0.97935605780243
3.8176956187821	0.97256807707217
3.8176972776451	0.96409073579959
3.8176989365081	0.95522742466205
3.8177005953711	0.94553354873449
3.8177022542341	0.93862139103672
3.8177039130971	0.93819301331471
3.8177055719601	0.94025346679752
3.8177072308231	0.94860987092203
3.8177088896861	0.95776968030773
3.8177105485491	0.96914034126983
3.8177122074121	0.97786353845538
3.8177138662751	0.97863814543545
3.8177155251381	0.97883356213284
3.8177171840011	0.9771260731782
3.8177188428641	0.97433879088529
3.8177205017271	0.9676538271154
3.8177221605901	0.96074565264557
3.8177238194531	0.95294808380501
3.8177254783162	0.94709099742529
3.8177271371792	0.94981216544913
3.8177287960422	0.95293265735001
3.8177304549052	0.95802464799422
3.8177321137682	0.96316012177819
3.8177337726312	0.96853720735577
3.8177354314942	0.97350538263229
3.8177370903572	0.9758921692656
3.8177387492202	0.97782397888066
3.8177404080832	0.97645263816748
3.8177420669462	0.97519191618387
3.8177437258092	0.97486890510969
3.8177453846722	0.97367316431778
3.8177470435352	0.96366480631769
3.8177487023982	0.95342385569821
3.8177503612612	0.94030566539452
3.8177520201242	0.92660262596164
3.8177536789872	0.90368006766177
3.8177553378502	0.88014148042698
3.8177569967133	0.84340856665853
3.8177586555763	0.8070410655544
3.8177603144393	0.78262991017317
3.8177619733023	0.75852540159177
3.8177636321653	0.75472182068547
3.8177652910283	0.75092245034206
3.8177669498913	0.76818540178348
3.8177686087543	0.7854483532249
3.8177702676173	0.82803639533321
3.8177719264803	0.87099302778743
3.8177735853433	0.89536599182741
3.8177752442063	0.91918795709839
3.8177769030693	0.93367536583486
3.8177785619323	0.94774262682224
3.8177802207953	0.95227256813592
3.8177818796583	0.95622332332141
3.8177835385213	0.96324679491038
3.8177851973843	0.97050616021194
3.8177868562473	0.97310093858274
3.8177885151103	0.97526101762414
3.8177901739734	0.9798032301255
3.8177918328364	0.98460736927543
3.8177934916994	0.98202703426593
3.8177951505624	0.97850836490247
3.8177968094254	0.98152465442314
3.8177984682884	0.98548551739254
3.8178001271514	0.97895872483848
3.8178017860144	0.97072835525203
3.8178034448774	0.97585259679033
3.8178051037404	0.98338942835527
3.8178067626034	0.98662557233035
3.8178084214664	0.98900450807465
3.8178100803294	0.98884794777814
3.8178117391924	0.98813753359982
3.8178133980554	0.98705144362282
3.8178150569184	0.98587597552244
3.8178167157814	0.98589529573718
3.8178183746444	0.98622271335711
3.8178200335074	0.98578830145831
3.8178216923705	0.98514185636668
3.8178233512335	0.98065141923286
3.8178250100965	0.97501103102453
3.8178266689595	0.97101187778998
3.8178283278225	0.9675387638214
3.8178299866855	0.97010759768745
3.8178316455485	0.97474485619582
3.8178333044115	0.97358756936259
3.8178349632745	0.97031726528799
3.8178366221375	0.97078640769858
3.8178382810005	0.97270444721287
3.8178399398635	0.97450173436599
3.8178415987265	0.97624940973067
3.8178432575895	0.97044195569664
3.8178449164525	0.96134973688846
3.8178465753155	0.94887796425832
3.8178482341785	0.93485392103926
3.8178498930415	0.90903797889715
3.8178515519045	0.87751097614978
3.8178532107676	0.84436883833786
3.8178548696306	0.81040300697079
3.8178565284936	0.78735670272701
3.8178581873566	0.77016580408804
3.8178598462196	0.77402171398929
3.8178615050826	0.78972865511821
3.8178631639456	0.81348171214133
3.8178648228086	0.84198713793774
3.8178664816716	0.87218704300036
3.8178681405346	0.9034355575413
3.8178697993976	0.9246007488281
3.8178714582606	0.93923509644358
3.8178731171236	0.94901006605461
3.8178747759866	0.95549424659198
3.8178764348496	0.95405851823944
3.8178780937126	0.94701930060945
3.8178797525756	0.93232291904254
3.8178814114386	0.91197139021749
3.8178830703016	0.89648207737717
3.8178847291646	0.88473809341087
3.8178863880277	0.87968432742503
3.8178880468907	0.88000223059438
3.8178897057537	0.88563335095499
3.8178913646167	0.8957072286276
3.8178930234797	0.90613782707736
3.8178946823427	0.91687889571725
3.8178963412057	0.91849210273902
3.8178980000687	0.91184030139358
3.8178996589317	0.89601417321146
3.8179013177947	0.87155241988785
3.8179029766577	0.84313147877833
3.8179046355207	0.81083808518044
3.8179062943837	0.77914751663147
3.8179079532467	0.74806928481874
3.8179096121097	0.72726831165922
3.8179112709727	0.71730325713027
3.8179129298357	0.72327790588434
3.8179145886987	0.74669103476671
3.8179162475617	0.77432745657704
3.8179179064248	0.80675581396928
3.8179195652878	0.83817754183116
3.8179212241508	0.86841524310784
3.8179228830138	0.8944128008731
3.8179245418768	0.91524246604023
3.8179262007398	0.92782737962957
3.8179278596028	0.93000258388546
3.8179295184658	0.93539447380967
3.8179311773288	0.94499122703153
3.8179328361918	0.95167541990868
3.8179344950548	0.95441801466603
3.8179361539178	0.95683414511767
3.8179378127808	0.95879313064254
3.8179394716438	0.96176607570231
3.8179411305068	0.96620761580189
3.8179427893698	0.96983161559085
3.8179444482328	0.97223107486406
3.8179461070958	0.97427098865935
3.8179477659588	0.97575416173858
3.8179494248219	0.9767853672192
3.8179510836849	0.97709318478092
3.8179527425479	0.97978855415942
3.8179544014109	0.98643185048833
3.8179560602739	0.98783795030274
3.8179577191369	0.98029854540317
3.8179593779999	0.97504432143755
3.8179610368629	0.97382082260005
3.8179626957259	0.97160942123039
3.8179643545889	0.96759882571737
3.8179660134519	0.96518897373202
3.8179676723149	0.96578785124865
3.8179693311779	0.96588501395266
3.8179709900409	0.96500905937761
3.8179726489039	0.96686338674588
3.8179743077669	0.97418079396779
3.8179759666299	0.97949626890549
3.8179776254929	0.98067979016443
3.8179792843559	0.98109757538952
3.8179809432189	0.97988554415173
3.817982602082	0.97746775520381
3.817984260945	0.97240469434329
3.817985919808	0.96653582965272
3.817987578671	0.95884463053499
3.817989237534	0.95285934948291
3.817990896397	0.95084910550956
3.81799255526	0.94989614099436
3.817994214123	0.95148131465846
3.817995872986	0.95282864101692
3.817997531849	0.95358788055226
3.817999190712	0.95729482279264
3.818000849575	0.96850619905709
3.818002508438	0.97702048374317
3.818004167301	0.97846684370252
3.818005826164	0.97748978898077
3.818007485027	0.96997628915025
3.81800914389	0.96492360835116
3.818010802753	0.96670026235151
3.818012461616	0.96896933171043
3.8180141204791	0.97264405618083
3.8180157793421	0.97601760330982
3.8180174382051	0.97850709895269
3.8180190970681	0.98079257334576
3.8180207559311	0.98246232327734
3.8180224147941	0.9842682871442
3.8180240736571	0.98649676509849
3.8180257325201	0.98778545168208
3.8180273913831	0.98607906502841
3.8180290502461	0.98280436358961
3.8180307091091	0.97439623265586
3.8180323679721	0.96802031664889
3.8180340268351	0.9684752722098
3.8180356856981	0.96887250345783
3.8180373445611	0.9690705621211
3.8180390034241	0.97003154429313
3.8180406622871	0.97369363076947
3.8180423211501	0.97811860676176
3.8180439800131	0.98531389982254
3.8180456388762	0.99159390267432
3.8180472977392	0.99446552710355
3.8180489566022	0.99694104274852
3.8180506154652	0.99790463608335
3.8180522743282	0.99945453139623
3.8180539331912	1.0032971868182
3.8180555920542	1.0070774510882
3.8180572509172	1.0106078708891
3.8180589097802	1.0125093775153
3.8180605686432	1.0077329582836
3.8180622275062	1.004082676438
3.8180638863692	1.0051563199844
3.8180655452322	1.0060370969588
3.8180672040952	1.0060905082029
3.8180688629582	1.0055821003183
3.8180705218212	1.002610397479
3.8180721806842	0.99977485857401
3.8180738395472	0.99754930131971
3.8180754984102	0.99548421850165
3.8180771572733	0.99415318782733
3.8180788161363	0.99318200540752
3.8180804749993	0.99389050487426
3.8180821338623	0.99544153015134
3.8180837927253	1.0010029403568
3.8180854515883	1.0053848822376
3.8180871104513	1.0040440950455
3.8180887693143	1.0039128458443
3.8180904281773	1.0097576566945
3.8180920870403	1.0141498171361
3.8180937459033	1.0112367619635
3.8180954047663	1.0087354053204
3.8180970636293	1.0083403380344
3.8180987224923	1.0087015143912
3.8181003813553	1.0129945160253
3.8181020402183	1.0160033070088
3.8181036990813	1.0122305061783
3.8181053579443	1.008599773494
3.8181070168073	1.0057303936159
3.8181086756703	1.0035327990143
3.8181103345334	1.0049855414036
3.8181119933964	1.0057816012405
3.8181136522594	1.0029617962679
3.8181153111224	1.0005441666809
3.8181169699854	1.0003677956053
3.8181186288484	1.0004384481984
3.8181202877114	1.0019014772775
3.8181219465744	1.0031001025337
3.8181236054374	1.0027927918959
3.8181252643004	1.0027196009121
3.8181269231634	1.0039929020636
3.8181285820264	1.004705001784
3.8181302408894	1.0021611760332
3.8181318997524	0.99988845466577
3.8181335586154	0.9992002533886
3.8181352174784	0.99906322022865
3.8181368763414	1.002170142667
3.8181385352044	1.0044390229743
3.8181401940674	1.0017478286804
3.8181418529305	0.99949407986271
3.8181435117935	0.99984200604942
3.8181451706565	0.99954480247427
3.8181468295195	0.99539748559966
3.8181484883825	0.99218939197228
3.8181501472455	0.99460160907064
3.8181518061085	0.99647695259363
3.8181534649715	0.99513349296384
3.8181551238345	0.99376880472533
3.8181567826975	0.99227677878762
3.8181584415605	0.99018376126913
3.8181601004235	0.98448677865799
3.8181617592865	0.97916484752303
3.8181634181495	0.97608887984911
3.8181650770125	0.97332670882282
3.8181667358755	0.97243903175686
3.8181683947385	0.97158816795369
3.8181700536015	0.97095649942681
3.8181717124645	0.97197832347004
3.8181733713276	0.98280294018952
3.8181750301906	0.99150257645664
3.8181766890536	0.98767203871734
3.8181783479166	0.98495788022264
3.8181800067796	0.98878417384685
3.8181816656426	0.99227979323921
3.8181833245056	0.99385260510317
3.8181849833686	0.99530958595581
3.8181866422316	0.99609854631758
3.8181883010946	0.99639748544157
3.8181899599576	0.99389635765549
3.8181916188206	0.99096919279782
3.8181932776836	0.98563236022607
3.8181949365466	0.98062009804622
3.8181965954096	0.97742315060895
3.8181982542726	0.97502274739875
3.8181999131356	0.97702491493764
3.8182015719986	0.97944346809831
3.8182032308616	0.98413419058215
3.8182048897246	0.98924329453042
3.8182065485877	0.99660441632114
3.8182082074507	1.0031878671469
3.8182098663137	1.0056459107183
3.8182115251767	1.007607100013
3.8182131840397	1.006972913692
3.8182148429027	1.0075290033969
3.8182165017657	1.0142041765929
3.8182181606287	1.0183529839048
3.8182198194917	1.0097299913067
3.8182214783547	1.0032370763812
3.8182231372177	1.0073252447445
3.8182247960807	1.0096979546878
3.8182264549437	1.0037013507595
3.8182281138067	0.99811490966915
3.8182297726697	0.99449184162929
3.8182314315327	0.99083522896844
3.8182330903957	0.98702113703802
3.8182347492587	0.98319476448598
3.8182364081217	0.97931188764729
3.8182380669848	0.97596414768967
3.8182397258478	0.97502865022414
3.8182413847108	0.97326791709747
3.8182430435738	0.96786601413285
3.8182447024368	0.96371340832719
3.8182463612998	0.96495453737119
3.8182480201628	0.9639894944934
3.8182496790258	0.95370966864769
3.8182513378888	0.94477977305132
3.8182529967518	0.94142062548497
3.8182546556148	0.94057863370323
3.8182563144778	0.94988647943036
3.8182579733408	0.95866024768423
3.8182596322038	0.965331354222
3.8182612910668	0.97104966639069
3.8182629499298	0.97310634547588
3.8182646087928	0.97709882540769
3.8182662676558	0.98834971995383
3.8182679265188	0.99613808847463
3.8182695853819	0.99126202436292
3.8182712442449	0.9876074467664
3.8182729031079	0.98830799772578
3.8182745619709	0.98535987779812
3.8182762208339	0.96973272924514
3.8182778796969	0.95921729427681
3.8182795385599	0.96600724027456
3.8182811974229	0.96938502594805
3.8182828562859	0.96151316609203
3.8182845151489	0.95866616070614
3.8182861740119	0.97195014516405
3.8182878328749	0.98116276711053
3.8182894917379	0.97765639455962
3.8182911506009	0.9718067631902
3.8182928094639	0.95883432297017
3.8182944683269	0.94869406209255
3.8182961271899	0.94692935924475
3.8182977860529	0.94491287613039
3.8182994449159	0.94217238851162
3.818301103779	0.93964985416966
3.818302762642	0.93773653591127
3.818304421505	0.93364236059937
3.818306080368	0.92362333777933
3.818307739231	0.91252838656279
3.818309398094	0.89859327781287
3.818311056957	0.88384218290253
3.81831271582	0.86699880111809
3.818314374683	0.84877113184818
3.818316033546	0.82709598281554
3.818317692409	0.81163037910729
3.818319351272	0.8111804772489
3.818321010135	0.81708901601099
3.818322668998	0.83791999614736
3.818324327861	0.86095303636731
3.818325986724	0.88900215042141
3.818327645587	0.9152583550156
3.81832930445	0.9375523763885
3.818330963313	0.95554634240077
3.818332622176	0.96432370419822
3.8183342810391	0.97221700325081
3.8183359399021	0.97827266776904
3.8183375987651	0.97995060701222
3.8183392576281	0.97280624691962
3.8183409164911	0.9682133533066
3.8183425753541	0.9686042319527
3.8183442342171	0.97060271489327
3.8183458930801	0.97564443659445
3.8183475519431	0.97761387454813
3.8183492108061	0.97394945712722
3.8183508696691	0.97212528240805
3.8183525285321	0.97356966821947
3.8183541873951	0.97456363990395
3.8183558462581	0.97478296811977
3.8183575051211	0.97560460719988
3.8183591639841	0.97742915594329
3.8183608228471	0.9788790913635
3.8183624817101	0.97972540097223
3.8183641405731	0.98285037670972
3.8183657994362	0.98952793923521
3.8183674582992	0.99251752131998
3.8183691171622	0.989945617667
3.8183707760252	0.99120429309923
3.8183724348882	0.99804843866633
3.8183740937512	0.9971978542165
3.8183757526142	0.98550220373899
3.8183774114772	0.97601468692858
3.8183790703402	0.96953479680189
3.8183807292032	0.96516757805207
3.8183823880662	0.96358026183441
3.8183840469292	0.963392428577
3.8183857057922	0.96498286512416
3.8183873646552	0.97010991202343
3.8183890235182	0.97957482875576
3.8183906823812	0.9886502982305
3.8183923412442	0.99726485687954
3.8183940001072	1.0019489364142
3.8183956589702	1.0021458309485
3.8183973178333	1.0018838763306
3.8183989766963	1.001116839953
3.8184006355593	0.99903249924257
3.8184022944223	0.99555071259616
3.8184039532853	0.99290495063507
3.8184056121483	0.99111348594956
3.8184072710113	0.98856551105138
3.8184089298743	0.98527316791074
3.8184105887373	0.97980608839349
3.8184122476003	0.97228001579322
3.8184139064633	0.9686572333991
3.8184155653263	0.9685888967266
3.8184172241893	0.96697845423892
3.8184188830523	0.9640181709009
3.8184205419153	0.96687142363111
3.8184222007783	0.97461295041564
3.8184238596413	0.97624236974048
3.8184255185043	0.97293748693815
3.8184271773673	0.97181165134678
3.8184288362303	0.97237355959112
3.8184304950934	0.97267934401921
3.8184321539564	0.97279495012704
3.8184338128194	0.973999758388
3.8184354716824	0.9759792697563
3.8184371305454	0.97932510434885
3.8184387894084	0.98360101213467
3.8184404482714	0.98296303990639
3.8184421071344	0.97912622665992
3.8184437659974	0.97717080583872
3.8184454248604	0.9763854773361
3.8184470837234	0.97273508269527
3.8184487425864	0.96738444471782
3.8184504014494	0.96236074152085
3.8184520603124	0.95752201771378
3.8184537191754	0.95651429295186
3.8184553780384	0.95757028417847
3.8184570369014	0.96344219854856
3.8184586957644	0.97178123676569
3.8184603546274	0.97470692048264
3.8184620134905	0.97499962047247
3.8184636723535	0.97918121023893
3.8184653312165	0.985156195428
3.8184669900795	0.99029788532376
3.8184686489425	0.99507577726441
3.8184703078055	0.99300804168629
3.8184719666685	0.9881167444252
3.8184736255315	0.97952942974567
3.8184752843945	0.96950451083576
3.8184769432575	0.95928713341718
3.8184786021205	0.94899933486854
3.8184802609835	0.94028780450784
3.8184819198465	0.93211772146573
3.8184835787095	0.93066988431919
