3.815914406601	0.989808
3.815916065464	0.98510102292035
3.815917724327	0.98038832585559
3.81591938319	0.97562976601082
3.815921042053	0.97200006154439
3.815922700916	0.97232935663984
3.815924359779	0.97062586321413
3.815926018642	0.96485049167291
3.815927677505	0.95996726143576
3.815929336368	0.95619995253299
3.815930995231	0.95528926994442
3.815932654094	0.9566628887407
3.815934312957	0.95711611330659
3.81593597182	0.95711028811158
3.815937630683	0.95862947520035
3.815939289546	0.96058162456772
3.815940948409	0.96214608395394
3.8159426072721	0.96366266166799
3.8159442661351	0.96506259431654
3.8159459249981	0.96633638010505
3.8159475838611	0.9666362040723
3.8159492427241	0.96674323567744
3.8159509015871	0.96619335456358
3.8159525604501	0.96696541248195
3.8159542193131	0.97031261361395
3.8159558781761	0.9719065372934
3.8159575370391	0.97137193194772
3.8159591959021	0.96953846701051
3.8159608547651	0.96670210988422
3.8159625136281	0.96675930655279
3.8159641724911	0.96819695734932
3.8159658313541	0.96855676693582
3.8159674902171	0.96862989839547
3.8159691490801	0.96950406208736
3.8159708079431	0.97041416730857
3.8159724668061	0.96823894721578
3.8159741256692	0.96643944767327
3.8159757845322	0.96716985751156
3.8159774433952	0.96799522948108
3.8159791022582	0.96911691991887
3.8159807611212	0.96745255058282
3.8159824199842	0.96075388162455
3.8159840788472	0.95578843825873
3.8159857377102	0.9527781711024
3.8159873965732	0.95241879365634
3.8159890554362	0.95395004613522
3.8159907142992	0.95890096462445
3.8159923731622	0.96533381669931
3.8159940320252	0.96701890904217
3.8159956908882	0.96760274285031
3.8159973497512	0.97292950608447
3.8159990086142	0.97855612515819
3.8160006674772	0.98228396276161
3.8160023263402	0.98519314665768
3.8160039852032	0.98363005821548
3.8160056440663	0.98091638061359
3.8160073029293	0.97508169240699
3.8160089617923	0.96838074107588
3.8160106206553	0.96029063800539
3.8160122795183	0.94880732531151
3.8160139383813	0.93391636675231
3.8160155972443	0.90867506199437
3.8160172561073	0.87692601990982
3.8160189149703	0.83902086623163
3.8160205738333	0.79882831028709
3.8160222326963	0.75809641456905
3.8160238915593	0.71726512660995
3.8160255504223	0.69453959005493
3.8160272092853	0.67544239777722
3.8160288681483	0.6915815336305
3.8160305270113	0.7097362997271
3.8160321858743	0.73642814987495
3.8160338447373	0.76795273036715
3.8160355036003	0.81039674974162
3.8160371624634	0.84999128519775
3.8160388213264	0.88569516264022
3.8160404801894	0.91451198550133
3.8160421390524	0.93743417875687
3.8160437979154	0.95181795946849
3.8160454567784	0.96170469960849
3.8160471156414	0.96718191772802
3.8160487745044	0.97135225548425
3.8160504333674	0.9734807813687
3.8160520922304	0.97535043200066
3.8160537510934	0.97701190074785
3.8160554099564	0.97846588562975
3.8160570688194	0.97841543690074
3.8160587276824	0.97740361424926
3.8160603865454	0.9733154710585
3.8160620454084	0.96832457745434
3.8160637042714	0.96169414329201
3.8160653631344	0.95508587807746
3.8160670219974	0.94850238613636
3.8160686808604	0.94260370330884
3.8160703397235	0.93718184815562
3.8160719985865	0.93187396857157
3.8160736574495	0.92661333384594
3.8160753163125	0.9230426141067
3.8160769751755	0.91983164706782
3.8160786340385	0.92283215456714
3.8160802929015	0.92614459368679
3.8160819517645	0.92837197343881
3.8160836106275	0.92946840531439
3.8160852694905	0.92534021518866
3.8160869283535	0.9196848141795
3.8160885872165	0.91039725727982
3.8160902460795	0.9025763416918
3.8160919049425	0.89682932386611
3.8160935638055	0.89148000171876
3.8160952226685	0.88647973093239
3.8160968815315	0.88799561571009
3.8160985403945	0.89300368263969
3.8161001992575	0.89557590636911
3.8161018581206	0.89741934079607
3.8161035169836	0.90030197978695
3.8161051758466	0.90327934773567
3.8161068347096	0.90141917115345
3.8161084935726	0.89951370046073
3.8161101524356	0.89729500006008
3.8161118112986	0.89469182383101
3.8161134701616	0.89090705744688
3.8161151290246	0.88875731292294
3.8161167878876	0.88945442943738
3.8161184467506	0.89100388840913
3.8161201056136	0.89346130452054
3.8161217644766	0.8986671631281
3.8161234233396	0.9056766941902
3.8161250822026	0.91163832072093
3.8161267410656	0.91719942088176
3.8161283999286	0.91989925659758
3.8161300587916	0.92206730701607
3.8161317176546	0.92426983586809
3.8161333765177	0.92663889789253
3.8161350353807	0.930825063465
3.8161366942437	0.93506759128902
3.8161383531067	0.93953060933503
3.8161400119697	0.94212852429451
3.8161416708327	0.94083349649687
3.8161433296957	0.93854028071646
3.8161449885587	0.93499918709545
3.8161466474217	0.92688215013929
3.8161483062847	0.91524280527705
3.8161499651477	0.90551718946462
3.8161516240107	0.89666825386324
3.8161532828737	0.89780107802053
3.8161549417367	0.90132528812489
3.8161566005997	0.91135335408947
3.8161582594627	0.92187031457844
3.8161599183257	0.93204120012653
3.8161615771887	0.94132649083003
3.8161632360517	0.94629411929015
3.8161648949147	0.95139009224503
3.8161665537778	0.95679780267579
3.8161682126408	0.96134220588846
3.8161698715038	0.96466063994195
3.8161715303668	0.97111150401506
3.8161731892298	0.98028589814344
3.8161748480928	0.98465790892949
3.8161765069558	0.9865199677303
3.8161781658188	0.98794464407345
3.8161798246818	0.98924503601015
3.8161814835448	0.98826869216886
3.8161831424078	0.98708534275894
3.8161848012708	0.98775054353976
3.8161864601338	0.98842055389534
3.8161881189968	0.98911882465759
3.8161897778598	0.98940678258799
3.8161914367228	0.98857369863243
3.8161930955858	0.98820748193177
3.8161947544488	0.98856971808376
3.8161964133118	0.98479802044603
3.8161980721749	0.97710741358251
3.8161997310379	0.97460050738667
3.8162013899009	0.97505709636109
3.8162030487639	0.97353701811024
3.8162047076269	0.97139031133279
3.8162063664899	0.96779464041854
3.8162080253529	0.96403563616494
3.8162096842159	0.96534974174857
3.8162113430789	0.96684721939357
3.8162130019419	0.96958007113363
3.8162146608049	0.97191453123573
3.8162163196679	0.97307159887243
3.8162179785309	0.97605377019014
3.8162196373939	0.98205805090999
3.8162212962569	0.98688983808946
3.8162229551199	0.99055084209222
3.8162246139829	0.98861987892139
3.8162262728459	0.98332480567521
3.8162279317089	0.98149980086825
3.816229590572	0.98084086843919
3.816231249435	0.98080213459685
3.816232908298	0.98085385171019
3.816234567161	0.98025959984338
3.816236226024	0.97950327837653
3.816237884887	0.97759004707536
3.81623954375	0.97640029335422
3.816241202613	0.97742472396101
3.816242861476	0.97820476211312
3.816244520339	0.97857061031201
3.816246179202	0.97917826596818
3.816247838065	0.98003163510114
3.816249496928	0.98193515380943
3.816251155791	0.98447938723159
3.816252814654	0.98681003232413
3.816254473517	0.98906804818843
3.81625613238	0.98762417614959
3.816257791243	0.98563491073179
3.816259450106	0.98657422583067
3.8162611089691	0.98712783851936
3.8162627678321	0.98485973696307
3.8162644266951	0.98339819584126
3.8162660855581	0.98437730044366
3.8162677444211	0.98464772407574
3.8162694032841	0.98373309711756
3.8162710621471	0.98313531424724
3.8162727210101	0.98285407579965
3.8162743798731	0.98325143956376
3.8162760387361	0.98405356943958
3.8162776975991	0.98359040004788
3.8162793564621	0.98271133811441
3.8162810153251	0.98116689008525
3.8162826741881	0.9794949502743
3.8162843330511	0.97141785305669
3.8162859919141	0.96354050973769
3.8162876507771	0.95697377102959
3.8162893096401	0.95069701076188
3.8162909685031	0.9452497599036
3.8162926273661	0.94089149549998
3.8162942862292	0.93826565150036
3.8162959450922	0.93852687555967
3.8162976039552	0.94152828256034
3.8162992628182	0.94900291903293
3.8163009216812	0.95899087710045
3.8163025805442	0.96571303728076
3.8163042394072	0.97144648202696
3.8163058982702	0.97397738998274
3.8163075571332	0.97610177254988
3.8163092159962	0.97688478546976
3.8163108748592	0.97787754462375
3.8163125337222	0.98005475326815
3.8163141925852	0.98256637830378
3.8163158514482	0.98594513813935
3.8163175103112	0.98566472337097
3.8163191691742	0.98003810013435
3.8163208280372	0.97832113056447
3.8163224869002	0.98000888112328
3.8163241457632	0.97974047157108
3.8163258046263	0.97847683931701
3.8163274634893	0.9746392784335
3.8163291223523	0.97012247333209
3.8163307812153	0.96538321555947
3.8163324400783	0.96068353639617
3.8163340989413	0.95714293126984
3.8163357578043	0.95473822799171
3.8163374166673	0.95760505861433
3.8163390755303	0.96111424424876
3.8163407343933	0.96607874612753
3.8163423932563	0.97190738614367
3.8163440521193	0.97885685938803
3.8163457109823	0.98203812165347
3.8163473698453	0.98231289157012
3.8163490287083	0.98097098711789
3.8163506875713	0.97891590275135
3.8163523464343	0.98078059261444
3.8163540052973	0.98348591142648
3.8163556641603	0.98074203273052
3.8163573230234	0.97798183388861
3.8163589818864	0.97801605696671
3.8163606407494	0.97663628868023
3.8163622996124	0.97002341847549
3.8163639584754	0.96437961756345
3.8163656173384	0.96059421964471
3.8163672762014	0.95695464025896
3.8163689350644	0.95347758100085
3.8163705939274	0.9497071233281
3.8163722527904	0.94574368778913
3.8163739116534	0.94206646769715
3.8163755705164	0.93849316107307
3.8163772293794	0.92914189403771
3.8163788882424	0.91888288433706
3.8163805471054	0.90743452874178
3.8163822059684	0.89612048793572
3.8163838648314	0.88578189987607
3.8163855236944	0.87676417244428
3.8163871825574	0.8715696287964
3.8163888414204	0.87218079244096
3.8163905002835	0.88195363062326
3.8163921591465	0.89708681576018
3.8163938180095	0.91718509505507
3.8163954768725	0.93406874751634
3.8163971357355	0.94922541613056
3.8163987945985	0.95964554358447
3.8164004534615	0.9687455454077
3.8164021123245	0.97403287413166
3.8164037711875	0.97867532162952
3.8164054300505	0.97734079982818
3.8164070889135	0.97584615617163
3.8164087477765	0.97360894627669
3.8164104066395	0.96984387922155
3.8164120655025	0.96266904575841
3.8164137243655	0.95382409695726
3.8164153832285	0.94286775443418
3.8164170420915	0.9371473708539
3.8164187009545	0.93531341936727
3.8164203598175	0.9369388338057
3.8164220186806	0.94000195062502
3.8164236775436	0.94832600902922
3.8164253364066	0.95765934209892
3.8164269952696	0.96076156983695
3.8164286541326	0.96308287247657
3.8164303129956	0.96027197509165
3.8164319718586	0.95707190985952
3.8164336307216	0.95262323081185
3.8164352895846	0.95049195561818
3.8164369484476	0.95229347936343
3.8164386073106	0.95500263459735
3.8164402661736	0.95860494477512
3.8164419250366	0.95840657930972
3.8164435838996	0.95604647989767
3.8164452427626	0.95452695036973
3.8164469016256	0.9532570945353
3.8164485604886	0.94811927701856
3.8164502193516	0.9427275204291
3.8164518782146	0.94118093586546
3.8164535370777	0.9404788724737
3.8164551959407	0.94383058074627
3.8164568548037	0.94850163749189
3.8164585136667	0.95615794856893
3.8164601725297	0.96001762640428
3.8164618313927	0.95905924620273
3.8164634902557	0.95963474082049
3.8164651491187	0.96134365253276
3.8164668079817	0.96445625223862
3.8164684668447	0.96814343344252
3.8164701257077	0.96563774885419
3.8164717845707	0.96198890522327
3.8164734434337	0.96312285073783
3.8164751022967	0.9641232538582
3.8164767611597	0.96328195896752
3.8164784200227	0.96364578427229
3.8164800788857	0.96764771670623
3.8164817377487	0.96774922769733
3.8164833966117	0.96159319845347
3.8164850554747	0.95783523975373
3.8164867143378	0.95629709408471
3.8164883732008	0.95490213080113
3.8164900320638	0.95358267836441
3.8164916909268	0.9523089564276
3.8164933497898	0.95104736812572
3.8164950086528	0.9496063776986
3.8164966675158	0.94856953623184
3.8164983263788	0.9538849571739
3.8164999852418	0.95960265421223
3.8165016441048	0.96695185040048
3.8165033029678	0.97155048590199
3.8165049618308	0.97066250753643
3.8165066206938	0.968121606502
3.8165082795568	0.96371779069952
3.8165099384198	0.96300407846122
3.8165115972828	0.96468427002007
3.8165132561458	0.96669549649634
3.8165149150088	0.96882119801987
3.8165165738718	0.96846607479774
3.8165182327349	0.96779875227568
3.8165198915979	0.9687563070959
3.8165215504609	0.96931820604431
3.8165232093239	0.96769604382671
3.8165248681869	0.96602395759462
3.8165265270499	0.96422989622885
3.8165281859129	0.96144771462254
3.8165298447759	0.95734287522087
3.8165315036389	0.95492004306367
3.8165331625019	0.95379255435511
3.8165348213649	0.95386016974956
3.8165364802279	0.95443416851382
3.8165381390909	0.95386157725029
3.8165397979539	0.95307061142866
3.8165414568169	0.95672420185526
3.8165431156799	0.95894922737012
3.8165447745429	0.9494691701177
3.8165464334059	0.9377123934956
3.8165480922689	0.91925378244152
3.816549751132	0.89786147180208
3.816551409995	0.87191381315783
3.816553068858	0.84923917213193
3.816554727721	0.82946720416
3.816556386584	0.8208847472279
3.816558045447	0.81785329134815
3.81655970431	0.83202568673146
3.816561363173	0.85031443045077
3.816563022036	0.87759018435108
3.816564680899	0.90423539219691
3.816566339762	0.9184338841354
3.816567998625	0.93245028126374
3.816569657488	0.94583352088468
3.816571316351	0.95671938601909
3.816572975214	0.96321237386656
3.816574634077	0.96511039637939
3.81657629294	0.96244411464103
3.816577951803	0.96142429275242
3.816579610666	0.96132647014083
3.8165812695291	0.95978749101315
3.8165829283921	0.9578432619563
3.8165845872551	0.96027197359022
3.8165862461181	0.96251995132054
3.8165879049811	0.95597464454535
3.8165895638441	0.94959133076852
3.8165912227071	0.94385685560224
3.8165928815701	0.93964711843803
3.8165945404331	0.93839970291607
3.8165961992961	0.93783590971416
3.8165978581591	0.9380128187927
3.8165995170221	0.93895657041516
3.8166011758851	0.9403698236085
3.8166028347481	0.94227937621976
3.8166044936111	0.94434504488336
3.8166061524741	0.94102057681045
3.8166078113371	0.93729366987029
3.8166094702001	0.93785735914909
3.8166111290631	0.93708386060794
3.8166127879261	0.93033294593477
3.8166144467892	0.92504790062045
3.8166161056522	0.9228240218512
3.8166177645152	0.92301010304932
3.8166194233782	0.9259701706392
3.8166210822412	0.92975906265936
3.8166227411042	0.93408649401065
3.8166243999672	0.9362557766906
3.8166260588302	0.93769620473387
3.8166277176932	0.9297238543813
3.8166293765562	0.92046213488716
3.8166310354192	0.90757661154983
3.8166326942822	0.89344690443283
3.8166343531452	0.87334923744725
3.8166360120082	0.85545545258214
3.8166376708712	0.84236678675148
3.8166393297342	0.83609850664495
3.8166409885972	0.83795068704669
3.8166426474602	0.84891107098008
3.8166443063232	0.8659770049284
3.8166459651863	0.88203658046599
3.8166476240493	0.89774441468497
3.8166492829123	0.90910894582609
3.8166509417753	0.91976045137329
3.8166526006383	0.92518236310633
3.8166542595013	0.92875500550579
3.8166559183643	0.92322220214566
3.8166575772273	0.9187036469106
3.8166592360903	0.91642471777213
3.8166608949533	0.9143913010275
3.8166625538163	0.91265232480439
3.8166642126793	0.91044898789277
3.8166658715423	0.90793329730008
3.8166675304053	0.89939740877176
3.8166691892683	0.88875845611156
3.8166708481313	0.87136157855473
3.8166725069943	0.8529230971004
3.8166741658573	0.82896909573762
3.8166758247203	0.80671877726382
3.8166774835834	0.79268238421627
3.8166791424464	0.7875367640275
3.8166808013094	0.8016706042899
3.8166824601724	0.82023836274157
3.8166841190354	0.84402024031983
3.8166857778984	0.86829985798719
3.8166874367614	0.89290627559423
3.8166890956244	0.90965933872171
3.8166907544874	0.92376496072091
3.8166924133504	0.92898769400121
3.8166940722134	0.93320909384774
3.8166957310764	0.93930381134405
3.8166973899394	0.94397387153463
3.8166990488024	0.94221453449115
3.8167007076654	0.94159248300939
3.8167023665284	0.9433201792836
3.8167040253914	0.944751808256
3.8167056842544	0.94585101241081
3.8167073431174	0.94484968297673
3.8167090019804	0.94253946780332
3.8167106608435	0.93772935083093
3.8167123197065	0.93213537178882
3.8167139785695	0.92366423192135
3.8167156374325	0.91492802182183
3.8167172962955	0.90676152903243
3.8167189551585	0.89662816091695
3.8167206140215	0.87850947861973
3.8167222728845	0.86352719363265
3.8167239317475	0.85454297941689
3.8167255906105	0.84928033936645
3.8167272494735	0.84790332272968
3.8167289083365	0.8553519311471
3.8167305671995	0.86786895496372
3.8167322260625	0.88159677828683
3.8167338849255	0.89566345845754
3.8167355437885	0.90909430085852
3.8167372026515	0.92194451597998
3.8167388615145	0.92815230981273
3.8167405203775	0.93406877340937
3.8167421792406	0.93895561681668
3.8167438381036	0.94200321852388
3.8167454969666	0.94188126538254
3.8167471558296	0.94223892224876
3.8167488146926	0.94305000528805
3.8167504735556	0.94300681278409
3.8167521324186	0.94252540656616
3.8167537912816	0.94254377690354
3.8167554501446	0.94268086877477
3.8167571090076	0.94198625872835
3.8167587678706	0.94161277318166
3.8167604267336	0.94438733270101
3.8167620855966	0.94595630800849
3.8167637444596	0.94391028436914
3.8167654033226	0.94193119572414
3.8167670621856	0.94005346994843
3.8167687210486	0.93820276623626
3.8167703799116	0.93637457889017
3.8167720387746	0.93399552725975
3.8167736976377	0.93137286500359
3.8167753565007	0.93058395666566
3.8167770153637	0.93014061431884
3.8167786742267	0.93523758130424
3.8167803330897	0.93971387221111
3.8167819919527	0.93994502660236
3.8167836508157	0.93947998474495
3.8167853096787	0.93727949205319
3.8167869685417	0.93619527319675
3.8167886274047	0.93656150023079
3.8167902862677	0.93872725913965
3.8167919451307	0.94217702921959
3.8167936039937	0.94080806891603
3.8167952628567	0.93767895799684
3.8167969217197	0.9346501346199
3.8167985805827	0.93152211973676
3.8168002394457	0.92482169881664
3.8168018983087	0.91858664099324
3.8168035571717	0.91447447558837
3.8168052160348	0.90961949807147
3.8168068748978	0.90325085837523
3.8168085337608	0.89708819863871
3.8168101926238	0.89114983320946
3.8168118514868	0.88800663351979
3.8168135103498	0.88651649863481
3.8168151692128	0.88512557569848
3.8168168280758	0.8837629283646
3.8168184869388	0.88801933718043
3.8168201458018	0.89295291206329
3.8168218046648	0.9007403683583
3.8168234635278	0.90851951648511
3.8168251223908	0.91627060073152
3.8168267812538	0.92408503199851
3.8168284401168	0.93200337127977
3.8168300989798	0.93473771307565
3.8168317578428	0.93286089940501
3.8168334167058	0.93281217580744
3.8168350755688	0.93362440209249
3.8168367344318	0.93335324106789
3.8168383932949	0.93286111123766
3.8168400521579	0.9324045121759
3.8168417110209	0.93158275597477
3.8168433698839	0.92836614437988
3.8168450287469	0.92777842701496
3.8168466876099	0.93382914198558
3.8168483464729	0.93928356500331
3.8168500053359	0.94396338759404
3.8168516641989	0.94543298053776
3.8168533230619	0.94463825700704
3.8168549819249	0.94151502402158
3.8168566407879	0.93756492643202
3.8168582996509	0.93212609714504
3.8168599585139	0.92655399078406
3.8168616173769	0.92216881189373
3.8168632762399	0.91891593217127
3.8168649351029	0.92038356748561
3.8168665939659	0.92215365754901
3.8168682528289	0.92449647192532
3.816869911692	0.92598770310051
3.816871570555	0.92661987287487
3.816873229418	0.92904488189491
3.816874888281	0.93243437814994
3.816876547144	0.93619516445568
3.816878206007	0.94004719078344
3.81687986487	0.94109722622303
3.816881523733	0.94211837847192
3.816883182596	0.9439797008937
3.816884841459	0.94526437657371
3.816886500322	0.94491731623747
3.816888159185	0.9442531336073
3.816889818048	0.94314040309122
3.816891476911	0.94118853013164
3.816893135774	0.93859678988552
3.816894794637	0.937254742135
3.8168964535	0.93639692287759
3.816898112363	0.92901943830481
3.816899771226	0.9205461939794
3.8169014300891	0.90656996214504
3.8169030889521	0.89074248177774
3.8169047478151	0.86656887960144
3.8169064066781	0.84456180346562
3.8169080655411	0.82684701624121
3.8169097244041	0.81748930134475
3.8169113832671	0.81684840044435
3.8169130421301	0.82574622638963
3.8169147009931	0.83992562092019
3.8169163598561	0.85348455334218
3.8169180187191	0.86688634799522
3.8169196775821	0.87602749304256
3.8169213364451	0.88488616289947
3.8169229953081	0.89316608032746
3.8169246541711	0.90046281426446
3.8169263130341	0.904984335313
3.8169279718971	0.90856575762846
3.8169296307601	0.91082971070945
3.8169312896231	0.91213729249277
3.8169329484861	0.91272756516164
3.8169346073492	0.91306779760675
3.8169362662122	0.91331390308769
3.8169379250752	0.91725604299677
3.8169395839382	0.92144860794639
3.8169412428012	0.91928321864794
3.8169429016642	0.91676682430814
3.8169445605272	0.91277948862075
3.8169462193902	0.90678625788731
3.8169478782532	0.89704006141931
3.8169495371162	0.88740832529887
3.8169511959792	0.87788918406628
3.8169528548422	0.86828618891879
3.8169545137052	0.85864000285083
3.8169561725682	0.86128283083412
3.8169578314312	0.86669499806669
3.8169594902942	0.87014319247986
3.8169611491572	0.87353884373165
3.8169628080202	0.87695780363129
3.8169644668832	0.87791752334648
3.8169661257463	0.87271075679307
3.8169677846093	0.86456772755223
3.8169694434723	0.85271384383589
3.8169711023353	0.83996572027952
3.8169727611983	0.82661759417706
3.8169744200613	0.81569836386496
3.8169760789243	0.80556581967579
3.8169777377873	0.79771202383773
3.8169793966503	0.79112976199119
3.8169810555133	0.79863285344434
3.8169827143763	0.80703105011104
3.8169843732393	0.81848024833138
3.8169860321023	0.8305074721314
3.8169876909653	0.84346093443595
3.8169893498283	0.85331571540569
3.8169910086913	0.86055011488887
3.8169926675543	0.86631658789894
3.8169943264173	0.87145247214481
3.8169959852803	0.87546266591669
3.8169976441434	0.8791840617794
3.8169993030064	0.87638256297136
3.8170009618694	0.87403309579234
3.8170026207324	0.8738376325435
3.8170042795954	0.87365927292595
3.8170059384584	0.87351537677517
3.8170075973214	0.87318917648018
3.8170092561844	0.87267328519477
3.8170109150474	0.87219224179328
3.8170125739104	0.8717300785186
3.8170142327734	0.86904587924414
3.8170158916364	0.86583114187633
3.8170175504994	0.86198284340197
3.8170192093624	0.85857970736265
3.8170208682254	0.85844933936995
3.8170225270884	0.85885207575204
3.8170241859514	0.8605986273439
3.8170258448144	0.86094608691874
3.8170275036774	0.85953627984905
3.8170291625404	0.85712192538536
3.8170308214035	0.85404505223057
3.8170324802665	0.85297634508295
3.8170341391295	0.85253458662456
3.8170357979925	0.8516415403574
3.8170374568555	0.85059209007607
3.8170391157185	0.84821070679399
3.8170407745815	0.84575780302592
3.8170424334445	0.84308004831886
3.8170440923075	0.84140086856804
3.8170457511705	0.84121117833959
3.8170474100335	0.83753624566617
3.8170490688965	0.83113958227538
3.8170507277595	0.82355632469401
3.8170523866225	0.81551571279357
3.8170540454855	0.80869828797098
3.8170557043485	0.80206694101672
3.8170573632115	0.79594617176406
3.8170590220745	0.78997898058263
3.8170606809375	0.78461288203607
3.8170623398006	0.77753280703197
3.8170639986636	0.76746269410728
3.8170656575266	0.75639525780585
3.8170673163896	0.74442677740351
3.8170689752526	0.73475682483244
3.8170706341156	0.72613679620675
3.8170722929786	0.71359540869396
3.8170739518416	0.70034647484914
3.8170756107046	0.68676565975992
3.8170772695676	0.67312104986813
3.8170789284306	0.65916633433015
3.8170805872936	0.64392547858981
3.8170822461566	0.62610053546831
3.8170839050196	0.60842388142223
3.8170855638826	0.59089905434385
3.8170872227456	0.5743515294667
3.8170888816086	0.55831642932956
3.8170905404716	0.54205067487457
3.8170921993346	0.52573364334833
3.8170938581977	0.51094099864528
3.8170955170607	0.49696530913611
3.8170971759237	0.48771528065079
3.8170988347867	0.47902342721094
3.8171004936497	0.47160251537832
3.8171021525127	0.46395856677616
3.8171038113757	0.45606086232596
3.8171054702387	0.44857020716118
3.8171071291017	0.44131805629936
3.8171087879647	0.43549731486803
3.8171104468277	0.43004923535442
3.8171121056907	0.42314630469999
3.8171137645537	0.4163714851574
3.8171154234167	0.4110266094075
3.8171170822797	0.40576724909777
3.8171187411427	0.40072461468567
3.8171204000057	0.39635126556646
3.8171220588687	0.39280793434119
3.8171237177317	0.3907483494499
3.8171253765948	0.38963742883569
3.8171270354578	0.38534221704755
3.8171286943208	0.38011549824285
3.8171303531838	0.3766445031164
3.8171320120468	0.37311239056904
3.8171336709098	0.36800409511319
3.8171353297728	0.36329793313417
3.8171369886358	0.35970320686023
3.8171386474988	0.35654472459056
3.8171403063618	0.35396465899966
3.8171419652248	0.35276354399208
3.8171436240878	0.35250366077935
3.8171452829508	0.35245960682909
3.8171469418138	0.35248412535085
3.8171486006768	0.35352519977588
3.8171502595398	0.35457093623137
3.8171519184028	0.35479654411511
3.8171535772658	0.35634337383213
3.8171552361288	0.36178451341615
3.8171568949918	0.36554351753227
3.8171585538549	0.36696439848249
3.8171602127179	0.37004719919357
3.8171618715809	0.37431560057639
3.8171635304439	0.38234325768422
3.8171651893069	0.39163074023736
3.8171668481699	0.40222745940421
3.8171685070329	0.41309884337189
3.8171701658959	0.42571846387665
3.8171718247589	0.43846774947783
3.8171734836219	0.45161469186895
3.8171751424849	0.46467884170565
3.8171768013479	0.47762472342456
3.8171784602109	0.48764006920071
3.8171801190739	0.49551438639238
3.8171817779369	0.50219092734327
3.8171834367999	0.50845538837662
3.8171850956629	0.51858251197155
3.8171867545259	0.52883860963409
3.8171884133889	0.53607266160185
3.817190072252	0.54256880913939
3.817191731115	0.54677111358864
3.817193389978	0.55044804924458
3.817195048841	0.55336931823461
3.817196707704	0.55222176460187
3.817198366567	0.54809141076271
3.81720002543	0.54544116383781
3.817201684293	0.54330022702447
3.817203343156	0.54130779966206
3.817205002019	0.53959542639772
3.817206660882	0.54100324886032
3.817208319745	0.54337174334265
3.817209978608	0.54868759157609
3.817211637471	0.55449992523966
3.817213296334	0.56101682625518
3.817214955197	0.5689786999462
3.81721661406	0.57798237733173
3.817218272923	0.58874051222737
3.817219931786	0.60008683253515
3.8172215906491	0.60590087140972
3.8172232495121	0.61108490942011
3.8172249083751	0.61488566114525
3.8172265672381	0.62031324649979
3.8172282261011	0.63053867407222
3.8172298849641	0.63719861738818
3.8172315438271	0.6389671344003
3.8172332026901	0.64090358618691
3.8172348615531	0.64295667667068
3.8172365204161	0.64651437779164
3.8172381792791	0.65055050006046
3.8172398381421	0.65338389795874
3.8172414970051	0.65609282434336
3.8172431558681	0.65851615884249
3.8172448147311	0.66094737201885
3.8172464735941	0.66340037686438
3.8172481324571	0.66754878727253
3.8172497913201	0.67390174465999
3.8172514501831	0.67738686901055
3.8172531090461	0.67899239659432
3.8172547679092	0.68297435855748
3.8172564267722	0.68765207928674
3.8172580856352	0.69529369054998
3.8172597444982	0.70269431544623
3.8172614033612	0.7067978854697
3.8172630622242	0.70994003792694
3.8172647210872	0.71064387023703
3.8172663799502	0.71397919155613
3.8172680388132	0.72049448350141
3.8172696976762	0.72438202160295
3.8172713565392	0.72667914881426
3.8172730154022	0.73057804035668
3.8172746742652	0.73489432184511
3.8172763331282	0.74050687803766
3.8172779919912	0.74560437385817
3.8172796508542	0.74706669830135
3.8172813097172	0.74935813376244
3.8172829685802	0.75353877094294
3.8172846274432	0.7553462430496
3.8172862863063	0.75453979787818
3.8172879451693	0.75577655194204
3.8172896040323	0.75812880840467
3.8172912628953	0.75583260958688
3.8172929217583	0.75250191888881
3.8172945806213	0.74922075831478
3.8172962394843	0.74590688708516
3.8172978983473	0.74241922437563
3.8172995572103	0.73887445929176
3.8173012160733	0.73521488080929
3.8173028749363	0.73685140185382
3.8173045337993	0.7437041173076
3.8173061926623	0.75314315828345
3.8173078515253	0.76382394999549
3.8173095103883	0.77843742339204
3.8173111692513	0.7936876797704
3.8173128281143	0.80542320693192
3.8173144869773	0.81646716056114
3.8173161458403	0.82459836339496
3.8173178047034	0.831718780053
3.8173194635664	0.83707479341543
3.8173211224294	0.83990964145494
3.8173227812924	0.84056850603422
3.8173244401554	0.84085278414098
3.8173260990184	0.84098358437155
3.8173277578814	0.83873845671933
3.8173294167444	0.83651778075388
3.8173310756074	0.84016421749198
3.8173327344704	0.84431586298654
3.8173343933334	0.84955099215964
3.8173360521964	0.85468363626961
3.8173377110594	0.86213842624184
3.8173393699224	0.87007068588562
3.8173410287854	0.87328077544048
3.8173426876484	0.87530765893783
3.8173443465114	0.87786114350156
3.8173460053744	0.88057199366784
3.8173476642374	0.88075473002171
3.8173493231005	0.8800505971025
3.8173509819635	0.88399404150048
3.8173526408265	0.88982792658988
3.8173542996895	0.89422096308318
3.8173559585525	0.89794062702255
3.8173576174155	0.89912856003234
3.8173592762785	0.89896691361333
3.8173609351415	0.89878406831974
3.8173625940045	0.89858840396448
3.8173642528675	0.89976422738273
3.8173659117305	0.90187675474382
3.8173675705935	0.90267350408365
3.8173692294565	0.90245859384889
3.8173708883195	0.90427322099238
3.8173725471825	0.90784067309141
3.8173742060455	0.90927898211417
3.8173758649085	0.90865488278141
3.8173775237715	0.9078600996227
3.8173791826345	0.90687999170213
3.8173808414975	0.90723005489644
3.8173825003606	0.90919874457939
3.8173841592236	0.90979523698355
3.8173858180866	0.908518708698
3.8173874769496	0.90703156142915
3.8173891358126	0.90522138757621
3.8173907946756	0.90492487224056
3.8173924535386	0.90724251055598
3.8173941124016	0.90925648819453
3.8173957712646	0.9106777670484
3.8173974301276	0.91108577986887
3.8173990889906	0.90924917627383
3.8174007478536	0.90859811248356
3.8174024067166	0.91094531434756
3.8174040655796	0.91296912158042
3.8174057244426	0.91405229015702
3.8174073833056	0.91577668462156
3.8174090421686	0.91966660696335
3.8174107010316	0.9220555254548
3.8174123598946	0.91848401680075
3.8174140187577	0.91562602632994
3.8174156776207	0.91615487128909
3.8174173364837	0.91692167703684
3.8174189953467	0.91906980195843
3.8174206542097	0.92071124835687
3.8174223130727	0.91863953871632
3.8174239719357	0.91665499755416
3.8174256307987	0.91551814794878
3.8174272896617	0.91468920867794
3.8174289485247	0.91817640242958
3.8174306073877	0.9216252026283
3.8174322662507	0.92415330311043
3.8174339251137	0.92672224419276
3.8174355839767	0.93225145977164
3.8174372428397	0.93778067535052
3.8174389017027	0.93490350934957
3.8174405605657	0.93191804738784
3.8174422194287	0.93566341096047
3.8174438782917	0.93968098849911
3.8174455371548	0.94260782321321
3.8174471960178	0.94545887157912
3.8174488548808	0.94008470651238
3.8174505137438	0.93388822184726
3.8174521726068	0.93605508269523
3.8174538314698	0.93932705294367
3.8174554903328	0.94193233356991
3.8174571491958	0.94442690874375
3.8174588080588	0.94671873881034
3.8174604669218	0.9489696296526
3.8174621257848	0.94761133286014
3.8174637846478	0.94538753591011
3.8174654435108	0.94425139952649
3.8174671023738	0.9434198724741
3.8174687612368	0.94350072920563
3.8174704200998	0.94387602037217
3.8174720789628	0.9422815692843
3.8174737378258	0.93996201621678
3.8174753966888	0.94416669311734
3.8174770555518	0.95108864055639
3.8174787144149	0.94897863023306
3.8174803732779	0.94263987769931
3.8174820321409	0.94140028127952
3.8174836910039	0.94282967607619
3.8174853498669	0.93885523480539
3.8174870087299	0.93173135278956
3.8174886675929	0.92951901798863
3.8174903264559	0.93048228413343
3.8174919853189	0.93318046206827
3.8174936441819	0.93711974275058
3.8174953030449	0.94032845450243
3.8174969619079	0.94296019977561
3.8174986207709	0.94515570964649
3.8175002796339	0.94697145968307
3.8175019384969	0.94796243942382
3.8175035973599	0.94816304602188
3.8175052562229	0.94684323531507
3.8175069150859	0.94392046700178
3.8175085739489	0.943289793958
3.817510232812	0.94531733742509
3.817511891675	0.94563601985141
3.817513550538	0.94377439017559
3.817515209401	0.94441687391022
3.817516868264	0.94857629048058
3.817518527127	0.94932703699662
3.81752018599	0.94480266752055
3.817521844853	0.93806108210359
3.817523503716	0.92753234776058
3.817525162579	0.91705288899212
3.817526821442	0.90666651315644
3.817528480305	0.90077865400728
3.817530139168	0.9043151616371
3.817531798031	0.90518982065322
3.817533456894	0.89985949166535
3.817535115757	0.89287482807005
3.81753677462	0.88158160676174
3.817538433483	0.86859614481633
3.817540092346	0.85066171159017
3.8175417512091	0.82927652326634
3.8175434100721	0.79648575966414
3.8175450689351	0.76597807025809
3.8175467277981	0.7440654966317
3.8175483866611	0.72750741053389
3.8175500455241	0.73413494996138
3.8175517043871	0.74379418786407
3.8175533632501	0.76874630150153
3.8175550221131	0.79443000380273
3.8175566809761	0.82448344938867
3.8175583398391	0.85419563056006
3.8175599987021	0.88144062420957
3.8175616575651	0.90706925348093
3.8175633164281	0.91810370906344
3.8175649752911	0.92893086949825
3.8175666341541	0.93730916738722
3.8175682930171	0.94532302766929
3.8175699518801	0.94725234822862
3.8175716107431	0.94911457262034
3.8175732696061	0.94913089873199
3.8175749284692	0.94917095085544
3.8175765873322	0.95091004538958
3.8175782461952	0.95264913992372
3.8175799050582	0.94821237791573
3.8175815639212	0.94372960710177
3.8175832227842	0.93575593154989
3.8175848816472	0.92767997184392
3.8175865405102	0.92103306350024
3.8175881993732	0.91446042272963
3.8175898582362	0.91780109124601
3.8175915170992	0.92189025641235
3.8175931759622	0.90717670846331
3.8175948348252	0.89058288197088
3.8175964936882	0.88607197297323
3.8175981525512	0.88307707423977
3.8175998114142	0.88713125669671
3.8176014702772	0.89225663084338
3.8176031291402	0.89702988297675
3.8176047880032	0.90173989348919
3.8176064468663	0.9020694086271
3.8176081057293	0.90148627203918
3.8176097645923	0.90127526178478
3.8176114234553	0.90115298061905
3.8176130823183	0.90055345835674
3.8176147411813	0.89982518273261
3.8176164000443	0.89791627236378
3.8176180589073	0.89565009933726
3.8176197177703	0.89420568291423
3.8176213766333	0.89303813035536
3.8176230354963	0.89472857424052
3.8176246943593	0.89748479160169
3.8176263532223	0.89775090362114
3.8176280120853	0.89699471561241
3.8176296709483	0.89346504058294
3.8176313298113	0.88868701432881
3.8176329886743	0.88681252165396
3.8176346475373	0.88636578107562
3.8176363064003	0.87957032837096
3.8176379652634	0.8693757455655
3.8176396241264	0.86407044424857
3.8176412829894	0.86160863270903
3.8176429418524	0.86021486441182
3.8176446007154	0.8594941189802
3.8176462595784	0.85914455137358
3.8176479184414	0.85904795016078
3.8176495773044	0.85999251765655
3.8176512361674	0.8617032166891
3.8176528950304	0.86484315312048
3.8176545538934	0.86911696646175
3.8176562127564	0.87740133053575
3.8176578716194	0.88911201277222
3.8176595304824	0.89738485699524
3.8176611893454	0.90249746631942
3.8176628482084	0.90725243993621
3.8176645070714	0.91165388712216
3.8176661659344	0.91209680540901
3.8176678247974	0.90833493168632
3.8176694836605	0.90130695278789
3.8176711425235	0.89055186302177
3.8176728013865	0.89048646699976
3.8176744602495	0.90352343457547
3.8176761191125	0.91177213414716
3.8176777779755	0.91371615100863
3.8176794368385	0.91649764462089
3.8176810957015	0.92046368569007
3.8176827545645	0.92633091178703
3.8176844134275	0.93508824070589
3.8176860722905	0.94183921209276
3.8176877311535	0.94530995615851
3.8176893900165	0.94694557974948
3.8176910488795	0.94535213333888
3.8176927077425	0.94590371338106
3.8176943666055	0.95052124918674
3.8176960254685	0.9511080215198
3.8176976843315	0.94345473795949
3.8176993431945	0.93681292027648
3.8177010020575	0.93240461143722
3.8177026609206	0.92941420229351
3.8177043197836	0.92981142297348
3.8177059786466	0.92969490411666
3.8177076375096	0.9282477535943
3.8177092963726	0.92889048740181
3.8177109552356	0.93541487532898
3.8177126140986	0.94110882988234
3.8177142729616	0.94425592330526
3.8177159318246	0.94644707392057
3.8177175906876	0.94543321061144
3.8177192495506	0.94429562895873
3.8177209084136	0.94270280452623
3.8177225672766	0.94067394459343
3.8177242261396	0.9368764086982
3.8177258850026	0.93463146130579
3.8177275438656	0.93936493185243
3.8177292027286	0.94297022460514
3.8177308615916	0.94092165287549
3.8177325204546	0.93901978616076
3.8177341793177	0.93794407750538
3.8177358381807	0.93793439947366
3.8177374970437	0.94473295651474
3.8177391559067	0.94972388535531
3.8177408147697	0.94147154294389
3.8177424736327	0.93386981124802
3.8177441324957	0.93181874592517
3.8177457913587	0.93002608057888
3.8177474502217	0.93085043280846
3.8177491090847	0.93186097020933
3.8177507679477	0.93516945396832
3.8177524268107	0.9384323797927
3.8177540856737	0.94098320089621
3.8177557445367	0.94345918115199
3.8177574033997	0.94436457626505
3.8177590622627	0.94516889082705
3.8177607211257	0.94280244725605
3.8177623799887	0.94044389637223
3.8177640388517	0.93855641084729
3.8177656977148	0.93665329833141
3.8177673565778	0.92752702685437
3.8177690154408	0.91840075537734
3.8177706743038	0.90829574131269
3.8177723331668	0.89817881330469
3.8177739920298	0.8916844578113
3.8177756508928	0.88528709528464
3.8177773097558	0.85270471851716
3.8177789686188	0.81903040772191
3.8177806274818	0.7883605909946
3.8177822863448	0.75786177923632
3.8177839452078	0.7442005606125
3.8177856040708	0.73175885340143
3.8177872629338	0.74478753528919
3.8177889217968	0.76006376526127
3.8177905806598	0.79068675060325
3.8177922395228	0.82291213074498
3.8177938983858	0.8517045408907
3.8177955572488	0.88008189858877
3.8177972161118	0.90034585382669
3.8177988749749	0.91949204365125
3.8178005338379	0.9320321800183
3.8178021927009	0.94354858326398
3.8178038515639	0.94125284175416
3.8178055104269	0.93657433081058
3.8178071692899	0.93726508904843
3.8178088281529	0.93897818962755
3.8178104870159	0.93641004322279
3.8178121458789	0.93294833439948
3.8178138047419	0.93681212862751
3.8178154636049	0.94234169356336
3.8178171224679	0.94609860806744
3.8178187813309	0.94941865665685
3.8178204401939	0.94957345397675
3.8178220990569	0.94888665199557
3.8178237579199	0.94827402813936
3.8178254167829	0.94768260327052
3.8178270756459	0.9496894864353
3.8178287345089	0.95249168058486
3.817830393372	0.95469055947172
3.817832052235	0.95669222957886
3.817833711098	0.95623585981385
3.817835369961	0.95492405024244
3.817837028824	0.95316686524461
3.817838687687	0.95124504047462
3.81784034655	0.95188630550347
3.817842005413	0.95353188042047
3.817843664276	0.95268984789228
3.817845323139	0.95081698571652
3.817846982002	0.9449386415289
3.817848640865	0.93730796885432
3.817850299728	0.94148050277603
3.817851958591	0.95109499834118
3.817853617454	0.9530835536759
3.817855276317	0.9513719292838
3.81785693518	0.94704228649048
3.817858594043	0.94137804369006
3.817860252906	0.93865944525294
3.8178619117691	0.93751659665874
3.8178635706321	0.93668757948492
3.8178652294951	0.93603453744529
3.8178668883581	0.93002508134632
3.8178685472211	0.9208716152274
3.8178702060841	0.89961476825944
3.8178718649471	0.87092836859817
3.8178735238101	0.83748454108034
3.8178751826731	0.80098985475564
3.8178768415361	0.77513489900661
3.8178785003991	0.75640228310965
3.8178801592621	0.74698092826501
3.8178818181251	0.74406002616297
3.8178834769881	0.75779486752507
3.8178851358511	0.78364591431146
3.8178867947141	0.80714002194307
3.8178884535771	0.82884902212869
3.8178901124401	0.85121142963974
3.8178917713031	0.87408876799176
3.8178934301662	0.89945212703048
3.8178950890292	0.92685253325266
3.8178967478922	0.94379239557779
3.8178984067552	0.95182629340502
3.8179000656182	0.95746654243982
3.8179017244812	0.96099071526052
3.8179033833442	0.96082263566613
3.8179050422072	0.95726686942995
3.8179067010702	0.95320145344022
3.8179083599332	0.94865101210513
3.8179100187962	0.94316252189
3.8179116776592	0.93674844017597
3.8179133365222	0.93075859090964
3.8179149953852	0.92520244397567
3.8179166542482	0.91878453317632
3.8179183131112	0.91145416850429
3.8179199719742	0.90031654024099
3.8179216308372	0.88500588816504
3.8179232897002	0.85935238136654
3.8179249485632	0.82196742463049
3.8179266074263	0.78837907415735
3.8179282662893	0.75924499351396
3.8179299251523	0.73657611406774
3.8179315840153	0.7217493973789
3.8179332428783	0.71741764707463
3.8179349017413	0.72624168906044
3.8179365606043	0.74248385212262
3.8179382194673	0.76833322333079
3.8179398783303	0.79708438102639
3.8179415371933	0.82971665360746
3.8179431960563	0.85757434076886
3.8179448549193	0.87883969047219
3.8179465137823	0.89562254531599
3.8179481726453	0.90601886604983
3.8179498315083	0.91161928413646
3.8179514903713	0.91017014761425
3.8179531492343	0.90946630340175
3.8179548080973	0.90989225560226
3.8179564669603	0.90965724107411
3.8179581258234	0.90838928824819
3.8179597846864	0.91017995468867
3.8179614435494	0.9168973174903
3.8179631024124	0.92149236411297
3.8179647612754	0.92256516144866
3.8179664201384	0.92457320546288
3.8179680790014	0.9281799285116
3.8179697378644	0.93258855368841
3.8179713967274	0.93840875045581
3.8179730555904	0.93928869326115
3.8179747144534	0.93121807686303
3.8179763733164	0.92514670212292
3.8179780321794	0.92280275337507
3.8179796910424	0.92108607755947
3.8179813499054	0.92057268667329
3.8179830087684	0.9195297480663
3.8179846676314	0.91744219191155
3.8179863264944	0.91517877986184
3.8179879853574	0.91255869092855
3.8179896442205	0.90921534334323
3.8179913030835	0.90436426024759
3.8179929619465	0.90394134884936
3.8179946208095	0.91300470476663
3.8179962796725	0.91815462786033
3.8179979385355	0.91469394616076
3.8179995973985	0.91027678671811
3.8180012562615	0.90369850661435
3.8180029151245	0.89566914677372
3.8180045739875	0.8842741663694
3.8180062328505	0.87604391984428
3.8180078917135	0.87534726932844
3.8180095505765	0.87596522964119
3.8180112094395	0.87979382341146
3.8180128683025	0.88369136718762
3.8180145271655	0.88776160999766
3.8180161860285	0.89186825481641
3.8180178448915	0.89606836978283
3.8180195037545	0.89991545452897
3.8180211626175	0.90283343627856
3.8180228214806	0.90578035089652
3.8180244803436	0.908805279256
3.8180261392066	0.91216660858739
3.8180277980696	0.91645686796399
3.8180294569326	0.91946421105323
3.8180311157956	0.91884508731878
3.8180327746586	0.9151347230281
3.8180344335216	0.90248149761178
3.8180360923846	0.89468516937129
3.8180377512476	0.90126243495685
3.8180394101106	0.90645239285056
3.8180410689736	0.90744436853672
3.8180427278366	0.90927525660938
3.8180443866996	0.91370111109948
3.8180460455626	0.91756759480323
3.8180477044256	0.91966659424214
3.8180493632886	0.91885982796386
3.8180510221516	0.90867675285637
3.8180526810146	0.90477190896121
3.8180543398777	0.92154919318371
3.8180559987407	0.93505110100925
3.8180576576037	0.93754580084053
3.8180593164667	0.94023030156029
3.8180609753297	0.94356527766475
3.8180626341927	0.94710772098537
3.8180642930557	0.95137485565483
3.8180659519187	0.95579965347281
3.8180676107817	0.96078556681942
3.8180692696447	0.96594961259379
3.8180709285077	0.97175904859475
3.8180725873707	0.97543332447419
3.8180742462337	0.97123531373421
3.8180759050967	0.96654782876351
3.8180775639597	0.96002456619608
3.8180792228227	0.95377044046243
3.8180808816857	0.94854219517938
3.8180825405487	0.94567454176502
3.8180841994117	0.95194785941975
3.8180858582748	0.95827311734673
3.8180875171378	0.96480256115988
3.8180891760008	0.97173858470343
3.8180908348638	0.98029608766073
3.8180924937268	0.9862755555376
3.8180941525898	0.98182960168547
3.8180958114528	0.97745417420378
3.8180974703158	0.97336765889073
3.8180991291788	0.96833146075688
3.8181007880418	0.95935628638581
3.8181024469048	0.95211309450894
3.8181041057678	0.95213957225762
3.8181057646308	0.95208248297186
3.8181074234938	0.95167080939909
3.8181090823568	0.95210529895032
3.8181107412198	0.95616735161041
3.8181124000828	0.95958563310358
3.8181140589458	0.96021770447649
3.8181157178088	0.96057594503176
3.8181173766718	0.95973843990209
3.8181190355349	0.95969109438785
3.8181206943979	0.96312123031173
3.8181223532609	0.96669774689162
3.8181240121239	0.97092315110583
3.8181256709869	0.97197654064297
3.8181273298499	0.95887539582201
3.8181289887129	0.94791959732144
3.8181306475759	0.94658957787707
3.8181323064389	0.94659422954741
3.8181339653019	0.95261645915564
3.8181356241649	0.95906949313605
3.8181372830279	0.96747258866808
3.8181389418909	0.97323645609263
3.8181406007539	0.96701707061218
3.8181422596169	0.96274023028021
3.8181439184799	0.96730481048097
3.8181455773429	0.96975233644154
3.8181472362059	0.96255215709042
3.8181488950689	0.95684079941328
3.818150553932	0.95791830253898
3.818152212795	0.95933579905391
3.818153871658	0.96230356653397
3.818155530521	0.96459834567527
3.818157189384	0.96382823973948
3.818158848247	0.96351325749733
3.81816050711	0.965267116841
3.818162165973	0.96625340613253
3.818163824836	0.96376022745581
3.818165483699	0.96113728352961
3.818167142562	0.95792825779234
3.818168801425	0.95577679744537
3.818170460288	0.95838130529759
3.818172119151	0.96095715009582
3.818173778014	0.96340476201271
3.818175436877	0.96535055573335
3.81817709574	0.96506490673692
3.818178754603	0.96287286924718
3.818180413466	0.95226233153789
3.8181820723291	0.94525944649023
3.8181837311921	0.95406805182329
3.8181853900551	0.95896249987259
3.8181870489181	0.94684547356482
3.8181887077811	0.93591442140386
3.8181903666441	0.93009043123533
3.8181920255071	0.92811076755871
3.8181936843701	0.94252006006665
3.8181953432331	0.95352621439875
3.8181970020961	0.95017724819254
3.8181986609591	0.94798902103467
3.8182003198221	0.95064154894324
3.8182019786851	0.95243961838464
3.8182036375481	0.9507173611181
3.8182052964111	0.95114658132047
3.8182069552741	0.96032588243171
3.8182086141371	0.96718409369017
3.8182102730001	0.96472830625612
3.8182119318631	0.96219319906302
3.8182135907262	0.9593442736527
3.8182152495892	0.95688432956435
3.8182169084522	0.95594063139314
3.8182185673152	0.95582400496769
3.8182202261782	0.95888153192395
3.8182218850412	0.96209150226708
3.8182235439042	0.96587724310968
3.8182252027672	0.96879054002136
3.8182268616302	0.96846306463744
3.8182285204932	0.96823550070406
3.8182301793562	0.96837270638461
3.8182318382192	0.96781598150539
3.8182334970822	0.96477015003298
3.8182351559452	0.96074273861977
3.8182368148082	0.95325901276388
3.8182384736712	0.94891145652018
3.8182401325342	0.95540049406467
3.8182417913972	0.95964077125368
3.8182434502602	0.95626036110772
3.8182451091232	0.95685872647465
3.8182467679863	0.97067658965264
3.8182484268493	0.97978866726866
3.8182500857123	0.97358348332891
3.8182517445753	0.96747162697371
3.8182534034383	0.96165728773263
3.8182550623013	0.95702724349165
3.8182567211643	0.95609287698781
3.8182583800273	0.9548310912461
3.8182600388903	0.9525694211241
3.8182616977533	0.95097365515411
3.8182633566163	0.95136700166552
3.8182650154793	0.9508929864279
3.8182666743423	0.94788643342391
3.8182683332053	0.94412368030852
3.8182699920683	0.93820275907866
3.8182716509313	0.932307828568
3.8182733097943	0.92648535457919
3.8182749686573	0.91506735229095
3.8182766275203	0.88841538294742
3.8182782863834	0.87687781552488
3.8182799452464	0.90550942545232
3.8182816041094	0.92926693721921
3.8182832629724	0.94038440838721
3.8182849218354	0.9460233161735
3.8182865806984	0.93780424784194
3.8182882395614	0.9393230161346
3.8182898984244	0.96486270135129
3.8182915572874	0.98219903667017
3.8182932161504	0.97980908884984
3.8182948750134	0.97772893091551
3.8182965338764	0.97637468621057
3.8182981927394	0.97516981152948
3.8182998516024	0.97430588169295
3.8183015104654	0.97340210501327
3.8183031693284	0.97240974721513
3.8183048281914	0.9685390561464
3.8183064870544	0.95843878993741
3.8183081459174	0.94537850414253
3.8183098047805	0.92608334204495
3.8183114636435	0.91339610577583
3.8183131225065	0.91425022082718
3.8183147813695	0.92030576086974
3.8183164402325	0.93672965072931
3.8183180990955	0.94083117496057
3.8183197579585	0.92104794320246
3.8183214168215	0.90811826034999
3.8183230756845	0.90810170632612
3.8183247345475	0.90475216032481
3.8183263934105	0.8953003667943
3.8183280522735	0.88589070485767
3.8183297111365	0.87655598547201
3.8183313699995	0.86544305892923
3.8183330288625	0.85125868858031
3.8183346877255	0.83820935133718
3.8183363465885	0.82706342161066
3.8183380054515	0.81691829911977
3.8183396643145	0.80840231299197
3.8183413231775	0.80708186760755
3.8183429820406	0.81712529745817
3.8183446409036	0.8336360255169
3.8183462997666	0.86005412668208
3.8183479586296	0.88389042655774
3.8183496174926	0.90389166578008
3.8183512763556	0.9219858725429
3.8183529352186	0.93733433615775
3.8183545940816	0.94938733050017
3.8183562529446	0.95684222814592
3.8183579118076	0.95077771473441
3.8183595706706	0.92644023810671
3.8183612295336	0.91345677581401
3.8183628883966	0.91533330221436
3.8183645472596	0.92636932581984
3.8183662061226	0.94900865023658
3.8183678649856	0.95407122455606
3.8183695238486	0.93759073583858
3.8183711827116	0.93099918703012
3.8183728415746	0.93613120375019
3.8183745004377	0.94513086489838
3.8183761593007	0.95856358668487
3.8183778181637	0.95995928103781
3.8183794770267	0.94802212760521
3.8183811358897	0.94510358199549
3.8183827947527	0.95183402405357
3.8183844536157	0.95382641638381
3.8183861124787	0.95092402485108
3.8183877713417	0.94975970707608
3.8183894302047	0.95032827068592
3.8183910890677	0.95004214342886
3.8183927479307	0.94893407272834
3.8183944067937	0.94413053770789
3.8183960656567	0.93590098843554
3.8183977245197	0.92961280954122
3.8183993833827	0.92505894865371
3.8184010422457	0.93052057087427
3.8184027011087	0.94459855314092
3.8184043599717	0.95047750800407
3.8184060188348	0.94956812005401
3.8184076776978	0.93882972385089
3.8184093365608	0.92026489747344
3.8184109954238	0.91777687947987
3.8184126542868	0.9275913603198
3.8184143131498	0.93324063936669
3.8184159720128	0.93582859712812
3.8184176308758	0.93781342542973
3.8184192897388	0.93937283814317
3.8184209486018	0.94237705571639
3.8184226074648	0.94635844638423
3.8184242663278	0.94817469325004
3.8184259251908	0.94858784519061
3.8184275840538	0.94936087635111
3.8184292429168	0.95035711249107
3.8184309017798	0.94473219897368
3.8184325606428	0.93518035321269
3.8184342195058	0.929696293893
3.8184358783688	0.92651671810498
3.8184375372318	0.92612121071756
3.8184391960949	0.92723076617706
3.8184408549579	0.92954292100694
3.8184425138209	0.93247455931965
3.8184441726839	0.93382362645568
3.8184458315469	0.93439682034072
3.8184474904099	0.92274315988519
3.8184491492729	0.9053928162632
3.8184508081359	0.90200652855862
3.8184524669989	0.90479337627558
3.8184541258619	0.90988117097944
3.8184557847249	0.91593261014913
3.8184574435879	0.9231688580339
3.8184591024509	0.93087421099782
3.8184607613139	0.93230030606264
3.8184624201769	0.93138040779597
3.8184640790399	0.93104909411119
3.8184657379029	0.93092485421151
3.8184673967659	0.93249864666283
3.8184690556289	0.93463346136844
3.818470714492	0.94095664390488
3.818472373355	0.94857604455273
3.818474032218	0.94872588957453
3.818475691081	0.94671760442894
3.818477349944	0.9488656674985
3.818479008807	0.95213142928644
3.81848066767	0.95385839086628
3.818482326533	0.95520181615475
3.818483985396	0.95576227859287
