3.8159146327368	0.989229
3.8159162915998	0.98833120351793
3.8159179504628	0.98724459454757
3.8159196093258	0.98464471811206
3.8159212681888	0.98175604330741
3.8159229270518	0.97785524120904
3.8159245859148	0.97346341160509
3.8159262447778	0.96808872618213
3.8159279036408	0.9644581302521
3.8159295625038	0.96300730096438
3.8159312213668	0.96099442521819
3.8159328802299	0.95853255460753
3.8159345390929	0.95847012544566
3.8159361979559	0.95960288567505
3.8159378568189	0.96277850357273
3.8159395156819	0.96653300362928
3.8159411745449	0.96711709428794
3.8159428334079	0.9673093842102
3.8159444922709	0.96611385507249
3.8159461511339	0.9654071259255
3.8159478099969	0.96845622071522
3.8159494688599	0.97103798671051
3.8159511277229	0.97203184145145
3.8159527865859	0.97310798096284
3.8159544454489	0.97434400340083
3.8159561043119	0.97603057675437
3.8159577631749	0.97826278041048
3.8159594220379	0.97855510730511
3.8159610809009	0.97735332625506
3.8159627397639	0.9760696243419
3.815964398627	0.97474696372738
3.81596605749	0.97439583919244
3.815967716353	0.97430203612149
3.815969375216	0.97542902925012
3.815971034079	0.9766636172398
3.815972692942	0.97658146167542
3.815974351805	0.97623518791874
3.815976010668	0.97412395020822
3.815977669531	0.97217847133162
3.815979328394	0.97074770184064
3.815980987257	0.96795443416632
3.81598264612	0.96270925609171
3.815984304983	0.95918228565358
3.815985963846	0.957585929317
3.815987622709	0.95802951199221
3.815989281572	0.95992188000089
3.815990940435	0.96426628097357
3.815992599298	0.96966793672835
3.815994258161	0.97295661125966
3.8159959170241	0.97575870961317
3.8159975758871	0.98205123850991
3.8159992347501	0.9884003533559
3.8160008936131	0.98971140966099
3.8160025524761	0.99049927836351
3.8160042113391	0.9884556032272
3.8160058702021	0.98606924604599
3.8160075290651	0.98275931463577
3.8160091879281	0.9762820102859
3.8160108467911	0.96475347639979
3.8160125056541	0.94890291073623
3.8160141645171	0.92873599383794
3.8160158233801	0.90019431782896
3.8160174822431	0.86641788295002
3.8160191411061	0.82629234498173
3.8160207999691	0.7838247667882
3.8160224588321	0.74575266495209
3.8160241176951	0.7084815183583
3.8160257765581	0.69250982677585
3.8160274354211	0.67993732971877
3.8160290942842	0.69787342702037
3.8160307531472	0.71912613080675
3.8160324120102	0.75428224773415
3.8160340708732	0.79195236117447
3.8160357297362	0.8352593019579
3.8160373885992	0.87359908441852
3.8160390474622	0.90520320214613
3.8160407063252	0.92993636956305
3.8160423651882	0.94882923888435
3.8160440240512	0.96037605874736
3.8160456829142	0.96808456653814
3.8160473417772	0.9724799203505
3.8160490006402	0.9759033350627
3.8160506595032	0.97686866466645
3.8160523183662	0.97751828051944
3.8160539772292	0.97646105577882
3.8160556360922	0.97543906140318
3.8160572949552	0.9746679756388
3.8160589538182	0.97390070546032
3.8160606126813	0.97314551371556
3.8160622715443	0.96956606918573
3.8160639304073	0.96090199292873
3.8160655892703	0.9527773882694
3.8160672481333	0.94525079759916
3.8160689069963	0.93899138211543
3.8160705658593	0.93360670749296
3.8160722247223	0.92891136652829
3.8160738835853	0.92449889447531
3.8160755424483	0.92392108707413
3.8160772013113	0.92414740617729
3.8160788601743	0.92614843040382
3.8160805190373	0.92810441753422
3.8160821779003	0.9278058039699
3.8160838367633	0.92767197819123
3.8160854956263	0.92828784593
3.8160871544893	0.92651333045089
3.8160888133523	0.91911585918729
3.8160904722153	0.91307093490327
3.8160921310784	0.90892027964583
3.8160937899414	0.9028638717651
3.8160954488044	0.89515070118195
3.8160971076674	0.89460203541833
3.8160987665304	0.89785233736487
3.8161004253934	0.89933262175186
3.8161020842564	0.90029052594505
3.8161037431194	0.90517529880434
3.8161054019824	0.91046794657251
3.8161070608454	0.90842958593748
3.8161087197084	0.90614322942921
3.8161103785714	0.90218114847265
3.8161120374344	0.89873317764211
3.8161136962974	0.89684341189868
3.8161153551604	0.8960917129879
3.8161170140234	0.89729933012834
3.8161186728864	0.90014724345078
3.8161203317494	0.90472395487905
3.8161219906124	0.90786161781848
3.8161236494754	0.91006552613014
3.8161253083385	0.91297717529964
3.8161269672015	0.91615569145424
3.8161286260645	0.91863999723952
3.8161302849275	0.92099798958394
3.8161319437905	0.92501237777771
3.8161336026535	0.92909689582959
3.8161352615165	0.93330815626539
3.8161369203795	0.93739227011065
3.8161385792425	0.94098766084254
3.8161402381055	0.94342173744294
3.8161418969685	0.94346377089584
3.8161435558315	0.94153172657061
3.8161452146945	0.93716109429124
3.8161468735575	0.93191125963954
3.8161485324205	0.92599274761495
3.8161501912835	0.92199076995844
3.8161518501465	0.9188546192781
3.8161535090095	0.92232283139002
3.8161551678725	0.92734262508821
3.8161568267356	0.93556032392092
3.8161584855986	0.94377992818591
3.8161601444616	0.9477008186668
3.8161618033246	0.9519594919657
3.8161634621876	0.95782887679927
3.8161651210506	0.96309263262849
3.8161667799136	0.96690760579075
3.8161684387766	0.96989819489001
3.8161700976396	0.9717334093064
3.8161717565026	0.97488046136826
3.8161734153656	0.97915334845632
3.8161750742286	0.9835209155413
3.8161767330916	0.98793725055417
3.8161783919546	0.988816296746
3.8161800508176	0.98870925969591
3.8161817096806	0.9904387085601
3.8161833685436	0.99226496119362
3.8161850274066	0.99048501766318
3.8161866862696	0.98859938657915
3.8161883451327	0.98610936562523
3.8161900039957	0.98557098632113
3.8161916628587	0.99027343228965
3.8161933217217	0.99139677055512
3.8161949805847	0.98701574840322
3.8161966394477	0.98355586865294
3.8161982983107	0.98095711565861
3.8161999571737	0.9787311544155
3.8162016160367	0.97671508632722
3.8162032748997	0.97476069272546
3.8162049337627	0.97282547082618
3.8162065926257	0.96946138104878
3.8162082514887	0.96596068027251
3.8162099103517	0.96741283591312
3.8162115692147	0.96904667812228
3.8162132280777	0.97186592558755
3.8162148869407	0.97476110150203
3.8162165458037	0.97787635154526
3.8162182046667	0.98075616742093
3.8162198635297	0.98325227571406
3.8162215223928	0.98605963204662
3.8162231812558	0.98917312645399
3.8162248401188	0.98898491374648
3.8162264989818	0.98684184393935
3.8162281578448	0.98541219949229
3.8162298167078	0.98421745856348
3.8162314755708	0.98144483119766
3.8162331344338	0.9784529023585
3.8162347932968	0.97835425956381
3.8162364521598	0.97870405460344
3.8162381110228	0.98217759435459
3.8162397698858	0.98343190417487
3.8162414287488	0.97803617584542
3.8162430876118	0.97515842354816
3.8162447464748	0.97647678576838
3.8162464053378	0.97789199411044
3.8162480642008	0.97940405830719
3.8162497230638	0.97986764592121
3.8162513819268	0.97970229380921
3.8162530407899	0.98142239052943
3.8162546996529	0.98377007413899
3.8162563585159	0.98542463213172
3.8162580173789	0.98697798547608
3.8162596762419	0.98608275949955
3.8162613351049	0.98513680679188
3.8162629939679	0.98384135787181
3.8162646528309	0.98250209187836
3.8162663116939	0.981033104793
3.8162679705569	0.98121667530544
3.8162696294199	0.98411477420637
3.8162712882829	0.98438836344204
3.8162729471459	0.98208348779039
3.8162746060089	0.98277840769482
3.8162762648719	0.98523080016233
3.8162779237349	0.9855191677366
3.8162795825979	0.98511246128173
3.8162812414609	0.98113188126727
3.8162829003239	0.97666433264003
3.816284559187	0.97070793722768
3.81628621805	0.96461188396483
3.816287876913	0.95763287006303
3.816289535776	0.95078910234492
3.816291194639	0.94432358742847
3.816292853502	0.93986926911523
3.816294512365	0.93855581252846
3.816296171228	0.94129262801061
3.816297830091	0.94780658705724
3.816299488954	0.95571436222987
3.816301147817	0.96439028376927
3.81630280668	0.97094589466453
3.816304465543	0.97687546133125
3.816306124406	0.9807269921645
3.816307783269	0.9842286948399
3.816309442132	0.98351938946396
3.816311100995	0.98303944528507
3.816312759858	0.98381024526578
3.816314418721	0.98515847601916
3.8163160775841	0.98797052035437
3.8163177364471	0.98964829471171
3.8163193953101	0.98970011498104
3.8163210541731	0.98887290407118
3.8163227130361	0.98729410954908
3.8163243718991	0.98386732651747
3.8163260307621	0.97951958851566
3.8163276896251	0.97369337674676
3.8163293484881	0.96748791074574
3.8163310073511	0.96463539109371
3.8163326662141	0.96207463208667
3.8163343250771	0.95982895205337
3.8163359839401	0.95832273403716
3.8163376428031	0.96013989082615
3.8163393016661	0.96355234378992
3.8163409605291	0.97049987047471
3.8163426193921	0.97615545622979
3.8163442782551	0.98016721970943
3.8163459371181	0.98261661357571
3.8163475959811	0.98388411107888
3.8163492548442	0.98442475599294
3.8163509137072	0.98465197016943
3.8163525725702	0.98556468038767
3.8163542314332	0.98661956393197
3.8163558902962	0.9852437412714
3.8163575491592	0.98345148883154
3.8163592080222	0.97843769824065
3.8163608668852	0.97328396858114
3.8163625257482	0.96762712959436
3.8163641846112	0.96234221191175
3.8163658434742	0.95775512880326
3.8163675023372	0.9539936687978
3.8163691612002	0.95113435974956
3.8163708200632	0.94870823122055
3.8163724789262	0.94656118961972
3.8163741377892	0.94269879901013
3.8163757966522	0.9382293933264
3.8163774555152	0.92957279243208
3.8163791143782	0.92028634310685
3.8163807732413	0.91045836424099
3.8163824321043	0.90025970839127
3.8163840909673	0.88759823238411
3.8163857498303	0.87793886869393
3.8163874086933	0.87674296728527
3.8163890675563	0.88110306259778
3.8163907264193	0.89404621595142
3.8163923852823	0.90955311029208
3.8163940441453	0.92738662277904
3.8163957030083	0.94191017535815
3.8163973618713	0.95469514795012
3.8163990207343	0.96569336017669
3.8164006795973	0.97620851870945
3.8164023384603	0.97942526285345
3.8164039973233	0.98191223046691
3.8164056561863	0.9828051239605
3.8164073150493	0.98288883196189
3.8164089739123	0.9793495837248
3.8164106327753	0.97642718698541
3.8164122916384	0.97484830522466
3.8164139505014	0.97397954625643
3.8164156093644	0.97398971949913
3.8164172682274	0.97264356427402
3.8164189270904	0.9703121690131
3.8164205859534	0.97011677640903
3.8164222448164	0.97078669967115
3.8164239036794	0.97259251151492
3.8164255625424	0.97460778012863
3.8164272214054	0.97448444982801
3.8164288802684	0.97363469984927
3.8164305391314	0.96731111347655
3.8164321979944	0.96281528169007
3.8164338568574	0.96401409549965
3.8164355157204	0.96429171518974
3.8164371745834	0.96304138854216
3.8164388334464	0.96156449702756
3.8164404923094	0.95986941744681
3.8164421511724	0.95888927276073
3.8164438100354	0.95830634666661
3.8164454688985	0.95441990514146
3.8164471277615	0.9495820234969
3.8164487866245	0.94597129305313
3.8164504454875	0.94269334519088
3.8164521043505	0.94402238668503
3.8164537632135	0.94600231732769
3.8164554220765	0.95099022338479
3.8164570809395	0.95555954207238
3.8164587398025	0.95920573810227
3.8164603986655	0.96077823682934
3.8164620575285	0.95977697558159
3.8164637163915	0.96158152648541
3.8164653752545	0.965413260681
3.8164670341175	0.96446600156215
3.8164686929805	0.96161457285845
3.8164703518435	0.96124567730192
3.8164720107065	0.96131591077123
3.8164736695695	0.96466934360184
3.8164753284325	0.96765942251513
3.8164769872956	0.96758757038863
3.8164786461586	0.96720982403277
3.8164803050216	0.96593572565288
3.8164819638846	0.96393868177181
3.8164836227476	0.96080891396918
3.8164852816106	0.95784203097692
3.8164869404736	0.95502257175115
3.8164885993366	0.95460797434602
3.8164902581996	0.95543020127976
3.8164919170626	0.95794784165988
3.8164935759256	0.96090019466502
3.8164952347886	0.96492125622607
3.8164968936516	0.9686996015726
3.8164985525146	0.96804187959789
3.8165002113776	0.96799052135034
3.8165018702406	0.97031256376336
3.8165035291036	0.97178513741354
3.8165051879666	0.97160592818166
3.8165068468296	0.97112820786473
3.8165085056927	0.97032170872347
3.8165101645557	0.97084222817226
3.8165118234187	0.97220312498432
3.8165134822817	0.97441200056813
3.8165151411447	0.97690536737374
3.8165168000077	0.97747185753417
3.8165184588707	0.97775177368859
3.8165201177337	0.97639219545486
3.8165217765967	0.97452821360903
3.8165234354597	0.96999936203644
3.8165250943227	0.96538340435215
3.8165267531857	0.96056048365691
3.8165284120487	0.95841229985259
3.8165300709117	0.95976035855976
3.8165317297747	0.95973745718331
3.8165333886377	0.95868352316516
3.8165350475007	0.95985717186368
3.8165367063637	0.96194859029308
3.8165383652267	0.96653045916709
3.8165400240898	0.97156622371033
3.8165416829528	0.96676474559003
3.8165433418158	0.96084891294584
3.8165450006788	0.94806167774911
3.8165466595418	0.93306254893277
3.8165483184048	0.91174976311919
3.8165499772678	0.88856700286001
3.8165516361308	0.86255109477813
3.8165532949938	0.8421616974478
3.8165549538568	0.82664505394111
3.8165566127198	0.82397306686162
3.8165582715828	0.82750581389993
3.8165599304458	0.84368047672277
3.8165615893088	0.86276598113132
3.8165632481718	0.88815552198535
3.8165649070348	0.91304841612024
3.8165665658978	0.92970897698476
3.8165682247608	0.94447838263145
3.8165698836238	0.9528920139133
3.8165715424868	0.95958774430159
3.8165732013499	0.96333833069051
3.8165748602129	0.967013480392
3.8165765190759	0.97061546166771
3.8165781779389	0.97181745032568
3.8165798368019	0.97170995289678
3.8165814956649	0.96790505264826
3.8165831545279	0.96309634880464
3.8165848133909	0.96243681344254
3.8165864722539	0.9619661824295
3.8165881311169	0.95948030862291
3.8165897899799	0.95652915483532
3.8165914488429	0.9517823231794
3.8165931077059	0.94793881960375
3.8165947665689	0.94580418665924
3.8165964254319	0.94397055920274
3.8165980842949	0.94245527035374
3.8165997431579	0.94265421311865
3.8166014020209	0.94387602166252
3.8166030608839	0.94750810890892
3.816604719747	0.95187338901438
3.81660637861	0.95114780867894
3.816608037473	0.94967567318995
3.816609696336	0.94371538866631
3.816611355199	0.93830384914352
3.816613014062	0.93524851920756
3.816614672925	0.93307199532308
3.816616331788	0.932680898225
3.816617990651	0.93358053925429
3.816619649514	0.93592997974784
3.816621308377	0.93684034118472
3.81662296724	0.93683926511024
3.816624626103	0.93627696156622
3.816626284966	0.93553118858864
3.816627943829	0.92694044903878
3.816629602692	0.91711739152324
3.816631261555	0.8990925028931
3.816632920418	0.88061146219741
3.816634579281	0.86003264221153
3.8166362381441	0.84494397383208
3.8166378970071	0.84149338256729
3.8166395558701	0.84176324331087
3.8166412147331	0.84635530913802
3.8166428735961	0.85790546196238
3.8166445324591	0.87400191373771
3.8166461913221	0.89112127122441
3.8166478501851	0.90858681097865
3.8166495090481	0.92288693444558
3.8166511679111	0.9362982091888
3.8166528267741	0.93481539366387
3.8166544856371	0.93281535768354
3.8166561445001	0.92837618945204
3.8166578033631	0.92393506776198
3.8166594622261	0.91948975363283
3.8166611210891	0.91573270859257
3.8166627799521	0.91278091750606
3.8166644388151	0.91118942772666
3.8166660976781	0.91048980152571
3.8166677565411	0.90110917769135
3.8166694154042	0.88879293566814
3.8166710742672	0.86623267154831
3.8166727331302	0.84242399522394
3.8166743919932	0.81885243014158
3.8166760508562	0.79895227796781
3.8166777097192	0.79601451450151
3.8166793685822	0.7985378781911
3.8166810274452	0.81257289167671
3.8166826863082	0.83268445375871
3.8166843451712	0.85976607559776
3.8166860040342	0.88285447769005
3.8166876628972	0.90338821576484
3.8166893217602	0.92024258716929
3.8166909806232	0.93589700615851
3.8166926394862	0.9418379924281
3.8166942983492	0.94660465880232
3.8166959572122	0.94967202712172
3.8166976160752	0.95186289061273
3.8166992749382	0.95025771036765
3.8167009338013	0.94914139073975
3.8167025926643	0.94900716403583
3.8167042515273	0.94840337496049
3.8167059103903	0.94728530210606
3.8167075692533	0.944712753963
3.8167092281163	0.94125740357649
3.8167108869793	0.9395311937559
3.8167125458423	0.938328824651
3.8167142047053	0.9312943573236
3.8167158635683	0.92327524190245
3.8167175224313	0.90834107895199
3.8167191812943	0.89385475788142
3.8167208401573	0.88111769054779
3.8167224990203	0.8705044688969
3.8167241578833	0.86384315992077
3.8167258167463	0.86047799175901
3.8167274756093	0.86046990117546
3.8167291344723	0.8678309520119
3.8167307933353	0.8793117737025
3.8167324521984	0.89454243549441
3.8167341110614	0.91078472280028
3.8167357699244	0.92075027143349
3.8167374287874	0.93003893885232
3.8167390876504	0.93666918536072
3.8167407465134	0.94180346325331
3.8167424053764	0.94183637675624
3.8167440642394	0.94204076658371
3.8167457231024	0.94253289631899
3.8167473819654	0.94297675086055
3.8167490408284	0.94337608668713
3.8167506996914	0.94264916716445
3.8167523585544	0.94136037947412
3.8167540174174	0.94373234693096
3.8167556762804	0.94693936563713
3.8167573351434	0.94932359827862
3.8167589940064	0.95160008593923
3.8167606528694	0.95326431854451
3.8167623117324	0.95389526598766
3.8167639705954	0.95152803165584
3.8167656294585	0.94914066557075
3.8167672883215	0.94672359182864
3.8167689471845	0.94504842415334
3.8167706060475	0.94397613181028
3.8167722649105	0.94155785728382
3.8167739237735	0.93856159490222
3.8167755826365	0.93785005383357
3.8167772414995	0.93754927209186
3.8167789003625	0.93998135441069
3.8167805592255	0.9421362571014
3.8167822180885	0.94257535211384
3.8167838769515	0.9438309948642
3.8167855358145	0.94706144885478
3.8167871946775	0.94716943081117
3.8167888535405	0.94332080409377
3.8167905124035	0.93936427828309
3.8167921712665	0.93533270188106
3.8167938301295	0.93609183171783
3.8167954889925	0.93854612236137
3.8167971478556	0.93760393143254
3.8167988067186	0.93606873739945
3.8168004655816	0.93026132564482
3.8168021244446	0.92441373724594
3.8168037833076	0.91839030353347
3.8168054421706	0.9110279096251
3.8168071010336	0.90101209063595
3.8168087598966	0.89320569593996
3.8168104187596	0.88774627627586
3.8168120776226	0.88431024182103
3.8168137364856	0.88203963617572
3.8168153953486	0.88088395773757
3.8168170542116	0.88003480263025
3.8168187130746	0.88473036601007
3.8168203719376	0.89013937268089
3.8168220308006	0.89905975500251
3.8168236896636	0.90774533155972
3.8168253485266	0.91566455723366
3.8168270073896	0.92264663279395
3.8168286662527	0.92813080864142
3.8168303251157	0.93133697377057
3.8168319839787	0.93256601427623
3.8168336428417	0.93399209960719
3.8168353017047	0.93550840029679
3.8168369605677	0.93250030841182
3.8168386194307	0.9286092360053
3.8168402782937	0.92801405598874
3.8168419371567	0.92803257022372
3.8168435960197	0.93160832772055
3.8168452548827	0.9350877690541
3.8168469137457	0.93833111833088
3.8168485726087	0.94234568501634
3.8168502314717	0.94733764251835
3.8168518903347	0.94841715350823
3.8168535491977	0.94680552479744
3.8168552080607	0.9439712721004
3.8168568669237	0.94071640305255
3.8168585257867	0.93523918822921
3.8168601846498	0.92965424473246
3.8168618435128	0.92709364194341
3.8168635023758	0.92519539541582
3.8168651612388	0.92595409058261
3.8168668201018	0.92607034171696
3.8168684789648	0.92500203081828
3.8168701378278	0.92830467240131
3.8168717966908	0.93591128064574
3.8168734555538	0.93951173268943
3.8168751144168	0.94101378583349
3.8168767732798	0.9417471200515
3.8168784321428	0.94229871251632
3.8168800910058	0.94360711169199
3.8168817498688	0.94482539806722
3.8168834087318	0.9451090901657
3.8168850675948	0.94540652785014
3.8168867264578	0.94574167676595
3.8168883853208	0.94518449650313
3.8168900441838	0.94339600466656
3.8168917030468	0.94235262413397
3.8168933619099	0.94186363708252
3.8168950207729	0.93680000100455
3.8168966796359	0.93001596868925
3.8168983384989	0.91926926158372
3.8168999973619	0.90790205512096
3.8169016562249	0.89421691782974
3.8169033150879	0.879238624636
3.8169049739509	0.85865734446591
3.8169066328139	0.84097751058092
3.8169082916769	0.82889552237795
3.8169099505399	0.82317232204994
3.8169116094029	0.82392589290559
3.8169132682659	0.83292797412641
3.8169149271289	0.84638082428707
3.8169165859919	0.86177913719213
3.8169182448549	0.8776522579944
3.8169199037179	0.88584414679984
3.8169215625809	0.8931250007396
3.8169232214439	0.89587305245732
3.816924880307	0.89917292351687
3.81692653917	0.90398385032321
3.816928198033	0.90898376374029
3.816929856896	0.91424218094232
3.816931515759	0.91900298266557
3.816933174622	0.92339940507475
3.816934833485	0.92499284898086
3.816936492348	0.92556202363691
3.816938151211	0.9237960486628
3.816939810074	0.92166445041849
3.816941468937	0.91797675219877
3.8169431278	0.91392965049977
3.816944786663	0.90843120185211
3.816946445526	0.90136513964325
3.816948104389	0.89144021424626
3.816949763252	0.88295707587198
3.816951422115	0.87585974292446
3.816953080978	0.87005801756678
3.816954739841	0.86490654923925
3.8169563987041	0.86714048566114
3.8169580575671	0.87097494216104
3.8169597164301	0.87387544972468
3.8169613752931	0.8766689517347
3.8169630341561	0.87890811935386
3.8169646930191	0.8772839837077
3.8169663518821	0.86624085959831
3.8169680107451	0.8561406983622
3.8169696696081	0.84720498137841
3.8169713284711	0.83571287984707
3.8169729873341	0.8225459630994
3.8169746461971	0.81107039592444
3.8169763050601	0.8001258084876
3.8169779639231	0.79931369001968
3.8169796227861	0.7999896199553
3.8169812816491	0.80784148843997
3.8169829405121	0.81605992038181
3.8169845993751	0.82548858079039
3.8169862582381	0.83583425165305
3.8169879171011	0.84761481981052
3.8169895759642	0.85606469159058
3.8169912348272	0.86176134978936
3.8169928936902	0.86706364901629
3.8169945525532	0.87220105309436
3.8169962114162	0.87452878161849
3.8169978702792	0.87638384244108
3.8169995291422	0.87699733597938
3.8170011880052	0.87753822889064
3.8170028468682	0.8777461846782
3.8170045057312	0.876979270621
3.8170061645942	0.87429688594451
3.8170078234572	0.87347099312435
3.8170094823202	0.87453424970922
3.8170111411832	0.87309202214847
3.8170128000462	0.87032501502653
3.8170144589092	0.86913159159902
3.8170161177722	0.8683006149764
3.8170177766352	0.86619617887087
3.8170194354982	0.86424326074146
3.8170210943613	0.86354797950161
3.8170227532243	0.86258341308343
3.8170244120873	0.86095804085531
3.8170260709503	0.85911248449349
3.8170277298133	0.85699641463555
3.8170293886763	0.85581185647708
3.8170310475393	0.85522777731507
3.8170327064023	0.85835288256892
3.8170343652653	0.86260138962116
3.8170360241283	0.85895368279922
3.8170376829913	0.85466639400402
3.8170393418543	0.85018023954868
3.8170410007173	0.84660186596341
3.8170426595803	0.84579480659501
3.8170443184433	0.84277395786551
3.8170459773063	0.83652396065044
3.8170476361693	0.83145326466035
3.8170492950323	0.82728358167218
3.8170509538953	0.82342246578019
3.8170526127584	0.81967711787768
3.8170542716214	0.81310535645358
3.8170559304844	0.80613611768886
3.8170575893474	0.79838701768892
3.8170592482104	0.79063322446737
3.8170609070734	0.78286164832798
3.8170625659364	0.77527063766048
3.8170642247994	0.76798751038058
3.8170658836624	0.759635010952
3.8170675425254	0.75033658081766
3.8170692013884	0.74076593898615
3.8170708602514	0.73107397639743
3.8170725191144	0.71896043229802
3.8170741779774	0.70641116811638
3.8170758368404	0.69260189600232
3.8170774957034	0.67796843042338
3.8170791545664	0.65947227649713
3.8170808134294	0.64160982534191
3.8170824722924	0.62499148207912
3.8170841311554	0.6083497242412
3.8170857900185	0.5916844823455
3.8170874488815	0.57493174827925
3.8170891077445	0.55813417949323
3.8170907666075	0.5434705160588
3.8170924254705	0.52926503671769
3.8170940843335	0.51801027404638
3.8170957431965	0.50719950862678
3.8170974020595	0.49869741236057
3.8170990609225	0.48993301451408
3.8171007197855	0.48058543661846
3.8171023786485	0.47181646540817
3.8171040375115	0.46369250701315
3.8171056963745	0.4569270308785
3.8171073552375	0.45094045164083
3.8171090141005	0.44513608778368
3.8171106729635	0.43937771308484
3.8171123318265	0.43395615397813
3.8171139906895	0.42871743033786
3.8171156495525	0.4246683460046
3.8171173084156	0.42042432513241
3.8171189672786	0.41569814674955
3.8171206261416	0.4109336746474
3.8171222850046	0.40612264850819
3.8171239438676	0.40159845187711
3.8171256027306	0.39725387878521
3.8171272615936	0.39371430094492
3.8171289204566	0.39040362580305
3.8171305793196	0.38645411414671
3.8171322381826	0.38258459573987
3.8171338970456	0.37971457681486
3.8171355559086	0.37673016123894
3.8171372147716	0.37343728972935
3.8171388736346	0.37020254714016
3.8171405324976	0.36704338162523
3.8171421913606	0.36487476988769
3.8171438502236	0.36336889577664
3.8171455090866	0.36398164792929
3.8171471679496	0.36525007342548
3.8171488268127	0.36493633197537
3.8171504856757	0.36478604692266
3.8171521445387	0.3674180830133
3.8171538034017	0.3698620365906
3.8171554622647	0.37176512843528
3.8171571211277	0.37428235310293
3.8171587799907	0.37763691257209
3.8171604388537	0.38230539830172
3.8171620977167	0.38789340404561
3.8171637565797	0.39436045533126
3.8171654154427	0.40111484282902
3.8171670743057	0.41208089159446
3.8171687331687	0.42360691777181
3.8171703920317	0.43717979540504
3.8171720508947	0.45142659307557
3.8171737097577	0.46769003362411
3.8171753686207	0.48182228864293
3.8171770274837	0.4929671378365
3.8171786863467	0.50362671278604
3.8171803452098	0.51393835922598
3.8171820040728	0.52070389143906
3.8171836629358	0.52627836346489
3.8171853217988	0.53391050516094
3.8171869806618	0.54162792438539
3.8171886395248	0.54814514146862
3.8171902983878	0.55378911538716
3.8171919572508	0.55678320426816
3.8171936161138	0.55834127771152
3.8171952749768	0.5578715934639
3.8171969338398	0.55706629025502
3.8171985927028	0.55601938059845
3.8172002515658	0.55258939914993
3.8172019104288	0.54835835631355
3.8172035692918	0.54578252349148
3.8172052281548	0.54382929462088
3.8172068870178	0.54708202094993
3.8172085458808	0.55068391750824
3.8172102047438	0.55533235381677
3.8172118636068	0.56245372949019
3.8172135224699	0.57302211614912
3.8172151813329	0.58149964881712
3.8172168401959	0.58849623504063
3.8172184990589	0.59600369282169
3.8172201579219	0.60367854814055
3.8172218167849	0.60942477096578
3.8172234756479	0.61507602300209
3.8172251345109	0.62144413935064
3.8172267933739	0.62763599921449
3.8172284522369	0.63331940127332
3.8172301110999	0.63764421047655
3.8172317699629	0.64013667989635
3.8172334288259	0.64332661385868
3.8172350876889	0.6469927725377
3.8172367465519	0.64937385231662
3.8172384054149	0.65135555657121
3.8172400642779	0.65456364216046
3.8172417231409	0.65799260753884
3.8172433820039	0.66259231205936
3.817245040867	0.66734011879822
3.81724669973	0.67248919213705
3.817248358593	0.67658936554741
3.817250017456	0.67934789969798
3.817251676319	0.68376085716558
3.817253335182	0.68924008472739
3.817254994045	0.6936848377089
3.817256652908	0.69783361781813
3.817258311771	0.70233249328901
3.817259970634	0.70692865906518
3.817261629497	0.71211249241985
3.81726328836	0.71699949677716
3.817264947223	0.72114808464022
3.817266606086	0.72523195874611
3.817268264949	0.72923884892418
3.817269923812	0.73273168284496
3.817271582675	0.73591851692465
3.817273241538	0.7403942358466
3.817274900401	0.74519795756626
3.8172765592641	0.75003860804787
3.8172782181271	0.75467473985144
3.8172798769901	0.75802633450549
3.8172815358531	0.76120191142246
3.8172831947161	0.76398347661975
3.8172848535791	0.76571445196435
3.8172865124421	0.76630546800978
3.8172881713051	0.76630746794052
3.8172898301681	0.76599306809137
3.8172914890311	0.76382800761814
3.8172931478941	0.76126128143461
3.8172948067571	0.75682433849168
3.8172964656201	0.75289712286998
3.8172981244831	0.75163159368522
3.8172997833461	0.75019376996355
3.8173014422091	0.74841511875183
3.8173031010721	0.75101394607356
3.8173047599351	0.75786213970542
3.8173064187981	0.76570416585576
3.8173080776611	0.77401558670241
3.8173097365242	0.78451869335877
3.8173113953872	0.79550124168056
3.8173130542502	0.81053476051276
3.8173147131132	0.82437626710915
3.8173163719762	0.83330885501489
3.8173180308392	0.8400148971284
3.8173196897022	0.84289202403335
3.8173213485652	0.84629395308095
3.8173230074282	0.85014262163427
3.8173246662912	0.85017525799773
3.8173263251542	0.84867026649934
3.8173279840172	0.84668923999615
3.8173296428802	0.84499720383909
3.8173313017432	0.84895508397185
3.8173329606062	0.85312448235467
3.8173346194692	0.85865430589848
3.8173362783322	0.86421340288069
3.8173379371952	0.86875213483381
3.8173395960582	0.87321034713773
3.8173412549213	0.87724538840539
3.8173429137843	0.88123154809804
3.8173445726473	0.88346178298339
3.8173462315103	0.88542072313866
3.8173478903733	0.89003924813495
3.8173495492363	0.89517953060933
3.8173512080993	0.89744910906884
3.8173528669623	0.89902750515381
3.8173545258253	0.90232181881866
3.8173561846883	0.90611132997516
3.8173578435513	0.90636561102385
3.8173595024143	0.90541765875486
3.8173611612773	0.90623540509598
3.8173628201403	0.90775148048069
3.8173644790033	0.90989459670653
3.8173661378663	0.91232338471282
3.8173677967293	0.91226256328083
3.8173694555923	0.91090545294834
3.8173711144553	0.91117352071521
3.8173727733184	0.91240308356679
3.8173744321814	0.91158914048272
3.8173760910444	0.90940781457842
3.8173777499074	0.90826095888997
3.8173794087704	0.90789426597862
3.8173810676334	0.90559490196448
3.8173827264964	0.90165663344285
3.8173843853594	0.90048628706561
3.8173860442224	0.90195078972209
3.8173877030854	0.90509756945263
3.8173893619484	0.91004043686136
3.8173910208114	0.91358761261202
3.8173926796744	0.91546343440089
3.8173943385374	0.91569178660569
3.8173959974004	0.91370589588069
3.8173976562634	0.91213099825041
3.8173993151264	0.91117695669702
3.8174009739894	0.91184812771296
3.8174026328524	0.9152854393889
3.8174042917155	0.91817225156125
3.8174059505785	0.92000017632879
3.8174076094415	0.92155214946616
3.8174092683045	0.92250145055114
3.8174109271675	0.92328036460133
3.8174125860305	0.92363445824138
3.8174142448935	0.92374563602449
3.8174159037565	0.92316020817504
3.8174175626195	0.92277208899752
3.8174192214825	0.92304090068081
3.8174208803455	0.92288433664629
3.8174225392085	0.92106320093592
3.8174241980715	0.91989585945111
3.8174258569345	0.92178466141718
3.8174275157975	0.92315315550787
3.8174291746605	0.92155035396009
3.8174308335235	0.92030422628248
3.8174324923865	0.92162639013293
3.8174341512495	0.92341258088634
3.8174358101125	0.92962124519004
3.8174374689756	0.93557877643742
3.8174391278386	0.93810059789332
3.8174407867016	0.94076716434333
3.8174424455646	0.94678470794779
3.8174441044276	0.95264892176076
3.8174457632906	0.94832862044367
3.8174474221536	0.94400831912657
3.8174490810166	0.94800829114648
3.8174507398796	0.95210631249505
3.8174523987426	0.9499360386845
3.8174540576056	0.9475182223592
3.8174557164686	0.94692975753808
3.8174573753316	0.94646679303232
3.8174590341946	0.94605095697565
3.8174606930576	0.94563979749591
3.8174623519206	0.94821073663294
3.8174640107836	0.95117394808456
3.8174656696466	0.95210828376539
3.8174673285096	0.95270658151575
3.8174689873727	0.95090322775243
3.8174706462357	0.94861547903413
3.8174723050987	0.95141611264749
3.8174739639617	0.95543689446937
3.8174756228247	0.9570910371086
3.8174772816877	0.95808198111146
3.8174789405507	0.95461427643773
3.8174805994137	0.94970573719126
3.8174822582767	0.94570456139136
3.8174839171397	0.94203809547179
3.8174855760027	0.94165227347276
3.8174872348657	0.94263648284188
3.8174888937287	0.93829106919669
3.8174905525917	0.93144262825519
3.8174922114547	0.93507868575912
3.8174938703177	0.94422255305436
3.8174955291807	0.94773104958401
3.8174971880437	0.94794195441864
3.8174988469067	0.94899823261851
3.8175005057698	0.95060358740684
3.8175021646328	0.95138679096249
3.8175038234958	0.95157894863333
3.8175054823588	0.95213651078371
3.8175071412218	0.95298423466282
3.8175088000848	0.95253528679127
3.8175104589478	0.95095088580842
3.8175121178108	0.94966521611595
3.8175137766738	0.94866767346521
3.8175154355368	0.94911363521411
3.8175170943998	0.95109201508175
3.8175187532628	0.95107576895838
3.8175204121258	0.94872912718191
3.8175220709888	0.94469635763493
3.8175237298518	0.93849517946148
3.8175253887148	0.93052918305409
3.8175270475778	0.92006301742709
3.8175287064408	0.91207027927636
3.8175303653038	0.90794104449403
3.8175320241668	0.9034767301969
3.8175336830299	0.8984343282711
3.8175353418929	0.89054187274054
3.8175370007559	0.87720720017384
3.8175386596189	0.86004131092801
3.8175403184819	0.83475474927354
3.8175419773449	0.80894515797086
3.8175436362079	0.78190099482719
3.8175452950709	0.7580745316999
3.8175469539339	0.74274365872321
3.8175486127969	0.7342603136548
3.8175502716599	0.74611037204971
3.8175519305229	0.76201455989425
3.8175535893859	0.79154369847081
3.8175552482489	0.82029617513494
3.8175569071119	0.84606982505817
3.8175585659749	0.87014382572674
3.8175602248379	0.88670186705764
3.8175618837009	0.90295064320678
3.8175635425639	0.91760142182302
3.817565201427	0.93139104720616
3.81756686029	0.9398910054875
3.817568519153	0.94790203359649
3.817570178016	0.95225838649888
3.817571836879	0.95614203758027
3.817573495742	0.95558063986353
3.817575154605	0.95514610173376
3.817576813468	0.95629021991403
3.817578472331	0.95692019484568
3.817580131194	0.94831523750775
3.817581790057	0.93994116580106
3.81758344892	0.93872963754274
3.817585107783	0.93736893776775
3.817586766646	0.92095853382715
3.817588425509	0.90454812988656
3.817590084372	0.89690175467225
3.817591743235	0.88935701599327
3.817593402098	0.88381262216501
3.817595060961	0.87833565339816
3.8175967198241	0.87970401250011
3.8175983786871	0.88146018396678
3.8176000375501	0.88905360643834
3.8176016964131	0.89711683754723
3.8176033552761	0.9003064047896
3.8176050141391	0.90298278075631
3.8176066730021	0.90759542534127
3.8176083318651	0.91246192791479
3.8176099907281	0.91243828554476
3.8176116495911	0.91164189779354
3.8176133084541	0.90990977204391
3.8176149673171	0.9080035981049
3.8176166261801	0.90988231358752
3.8176182850431	0.91257563520407
3.8176199439061	0.91065357645174
3.8176216027691	0.9075971515435
3.8176232616321	0.90541053719261
3.8176249204951	0.90346540277989
3.8176265793581	0.89286719551673
3.8176282382211	0.87957810279997
3.8176298970842	0.87820334169525
3.8176315559472	0.88094937346059
3.8176332148102	0.87912433064315
3.8176348736732	0.87555125095922
3.8176365325362	0.87239205740749
3.8176381913992	0.86940702895578
3.8176398502622	0.86663878603917
3.8176415091252	0.86397050313316
3.8176431679882	0.86247746115328
3.8176448268512	0.86157608776563
3.8176464857142	0.86020339724467
3.8176481445772	0.85857242878369
3.8176498034402	0.85996977762193
3.8176514623032	0.86316902760094
3.8176531211662	0.86398898040439
3.8176547800292	0.86327518140911
3.8176564388922	0.8716574645917
3.8176580977552	0.88637995388515
3.8176597566182	0.89501001509583
3.8176614154813	0.89905500734388
3.8176630743443	0.90166672171124
3.8176647332073	0.90311538660768
3.8176663920703	0.90570868735162
3.8176680509333	0.90930235004273
3.8176697097963	0.90335726098698
3.8176713686593	0.88844184129106
3.8176730275223	0.88491808233015
3.8176746863853	0.89291542703638
3.8176763452483	0.90009006460517
3.8176780041113	0.90637032567167
3.8176796629743	0.91447840438403
3.8176813218373	0.92472166502055
3.8176829807003	0.93331664358434
3.8176846395633	0.93984258602849
3.8176862984263	0.94535676070997
3.8176879572893	0.94950635961433
3.8176896161523	0.95174407364622
3.8176912750153	0.95121023120031
3.8176929338784	0.95019053746197
3.8176945927414	0.94841338695968
3.8176962516044	0.94610887240633
3.8176979104674	0.94291976534414
3.8176995693304	0.94363234808774
3.8177012281934	0.95139320996229
3.8177028870564	0.95731412123177
3.8177045459194	0.95965181071042
3.8177062047824	0.95990531355792
3.8177078636454	0.95577693809082
3.8177095225084	0.95325393442534
3.8177111813714	0.95437954753194
3.8177128402344	0.95530119133097
3.8177144990974	0.95572072104758
3.8177161579604	0.95580626623004
3.8177178168234	0.95499940207569
3.8177194756864	0.95353616676028
3.8177211345494	0.95016417120156
3.8177227934124	0.94667805133591
3.8177244522755	0.94282968160913
3.8177261111385	0.94112269589698
3.8177277700015	0.94686017160197
3.8177294288645	0.95277093527462
3.8177310877275	0.95934415069719
3.8177327465905	0.96161583435108
3.8177344054535	0.94571952002512
3.8177360643165	0.93237060143666
3.8177377231795	0.93097901023578
3.8177393820425	0.93109357116806
3.8177410409055	0.93911854465297
3.8177426997685	0.94529054511589
3.8177443586315	0.94048010508108
3.8177460174945	0.93679019467204
3.8177476763575	0.9406689966985
3.8177493352205	0.94420845196786
3.8177509940835	0.94510117709672
3.8177526529465	0.94617465439798
3.8177543118095	0.94890307828599
3.8177559706725	0.95150683389963
3.8177576295356	0.95274011648031
3.8177592883986	0.95383149496618
3.8177609472616	0.95299120177228
3.8177626061246	0.95202029044388
3.8177642649876	0.94874588616063
3.8177659238506	0.94527485123004
3.8177675827136	0.93695137454318
3.8177692415766	0.92841892591759
3.8177709004396	0.91153141820326
3.8177725593026	0.89462861553907
3.8177742181656	0.87620446474737
3.8177758770286	0.85778031395566
3.8177775358916	0.83310529295501
3.8177791947546	0.80840290406413
3.8177808536176	0.77611502672078
3.8177825124806	0.74368388273284
3.8177841713436	0.74039337715475
3.8177858302066	0.73808547194923
3.8177874890696	0.75828271303411
3.8177891479327	0.77957913398849
3.8177908067957	0.81097546821204
3.8177924656587	0.84302081667977
3.8177941245217	0.87003866341115
3.8177957833847	0.89665440995187
3.8177974422477	0.91690933662994
3.8177991011107	0.9365532560399
3.8178007599737	0.9418635243843
3.8178024188367	0.94556190699846
3.8178040776997	0.95375630610342
3.8178057365627	0.96253148838699
3.8178073954257	0.97808331024665
3.8178090542887	0.99462610037404
3.8178107131517	0.9842704587329
3.8178123720147	0.96951200104483
3.8178140308777	0.97425057494978
3.8178156897407	0.98252755052034
3.8178173486037	0.98023135655431
3.8178190074667	0.97582429197417
3.8178206663298	0.96457681806508
3.8178223251928	0.95183696727902
3.8178239840558	0.9539887906078
3.8178256429188	0.95967192023785
3.8178273017818	0.96292222659107
3.8178289606448	0.96554855816383
3.8178306195078	0.96720226202408
3.8178322783708	0.96858730120664
3.8178339372338	0.96897798909366
3.8178355960968	0.96907391151207
3.8178372549598	0.96876979791286
3.8178389138228	0.9683388721712
3.8178405726858	0.96316679622173
3.8178422315488	0.95639194556497
3.8178438904118	0.9572452274426
3.8178455492748	0.96084172798729
3.8178472081378	0.95637713722995
3.8178488670008	0.9488368056055
3.8178505258638	0.94248480474854
3.8178521847268	0.93661291454581
3.8178538435899	0.94236595977547
3.8178555024529	0.95308234376047
3.8178571613159	0.94656463926842
3.8178588201789	0.93228523018676
3.8178604790419	0.92982148432788
3.8178621379049	0.93296257832212
3.8178637967679	0.93505739943577
3.8178654556309	0.9366302895482
3.8178671144939	0.92773227000062
3.8178687733569	0.91334903260866
3.8178704322199	0.88801866845878
3.8178720910829	0.85667414166357
3.8178737499459	0.82248305791545
3.8178754088089	0.78665364857202
3.8178770676719	0.76614404690011
3.8178787265349	0.75486098995427
3.8178803853979	0.75277588626211
3.8178820442609	0.75648127909193
3.8178837031239	0.78044864400363
3.817885361987	0.81773614042375
3.81788702085	0.84821611783858
3.817888679713	0.87402649220205
3.817890338576	0.89669103930575
3.817891997439	0.91710599210015
3.817893656302	0.93188708416813
3.817895315165	0.94247164871568
3.817896974028	0.94822578940318
3.817898632891	0.95023502615189
3.817900291754	0.95401889885079
3.817901950617	0.95923390985014
3.81790360948	0.95846329378403
3.817905268343	0.95267513880151
3.817906927206	0.94735180092497
3.817908586069	0.94243320618085
3.817910244932	0.93870913095447
3.817911903795	0.93606481949288
3.817913562658	0.92920774945799
3.817915221521	0.91839934026938
3.8179168803841	0.90981690773854
3.8179185392471	0.90339962173456
3.8179201981101	0.89146642901417
3.8179218569731	0.87397252544765
3.8179235158361	0.85023119610502
3.8179251746991	0.81996563952187
3.8179268335621	0.7889819984089
3.8179284924251	0.75722181615139
3.8179301512881	0.73413358295843
3.8179318101511	0.72075161733246
3.8179334690141	0.71976848839551
3.8179351278771	0.73314212470019
3.8179367867401	0.75534445906349
3.8179384456031	0.78811941539784
3.8179401044661	0.81949062190554
3.8179417633291	0.84912433342418
3.8179434221921	0.8720960135453
3.8179450810551	0.88654707227528
3.8179467399181	0.90012187230982
3.8179483987812	0.91253910524017
3.8179500576442	0.918606142935
3.8179517165072	0.91601066136892
3.8179533753702	0.91140674471023
3.8179550342332	0.90397478274296
3.8179566930962	0.90720633698654
3.8179583519592	0.92592822304279
3.8179600108222	0.9374118165862
3.8179616696852	0.93804848783026
3.8179633285482	0.93725207132683
3.8179649874112	0.9342414403033
3.8179666462742	0.93291392716301
3.8179683051372	0.93426713304178
3.8179699640002	0.93361294893182
3.8179716228632	0.92966417242206
3.8179732817262	0.9287892315894
3.8179749405892	0.93311100312345
3.8179765994522	0.93315992040168
3.8179782583152	0.9257702531425
3.8179799171782	0.92132826422225
3.8179815760413	0.9221694940001
3.8179832349043	0.92085941886028
3.8179848937673	0.91558094541208
3.8179865526303	0.91192602817114
3.8179882114933	0.91135234002501
3.8179898703563	0.91261245721353
3.8179915292193	0.91745190286431
3.8179931880823	0.921798457985
3.8179948469453	0.92515574056804
3.8179965058083	0.92464152340551
3.8179981646713	0.91613982412922
3.8179998235343	0.9081080886003
3.8180014823973	0.90107269153429
3.8180031412603	0.89339216584284
3.8180048001233	0.88430647980494
3.8180064589863	0.87633093319624
3.8180081178493	0.87083827790668
3.8180097767123	0.86920645306233
3.8180114355753	0.87643973307702
3.8180130944384	0.88462899623312
3.8180147533014	0.89507102415649
3.8180164121644	0.90296853285334
3.8180180710274	0.90471351073621
3.8180197298904	0.90747845007926
3.8180213887534	0.91277248196198
3.8180230476164	0.91688627029046
3.8180247064794	0.91799951319776
3.8180263653424	0.91832755398364
3.8180280242054	0.9166096927342
3.8180296830684	0.91615894213076
3.8180313419314	0.91909051843779
3.8180330007944	0.92064356367047
3.8180346596574	0.91842764782736
3.8180363185204	0.92157255147223
3.8180379773834	0.93972313013032
3.8180396362464	0.95389997668064
3.8180412951094	0.95669394277501
3.8180429539724	0.95443745745878
3.8180446128355	0.93738248002438
3.8180462716985	0.92464306907077
3.8180479305615	0.92483517625642
3.8180495894245	0.92853779627673
3.8180512482875	0.94299271325992
3.8180529071505	0.95265830146787
3.8180545660135	0.94733696530706
3.8180562248765	0.94203472101002
3.8180578837395	0.93679348305138
3.8180595426025	0.93521326698152
3.8180612014655	0.94557537142675
3.8180628603285	0.95463389282637
3.8180645191915	0.95935473613809
3.8180661780545	0.96316416020448
3.8180678369175	0.96388095574735
3.8180694957805	0.96502027799049
3.8180711546435	0.96762113465097
3.8180728135065	0.97139964774532
3.8180744723695	0.97932739460195
3.8180761312325	0.98462456216214
3.8180777900956	0.98048468188965
3.8180794489586	0.97384510438313
3.8180811078216	0.95808034648111
3.8180827666846	0.94737726255502
3.8180844255476	0.95546489671184
3.8180860844106	0.96145048561008
3.8180877432736	0.95950550640653
3.8180894021366	0.95807253783473
3.8180910609996	0.95860188742589
3.8180927198626	0.95830246058975
3.8180943787256	0.95477855303345
3.8180960375886	0.95228159777696
3.8180976964516	0.95383786428173
3.8180993553146	0.95540883705
3.8181010141776	0.95703866382675
3.8181026730406	0.95854090702381
3.8181043319036	0.95952594250371
3.8181059907666	0.95973276369383
3.8181076496296	0.95674548755522
3.8181093084927	0.95530128974385
3.8181109673557	0.96026449969458
3.8181126262187	0.96442503647022
3.8181142850817	0.96521542224411
3.8181159439447	0.96542457617862
3.8181176028077	0.96316872221494
3.8181192616707	0.96213121666052
3.8181209205337	0.96630994897209
3.8181225793967	0.96905603534011
3.8181242382597	0.96561508264727
3.8181258971227	0.96390328342494
3.8181275559857	0.96971759986723
3.8181292148487	0.97341248158214
3.8181308737117	0.96781566914789
3.8181325325747	0.96307282772009
3.8181341914377	0.96209773029423
3.8181358503007	0.96156909205175
3.8181375091637	0.96302109036249
3.8181391680267	0.96362669527621
3.8181408268898	0.96046007616233
3.8181424857528	0.96005175367104
3.8181441446158	0.97198250076573
3.8181458034788	0.98280164442141
3.8181474623418	0.98863269159605
3.8181491212048	0.99028978039179
3.8181507800678	0.97317592455653
3.8181524389308	0.95994710473125
3.8181540977938	0.9642124821428
3.8181557566568	0.96783488951368
3.8181574155198	0.96856090308518
3.8181590743828	0.96859577018297
3.8181607332458	0.9655180054262
3.8181623921088	0.96310877615601
3.8181640509718	0.96370686787341
3.8181657098348	0.96442258925636
3.8181673686978	0.96566636372798
3.8181690275608	0.96662144052701
3.8181706864238	0.96628435015151
3.8181723452868	0.96613386289707
3.8181740041499	0.96681559156824
3.8181756630129	0.96630757975415
3.8181773218759	0.96051724769619
3.8181789807389	0.95436987323198
3.8181806396019	0.94664574234121
3.8181822984649	0.94341386279489
3.8181839573279	0.95989722078738
3.8181856161909	0.96800907144455
3.8181872750539	0.93964048114699
3.8181889339169	0.9190372027977
3.8181905927799	0.93201366511975
3.8181922516429	0.94266706089888
3.8181939105059	0.94336005947229
3.8181955693689	0.94451534891657
3.8181972282319	0.94763430277563
3.8181988870949	0.95065281132053
3.8182005459579	0.95324897697482
3.8182022048209	0.95651284561098
3.8182038636839	0.96255429188454
3.818205522547	0.96746206763821
3.81820718141	0.96770780570784
3.818208840273	0.96838087972126
3.818210499136	0.97078987568725
3.818212157999	0.97189629291924
3.818213816862	0.96777983267571
3.818215475725	0.96355653313854
3.818217134588	0.9589105940747
3.818218793451	0.95612051552942
3.818220452314	0.96056643120092
3.818222111177	0.9638375414533
3.81822377004	0.96259597020596
3.818225428903	0.95988195393269
3.818227087766	0.95159824834827
3.818228746629	0.94584939671913
3.818230405492	0.94953405572768
3.818232064355	0.95461913342255
3.818233723218	0.96482961658985
3.818235382081	0.97817697047329
3.8182370409441	1.0028077720176
3.8182386998071	1.0156219491344
3.8182403586701	0.98668709487594
3.8182420175331	0.96281738156601
3.8182436763961	0.95651448542816
3.8182453352591	0.95330328569199
3.8182469941221	0.96061398150067
3.8182486529851	0.9662992881157
3.8182503118481	0.96656075457333
3.8182519707111	0.96634861807296
3.8182536295741	0.9645873925602
3.8182552884371	0.96227645354512
3.8182569473001	0.95820363951229
3.8182586061631	0.95443064541646
3.8182602650261	0.95159857763472
3.8182619238891	0.94777932451078
3.8182635827521	0.94092739273203
3.8182652416151	0.93624468452866
3.8182669004781	0.93808204398815
3.8182685593412	0.93563006549877
3.8182702182042	0.92056991767097
3.8182718770672	0.90973153297032
3.8182735359302	0.91102339472642
3.8182751947932	0.91373073308502
3.8182768536562	0.92041261738646
3.8182785125192	0.92816315280893
3.8182801713822	0.93884425099949
3.8182818302452	0.94295155009371
3.8182834891082	0.92945670075234
3.8182851479712	0.92773028756196
3.8182868068342	0.95676542037174
3.8182884656972	0.97777082098781
3.8182901245602	0.97829915858618
3.8182917834232	0.98047883994534
3.8182934422862	0.9867661806448
3.8182951011492	0.98994364484641
3.8182967600122	0.98557850627269
3.8182984188752	0.98207922162023
3.8183000777382	0.98062675125606
3.8183017366013	0.97740816580338
3.8183033954643	0.970121903415
3.8183050543273	0.96423575420879
3.8183067131903	0.96149088174946
3.8183083720533	0.95536146256641
3.8183100309163	0.94183903881458
3.8183116897793	0.92826106841841
3.8183133486423	0.91456498954142
3.8183150075053	0.90448526775262
3.8183166663683	0.9018893503028
3.8183183252313	0.90457357130673
3.8183199840943	0.91788680684271
3.8183216429573	0.92003960856978
3.8183233018203	0.90034238308783
3.8183249606833	0.88816985831226
3.8183266195463	0.89031775728393
3.8183282784093	0.88532296381833
3.8183299372723	0.86711439175031
3.8183315961353	0.85415421741166
3.8183332549984	0.85062734467173
3.8183349138614	0.84061625086979
3.8183365727244	0.81928593492806
3.8183382315874	0.80546098980232
3.8183398904504	0.80435865258544
3.8183415493134	0.80840004381005
3.8183432081764	0.8209054157977
3.8183448670394	0.83985707459496
3.8183465259024	0.86910180846611
3.8183481847654	0.89478228055368
3.8183498436284	0.91494212292018
3.8183515024914	0.93352759222523
3.8183531613544	0.9497480961913
3.8183548202174	0.95438662825971
3.8183564790804	0.94215819276489
3.8183581379434	0.93288360699039
3.8183597968064	0.92777787547367
3.8183614556694	0.92783500126492
3.8183631145324	0.93495083796947
3.8183647733955	0.93855249086141
3.8183664322585	0.93750078502055
3.8183680911215	0.93864244061789
3.8183697499845	0.94259543609238
3.8183714088475	0.94401937630545
3.8183730677105	0.94230632941772
3.8183747265735	0.94033348777225
3.8183763854365	0.93804893630382
3.8183780442995	0.93760560225199
3.8183797031625	0.93929825921773
3.8183813620255	0.94196553035514
3.8183830208885	0.94572568200358
3.8183846797515	0.94877173501146
3.8183863386145	0.95104414889667
3.8183879974775	0.95060545437424
3.8183896563405	0.94733044627634
3.8183913152035	0.94459688600971
3.8183929740665	0.94241005143706
3.8183946329295	0.93707801981157
3.8183962917925	0.92868236563156
3.8183979506556	0.91916810495789
3.8183996095186	0.9086031721125
3.8184012683816	0.90288863738043
3.8184029272446	0.90156393915906
3.8184045861076	0.90316512631353
3.8184062449706	0.90731674815602
3.8184079038336	0.91252960249652
3.8184095626966	0.91863298059588
3.8184112215596	0.92341253621234
3.8184128804226	0.9271235746526
3.8184145392856	0.93063843554422
3.8184161981486	0.93400107339939
3.8184178570116	0.93737096241873
3.8184195158746	0.94074625553765
3.8184211747376	0.9418633971803
3.8184228336006	0.94136487344905
3.8184244924636	0.94212024584317
3.8184261513266	0.9437360342322
3.8184278101896	0.94435668391198
3.8184294690527	0.94432300958147
3.8184311279157	0.93959287522251
3.8184327867787	0.93190606428917
3.8184344456417	0.92715148445929
3.8184361045047	0.92416260940645
3.8184377633677	0.92752282334754
3.8184394222307	0.93453604459485
3.8184410810937	0.9423059545521
3.8184427399567	0.95049136791783
3.8184443988197	0.94185523133309
3.8184460576827	0.92441307258485
3.8184477165457	0.93335532581078
3.8184493754087	0.95544565532638
3.8184510342717	0.9621014113526
3.8184526931347	0.9614447157756
3.8184543519977	0.96908839872907
3.8184560108607	0.98046495905355
3.8184576697237	0.98436357612754
3.8184593285867	0.98507467342731
3.8184609874498	0.97766919223716
3.8184626463128	0.96699116080634
3.8184643051758	0.96695140460709
3.8184659640388	0.97096146957821
3.8184676229018	0.96415364535825
3.8184692817648	0.95346612241991
3.8184709406278	0.95616399740555
3.8184725994908	0.9633733316335
3.8184742583538	0.96050853689157
3.8184759172168	0.95446140236672
3.8184775760798	0.95335138965389
3.8184792349428	0.95369901900747
3.8184808938058	0.96201792862901
3.8184825526688	0.97252901906526
3.8184842115318	0.97685306828696
