3.8159144963121	1.00076
3.8159161551751	1.002289388601
3.8159178140382	1.0036554058956
3.8159194729012	1.0037131115448
3.8159211317642	1.0038162106413
3.8159227906272	1.0040782869461
3.8159244494902	1.0039231142053
3.8159261083532	1.0029335076011
3.8159277672162	1.0010800938487
3.8159294260792	0.99814813051827
3.8159310849422	0.99617777220055
3.8159327438052	0.99497461308264
3.8159344026682	0.99488024176885
3.8159360615312	0.99533728393101
3.8159377203942	0.99120927027495
3.8159393792572	0.98578528417417
3.8159410381202	0.98255349105477
3.8159426969832	0.97958943730072
3.8159443558462	0.97691758314682
3.8159460147092	0.97417303602877
3.8159476735722	0.97087317280265
3.8159493324353	0.96659734845884
3.8159509912983	0.95901878299083
3.8159526501613	0.95200133387509
3.8159543090243	0.94607050782273
3.8159559678873	0.93892298222363
3.8159576267503	0.93030693888287
3.8159592856133	0.92489957427652
3.8159609444763	0.92195440738179
3.8159626033393	0.91920654351049
3.8159642622023	0.91655210210277
3.8159659210653	0.91712337373482
3.8159675799283	0.91854369847362
3.8159692387913	0.92142281470535
3.8159708976543	0.92441741123789
3.8159725565173	0.92533015211438
3.8159742153803	0.92632457653028
3.8159758742433	0.9278591711517
3.8159775331063	0.9287039892765
3.8159791919693	0.92742159688787
3.8159808508324	0.92803624111454
3.8159825096954	0.93204477765497
3.8159841685584	0.93459122839994
3.8159858274214	0.93550422783903
3.8159874862844	0.93583413075592
3.8159891451474	0.93575247461695
3.8159908040104	0.93647252643956
3.8159924628734	0.93753572224608
3.8159941217364	0.93967659462833
3.8159957805994	0.94206298864358
3.8159974394624	0.94048882957724
3.8159990983254	0.93870815390049
3.8160007571884	0.93908207526341
3.8160024160514	0.93926560534779
3.8160040749144	0.93843282438237
3.8160057337774	0.93821197794626
3.8160073926404	0.93962459308813
3.8160090515034	0.93971423679437
3.8160107103664	0.93771160819576
3.8160123692294	0.9358762793338
3.8160140280925	0.93420668497208
3.8160156869555	0.93210719584649
3.8160173458185	0.92974137165013
3.8160190046815	0.93370594891595
3.8160206635445	0.93997988643932
3.8160223224075	0.94468223253833
3.8160239812705	0.94910306113011
3.8160256401335	0.95877510131361
3.8160272989965	0.96800715235509
3.8160289578595	0.96982541012346
3.8160306167225	0.97208566166006
3.8160322755855	0.97616986630762
3.8160339344485	0.97818773534431
3.8160355933115	0.975627163595
3.8160372521745	0.97331495138559
3.8160389110375	0.971335994488
3.8160405699005	0.96173634488354
3.8160422287635	0.9457280393668
3.8160438876265	0.93660760001337
3.8160455464896	0.93104258739481
3.8160472053526	0.90693540000643
3.8160488642156	0.87747569633193
3.8160505230786	0.84262678892732
3.8160521819416	0.80711310683677
3.8160538408046	0.76987530218214
3.8160554996676	0.73490156663231
3.8160571585306	0.71560755652556
3.8160588173936	0.70627636664939
3.8160604762566	0.72795531959004
3.8160621351196	0.7529419752449
3.8160637939826	0.78380210991784
3.8160654528456	0.82115502669064
3.8160671117086	0.86561212148252
3.8160687705716	0.89713602050376
3.8160704294346	0.91985438760056
3.8160720882976	0.93861337811804
3.8160737471606	0.95577435402208
3.8160754060236	0.96587749152904
3.8160770648867	0.9745360743474
3.8160787237497	0.97657955698999
3.8160803826127	0.97804618489615
3.8160820414757	0.97648450825881
3.8160837003387	0.97462065936004
3.8160853592017	0.97141571209678
3.8160870180647	0.96849055717471
3.8160886769277	0.96621174823941
3.8160903357907	0.96697394668012
3.8160919946537	0.9719283692201
3.8160936535167	0.97361237036207
3.8160953123797	0.97249776170202
3.8160969712427	0.97402352382491
3.8160986301057	0.97692473334921
3.8161002889687	0.97610337624795
3.8161019478317	0.97420875108392
3.8161036066947	0.97249724701869
3.8161052655577	0.97086122102353
3.8161069244207	0.97300759791877
3.8161085832837	0.97520039051679
3.8161102421468	0.97769513932149
3.8161119010098	0.98040932646508
3.8161135598728	0.98377318759447
3.8161152187358	0.98584150111376
3.8161168775988	0.98572185103869
3.8161185364618	0.98434221198335
3.8161201953248	0.98165861213363
3.8161218541878	0.97827027952863
3.8161235130508	0.97443348767779
3.8161251719138	0.97173746736028
3.8161268307768	0.96946145588583
3.8161284896398	0.9657768740539
3.8161301485028	0.96184538606483
3.8161318073658	0.96682472643036
3.8161334662288	0.97154694311391
3.8161351250918	0.9710415387211
3.8161367839548	0.97036917363788
3.8161384428178	0.9690741549096
3.8161401016808	0.96606412044494
3.8161417605439	0.95960240147019
3.8161434194069	0.95167300768288
3.8161450782699	0.94196824065664
3.8161467371329	0.93446410876349
3.8161483959959	0.9285980314203
3.8161500548589	0.92876240045383
3.8161517137219	0.9315836182762
3.8161533725849	0.93780997053184
3.8161550314479	0.9448082799116
3.8161566903109	0.95520414977296
3.8161583491739	0.96557459015486
3.8161600080369	0.97174788460715
3.8161616668999	0.97745368890892
3.8161633257629	0.9810156831126
3.8161649846259	0.98366830569681
3.8161666434889	0.98420494726782
3.8161683023519	0.98520517058664
3.8161699612149	0.9868397357744
3.8161716200779	0.98531321057977
3.816173278941	0.98113758493869
3.816174937804	0.97978236718267
3.816176596667	0.97984147549317
3.81617825553	0.97175119997136
3.816179914393	0.96146988367123
3.816181573256	0.95741455389613
3.816183232119	0.95421883059161
3.816184890982	0.95831246692498
3.816186549845	0.96165811538335
3.816188208708	0.96093050367278
3.816189867571	0.96135598144534
3.816191526434	0.96477962180989
3.816193185297	0.96849717666392
3.81619484416	0.9726546354978
3.816196503023	0.97623221336378
3.816198161886	0.97928180145075
3.816199820749	0.98343819013566
3.816201479612	0.98819991367509
3.816203138475	0.99136504060317
3.8162047973381	0.99405219271241
3.8162064562011	0.99696647723939
3.8162081150641	0.99985744287689
3.8162097739271	0.99970075997867
3.8162114327901	0.99943326279201
3.8162130916531	0.99848459122442
3.8162147505161	0.99742560579974
3.8162164093791	0.99605846223864
3.8162180682421	0.99588516227113
3.8162197271051	0.997599410318
3.8162213859681	0.99828570025473
3.8162230448311	0.99798984350686
3.8162247036941	0.99583098543796
3.8162263625571	0.99260351861224
3.8162280214201	0.98928347372491
3.8162296802831	0.98593414762786
3.8162313391461	0.98643835751859
3.8162329980091	0.98741044987699
3.8162346568721	0.98409217924382
3.8162363157351	0.98106033695798
3.8162379745982	0.97989195387367
3.8162396334612	0.97973316957865
3.8162412923242	0.98247813697837
3.8162429511872	0.98584829577593
3.8162446100502	0.99022595545764
3.8162462689132	0.99199148161956
3.8162479277762	0.99122660049443
3.8162495866392	0.9920760444136
3.8162512455022	0.99386085592111
3.8162529043652	0.99392301240216
3.8162545632282	0.99343650198104
3.8162562220912	0.99399489347333
3.8162578809542	0.99468402019222
3.8162595398172	0.99468615431343
3.8162611986802	0.99429749550769
3.8162628575432	0.99140816178843
3.8162645164062	0.98979294904946
3.8162661752692	0.9917849435264
3.8162678341322	0.99207909345922
3.8162694929953	0.98968409839883
3.8162711518583	0.98883237251203
3.8162728107213	0.98944505268033
3.8162744695843	0.9888654328859
3.8162761284473	0.98761332549712
3.8162777873103	0.98954469416107
3.8162794461733	0.99245000142761
3.8162811050363	0.99162702789134
3.8162827638993	0.99046843526468
3.8162844227623	0.99524528432628
3.8162860816253	0.99905073819298
3.8162877404883	0.99716189888796
3.8162893993513	0.99544972067949
3.8162910582143	0.99420888726363
3.8162927170773	0.99462114777271
3.8162943759403	0.99751627583655
3.8162960348033	0.99848422356827
3.8162976936663	0.99772167522119
3.8162993525293	0.99697376514744
3.8163010113924	0.99623359201073
3.8163026702554	0.99487259025838
3.8163043291184	0.9933381971875
3.8163059879814	0.99116069371005
3.8163076468444	0.98899919254444
3.8163093057074	0.98892334331394
3.8163109645704	0.98847748547578
3.8163126234334	0.9861575089925
3.8163142822964	0.98228960237292
3.8163159411594	0.97468436712054
3.8163176000224	0.96648126625416
3.8163192588854	0.95745595108077
3.8163209177484	0.95305578335756
3.8163225766114	0.95245095388612
3.8163242354744	0.9524044637426
3.8163258943374	0.95262354301978
3.8163275532004	0.95373227149993
3.8163292120634	0.95505485643689
3.8163308709264	0.96314938525585
3.8163325297894	0.97146740438486
3.8163341886525	0.97613585893813
3.8163358475155	0.98114322717119
3.8163375063785	0.98757102718816
3.8163391652415	0.99272323033307
3.8163408241045	0.99518586267281
3.8163424829675	0.995515435476
3.8163441418305	0.99324779767679
3.8163458006935	0.99234284252998
3.8163474595565	0.99242356806023
3.8163491184195	0.991113567411
3.8163507772825	0.98923478739564
3.8163524361455	0.98837424822561
3.8163540950085	0.98770856872012
3.8163557538715	0.98995464731392
3.8163574127345	0.99135663033846
3.8163590715975	0.98423204250376
3.8163607304605	0.97771096877478
3.8163623893235	0.97322178994412
3.8163640481865	0.96988357111254
3.8163657070496	0.96859887062203
3.8163673659126	0.96848049047605
3.8163690247756	0.96957858443251
3.8163706836386	0.97058422957904
3.8163723425016	0.97153318191279
3.8163740013646	0.97791831638149
3.8163756602276	0.9861112367574
3.8163773190906	0.98692377716581
3.8163789779536	0.98679620934125
3.8163806368166	0.99123691968404
3.8163822956796	0.99520281923572
3.8163839545426	0.99632112581289
3.8163856134056	0.99707244229743
3.8163872722686	0.99685144060412
3.8163889311316	0.99369660980598
3.8163905899946	0.98623606685787
3.8163922488576	0.9812433775392
3.8163939077206	0.97838172005389
3.8163955665836	0.97605489209447
3.8163972254467	0.97399373094915
3.8163988843097	0.96846455170082
3.8164005431727	0.96206705639842
3.8164022020357	0.96036990895814
3.8164038608987	0.95855498482712
3.8164055197617	0.94989939014727
3.8164071786247	0.94025668197258
3.8164088374877	0.92655202014394
3.8164104963507	0.9108955977569
3.8164121552137	0.8912345002334
3.8164138140767	0.87451279533545
3.8164154729397	0.86124204041753
3.8164171318027	0.85900697297662
3.8164187906657	0.86436471237135
3.8164204495287	0.88032864089524
3.8164221083917	0.90031526507147
3.8164237672547	0.91910002445895
3.8164254261177	0.93768541343518
3.8164270849807	0.95253205821945
3.8164287438437	0.96669254124897
3.8164304027068	0.97623885148729
3.8164320615698	0.98432453256127
3.8164337204328	0.98817994533754
3.8164353792958	0.99083532523419
3.8164370381588	0.9916132130658
3.8164386970218	0.99184717137803
3.8164403558848	0.99158571943646
3.8164420147478	0.99264685528661
3.8164436736108	0.99439896010191
3.8164453324738	0.99526669221607
3.8164469913368	0.99590006703617
3.8164486501998	0.9957379832953
3.8164503090628	0.99541095451577
3.8164519679258	0.99346929252195
3.8164536267888	0.99164014833803
3.8164552856518	0.99028362136882
3.8164569445148	0.98839434810694
3.8164586033778	0.98540613096923
3.8164602622408	0.98342643332706
3.8164619211039	0.9826266596646
3.8164635799669	0.98088476834892
3.8164652388299	0.97850243065901
3.8164668976929	0.97561751250521
3.8164685565559	0.97254662944741
3.8164702154189	0.97194556402613
3.8164718742819	0.97173110157772
3.8164735331449	0.97049994482766
3.8164751920079	0.96898831922795
3.8164768508709	0.96567547377665
3.8164785097339	0.96294347889624
3.8164801685969	0.96178457253461
3.8164818274599	0.95944171558676
3.8164834863229	0.95535932963074
3.8164851451859	0.9546884182008
3.8164868040489	0.95691908759835
3.8164884629119	0.95664567856294
3.8164901217749	0.9551716587137
3.8164917806379	0.95867874786093
3.816493439501	0.96334188285055
3.816495098364	0.96441955321422
3.816496757227	0.96536685882477
3.81649841609	0.9670675662026
3.816500074953	0.96908026203345
3.816501733816	0.97220244977227
3.816503392679	0.97460777207733
3.816505051542	0.97571473122418
3.816506710405	0.97659518363897
3.816508369268	0.9772418194311
3.816510028131	0.97762435382249
3.816511686994	0.97785082668224
3.816513345857	0.97566531923417
3.81651500472	0.97273974638331
3.816516663583	0.97168905276965
3.816518322446	0.97081009497543
3.816519981309	0.96913963385468
3.816521640172	0.96823096657078
3.816523299035	0.9708914411168
3.8165249578981	0.9731875905532
3.8165266167611	0.97468434862241
3.8165282756241	0.97651267075033
3.8165299344871	0.97874561967256
3.8165315933501	0.97893660284431
3.8165332522131	0.97769574838599
3.8165349110761	0.97575405682948
3.8165365699391	0.97354705308654
3.8165382288021	0.97303085615119
3.8165398876651	0.97278433238781
3.8165415465281	0.97414575188889
3.8165432053911	0.97506508179096
3.8165448642541	0.97324489226855
3.8165465231171	0.97355736628346
3.8165481819801	0.97943472378478
3.8165498408431	0.98035951886367
3.8165514997061	0.97431266062092
3.8165531585691	0.96995922923981
3.8165548174321	0.96697070665503
3.8165564762951	0.96222370361384
3.8165581351582	0.9566949557324
3.8165597940212	0.9528952536972
3.8165614528842	0.94944745729313
3.8165631117472	0.94628345980032
3.8165647706102	0.94379059128081
3.8165664294732	0.9467332175632
3.8165680883362	0.94847992623883
3.8165697471992	0.94659416767234
3.8165714060622	0.94548707260265
3.8165730649252	0.94561390954864
3.8165747237882	0.94073610327218
3.8165763826512	0.93135272300523
3.8165780415142	0.91650008575441
3.8165797003772	0.89890109257531
3.8165813592402	0.87683604961447
3.8165830181032	0.85369140407784
3.8165846769662	0.83185143333583
3.8165863358292	0.81243716355588
3.8165879946922	0.81833719077655
3.8165896535553	0.82577592671814
3.8165913124183	0.8385161439884
3.8165929712813	0.85481078839682
3.8165946301443	0.87728668765207
3.8165962890073	0.89394659554373
3.8165979478703	0.90491405303381
3.8165996067333	0.91740993894813
3.8166012655963	0.93074420884363
3.8166029244593	0.93900855524411
3.8166045833223	0.94589545827025
3.8166062421853	0.94770790061127
3.8166079010483	0.9492124835609
3.8166095599113	0.95197463174622
3.8166112187743	0.9538267058871
3.8166128776373	0.95223058979705
3.8166145365003	0.95031196396079
3.8166161953633	0.94779420281732
3.8166178542263	0.94455916175343
3.8166195130893	0.94058094421702
3.8166211719524	0.93664576943531
3.8166228308154	0.93273560231306
3.8166244896784	0.9310797896333
3.8166261485414	0.93008213328769
3.8166278074044	0.92740407899532
3.8166294662674	0.92510005050743
3.8166311251304	0.93147205058818
3.8166327839934	0.93702660493921
3.8166344428564	0.93929737946789
3.8166361017194	0.9407104978574
3.8166377605824	0.94046881199264
3.8166394194454	0.93913719730402
3.8166410783084	0.93664162538633
3.8166427371714	0.93486396286365
3.8166443960344	0.93351541774212
3.8166460548974	0.93209068623174
3.8166477137604	0.93064298266209
3.8166493726234	0.933514562344
3.8166510314864	0.93677865646131
3.8166526903494	0.93951407685306
3.8166543492125	0.94181220381737
3.8166560080755	0.94232215911112
3.8166576669385	0.94119589167438
3.8166593258015	0.93688591044223
3.8166609846645	0.92724087658412
3.8166626435275	0.91187647508803
3.8166643023905	0.89299352752808
3.8166659612535	0.87200716595103
3.8166676201165	0.85901711473364
3.8166692789795	0.84842541538552
3.8166709378425	0.85219708146992
3.8166725967055	0.85784328563023
3.8166742555685	0.87188466586273
3.8166759144315	0.8863712880015
3.8166775732945	0.90263589313491
3.8166792321575	0.91725301868245
3.8166808910205	0.92873141086281
3.8166825498835	0.93645866690581
3.8166842087465	0.94025489588171
3.8166858676096	0.94201027974431
3.8166875264726	0.94257988960881
3.8166891853356	0.94023178655439
3.8166908441986	0.93704555452385
3.8166925030616	0.93538568497937
3.8166941619246	0.93370701229876
3.8166958207876	0.92991778039341
3.8166974796506	0.92538992281041
3.8166991385136	0.91809537600237
3.8167007973766	0.905492658344
3.8167024562396	0.88327207017892
3.8167041151026	0.86099187413386
3.8167057739656	0.83865222263912
3.8167074328286	0.82282220499974
3.8167090916916	0.8105621701257
3.8167107505546	0.81219801940036
3.8167124094176	0.81750334178093
3.8167140682806	0.83854994988828
3.8167157271436	0.86120906517176
3.8167173860067	0.88997322272772
3.8167190448697	0.91601889085019
3.8167207037327	0.93284920833679
3.8167223625957	0.94683516492022
3.8167240214587	0.95605296742455
3.8167256803217	0.96545330017929
3.8167273391847	0.97502237796913
3.8167289980477	0.97809674206778
3.8167306569107	0.97791009391191
3.8167323157737	0.97804540123635
3.8167339746367	0.97825526059555
3.8167356334997	0.97590519532172
3.8167372923627	0.9736339870893
3.8167389512257	0.97298542009719
3.8167406100887	0.97258144180324
3.8167422689517	0.97290520196669
3.8167439278147	0.97169052742198
3.8167455866777	0.96815203847366
3.8167472455407	0.96130582555349
3.8167489044038	0.95170118208489
3.8167505632668	0.93842206317986
3.8167522221298	0.92350991817624
3.8167538809928	0.91041560310025
3.8167555398558	0.89766874704349
3.8167571987188	0.90010750921576
3.8167588575818	0.90364751997117
3.8167605164448	0.91297980582986
3.8167621753078	0.92390136862876
3.8167638341708	0.93887070118529
3.8167654930338	0.94820605905356
3.8167671518968	0.95006338938669
3.8167688107598	0.95449176639542
3.8167704696228	0.96080066305125
3.8167721284858	0.96431707859645
3.8167737873488	0.96677731442256
3.8167754462118	0.96322881805845
3.8167771050748	0.9589113757993
3.8167787639378	0.95901939111495
3.8167804228008	0.95893716364081
3.8167820816639	0.95792876831488
3.8167837405269	0.95726095140492
3.8167853993899	0.95732036963623
3.8167870582529	0.95864571648348
3.8167887171159	0.9614120440963
3.8167903759789	0.962573913075
3.8167920348419	0.96273760678727
3.8167936937049	0.96030708403484
3.8167953525679	0.95708166976188
3.8167970114309	0.95746320710406
3.8167986702939	0.95809381608481
3.8168003291569	0.95743241591728
3.8168019880199	0.95687652102437
3.8168036468829	0.95671007831616
3.8168053057459	0.95541681373318
3.8168069646089	0.95214338562941
3.8168086234719	0.95243903465449
3.8168102823349	0.95613210713534
3.8168119411979	0.9573320448423
3.816813600061	0.95725961585914
3.816815258924	0.95674473574652
3.816816917787	0.95612742352617
3.81681857665	0.95609255824045
3.816820235513	0.95558050659964
3.816821894376	0.95111218940921
3.816823553239	0.94699765021815
3.816825212102	0.94387683527044
3.816826870965	0.93990999225785
3.816828529828	0.93474081527806
3.816830188691	0.92887313029263
3.816831847554	0.92246459072329
3.816833506417	0.91931474587246
3.81683516528	0.91746795977618
3.816836824143	0.90812293930221
3.816838483006	0.89768392319286
3.816840141869	0.89175592307366
3.816841800732	0.88581961396276
3.816843459595	0.87984196477241
3.8168451184581	0.87647173787128
3.8168467773211	0.87867720583632
3.8168484361841	0.87965578962204
3.8168500950471	0.87925112723483
3.8168517539101	0.88429923283265
3.8168534127731	0.89266682390106
3.8168550716361	0.90064451835979
3.8168567304991	0.90850789209374
3.8168583893621	0.91376631996681
3.8168600482251	0.91853466884086
3.8168617070881	0.91995845996522
3.8168633659511	0.9199833227829
3.8168650248141	0.91530205626836
3.8168666836771	0.9123541931037
3.8168683425401	0.91221834250046
3.8168700014031	0.91081569936129
3.8168716602661	0.90830639636313
3.8168733191291	0.90522897698223
3.8168749779921	0.90189176838599
3.8168766368551	0.90679434131609
3.8168782957182	0.91327976427317
3.8168799545812	0.91649774878848
3.8168816134442	0.91948965490618
3.8168832723072	0.92130670069374
3.8168849311702	0.92201659340962
3.8168865900332	0.9201133231255
3.8168882488962	0.91584589000229
3.8168899077592	0.9086979600288
3.8168915666222	0.90360122994333
3.8168932254852	0.89984883846338
3.8168948843482	0.89932424306358
3.8168965432112	0.8998327939265
3.8168982020742	0.90089804605529
3.8168998609372	0.90199618616605
3.8169015198002	0.90278539294465
3.8169031786632	0.90363977628262
3.8169048375262	0.90472700081865
3.8169064963892	0.90626673984971
3.8169081552522	0.90856806625828
3.8169098141153	0.9110858619124
3.8169114729783	0.91379808357384
3.8169131318413	0.91602145378078
3.8169147907043	0.91801594158926
3.8169164495673	0.9188048930023
3.8169181084303	0.91935651881697
3.8169197672933	0.91971770933633
3.8169214261563	0.91956206760383
3.8169230850193	0.91636286713092
3.8169247438823	0.91348199659861
3.8169264027453	0.91134547572985
3.8169280616083	0.90465779966199
3.8169297204713	0.89250769891915
3.8169313793343	0.87813128411629
3.8169330381973	0.86232894565283
3.8169346970603	0.84231807900646
3.8169363559233	0.82101285058141
3.8169380147863	0.80621132645062
3.8169396736493	0.79258025144443
3.8169413325124	0.7863569281784
3.8169429913754	0.78441782324323
3.8169446502384	0.79671761141779
3.8169463091014	0.8109056869305
3.8169479679644	0.82808437945358
3.8169496268274	0.83999964418398
3.8169512856904	0.84748410384446
3.8169529445534	0.85439725930562
3.8169546034164	0.86106439098574
3.8169562622794	0.86472998797279
3.8169579211424	0.86791751194695
3.8169595800054	0.87371120631468
3.8169612388684	0.87920162903393
3.8169628977314	0.883189318664
3.8169645565944	0.88634054896781
3.8169662154574	0.88775055791638
3.8169678743204	0.88626525406323
3.8169695331834	0.88165902913687
3.8169711920464	0.87645632530511
3.8169728509094	0.87091531542433
3.8169745097725	0.86344811329935
3.8169761686355	0.85548454543984
3.8169778274985	0.84643045463189
3.8169794863615	0.83728097863618
3.8169811452245	0.82780083085183
3.8169828040875	0.82088605653362
3.8169844629505	0.82101740020652
3.8169861218135	0.82041341385179
3.8169877806765	0.81881217364944
3.8169894395395	0.82049102893275
3.8169910984025	0.82452481633951
3.8169927572655	0.82516589321956
3.8169944161285	0.82461432385508
3.8169960749915	0.8172810341704
3.8169977338545	0.80887949280005
3.8169993927175	0.79546809282834
3.8170010515805	0.78120433812908
3.8170027104435	0.7638131165024
3.8170043693065	0.74711952153346
3.8170060281696	0.73160087020541
3.8170076870326	0.72130127013761
3.8170093458956	0.71561089061605
3.8170110047586	0.71488479098851
3.8170126636216	0.71639245363968
3.8170143224846	0.72310611908729
3.8170159813476	0.73073012557092
3.8170176402106	0.73566397644034
3.8170192990736	0.74031320162181
3.8170209579366	0.74353621675116
3.8170226167996	0.7459595487718
3.8170242756626	0.74672610903551
3.8170259345256	0.74589079397244
3.8170275933886	0.74335351941442
3.8170292522516	0.74163319571507
3.8170309111146	0.74036389614214
3.8170325699776	0.73437232044679
3.8170342288406	0.72722889022655
3.8170358877036	0.72072801853355
3.8170375465667	0.7149922896783
3.8170392054297	0.71451674289358
3.8170408642927	0.71254883826916
3.8170425231557	0.70680871071958
3.8170441820187	0.70226179372499
3.8170458408817	0.69921139893968
3.8170474997447	0.69483008454908
3.8170491586077	0.6895756510124
3.8170508174707	0.68482657245867
3.8170524763337	0.68023336849664
3.8170541351967	0.67424962134556
3.8170557940597	0.66834817175864
3.8170574529227	0.66453663176654
3.8170591117857	0.66074272520411
3.8170607706487	0.65700276890951
3.8170624295117	0.65315595237982
3.8170640883747	0.64915361693687
3.8170657472377	0.64537856129409
3.8170674061007	0.64177612148536
3.8170690649638	0.6415531560139
3.8170707238268	0.64258270951317
3.8170723826898	0.63604337119348
3.8170740415528	0.6288308970979
3.8170757004158	0.62619756609026
3.8170773592788	0.62306726259301
3.8170790181418	0.61811258623994
3.8170806770048	0.61314383155546
3.8170823358678	0.60815169537422
3.8170839947308	0.60463509529785
3.8170856535938	0.60238694853765
3.8170873124568	0.59758596520713
3.8170889713198	0.59168973953189
3.8170906301828	0.58530918680886
3.8170922890458	0.57884822281533
3.8170939479088	0.57227211306687
3.8170956067718	0.56507847825226
3.8170972656348	0.55519542747667
3.8170989244978	0.54649717053498
3.8171005833608	0.54000556348354
3.8171022422239	0.53139254553078
3.8171039010869	0.52075798256293
3.8171055599499	0.511474604763
3.8171072188129	0.502842006655
3.8171088776759	0.48950976917491
3.8171105365389	0.47526809453155
3.8171121954019	0.46055767486238
3.8171138542649	0.44615859396701
3.8171155131279	0.43334247017594
3.8171171719909	0.41979732764165
3.8171188308539	0.40475697988089
3.8171204897169	0.39164189828943
3.8171221485799	0.38052024468345
3.8171238074429	0.36931693377478
3.8171254663059	0.35807060783855
3.8171271251689	0.35252815895097
3.8171287840319	0.34824780370782
3.8171304428949	0.34342479139922
3.8171321017579	0.3389586314778
3.817133760621	0.33662068295969
3.817135419484	0.334641588109
3.817137078347	0.33345725038719
3.81713873721	0.33377212905448
3.817140396073	0.33574108286241
3.817142054936	0.33780671187301
3.817143713799	0.33992673192601
3.817145372662	0.34252211768175
3.817147031525	0.34523295330157
3.817148690388	0.34645490355974
3.817150349251	0.34803552734754
3.817152008114	0.35223125358565
3.817153666977	0.35528552935649
3.81715532584	0.35566812612832
3.817156984703	0.35810867047499
3.817158643566	0.36292155787376
3.817160302429	0.36803302395026
3.817161961292	0.37331995109786
3.817163620155	0.37834357227197
3.8171652790181	0.38329943644506
3.8171669378811	0.38848133090471
3.8171685967441	0.39391352038306
3.8171702556071	0.40100844708885
3.8171719144701	0.40731165313847
3.8171735733331	0.41169998306564
3.8171752321961	0.41695859390295
3.8171768910591	0.42324477956961
3.8171785499221	0.42888397511904
3.8171802087851	0.43413447552834
3.8171818676481	0.44288691132129
3.8171835265111	0.45256481835208
3.8171851853741	0.46602747648138
3.8171868442371	0.4797660177523
3.8171885031001	0.49426452151723
3.8171901619631	0.50734713743138
3.8171918208261	0.51697422871991
3.8171934796891	0.52916669933318
3.8171951385521	0.54440127166341
3.8171967974151	0.56106996559581
3.8171984562782	0.57860124638602
3.8172001151412	0.59879260198551
3.8172017740042	0.61968455924846
3.8172034328672	0.64264860692178
3.8172050917302	0.66537857194082
3.8172067505932	0.6858702750851
3.8172084094562	0.70511308486892
3.8172100683192	0.72135220499846
3.8172117271822	0.7362729430938
3.8172133860452	0.74965417575161
3.8172150449082	0.7613420491716
3.8172167037712	0.7720316526244
3.8172183626342	0.78628981121106
3.8172200214972	0.80145656170437
3.8172216803602	0.80158875070271
3.8172233392232	0.80193666621839
3.8172249980862	0.8072231187196
3.8172266569492	0.81110752179706
3.8172283158122	0.8117457857531
3.8172299746753	0.81096506094497
3.8172316335383	0.80858486044459
3.8172332924013	0.80762105775681
3.8172349512643	0.8074583287816
3.8172366101273	0.80740186404063
3.8172382689903	0.80737073509935
3.8172399278533	0.81194370457409
3.8172415867163	0.81760831801341
3.8172432455793	0.829035384699
3.8172449044423	0.83998057574852
3.8172465633053	0.84987571880005
3.8172482221683	0.8588422937033
3.8172498810313	0.86681835158798
3.8172515398943	0.87341704463739
3.8172531987573	0.87928464219623
3.8172548576203	0.88541054253425
3.8172565164833	0.89159204678237
3.8172581753463	0.89605804234289
3.8172598342093	0.8998769187893
3.8172614930724	0.90042444960481
3.8172631519354	0.90250135824749
3.8172648107984	0.90765038128651
3.8172664696614	0.90955728933583
3.8172681285244	0.9082543927377
3.8172697873874	0.91011800842742
3.8172714462504	0.91352203700559
3.8172731051134	0.9126005852422
3.8172747639764	0.9109805715876
3.8172764228394	0.91701938780321
3.8172780817024	0.92210644491036
3.8172797405654	0.92298223778043
3.8172813994284	0.92469665405261
3.8172830582914	0.92793382318913
3.8172847171544	0.93053286597572
3.8172863760174	0.93255703908514
3.8172880348804	0.93395112373785
3.8172896937434	0.93507152906838
3.8172913526064	0.9350694132712
3.8172930114695	0.93486791651955
3.8172946703325	0.93396008725064
3.8172963291955	0.93321257907065
3.8172979880585	0.93306381230803
3.8172996469215	0.93255905030395
3.8173013057845	0.93148041317454
3.8173029646475	0.93388575980003
3.8173046235105	0.93908897448494
3.8173062823735	0.94023299611266
3.8173079412365	0.93984896318242
3.8173096000995	0.94022735816713
3.8173112589625	0.94080303046692
3.8173129178255	0.94284005739317
3.8173145766885	0.94332741569577
3.8173162355515	0.93898832326344
3.8173178944145	0.93581449165172
3.8173195532775	0.93428007021977
3.8173212121405	0.92957747044173
3.8173228710035	0.92265565584301
3.8173245298665	0.91427858216497
3.8173261887296	0.9054439817944
3.8173278475926	0.89930708105026
3.8173295064556	0.89012875612766
3.8173311653186	0.88666504831181
3.8173328241816	0.88411047244946
3.8173344830446	0.88329947236807
3.8173361419076	0.88283886926568
3.8173378007706	0.89084337688048
3.8173394596336	0.90092834973379
3.8173411184966	0.91222775260043
3.8173427773596	0.92388406068907
3.8173444362226	0.93022791926676
3.8173460950856	0.93473565751335
3.8173477539486	0.94135495598124
3.8173494128116	0.9488220193482
3.8173510716746	0.95160742395508
3.8173527305376	0.95223077617378
3.8173543894006	0.95023393684182
3.8173560482636	0.9468553567112
3.8173577071267	0.94526695363952
3.8173593659897	0.94475047345822
3.8173610248527	0.9455845312148
3.8173626837157	0.94733269666213
3.8173643425787	0.94946237460288
3.8173660014417	0.95188295908141
3.8173676603047	0.9541031932265
3.8173693191677	0.95615174187723
3.8173709780307	0.95847024537479
3.8173726368937	0.96104835512218
3.8173742957567	0.9630200188558
3.8173759546197	0.96433772662188
3.8173776134827	0.9652863876488
3.8173792723457	0.9657887571915
3.8173809312087	0.9665908769533
3.8173825900717	0.96779979971682
3.8173842489347	0.96948475656242
3.8173859077977	0.97189581304987
3.8173875666607	0.97412754782947
3.8173892255238	0.97605109770081
3.8173908843868	0.97741249330591
3.8173925432498	0.97768173921811
3.8173942021128	0.97836770414825
3.8173958609758	0.97997289955173
3.8173975198388	0.98084384058499
3.8173991787018	0.97986487730265
3.8174008375648	0.97840835932023
3.8174024964278	0.97556745011296
3.8174041552908	0.97314085868329
3.8174058141538	0.9721095009135
3.8174074730168	0.97147080711712
3.8174091318798	0.97238779518076
3.8174107907428	0.97279403791004
3.8174124496058	0.97077988399477
3.8174141084688	0.96904371356002
3.8174157673318	0.96891939549013
3.8174174261948	0.96894295010909
3.8174190850578	0.97005054016459
3.8174207439208	0.97126453600387
3.8174224027839	0.97351489476352
3.8174240616469	0.97544680968169
3.8174257205099	0.97289585539392
3.8174273793729	0.97055166224066
3.8174290382359	0.97321776011411
3.8174306970989	0.97590652516186
3.8174323559619	0.9803063119091
3.8174340148249	0.98470609865633
3.8174356736879	0.98282759804661
3.8174373325509	0.9808639075443
3.8174389914139	0.98122962301005
3.8174406502769	0.9816915734629
3.8174423091399	0.98229693126092
3.8174439680029	0.98291240063966
3.8174456268659	0.98078088004569
3.8174472857289	0.9783711590291
3.8174489445919	0.97690397306509
3.8174506034549	0.97556279135173
3.8174522623179	0.97270531976327
3.817453921181	0.96959329398801
3.817455580044	0.96773872036725
3.817457238907	0.96614067122015
3.81745889777	0.96223667794705
3.817460556633	0.95777398695046
3.817462215496	0.95924241134052
3.817463874359	0.96238851226321
3.817465533222	0.962813078034
3.817467192085	0.96235040517788
3.817468850948	0.96298342313871
3.817470509811	0.96402384836287
3.817472168674	0.96205087655339
3.817473827537	0.9588098223691
3.8174754864	0.95843349258913
3.817477145263	0.95941232421568
3.817478804126	0.95743375240334
3.817480462989	0.95389056012961
3.817482121852	0.95319208919156
3.817483780715	0.95416955055302
3.8174854395781	0.95392760353345
3.8174870984411	0.95288831269909
3.8174887573041	0.95239697387052
3.8174904161671	0.95230213104177
3.8174920750301	0.95255241098143
3.8174937338931	0.95307853779719
3.8174953927561	0.95315666811047
3.8174970516191	0.95283998907091
3.8174987104821	0.95320295546965
3.8175003693451	0.9542256846486
3.8175020282081	0.95417309609673
3.8175036870711	0.95297145621747
3.8175053459341	0.95304566840465
3.8175070047971	0.95462048648524
3.8175086636601	0.95508453497456
3.8175103225231	0.95411054291632
3.8175119813861	0.95417350499267
3.8175136402491	0.95571536111143
3.8175152991121	0.95599958528352
3.8175169579751	0.95430540709882
3.8175186168382	0.95333090902849
3.8175202757012	0.95360719516823
3.8175219345642	0.95433919178523
3.8175235934272	0.95594808530849
3.8175252522902	0.95682540240559
3.8175269111532	0.95613979857149
3.8175285700162	0.95611235529342
3.8175302288792	0.95765173021412
3.8175318877422	0.95848727400897
3.8175335466052	0.95744762788534
3.8175352054682	0.95761849632954
3.8175368643312	0.96141892137276
3.8175385231942	0.96461487226126
3.8175401820572	0.9657574986799
3.8175418409202	0.96747237222283
3.8175434997832	0.9714077990986
3.8175451586462	0.9747106424899
3.8175468175092	0.97517990950125
3.8175484763722	0.97492675746801
3.8175501352353	0.97088653854731
3.8175517940983	0.96733170974851
3.8175534529613	0.96680798961096
3.8175551118243	0.96594554321911
3.8175567706873	0.96250075898938
3.8175584295503	0.95895729015122
3.8175600884133	0.9544633679517
3.8175617472763	0.94978047686756
3.8175634061393	0.94267000759995
3.8175650650023	0.93545689180394
3.8175667238653	0.92631598354571
3.8175683827283	0.91683275006862
3.8175700415913	0.89588032226519
3.8175717004543	0.87484809039445
3.8175733593173	0.84331988531473
3.8175750181803	0.81179168023502
3.8175766770433	0.78905191585763
3.8175783359063	0.76643472524678
3.8175799947693	0.76661234736832
3.8175816536324	0.76761577585028
3.8175833124954	0.78919711644236
3.8175849713584	0.81199992063212
3.8175866302214	0.84375477765513
3.8175882890844	0.8762561079127
3.8175899479474	0.90141088686845
3.8175916068104	0.92576921453095
3.8175932656734	0.93951442276455
3.8175949245364	0.95183272841832
3.8175965833994	0.96158813951403
3.8175982422624	0.97092950814808
3.8175999011254	0.97493050176571
3.8176015599884	0.97791762321732
3.8176032188514	0.97758058360233
3.8176048777144	0.97651435494093
3.8176065365774	0.97839566795423
3.8176081954404	0.98101433816921
3.8176098543034	0.98184732972869
3.8176115131664	0.98217604680493
3.8176131720295	0.97836910619777
3.8176148308925	0.97325483730016
3.8176164897555	0.96815504472495
3.8176181486185	0.96306033908369
3.8176198074815	0.95679745993496
3.8176214663445	0.95008081217779
3.8176231252075	0.94505098629719
3.8176247840705	0.94074194249959
3.8176264429335	0.94011513354001
3.8176281017965	0.94121200578382
3.8176297606595	0.9431899021763
3.8176314195225	0.94561808753063
3.8176330783855	0.9490315772659
3.8176347372485	0.95299314930562
3.8176363961115	0.9574196500147
3.8176380549745	0.96212699380738
3.8176397138375	0.96592430408339
3.8176413727005	0.96912608290349
3.8176430315635	0.97251391954791
3.8176446904265	0.97603343700105
3.8176463492896	0.97878395103666
3.8176480081526	0.98094678541172
3.8176496670156	0.98450048870704
3.8176513258786	0.98920057755904
3.8176529847416	0.98891544239203
3.8176546436046	0.98420423190988
3.8176563024676	0.98239577650563
3.8176579613306	0.98336144929158
3.8176596201936	0.98183962215027
3.8176612790566	0.97776013719585
3.8176629379196	0.97181411499661
3.8176645967826	0.96380425121715
3.8176662556456	0.95711598411166
3.8176679145086	0.95199872416655
3.8176695733716	0.94679759322411
3.8176712322346	0.94148928815998
3.8176728910976	0.93832472237588
3.8176745499606	0.9381056552577
3.8176762088236	0.93666353628817
3.8176778676867	0.93341398838369
3.8176795265497	0.93153554405281
3.8176811854127	0.93183741532819
3.8176828442757	0.93298087136046
3.8176845031387	0.93556558940927
3.8176861620017	0.94040687813863
3.8176878208647	0.94941298898184
3.8176894797277	0.95630844616812
3.8176911385907	0.95899955688149
3.8176927974537	0.96123349918943
3.8176944563167	0.96248342740848
3.8176961151797	0.96020441445724
3.8176977740427	0.94970302518278
3.8176994329057	0.93888025269538
3.8177010917687	0.92724532042066
3.8177027506317	0.91839358182011
3.8177044094947	0.91718902584639
3.8177060683577	0.91772342824607
3.8177077272207	0.9234656829119
3.8177093860838	0.9310035870564
3.8177110449468	0.94442384311857
3.8177127038098	0.95749295387479
3.8177143626728	0.96929940861411
3.8177160215358	0.97920652160688
3.8177176803988	0.98158245447335
3.8177193392618	0.98415196118818
3.8177209981248	0.98757224394122
3.8177226569878	0.99050436697077
3.8177243158508	0.99104360162104
3.8177259747138	0.99116848029668
3.8177276335768	0.98901040499419
3.8177292924398	0.98743667228768
3.8177309513028	0.98951501321291
3.8177326101658	0.99163472395198
3.8177342690288	0.99405109978328
3.8177359278918	0.9961023140612
3.8177375867548	0.99510495373201
3.8177392456178	0.99401130830855
3.8177409044808	0.9919633571439
3.8177425633439	0.99009108662774
3.8177442222069	0.99034070332013
3.8177458810699	0.99046479817289
3.8177475399329	0.98866922421166
3.8177491987959	0.9870065800662
3.8177508576589	0.98807466576904
3.8177525165219	0.98906078486212
3.8177541753849	0.98753498771774
3.8177558342479	0.98603672966592
3.8177574931109	0.98613898375153
3.8177591519739	0.98623812959828
3.8177608108369	0.98500404857132
3.8177624696999	0.98376996754437
3.8177641285629	0.98629883161928
3.8177657874259	0.98887389487793
3.8177674462889	0.98679307722411
3.8177691051519	0.98458577587148
3.8177707640149	0.97954524990349
3.8177724228779	0.97438460485726
3.817774081741	0.97648392353136
3.817775740604	0.97900384165349
3.817777399467	0.97565963029955
3.81777905833	0.97188272746422
3.817780717193	0.96992535119341
3.817782376056	0.96813165968349
3.817784034919	0.9730786980954
3.817785693782	0.97874370655318
3.817787352645	0.98579668278777
3.817789011508	0.99302094041542
3.817790670371	0.99383971881278
3.817792329234	0.99375726790654
3.817793988097	0.99316664592101
3.81779564696	0.99249558304015
3.817797305823	0.98659407334492
3.817798964686	0.97977036762377
3.817800623549	0.97075407244711
3.817802282412	0.9613107380231
3.817803941275	0.94676980632056
3.8178056001381	0.93114029705787
3.8178072590011	0.89672832105768
3.8178089178641	0.85794406938278
3.8178105767271	0.8243109350181
3.8178122355901	0.79197810111452
3.8178138944531	0.77635528358347
3.8178155533161	0.76528692803319
3.8178172121791	0.77107783893635
3.8178188710421	0.78181051564564
3.8178205299051	0.80599717798373
3.8178221887681	0.83441001599328
3.8178238476311	0.86742020871603
3.8178255064941	0.9019731610049
3.8178271653571	0.92654728672666
3.8178288242201	0.9475533121143
3.8178304830831	0.96214819563541
3.8178321419461	0.97430660110826
3.8178338008091	0.98377666956891
3.8178354596721	0.99216333875976
3.8178371185352	0.99452464219077
3.8178387773982	0.99431585619493
3.8178404362612	0.99408855404333
3.8178420951242	0.99385290832841
3.8178437539872	0.9941585081247
3.8178454128502	0.9947213115908
3.8178470717132	0.99392808739596
3.8178487305762	0.99245637624135
3.8178503894392	0.98840874117743
3.8178520483022	0.98300580664943
3.8178537071652	0.98042446669035
3.8178553660282	0.97940208691562
3.8178570248912	0.98031251640009
3.8178586837542	0.98234295123192
3.8178603426172	0.98150211500784
3.8178620014802	0.97891802310803
3.8178636603432	0.97797695153681
3.8178653192062	0.9780799043685
3.8178669780692	0.97730307167366
3.8178686369322	0.97594174207794
3.8178702957953	0.97369244781431
3.8178719546583	0.97082684823478
3.8178736135213	0.96709775309296
3.8178752723843	0.96274310250224
3.8178769312473	0.95613002473884
3.8178785901103	0.94781066116101
3.8178802489733	0.93985906209288
3.8178819078363	0.9321970051253
3.8178835666993	0.92712932074327
3.8178852255623	0.92418887559672
3.8178868844253	0.92377036028708
3.8178885432883	0.92550389640387
3.8178902021513	0.93410759183071
3.8178918610143	0.94880851425417
3.8178935198773	0.95687220824783
3.8178951787403	0.95881249661821
3.8178968376033	0.9547219465823
3.8178984964663	0.94485183637163
3.8179001553293	0.92883558620822
3.8179018141924	0.90670355545754
3.8179034730554	0.87945845419741
3.8179051319184	0.84693258734615
3.8179067907814	0.81685139751565
3.8179084496444	0.78938946034708
3.8179101085074	0.77518625578489
3.8179117673704	0.7757124142767
3.8179134262334	0.78775788378542
3.8179150850964	0.81306596443562
3.8179167439594	0.84215877564743
3.8179184028224	0.87576558200702
3.8179200616854	0.90597119150443
3.8179217205484	0.9319757090803
3.8179233794114	0.95315550722674
3.8179250382744	0.96816615787538
3.8179266971374	0.98047605980835
3.8179283560004	0.98921195470314
3.8179300148634	0.99372647257071
3.8179316737264	0.99246263590329
3.8179333325895	0.9930203744498
3.8179349914525	0.99615671015532
3.8179366503155	0.99748126352319
3.8179383091785	0.9961540069804
3.8179399680415	0.99455594755488
3.8179416269045	0.99254828363743
3.8179432857675	0.9905669989785
3.8179449446305	0.98862694039504
3.8179466034935	0.98417800645797
3.8179482623565	0.97567920124827
3.8179499212195	0.96358866693925
3.8179515800825	0.94551057093892
3.8179532389455	0.92391198844339
3.8179548978085	0.89625552645903
3.8179565566715	0.86560330137109
3.8179582155345	0.82963079556836
3.8179598743975	0.79818071555957
3.8179615332605	0.77501717753207
3.8179631921235	0.76184970103053
3.8179648509865	0.76757732049637
3.8179665098496	0.78061600677781
3.8179681687126	0.8079071191548
3.8179698275756	0.83658845483515
3.8179714864386	0.86806394700524
3.8179731453016	0.89674012411104
3.8179748041646	0.91961738818923
3.8179764630276	0.93887603970299
3.8179781218906	0.9504093876559
3.8179797807536	0.96014851174027
3.8179814396166	0.96594124223133
3.8179830984796	0.97082567503876
3.8179847573426	0.97365245029243
3.8179864162056	0.97722985596661
3.8179880750686	0.98255816339779
3.8179897339316	0.9887319321543
3.8179913927946	0.996936053025
3.8179930516576	1.0043549172639
3.8179947105206	1.009832899219
3.8179963693836	1.0134073396401
3.8179980282467	1.0121399349843
3.8179996871097	1.0115681090212
3.8180013459727	1.0128161279393
3.8180030048357	1.0146399901075
3.8180046636987	1.0180133082978
3.8180063225617	1.0200694464451
3.8180079814247	1.0184816927402
3.8180096402877	1.0162781499208
3.8180112991507	1.0123233813405
3.8180129580137	1.0093455897294
3.8180146168767	1.0092224025785
3.8180162757397	1.0079032707298
3.8180179346027	1.0029944065996
3.8180195934657	0.99969938653576
3.8180212523287	1.001378814339
3.8180229111917	1.0025704416124
3.8180245700547	1.002218271806
3.8180262289177	1.0023421461255
3.8180278877807	1.0040123214518
3.8180295466438	1.0050692330068
3.8180312055068	1.0040824262845
3.8180328643698	1.0015243050018
3.8180345232328	0.99359604993059
3.8180361820958	0.98580237875123
3.8180378409588	0.97848031178766
3.8180394998218	0.97187324455196
3.8180411586848	0.96783398611314
3.8180428175478	0.96455614941215
3.8180444764108	0.96407958965896
3.8180461352738	0.96427447916488
3.8180477941368	0.96699873357179
3.8180494529998	0.97000091790201
3.8180511118628	0.97407484796533
3.8180527707258	0.97820827700295
3.8180544295888	0.98257645460837
3.8180560884518	0.986094944341
3.8180577473148	0.98618528684701
3.8180594061778	0.98637664321991
3.8180610650408	0.9869846363663
3.8180627239039	0.98754983055478
3.8180643827669	0.98793471145042
3.8180660416299	0.98867918503155
3.8180677004929	0.99097060790279
3.8180693593559	0.99315779191615
3.8180710182189	0.99488724300179
3.8180726770819	0.99662008123092
3.8180743359449	0.99836808793482
3.8180759948079	0.99946446686086
3.8180776536709	0.99758601967569
3.8180793125339	0.99509701698751
3.8180809713969	0.98976850555273
3.8180826302599	0.98449607105795
3.8180842891229	0.97948920087626
3.8180859479859	0.97567754890003
3.8180876068489	0.97762375855491
3.8180892657119	0.97978566543687
3.8180909245749	0.98300409469791
3.8180925834379	0.9864514580925
3.818094242301	0.99103808704455
3.818095901164	0.9954582447372
3.818097560027	0.99903718492266
3.81809921889	1.00246027853
3.818100877753	1.0050843452244
3.818102536616	1.0067317786891
3.818104195479	1.0033032270778
3.818105854342	1.000542350911
3.818107513205	1.0012962533664
3.818109172068	1.0020893291919
3.818110830931	1.0030910827329
3.818112489794	1.0042293544187
3.818114148657	1.0061030843948
3.81811580752	1.0079800137286
3.818117466383	1.0098743573086
3.818119125246	1.0114840023845
3.818120784109	1.0115294767818
3.818122442972	1.0107017178403
3.818124101835	1.0050345269002
3.8181257606981	0.9997090620693
3.8181274195611	0.99629202568473
3.8181290784241	0.99318245333648
3.8181307372871	0.99180145186237
3.8181323961501	0.99086019915859
3.8181340550131	0.99240521472196
3.8181357138761	0.99433605460592
3.8181373727391	0.99845903948315
3.8181390316021	1.0024626022166
3.8181406904651	1.0057850079227
3.8181423493281	1.0087521980409
3.8181440081911	1.0096875937068
3.8181456670541	1.0106978056591
3.8181473259171	1.0121367134187
3.8181489847801	1.0131499975105
3.8181506436431	1.0117219929019
3.8181523025061	1.010847646909
3.8181539613691	1.0131488092739
3.8181556202321	1.0151515473461
3.8181572790952	1.0154445819211
3.8181589379582	1.0153108708339
3.8181605968212	1.0127368426065
3.8181622556842	1.0106854686489
3.8181639145472	1.0116132030349
3.8181655734102	1.0119441872206
3.8181672322732	1.0088872090848
3.8181688911362	1.006246292786
3.8181705499992	1.0059556860184
3.8181722088622	1.0062265588633
3.8181738677252	1.0096510475474
3.8181755265882	1.0126142353252
3.8181771854512	1.0130039309671
3.8181788443142	1.0129975730444
3.8181805031772	1.0107988211698
3.8181821620402	1.0090024718452
3.8181838209032	1.0094142340036
3.8181854797662	1.0099739050023
3.8181871386292	1.0113373377199
3.8181887974922	1.0121990769335
3.8181904563553	1.0103626970593
3.8181921152183	1.007995666713
3.8181937740813	1.0028069185633
3.8181954329443	0.99812826554832
3.8181970918073	0.9961290339331
3.8181987506703	0.99454620370829
3.8182004095333	0.99512274187851
3.8182020683963	0.9952896480008
3.8182037272593	0.99336121810444
3.8182053861223	0.99155596937744
3.8182070449853	0.99037170450154
3.8182087038483	0.98881428215917
3.8182103627113	0.98540441067807
3.8182120215743	0.98226154249028
3.8182136804373	0.98042286773286
3.8182153393003	0.97880723674326
3.8182169981633	0.97826305646952
3.8182186570263	0.97851175353558
3.8182203158893	0.98250343272751
3.8182219747524	0.9859451910757
3.8182236336154	0.98683692585361
3.8182252924784	0.98785559708513
3.8182269513414	0.98945188312248
3.8182286102044	0.99118676775507
3.8182302690674	0.99354029662564
3.8182319279304	0.99551646125517
3.8182335867934	0.99584147044449
3.8182352456564	0.99577068269841
3.8182369045194	0.99400333002505
3.8182385633824	0.99245873293946
3.8182402222454	0.99184920809175
3.8182418811084	0.99060353773427
3.8182435399714	0.9867442891421
3.8182451988344	0.98300555530959
3.8182468576974	0.97975114539455
3.8182485165604	0.97769179238604
3.8182501754234	0.98032775659375
3.8182518342864	0.98209175860508
3.8182534931495	0.98050820130018
3.8182551520125	0.98014064615614
3.8182568108755	0.98433352328561
3.8182584697385	0.98825444099058
3.8182601286015	0.99117948186826
3.8182617874645	0.99303545430344
3.8182634463275	0.99107080374293
3.8182651051905	0.98987913565434
3.8182667640535	0.99138291374455
3.8182684229165	0.99164522294239
3.8182700817795	0.98768532432125
3.8182717406425	0.9837800596769
3.8182733995055	0.98005594033752
3.8182750583685	0.97666273558153
3.8182767172315	0.9743387466669
3.8182783760945	0.97230397710408
3.8182800349575	0.9711797237864
3.8182816938205	0.96997852348337
3.8182833526835	0.96854143593357
3.8182850115465	0.96852813623796
3.8182866704096	0.97276441241864
3.8182883292726	0.97503056208097
3.8182899881356	0.97157246399803
3.8182916469986	0.96850367179486
3.8182933058616	0.96653540011286
3.8182949647246	0.96300066151451
3.8182966235876	0.95515812905421
3.8182982824506	0.94828774836252
3.8182999413136	0.94401723597112
3.8183016001766	0.93926120827904
3.8183032590396	0.93324287466126
3.8183049179026	0.92919461649984
3.8183065767656	0.93012433827085
3.8183082356286	0.93277260834532
3.8183098944916	0.93964067666995
3.8183115533546	0.94708369469961
3.8183132122176	0.95589818500822
3.8183148710806	0.96521441912965
3.8183165299436	0.97569300134124
3.8183181888067	0.98402272695274
3.8183198476697	0.98751840108453
3.8183215065327	0.99034822319695
3.8183231653957	0.99172418672502
3.8183248242587	0.99294593016914
3.8183264831217	0.99384087570092
3.8183281419847	0.9943967091883
3.8183298008477	0.99425523121312
3.8183314597107	0.99338005097709
3.8183331185737	0.99104153968709
3.8183347774367	0.98887618394066
3.8183364362997	0.98704575373169
3.8183380951627	0.98371031346983
3.8183397540257	0.97755301402047
3.8183414128887	0.97318258821348
3.8183430717517	0.97206001601248
3.8183447306147	0.97243416031043
3.8183463894777	0.97544428214268
3.8183480483407	0.97367578881991
3.8183497072038	0.96375516415158
3.8183513660668	0.95713160997716
3.8183530249298	0.95595563018042
3.8183546837928	0.95379939491307
3.8183563426558	0.95007503088551
3.8183580015188	0.94316408139417
3.8183596603818	0.93131836301519
3.8183613192448	0.91679018504472
3.8183629781078	0.89824265706794
3.8183646369708	0.87915989665907
3.8183662958338	0.85930130056878
3.8183679546968	0.84372415655805
3.8183696135598	0.83414865053229
3.8183712724228	0.8316143448694
3.8183729312858	0.83862158670851
3.8183745901488	0.8523931930527
3.8183762490118	0.87502410552146
3.8183779078748	0.89899851079935
3.8183795667378	0.92467260347215
3.8183812256009	0.94575860672077
3.8183828844639	0.9612390224753
3.8183845433269	0.97386648510443
3.8183862021899	0.98312862777018
3.8183878610529	0.98812571083994
3.8183895199159	0.98826835120511
3.8183911787789	0.99070136471227
3.8183928376419	0.99564900752074
3.8183944965049	0.99636983584525
3.8183961553679	0.99261705828469
3.8183978142309	0.99168463695821
3.8183994730939	0.99362925928228
3.8184011319569	0.9969245734786
3.8184027908199	1.0015469762307
3.8184044496829	1.0042540908446
3.8184061085459	1.0051494112132
3.8184077674089	1.0053702954361
3.8184094262719	1.0049773808274
3.8184110851349	1.0043079228132
3.8184127439979	1.0033964381518
3.818414402861	1.0033110606311
3.818416061724	1.0039206128276
3.818417720587	1.0041904982444
3.81841937945	1.0041859753831
3.818421038313	1.001393190592
3.818422697176	0.99643831256915
3.818424356039	0.99091886877589
3.818426014902	0.9849795494041
3.818427673765	0.98001521601428
3.818429332628	0.97574577474395
3.818430991491	0.97226288495609
3.818432650354	0.96931675993934
3.818434309217	0.96998384163518
3.81843596808	0.97301009501699
3.818437626943	0.97690723067276
3.818439285806	0.98134787893019
3.818440944669	0.98626473501095
3.818442603532	0.9914653655788
3.818444262395	0.99419410608445
3.8184459212581	0.9955179568102
3.8184475801211	0.99814631048877
3.8184492389841	1.0014810508592
3.8184508978471	1.0006181580454
3.8184525567101	0.99759245102267
3.8184542155731	0.99448726859167
3.8184558744361	0.99134317703204
3.8184575332991	0.98674249762075
3.8184591921621	0.98146527709327
3.8184608510251	0.97710372498261
3.8184625098881	0.97314499251703
3.8184641687511	0.97141613609446
3.8184658276141	0.97061487994932
3.8184674864771	0.97108506081836
3.8184691453401	0.97205437969557
3.8184708042031	0.97228514919054
3.8184724630661	0.97224289352813
3.8184741219291	0.9703840856985
3.8184757807921	0.96789430479967
3.8184774396552	0.96602657407929
3.8184790985182	0.96436127460618
3.8184807573812	0.96485578865614
3.8184824162442	0.96600698588183
3.8184840751072	0.96775274620219
