6545.056666 0.982649
6545.103891 0.979093
6545.151113 0.97109
6545.198332 0.968782
6545.245548 0.973898
6545.292761 0.977553
6545.339971 0.987559
6545.387178 0.990385
6545.434382 0.991938
6545.481582 0.987008
6545.52878 0.980186
6545.575975 0.961995
6545.623167 0.927469
6545.670356 0.876188
6545.717542 0.787667
6545.764725 0.720898
6545.811905 0.68769
6545.859082 0.701807
6545.906256 0.778015
6545.953427 0.861817
6546.000595 0.925696
6546.04776 0.952174
6546.094922 0.973396
6546.142081 0.981616
6546.189237 0.987813
6546.23639 0.988721
6546.28354 0.977109
6546.330687 0.974584
6546.377831 0.965904
6546.424972 0.951604
6546.47211 0.94267
6546.519245 0.935845
6546.566377 0.937117
6546.613506 0.935146
6546.660632 0.937751
6546.707755 0.932681
6546.754875 0.9271
6546.801992 0.915294
6546.849106 0.91257
6546.896217 0.911907
6546.943325 0.928237
6546.99043 0.926162
6547.037532 0.919868
6547.08463 0.913353
6547.131726 0.927549
6547.178819 0.915358
6547.225909 0.923227
6547.272996 0.925967
6547.32008 0.939243
6547.367161 0.945642
6547.414239 0.94993
6547.461314 0.958692
6547.508386 0.966801
6547.555455 0.964933
6547.602521 0.949709
6547.649584 0.934817
6547.696643 0.923472
6547.7437 0.932302
6547.790754 0.946183
6547.837805 0.957665
6547.884853 0.968565
6547.931898 0.970407
6547.97894 0.986963
6548.025978 0.989628
6548.073014 0.99735
6548.120047 0.995616
6548.167077 1.001444
6548.214104 0.993974
6548.261127 1.004068
6548.308148 1.000126
6548.355166 1.003271
6548.402181 0.99475
6548.449192 0.978675
6548.496201 0.978774
6548.543207 0.958724
6548.59021 0.930528
6548.637209 0.945843
6548.684206 0.959274
6548.7312 0.977445
6548.77819 0.997308
6548.825178 0.998014
6548.872163 0.995518
6548.919144 1.006614
6548.966123 0.996855
6549.013098 0.987953
6549.060071 0.991343
6549.10704 0.993444
6549.154007 0.992595
6549.200971 0.99672
6549.247931 0.994045
6549.294888 1.001132
6549.341843 1.000211
6549.388794 0.99474
6549.435743 0.997756
6549.482688 0.996829
6549.529631 1.002653
6549.57657 0.992566
6549.623506 0.992086
6549.67044 0.98488
6549.71737 0.972638
6549.764297 0.967439
6549.811222 0.960179
6549.858143 0.953012
6549.905061 0.956984
6549.951976 0.974501
6549.998889 0.986723
6550.045798 0.98824
6550.092704 1.000043
6550.139607 0.987539
6550.186507 1.001534
6550.233404 1.000557
6550.280298 0.997553
6550.327189 0.987406
6550.374077 0.97546
6550.420962 0.974937
6550.467844 0.974577
6550.514723 0.967673
6550.561599 0.973514
6550.608472 0.981284
6550.655342 0.997804
6550.702209 1.003376
6550.749073 1.001897
6550.795934 1.003792
6550.842792 0.997935
6550.889646 0.978035
6550.936498 0.966674
6550.983347 0.966699
6551.030192 0.960103
6551.077035 0.953914
6551.123875 0.937689
6551.170711 0.913391
6551.217545 0.894583
6551.264375 0.897833
6551.311203 0.913095
6551.358027 0.949333
6551.404849 0.978309
6551.451667 1.001344
6551.498483 0.998045
6551.545295 0.992694
6551.592105 1.007793
6551.638911 1.00182
6551.685714 0.989304
6551.732514 0.997692
6551.779312 0.992649
6551.826106 0.985177
6551.872897 0.985974
6551.919685 0.989522
6551.96647 0.977618
6552.013252 0.97213
6552.060031 0.974854
6552.106807 0.968672
6552.15358 0.963243
6552.20035 0.957543
6552.247117 0.962766
6552.293881 0.977458
6552.340642 0.977334
6552.3874 0.978237
6552.434154 0.975011
6552.480906 0.970323
6552.527655 0.958956
6552.574401 0.940289
6552.621143 0.939873
6552.667883 0.941397
6552.714619 0.946695
6552.761353 0.953746
6552.808083 0.960985
6552.854811 0.971847
6552.901535 0.985498
6552.948257 0.987332
6552.994975 0.984633
6553.04169 0.989637
6553.088402 0.99237
6553.135112 0.987542
6553.181818 0.988674
6553.228521 0.997622
6553.275221 0.985624
6553.321918 0.97103
6553.368612 0.976246
6553.415303 0.969491
6553.461991 0.979141
6553.508676 0.977665
6553.555358 0.973129
6553.602037 0.980066
6553.648712 0.955685
6553.695385 0.902913
6553.742055 0.850173
6553.788722 0.822135
6553.835385 0.839553
6553.882046 0.872041
6553.928703 0.913811
6553.975358 0.947163
6554.022009 0.964359
6554.068658 0.984292
6554.115303 0.98569
6554.161945 0.985821
6554.208584 0.97524
6554.255221 0.970037
6554.301854 0.973191
6554.348484 0.960709
6554.395111 0.965462
6554.441735 0.962579
6554.488356 0.970014
6554.534974 0.962303
6554.581589 0.960425
6554.628201 0.945953
6554.674809 0.944294
6554.721415 0.93779
6554.768018 0.950772
6554.814618 0.957277
6554.861214 0.953758
6554.907808 0.937742
6554.954398 0.897269
6555.000986 0.85742
6555.04757 0.854944
6555.094151 0.859564
6555.14073 0.885867
6555.187305 0.915694
6555.233877 0.937514
6555.280446 0.945956
6555.327012 0.929236
6555.373576 0.924706
6555.420136 0.924364
6555.466692 0.9314
6555.513246 0.894148
6555.559797 0.844688
6555.606345 0.804985
6555.65289 0.796603
6555.699431 0.833842
6555.74597 0.886525
6555.792506 0.928188
6555.839038 0.95168
6555.885568 0.961724
6555.932094 0.956109
6555.978617 0.955402
6556.025138 0.965001
6556.071655 0.963921
6556.118169 0.952282
6556.16468 0.952344
6556.211188 0.937953
6556.257693 0.913797
6556.304195 0.888065
6556.350694 0.872414
6556.39719 0.875632
6556.443683 0.894187
6556.490173 0.929165
6556.536659 0.948822
6556.583143 0.953105
6556.629623 0.958418
6556.676101 0.962402
6556.722575 0.962035
6556.769047 0.960177
6556.815515 0.961331
6556.86198 0.962429
6556.908442 0.969765
6556.954902 0.967519
6557.001358 0.959647
6557.047811 0.96361
6557.094261 0.954841
6557.140708 0.9357
6557.187151 0.937124
6557.233592 0.94712
6557.28003 0.94608
6557.326464 0.941648
6557.372896 0.946674
6557.419325 0.946542
6557.46575 0.94737
6557.512172 0.943953
6557.558592 0.930877
6557.605008 0.914832
6557.651421 0.909836
6557.697831 0.905872
6557.744238 0.909102
6557.790642 0.920211
6557.837043 0.919303
6557.883441 0.928625
6557.929836 0.946859
6557.976228 0.944437
6558.022616 0.952643
6558.069002 0.935459
6558.115384 0.929111
6558.161764 0.943074
6558.20814 0.950211
6558.254514 0.951572
6558.300884 0.956225
6558.347251 0.94811
6558.393615 0.936636
6558.439976 0.94048
6558.486334 0.943937
6558.532689 0.942451
6558.579041 0.951078
6558.62539 0.952669
6558.671735 0.951955
6558.718078 0.954199
6558.764418 0.957111
6558.810754 0.953215
6558.857088 0.963605
6558.903418 0.962401
6558.949745 0.951486
6558.996069 0.930278
6559.04239 0.901481
6559.088709 0.862186
6559.135023 0.829994
6559.181335 0.839584
6559.227644 0.86914
6559.27395 0.893651
6559.320253 0.899345
6559.366552 0.902636
6559.412849 0.915026
6559.459142 0.936915
6559.505433 0.935789
6559.55172 0.936792
6559.598004 0.934653
6559.644285 0.933059
6559.690563 0.915046
6559.736838 0.89516
6559.78311 0.884473
6559.829379 0.880994
6559.875645 0.88442
6559.921908 0.89169
6559.968167 0.884514
6560.014424 0.877016
6560.060677 0.846582
6560.106928 0.822511
6560.153175 0.810865
6560.199419 0.813467
6560.24566 0.833064
6560.291898 0.851521
6560.338133 0.86939
6560.384365 0.880777
6560.430594 0.879545
6560.47682 0.879655
6560.523042 0.875101
6560.569262 0.885851
6560.615478 0.874977
6560.661692 0.879954
6560.707902 0.883259
6560.754109 0.898633
6560.800313 0.890893
6560.846515 0.874298
6560.892713 0.876428
6560.938907 0.872502
6560.985099 0.872117
6561.031288 0.868069
6561.077474 0.86058
6561.123656 0.852116
6561.169836 0.842498
6561.216012 0.856415
6561.262185 0.840459
6561.308356 0.828729
6561.354523 0.811454
6561.400687 0.801064
6561.446848 0.789247
6561.493006 0.775449
6561.53916 0.763886
6561.585312 0.73354
6561.631461 0.712255
6561.677606 0.677516
6561.723749 0.64241
6561.769888 0.62112
6561.816024 0.586991
6561.862157 0.553916
6561.908288 0.530621
6561.954415 0.504183
6562.000538 0.475943
6562.046659 0.465456
6562.092777 0.44787
6562.138892 0.439012
6562.185003 0.426994
6562.231112 0.415745
6562.277217 0.406014
6562.323319 0.397066
6562.369418 0.389759
6562.415514 0.379001
6562.461607 0.374703
6562.507697 0.367624
6562.553784 0.364186
6562.599868 0.359097
6562.645948 0.353873
6562.692026 0.347156
6562.7381 0.352681
6562.784172 0.352982
6562.83024 0.361838
6562.876305 0.367942
6562.922367 0.377482
6562.968426 0.389668
6563.014482 0.404243
6563.060535 0.432601
6563.106584 0.458098
6563.152631 0.493353
6563.198674 0.51039
6563.244715 0.529476
6563.290752 0.546998
6563.336786 0.56036
6563.382817 0.574253
6563.428845 0.571121
6563.47487 0.56425
6563.520892 0.561292
6563.56691 0.546439
6563.612926 0.552923
6563.658938 0.568835
6563.704948 0.58445
6563.750954 0.602177
6563.796957 0.612806
6563.842957 0.624901
6563.888954 0.638855
6563.934948 0.649272
6563.980939 0.654934
6564.026927 0.661332
6564.072911 0.666999
6564.118893 0.668721
6564.164871 0.66965
6564.210846 0.673002
6564.256818 0.690711
6564.302788 0.716133
6564.348753 0.723235
6564.394716 0.72585
6564.440676 0.740797
6564.486633 0.749459
6564.532586 0.753201
6564.578537 0.760326
6564.624484 0.769035
6564.670428 0.778991
6564.716369 0.789086
6564.762307 0.793705
6564.808242 0.796014
6564.854174 0.806933
6564.900103 0.7971
6564.946028 0.78145
6564.991951 0.764785
6565.03787 0.776239
6565.083786 0.773057
6565.129699 0.786254
6565.175609 0.808672
6565.221516 0.83011
6565.26742 0.847903
6565.313321 0.864911
6565.359219 0.868798
6565.405113 0.866358
6565.451004 0.859156
6565.496893 0.864824
6565.542778 0.878594
6565.58866 0.885888
6565.634539 0.900796
6565.680415 0.894596
6565.726287 0.900894
6565.772157 0.903437
6565.818023 0.90952
6565.863887 0.925795
6565.909747 0.925691
6565.955604 0.923253
6566.001458 0.922256
6566.047309 0.923396
6566.093157 0.932684
6566.139002 0.932343
6566.184843 0.930818
6566.230682 0.93207
6566.276517 0.932918
6566.322349 0.941021
6566.362435 0.94741
6566.413382 0.941522
6566.464325 0.938848
6566.515266 0.939454
6566.566204 0.931614
6566.61714 0.942773
6566.668072 0.945235
6566.719002 0.949657
6566.76993 0.943955
6566.820854 0.955357
6566.871776 0.953749
6566.922695 0.953174
6566.973612 0.949041
6567.024526 0.950009
6567.075437 0.967078
6567.126345 0.9645
6567.177251 0.971557
6567.228153 0.975681
6567.279054 0.970276
6567.329951 0.973821
6567.380846 0.971604
6567.431738 0.978451
6567.482627 0.978847
6567.533513 0.977396
6567.584397 0.974294
6567.635278 0.97198
6567.686157 0.97729
6567.737032 0.969804
6567.787905 0.973036
6567.838776 0.979676
6567.889643 0.971053
6567.940508 0.974319
6567.99137 0.970624
6568.042229 0.97848
6568.093086 0.969661
6568.14394 0.969514
6568.194791 0.971793
6568.245639 0.975105
6568.296485 0.977095
6568.347328 0.969912
6568.398168 0.967403
6568.449006 0.957147
6568.49984 0.953409
6568.550673 0.936953
6568.601502 0.916328
6568.652328 0.871848
6568.703152 0.807401
6568.753974 0.752063
6568.804792 0.748846
6568.855608 0.791994
6568.906421 0.86549
6568.957231 0.915045
6569.008038 0.944451
6569.058843 0.96313
6569.109645 0.971943
6569.160445 0.97525
6569.211241 0.976426
6569.262035 0.975486
6569.312826 0.961956
6569.363615 0.953429
6569.4144 0.931401
6569.465183 0.92246
6569.515964 0.905719
6569.566741 0.908909
6569.617516 0.91821
6569.668288 0.927507
6569.719057 0.924958
6569.769824 0.92571
6569.820587 0.93415
6569.871349 0.946185
6569.922107 0.944258
6569.972863 0.938938
6570.023615 0.930329
6570.074366 0.92609
6570.125113 0.914521
6570.175858 0.902635
6570.2266 0.899627
6570.277339 0.893801
6570.328075 0.895104
6570.378809 0.906258
6570.42954 0.938114
6570.480268 0.94754
6570.530994 0.953095
6570.581717 0.95212
6570.632437 0.941217
6570.683154 0.936368
6570.733869 0.938301
6570.78458 0.955028
6570.83529 0.971612
6570.885996 0.98722
6570.9367 0.991953
6570.9874 0.988798
6571.038099 0.975319
6571.088794 0.970904
6571.139487 0.986387
6571.190177 0.985692
6571.240864 0.986495
6571.291548 0.988188
6571.34223 0.986322
6571.392909 0.985764
6571.443585 0.988545
6571.494258 0.978587
6571.544929 0.98202
6571.595597 0.980737
6571.646262 0.972202
6571.696925 0.971979
6571.747585 0.966999
6571.798242 0.962602
6571.848896 0.96898
6571.899547 0.97479
6571.950196 0.976619
6572.000842 0.969267
6572.051485 0.959929
6572.102126 0.946477
6572.152764 0.942155
6572.203399 0.913417
6572.254031 0.861028
6572.304661 0.798605
6572.355287 0.761262
6572.405912 0.776855
6572.456533 0.834745
6572.507151 0.906753
6572.557767 0.95716
6572.60838 0.979047
6572.658991 0.98749
6572.709598 0.989168
6572.760203 1.003133
6572.810805 1.003598
6572.861404 0.999343
6572.912001 0.997616
6572.962595 0.992077
6573.013186 0.988083
6573.063774 0.988563
6573.11436 0.988544
6573.164942 0.993038
6573.215522 0.991868
6573.2661 0.985317
6573.316674 0.982141
6573.367246 0.980967
6573.417815 0.980186
6573.468381 0.983772
6573.518945 0.988891
6573.569506 0.977909
6573.620064 0.958323
6573.670619 0.905238
6573.721171 0.840589
6573.771721 0.793523
6573.822268 0.785925
6573.872812 0.835837
6573.923354 0.909911
6573.973893 0.947983
6574.024429 0.987952
6574.074962 0.989935
6574.125492 0.991512
6574.17602 0.999223
6574.226545 0.990492
6574.277067 0.982369
6574.327587 0.974565
6574.378103 0.954449
6574.428617 0.938845
6574.479128 0.880688
6574.529637 0.799222
6574.580142 0.753023
6574.630645 0.757368
6574.681145 0.814353
6574.731643 0.867704
6574.782137 0.899043
6574.832629 0.903067
6574.883118 0.91642
6574.933604 0.941681
6574.984088 0.956599
6575.034569 0.968061
6575.085047 0.979168
6575.135522 0.971359
6575.185994 0.969423
6575.236464 0.973969
6575.286931 0.972481
6575.337395 0.964087
6575.387857 0.958254
6575.438315 0.95182
6575.488771 0.956149
6575.539224 0.962975
6575.589675 0.964511
6575.640122 0.971479
6575.690567 0.961751
6575.741009 0.940506
6575.791449 0.934159
6575.841885 0.9312
6575.892319 0.931964
6575.94275 0.948849
6575.993178 0.953396
6576.043604 0.958462
6576.094026 0.958099
6576.144446 0.962218
6576.194863 0.967246
6576.245278 0.978032
6576.295689 0.97879
6576.346098 0.978825
6576.396504 0.969555
6576.446908 0.962034
6576.497308 0.972061
6576.547706 0.987881
6576.598101 1.00424
6576.648493 1.013066
6576.698883 1.010108
6576.749269 1.009875
6576.799653 1.014516
6576.850034 1.016835
6576.900413 1.015194
6576.950788 1.004886
6577.001161 1.01283
6577.051531 1.005592
6577.101898 1.000058
6577.152263 0.997991
6577.202625 1.002392
6577.252984 1.010781
6577.30334 1.005519
6577.353693 1.001733
6577.404044 1.0089
6577.454392 1.006298
6577.504737 1.004746
6577.555079 0.997979
6577.605419 1.005123
6577.655755 1.012033
6577.706089 1.016397
6577.75642 1.011643
6577.806749 1.011005
6577.857074 1.015586
6577.907397 1.003962
6577.957717 1.001058
6578.008035 1.005888
6578.058349 1.004873
6578.108661 1.007009
6578.15897 1.01033
6578.209276 1.008696
6578.259579 1.004473
6578.30988 0.997872
6578.360178 0.985383
6578.410473 0.989049
6578.460765 0.996754
6578.511055 1.00123
6578.561341 1.002386
6578.611625 1.008299
6578.661906 1.015904
6578.712185 1.002827
6578.76246 1.010756
6578.812733 1.007231
6578.863003 0.998305
6578.91327 0.997859
6578.963535 0.989781
6579.013796 1.005057
6579.064055 1.014618
6579.114311 1.013594
6579.164565 1.009685
6579.214815 1.011504
6579.265063 1.020042
6579.315308 1.017729
6579.36555 1.001967
6579.415789 1.001463
6579.466026 1.001191
6579.516259 0.994803
6579.56649 0.99799
6579.616719 0.984102
6579.666944 0.973462
6579.717167 0.969688
6579.767387 0.963193
6579.817604 0.963016
6579.867818 0.970377
6579.918029 0.99493
6579.968238 1.000772
6580.018444 1.000512
6580.068647 1.003714
6580.118847 1.009666
6580.169045 1.001393
6580.21924 1.003453
6580.269431 0.999229
6580.319621 0.99138
6580.369807 0.988539
6580.41999 0.969271
6580.470171 0.966387
6580.520349 0.951361
6580.570524 0.937537
6580.620697 0.914749
6580.670866 0.877434
6580.721033 0.841003
6580.771197 0.812862
6580.821358 0.828156
6580.871517 0.899424
6580.921672 0.960651
6580.971825 0.976492
6581.021975 0.988479
6581.072122 0.993645
6581.122267 0.991922
6581.172408 0.986186
6581.222547 0.985688
6581.272683 0.992912
6581.322817 0.986783
6581.372947 0.9923
6581.423075 0.9928
6581.473199 0.990901
6581.523322 0.985042
6581.573441 0.981198
6581.623557 0.976166
6581.673671 0.960761
6581.723782 0.957132
6581.77389 0.966494
6581.823995 0.984132
6581.874097 0.99124
6581.924197 0.995936
6581.974294 0.997029
6582.024388 0.996596
6582.074479 0.993627
6582.124568 0.980229
6582.174653 0.970597
6582.224736 0.962822
6582.274816 0.944681
6582.324893 0.955717
6582.374968 0.962098
6582.425039 0.962654
6582.475108 0.965071
6582.525174 0.991534
6582.575237 1.000167
6582.625298 1.007173
6582.675355 0.994301
6582.72541 0.986024
6582.775462 0.990263
6582.825511 0.989699
6582.875558 0.991505
6582.925601 0.998289
6582.975642 1.002077
6583.02568 1.008844
6583.075715 1.005807
6583.125747 0.996648
6583.175777 0.974796
6583.225803 0.945866
6583.275827 0.946045
6583.325848 0.956161
6583.375867 0.975397
6583.425882 0.986791
6583.475895 0.987176
6583.525905 0.986829
6583.575912 0.990471
6583.625916 1.008549
6583.675917 1.017763
6583.725916 0.999381
6583.775912 0.998379
6583.825905 0.985865
6583.875895 0.989611
6583.925882 0.992144
