3.8159152852654	0.98886
3.8159169441284	0.99061226218971
3.8159186029914	0.99177081478719
3.8159202618544	0.98817498192963
3.8159219207174	0.98673668373138
3.8159235795804	0.9928524675823
3.8159252384434	0.99682147753524
3.8159268973064	0.99649901403569
3.8159285561694	0.99268121403363
3.8159302150325	0.98450149955271
3.8159318738955	0.97881041446353
3.8159335327585	0.97510341291627
3.8159351916215	0.9701401630067
3.8159368504845	0.96455278675183
3.8159385093475	0.96360843198394
3.8159401682105	0.96397441778604
3.8159418270735	0.96517042913394
3.8159434859365	0.96646722936763
3.8159451447995	0.96779788995865
3.8159468036625	0.96882036145052
3.8159484625255	0.96749755306521
3.8159501213885	0.96637180237712
3.8159517802515	0.96591140916514
3.8159534391145	0.9655671712842
3.8159550979775	0.96544743132346
3.8159567568405	0.96353677844611
3.8159584157035	0.95946842454342
3.8159600745665	0.95427096825828
3.8159617334295	0.94820880839722
3.8159633922926	0.94423973217236
3.8159650511556	0.94125931253111
3.8159667100186	0.9449078437022
3.8159683688816	0.95029513220815
3.8159700277446	0.95739826172538
3.8159716866076	0.96460300304352
3.8159733454706	0.96771445034089
3.8159750043336	0.97062151343504
3.8159766631966	0.97218529869318
3.8159783220596	0.97479402368217
3.8159799809226	0.98061224691173
3.8159816397856	0.98284831126759
3.8159832986486	0.97869662411225
3.8159849575116	0.97390865326003
3.8159866163746	0.96841197320293
3.8159882752376	0.96511978954536
3.8159899341006	0.96337845880969
3.8159915929636	0.95742726330862
3.8159932518266	0.94968139863861
3.8159949106897	0.95274352685408
3.8159965695527	0.95825357233054
3.8159982284157	0.96389217844402
3.8159998872787	0.96950024987112
3.8160015461417	0.97423722658332
3.8160032050047	0.97947870901424
3.8160048638677	0.9873927947009
3.8160065227307	0.99266850769788
3.8160081815937	0.99093757666238
3.8160098404567	0.99020911497516
3.8160114993197	0.99105897373811
3.8160131581827	0.98781390820111
3.8160148170457	0.98052949177142
3.8160164759087	0.9723615585219
3.8160181347717	0.96364882161944
3.8160197936347	0.95450495316943
3.8160214524977	0.94520473026225
3.8160231113607	0.91536244558084
3.8160247702237	0.88187460079927
3.8160264290868	0.84617503169321
3.8160280879498	0.80975406790129
3.8160297468128	0.76601615943094
3.8160314056758	0.72468480026315
3.8160330645388	0.69320358823809
3.8160347234018	0.67034319493907
3.8160363822648	0.66646615370252
3.8160380411278	0.67517092763475
3.8160396999908	0.70066385591181
3.8160413588538	0.72991093195792
3.8160430177168	0.76229709759131
3.8160446765798	0.7969052783435
3.8160463354428	0.83265319604553
3.8160479943058	0.86311597008533
3.8160496531688	0.89206556792163
3.8160513120318	0.90432245400019
3.8160529708948	0.9145586787551
3.8160546297578	0.92091837181038
3.8160562886208	0.92670375060796
3.8160579474838	0.92856569656108
3.8160596063469	0.93026443250084
3.8160612652099	0.93145943405253
3.8160629240729	0.93223987527238
3.8160645829359	0.93228927217224
3.8160662417989	0.93205945770424
3.8160679006619	0.9315261458303
3.8160695595249	0.92848818534118
3.8160712183879	0.9237565660952
3.8160728772509	0.92187777578342
3.8160745361139	0.92114091473987
3.8160761949769	0.91793393102208
3.8160778538399	0.91422758119865
3.8160795127029	0.90773160946073
3.8160811715659	0.90092471427631
3.8160828304289	0.89186954409174
3.8160844892919	0.88136709106735
3.8160861481549	0.86451863527913
3.8160878070179	0.84899578367256
3.8160894658809	0.83650881319856
3.816091124744	0.83164564979388
3.816092783607	0.83721204826022
3.81609444247	0.85004651446397
3.816096101333	0.86905176928002
3.816097760196	0.87998041681167
3.816099419059	0.88673819022877
3.816101077922	0.89122141402257
3.816102736785	0.89505638895403
3.816104395648	0.89935471173156
3.816106054511	0.90374564741282
3.816107713374	0.9105442035195
3.816109372237	0.91698710939348
3.8161110311	0.92115681770936
3.816112689963	0.92559802582971
3.816114348826	0.93083419409623
3.816116007689	0.93445827306191
3.816117666552	0.9353841201129
3.816119325415	0.93375826460728
3.816120984278	0.92951418595307
3.8161226431411	0.92875796227305
3.8161243020041	0.93020091437445
3.8161259608671	0.9386611396496
3.8161276197301	0.9496757998099
3.8161292785931	0.94932771879929
3.8161309374561	0.94702281681769
3.8161325963191	0.94457274556383
3.8161342551821	0.94313564330817
3.8161359140451	0.95156438707621
3.8161375729081	0.95748741036571
3.8161392317711	0.95419665222561
3.8161408906341	0.94910389777455
3.8161425494971	0.94042280953029
3.8161442083601	0.92729664659389
3.8161458672231	0.90884463853118
3.8161475260861	0.87943945332549
3.8161491849491	0.84196258574387
3.8161508438121	0.81389157655934
3.8161525026751	0.78991676989046
3.8161541615382	0.79221660114892
3.8161558204012	0.80037606896634
3.8161574792642	0.8280225340892
3.8161591381272	0.85679368909925
3.8161607969902	0.88330691082728
3.8161624558532	0.90666205902636
3.8161641147162	0.91578259313213
3.8161657735792	0.92400679731623
3.8161674324422	0.93017086435293
3.8161690913052	0.93718726936091
3.8161707501682	0.94535744790313
3.8161724090312	0.95080123838263
3.8161740678942	0.95398441442524
3.8161757267572	0.95523912167202
3.8161773856202	0.95553839131623
3.8161790444832	0.96150922626692
3.8161807033462	0.96898047445885
3.8161823622092	0.97033121986442
3.8161840210722	0.97096539288888
3.8161856799352	0.96795601584165
3.8161873387983	0.96652421975971
3.8161889976613	0.97350206062445
3.8161906565243	0.97765566068545
3.8161923153873	0.97456808048532
3.8161939742503	0.97436443419203
3.8161956331133	0.9784260946729
3.8161972919763	0.98284258279157
3.8161989508393	0.98757840344996
3.8162006097023	0.98628043658466
3.8162022685653	0.98172427246527
3.8162039274283	0.98391990792998
3.8162055862913	0.98810330457815
3.8162072451543	0.98249944479697
3.8162089040173	0.97583950442632
3.8162105628803	0.97332937591335
3.8162122217433	0.97013053553069
3.8162138806063	0.96280161182794
3.8162155394693	0.95879655033222
3.8162171983323	0.96393254219787
3.8162188571954	0.97080405377002
3.8162205160584	0.9803845550845
3.8162221749214	0.98208543201165
3.8162238337844	0.9763504762305
3.8162254926474	0.97407984842524
3.8162271515104	0.97376956941795
3.8162288103734	0.97951682403033
3.8162304692364	0.98714676207707
3.8162321280994	0.98595380918773
3.8162337869624	0.98365252071028
3.8162354458254	0.98242447090517
3.8162371046884	0.98163354250262
3.8162387635514	0.98360880083128
3.8162404224144	0.98462909558507
3.8162420812774	0.98294915330641
3.8162437401404	0.9820024515542
3.8162453990034	0.9822211262581
3.8162470578664	0.9778870045071
3.8162487167294	0.9692007342184
3.8162503755925	0.96792388843691
3.8162520344555	0.97087908401457
3.8162536933185	0.97309439066998
3.8162553521815	0.97507835349693
3.8162570110445	0.97043013544308
3.8162586699075	0.96506674811656
3.8162603287705	0.96947434387859
3.8162619876335	0.97381201699387
3.8162636464965	0.97771515905704
3.8162653053595	0.98126173607507
3.8162669642225	0.98381670172084
3.8162686230855	0.98450504241858
3.8162702819485	0.98227969473009
3.8162719408115	0.98237030257761
3.8162735996745	0.98462787841926
3.8162752585375	0.9853965965966
3.8162769174005	0.98533841975824
3.8162785762635	0.98119514694203
3.8162802351265	0.97582701762772
3.8162818939895	0.97438090275629
3.8162835528526	0.97355526785121
3.8162852117156	0.97986920404953
3.8162868705786	0.98482993245905
3.8162885294416	0.98208469886678
3.8162901883046	0.97768532793394
3.8162918471676	0.96895356104133
3.8162935060306	0.96002093771677
3.8162951648936	0.95079123526426
3.8162968237566	0.94404995509936
3.8162984826196	0.9395099006645
3.8163001414826	0.93471763060383
3.8163018003456	0.92979424382036
3.8163034592086	0.93147898833672
3.8163051180716	0.93496863065907
3.8163067769346	0.94131789551542
3.8163084357976	0.94809971823976
3.8163100946606	0.95864598518098
3.8163117535236	0.96809244809178
3.8163134123866	0.97211978118257
3.8163150712497	0.97430281086227
3.8163167301127	0.97211515320069
3.8163183889757	0.97264104192145
3.8163200478387	0.97683991685136
3.8163217067017	0.9783314514199
3.8163233655647	0.97763630887403
3.8163250244277	0.98221184902054
3.8163266832907	0.98924911555205
3.8163283421537	0.9831227282974
3.8163300010167	0.97391198007319
3.8163316598797	0.97680915643026
3.8163333187427	0.98002204751214
3.8163349776057	0.97672973542846
3.8163366364687	0.97211647907301
3.8163382953317	0.9621084202855
3.8163399541947	0.95463373038557
3.8163416130577	0.95240148137942
3.8163432719207	0.95177780391608
3.8163449307837	0.95308054867551
3.8163465896468	0.95477013805628
3.8163482485098	0.95673486120675
3.8163499073728	0.96243788558327
3.8163515662358	0.96963917573552
3.8163532250988	0.96976697256594
3.8163548839618	0.96858262375969
3.8163565428248	0.96957109122406
3.8163582016878	0.97062883627235
3.8163598605508	0.97177059657486
3.8163615194138	0.97276427583869
3.8163631782768	0.97327127478947
3.8163648371398	0.97344859221564
3.8163664960028	0.97304852656327
3.8163681548658	0.97138178241758
3.8163698137288	0.96841637863347
3.8163714725918	0.96220263660468
3.8163731314548	0.95403328703974
3.8163747903178	0.9417067836986
3.8163764491808	0.9280296660476
3.8163781080438	0.92453960153937
3.8163797669069	0.92233172807326
3.8163814257699	0.9180380501818
3.8163830846329	0.91429429745053
3.8163847434959	0.9137329908514
3.8163864023589	0.91250510330584
3.8163880612219	0.90955020367773
3.8163897200849	0.90245932382424
3.8163913789479	0.88940989433005
3.8163930378109	0.88085082882741
3.8163946966739	0.87609940917796
3.8163963555369	0.87473265337916
3.8163980143999	0.87501311909749
3.8163996732629	0.88797519526885
3.8164013321259	0.90402248896431
3.8164029909889	0.9179119068152
3.8164046498519	0.93085432042678
3.8164063087149	0.93284316209463
3.8164079675779	0.93250698707947
3.8164096264409	0.92287762185197
3.816411285304	0.90398268235831
3.816412944167	0.86646933139204
3.81641460303	0.82910725035519
3.816416261893	0.79191946654786
3.816417920756	0.77737730731311
3.816419579619	0.77811470065801
3.816421238482	0.79962357335254
3.816422897345	0.82882578985697
3.816424556208	0.86419464318255
3.816426215071	0.90054684055219
3.816427873934	0.91696258263507
3.816429532797	0.93225929271761
3.81643119166	0.94058987632561
3.816432850523	0.94796621035624
3.816434509386	0.95264767663849
3.816436168249	0.95487929022546
3.816437827112	0.95335512021155
3.816439485975	0.95122812354542
3.816441144838	0.94856264487684
3.8164428037011	0.94668701062755
3.8164444625641	0.94521513277385
3.8164461214271	0.94244788628779
3.8164477802901	0.93934745202573
3.8164494391531	0.9400432672959
3.8164510980161	0.9409725372217
3.8164527568791	0.94107597123729
3.8164544157421	0.94072168316744
3.8164560746051	0.9385049286709
3.8164577334681	0.93668291607258
3.8164593923311	0.93565698237644
3.8164610511941	0.93742420796396
3.8164627100571	0.94239385605554
3.8164643689201	0.94562648730257
3.8164660277831	0.94770277174494
3.8164676866461	0.95193731144116
3.8164693455091	0.95695002236866
3.8164710043721	0.95594381597804
3.8164726632351	0.9540363445254
3.8164743220982	0.95217517057104
3.8164759809612	0.95095447339893
3.8164776398242	0.95367800403684
3.8164792986872	0.95465662983584
3.8164809575502	0.95103135399978
3.8164826164132	0.94869854249259
3.8164842752762	0.94822443411276
3.8164859341392	0.9443434058608
3.8164875930022	0.93762496062045
3.8164892518652	0.92040831471311
3.8164909107282	0.89827813051559
3.8164925695912	0.88584167491168
3.8164942284542	0.87557803360157
3.8164958873172	0.88117126828589
3.8164975461802	0.88878635548347
3.8164992050432	0.90908962496025
3.8165008639062	0.92712273412547
3.8165025227692	0.93732901730894
3.8165041816322	0.94539595272864
3.8165058404952	0.94967740314746
3.8165074993583	0.95427267365784
3.8165091582213	0.95918496799181
3.8165108170843	0.96042944234972
3.8165124759473	0.95955628594073
3.8165141348103	0.95914547579795
3.8165157936733	0.95887228717557
3.8165174525363	0.95605565575041
3.8165191113993	0.95317182384231
3.8165207702623	0.95443057652958
3.8165224291253	0.95508093530373
3.8165240879883	0.95298568238625
3.8165257468513	0.95122958608477
3.8165274057143	0.95019881827546
3.8165290645773	0.9501985647962
3.8165307234403	0.95142808436233
3.8165323823033	0.94976133570734
3.8165340411663	0.94611009969127
3.8165357000293	0.94411956556801
3.8165373588923	0.94274008109443
3.8165390177554	0.94207474220047
3.8165406766184	0.94152833724191
3.8165423354814	0.94263736944055
3.8165439943444	0.94402296063229
3.8165456532074	0.94704414802906
3.8165473120704	0.94883598494682
3.8165489709334	0.94750981876197
3.8165506297964	0.94198848167395
3.8165522886594	0.9306981004439
3.8165539475224	0.91956084323318
3.8165556063854	0.90854417189859
3.8165572652484	0.88988302629929
3.8165589241114	0.86791419075675
3.8165605829744	0.84192965752043
3.8165622418374	0.81516119697825
3.8165639007004	0.80969142099905
3.8165655595634	0.80689100207328
3.8165672184264	0.82060626601725
3.8165688772894	0.83531825217462
3.8165705361525	0.85296455578986
3.8165721950155	0.87039998693677
3.8165738538785	0.88750939903786
3.8165755127415	0.90329154643883
3.8165771716045	0.91790681359007
3.8165788304675	0.9261298881698
3.8165804893305	0.93122775172822
3.8165821481935	0.93695267969647
3.8165838070565	0.94282350896424
3.8165854659195	0.94172593040744
3.8165871247825	0.94066521712692
3.8165887836455	0.94355932169179
3.8165904425085	0.94488403706234
3.8165921013715	0.94098311168021
3.8165937602345	0.9362205170804
3.8165954190975	0.92999794816232
3.8165970779605	0.92722148974272
3.8165987368235	0.92773665733858
3.8166003956865	0.92664304200587
3.8166020545495	0.92469027840133
3.8166037134126	0.92213558491159
3.8166053722756	0.91942324908636
3.8166070311386	0.92158604535823
3.8166086900016	0.92380950341697
3.8166103488646	0.92242490070788
3.8166120077276	0.92146315019936
3.8166136665906	0.92204521986759
3.8166153254536	0.92378436795381
3.8166169843166	0.92761551745707
3.8166186431796	0.92439188214691
3.8166203020426	0.91404010467698
3.8166219609056	0.91028175175796
3.8166236197686	0.91025161968815
3.8166252786316	0.91215551773046
3.8166269374946	0.914603923615
3.8166285963576	0.91844923713313
3.8166302552206	0.92184389624848
3.8166319140836	0.91688772098956
3.8166335729466	0.9125443538888
3.8166352318097	0.91056740459735
3.8166368906727	0.90553590720801
3.8166385495357	0.89477598460635
3.8166402083987	0.88093229505229
3.8166418672617	0.86387846425996
3.8166435261247	0.8490283463682
3.8166451849877	0.83545967457592
3.8166468438507	0.8253905229055
3.8166485027137	0.81633853070389
3.8166501615767	0.82204960989522
3.8166518204397	0.83008423193579
3.8166534793027	0.85365469101841
3.8166551381657	0.87518701104763
3.8166567970287	0.88871810414416
3.8166584558917	0.89764433883024
3.8166601147547	0.89786784050223
3.8166617736177	0.89825523738792
3.8166634324807	0.89881375027178
3.8166650913437	0.9003885463721
3.8166667502068	0.90255381405335
3.8166684090698	0.89629436799767
3.8166700679328	0.88760197321958
3.8166717267958	0.8854640833134
3.8166733856588	0.88356415966346
3.8166750445218	0.87667892019571
3.8166767033848	0.8679999368931
3.8166783622478	0.85244972243404
3.8166800211108	0.83346425284523
3.8166816799738	0.80812585111179
3.8166833388368	0.78630533994473
3.8166849976998	0.76807263112237
3.8166866565628	0.76288648091427
3.8166883154258	0.76506150361791
3.8166899742888	0.78550924647281
3.8166916331518	0.8110007651929
3.8166932920148	0.83522175452402
3.8166949508778	0.85879912462192
3.8166966097408	0.87543655827531
3.8166982686038	0.891271593025
3.8166999274669	0.90422223068798
3.8167015863299	0.91384017613917
3.8167032451929	0.91759769355881
3.8167049040559	0.91777841914597
3.8167065629189	0.91448907191934
3.8167082217819	0.91291337013255
3.8167098806449	0.912249105426
3.8167115395079	0.90294671850022
3.8167131983709	0.89145929190315
3.8167148572339	0.86648429266306
3.8167165160969	0.84191746262112
3.8167181749599	0.82976318065207
3.8167198338229	0.82169772103276
3.8167214926859	0.82694972144834
3.8167231515489	0.83548312974983
3.8167248104119	0.8493533064686
3.8167264692749	0.86091486810119
3.8167281281379	0.87040251243059
3.8167297870009	0.86879865657095
3.816731445864	0.86180296365955
3.816733104727	0.85742936029343
3.81673476359	0.85363453980836
3.816736422453	0.85660425989702
3.816738081316	0.8610216138296
3.816739740179	0.87499496610894
3.816741399042	0.88923712924184
3.816743057905	0.90424915907938
3.816744716768	0.91849987515681
3.816746375631	0.93163499412189
3.816748034494	0.93694985848948
3.816749693357	0.93593254234582
3.81675135222	0.935831673245
3.816753011083	0.93612420634603
3.816754669946	0.93957779219951
3.816756328809	0.94360292652801
3.816757987672	0.93982178507346
3.816759646535	0.93585571269901
3.816761305398	0.93104245363138
3.8167629642611	0.92749076786542
3.8167646231241	0.92703725566242
3.8167662819871	0.92831290053986
3.8167679408501	0.93181483835426
3.8167695997131	0.92864882020521
3.8167712585761	0.92075333574854
3.8167729174391	0.91425885281234
3.8167745763021	0.90827444325827
3.8167762351651	0.90628182307875
3.8167778940281	0.90441128525443
3.8167795528911	0.88891700060606
3.8167812117541	0.87555542676092
3.8167828706171	0.87204135435722
3.8167845294801	0.87376322300595
3.8167861883431	0.88628050605242
3.8167878472061	0.90142115905663
3.8167895060691	0.91945753929306
3.8167911649321	0.92799626791193
3.8167928237951	0.93081640366564
3.8167944826582	0.92710180394159
3.8167961415212	0.9214704340732
3.8167978003842	0.91814306470675
3.8167994592472	0.91543233069932
3.8168011181102	0.91820335952301
3.8168027769732	0.92030073420509
3.8168044358362	0.92002350932891
3.8168060946992	0.91569874426648
3.8168077535622	0.90449738125573
3.8168094124252	0.89838046252995
3.8168110712882	0.89695306287422
3.8168127301512	0.88959254536151
3.8168143890142	0.87930955157801
3.8168160478772	0.87246764971961
3.8168177067402	0.86638141445166
3.8168193656032	0.86644232263578
3.8168210244662	0.86722379310228
3.8168226833292	0.87188738713979
3.8168243421922	0.87548037374408
3.8168260010552	0.87618758671039
3.8168276599183	0.87666303066384
3.8168293187813	0.87681983990608
3.8168309776443	0.88320462729711
3.8168326365073	0.89425506522897
3.8168342953703	0.90439534093122
3.8168359542333	0.91418596960095
3.8168376130963	0.91729508296737
3.8168392719593	0.91942036599404
3.8168409308223	0.92095158846639
3.8168425896853	0.9214244899537
3.8168442485483	0.91692721937859
3.8168459074113	0.9114263916944
3.8168475662743	0.90385897780199
3.8168492251373	0.90112561294195
3.8168508840003	0.9036650910875
3.8168525428633	0.90855752169433
3.8168542017263	0.91483255015525
3.8168558605893	0.92145175829599
3.8168575194523	0.9281671379992
3.8168591783154	0.92510345867463
3.8168608371784	0.92109479856384
3.8168624960414	0.91443311098657
3.8168641549044	0.91005418939532
3.8168658137674	0.91300156206843
3.8168674726304	0.91473459504854
3.8168691314934	0.91456681113561
3.8168707903564	0.91227362648601
3.8168724492194	0.90818590011717
3.8168741080824	0.90447360368142
3.8168757669454	0.90092628179551
3.8168774258084	0.90624874727897
3.8168790846714	0.91316696866069
3.8168807435344	0.91300617115407
3.8168824023974	0.91351172701544
3.8168840612604	0.91770187672715
3.8168857201234	0.92069720698861
3.8168873789864	0.92098527625726
3.8168890378494	0.92031452736074
3.8168906967125	0.91851558956426
3.8168923555755	0.91893967959611
3.8168940144385	0.92076853260669
3.8168956733015	0.92031161520136
3.8168973321645	0.9191574647794
3.8168989910275	0.92019053745331
3.8169006498905	0.92116169540023
3.8169023087535	0.9189576064991
3.8169039676165	0.91595600335288
3.8169056264795	0.91024672206814
3.8169072853425	0.90187161967656
3.8169089442055	0.88917610527143
3.8169106030685	0.87484275820586
3.8169122619315	0.85909006436553
3.8169139207945	0.83853569684732
3.8169155796575	0.81582422897112
3.8169172385205	0.80310598703336
3.8169188973835	0.79222819154655
3.8169205562465	0.79925354931815
3.8169222151095	0.8070354666236
3.8169238739726	0.81888927611752
3.8169255328356	0.8288690137116
3.8169271916986	0.83465000434935
3.8169288505616	0.84067870184754
3.8169305094246	0.8469940185001
3.8169321682876	0.84824926829493
3.8169338271506	0.84638614024254
3.8169354860136	0.8373669958669
3.8169371448766	0.8262578986987
3.8169388037396	0.83186752787389
3.8169404626026	0.83903051662066
3.8169421214656	0.84923628613611
3.8169437803286	0.85928322853276
3.8169454391916	0.86882874704076
3.8169470980546	0.8756907944725
3.8169487569176	0.87846567462749
3.8169504157806	0.8775948571198
3.8169520746436	0.87376875034048
3.8169537335066	0.8665973248451
3.8169553923697	0.85804875926478
3.8169570512327	0.85056166034025
3.8169587100957	0.84324854469253
3.8169603689587	0.83629605707174
3.8169620278217	0.82925821124755
3.8169636866847	0.82182458437418
3.8169653455477	0.81827046084117
3.8169670044107	0.82245112582777
3.8169686632737	0.82953463536172
3.8169703221367	0.83963004588461
3.8169719809997	0.84204168775573
3.8169736398627	0.84027331972477
3.8169752987257	0.82710420019952
3.8169769575887	0.81116855170183
3.8169786164517	0.79406062480069
3.8169802753147	0.77734440881636
3.8169819341777	0.76386605472954
3.8169835930407	0.7554805937956
3.8169852519037	0.76041380237121
3.8169869107668	0.76500094001843
3.8169885696298	0.7691371218215
3.8169902284928	0.77846959138592
3.8169918873558	0.79138441921406
3.8169935462188	0.80070453940206
3.8169952050818	0.80882500124299
3.8169968639448	0.81858470774739
3.8169985228078	0.82841980264883
3.8170001816708	0.83696223017235
3.8170018405338	0.84488750435566
3.8170034993968	0.85067644351883
3.8170051582598	0.85411119893151
3.8170068171228	0.85374572466772
3.8170084759858	0.85315103917358
3.8170101348488	0.85236194429397
3.8170117937118	0.85161498243121
3.8170134525748	0.85088610110334
3.8170151114378	0.84988903046144
3.8170167703008	0.84889372545816
3.8170184291639	0.85047768832414
3.8170200880269	0.85043818653013
3.8170217468899	0.84282673801736
3.8170234057529	0.83744519685533
3.8170250646159	0.83647488591229
3.8170267234789	0.83563824048654
3.8170283823419	0.83493789281734
3.8170300412049	0.83434137437739
3.8170317000679	0.83379963896501
3.8170333589309	0.83479011917564
3.8170350177939	0.83613018414353
3.8170366766569	0.83494014247907
3.8170383355199	0.83372451630378
3.8170399943829	0.83277992235903
3.8170416532459	0.831444669287
3.8170433121089	0.82917111600658
3.8170449709719	0.82583432359194
3.8170466298349	0.82121938756344
3.8170482886979	0.81562058490047
3.8170499475609	0.80940437785347
3.817051606424	0.80359645153969
3.817053265287	0.79790713832037
3.81705492415	0.79403265511599
3.817056583013	0.79008009935917
3.817058241876	0.78421760332856
3.817059900739	0.77767501704421
3.817061559602	0.76916666148587
3.817063218465	0.76095129839953
3.817064877328	0.75314384206866
3.817066536191	0.74286375429585
3.817068195054	0.73078681346545
3.817069853917	0.72329991305162
3.81707151278	0.71742212866997
3.817073171643	0.71077813032178
3.817074830506	0.70386874492294
3.817076489369	0.69426972616005
3.817078148232	0.68425991211213
3.817079807095	0.6728355704076
3.817081465958	0.66043975295197
3.8170831248211	0.64650431504073
3.8170847836841	0.63005579524658
3.8170864425471	0.61154133877901
3.8170881014101	0.59129177180126
3.8170897602731	0.57033662693025
3.8170914191361	0.55273364913248
3.8170930779991	0.53558793769758
3.8170947368621	0.51763125553721
3.8170963957251	0.49978700529102
3.8170980545881	0.48239816051322
3.8170997134511	0.46575460620297
3.8171013723141	0.45043248009697
3.8171030311771	0.43643617804859
3.8171046900401	0.42364713674238
3.8171063489031	0.41355690399895
3.8171080077661	0.40470036234976
3.8171096666291	0.39323166466756
3.8171113254921	0.38135023749651
3.8171129843551	0.37346264521047
3.8171146432182	0.36584983460845
3.8171163020812	0.3595249305672
3.8171179609442	0.35302060757889
3.8171196198072	0.3461668956856
3.8171212786702	0.33889069469294
3.8171229375332	0.33119689780795
3.8171245963962	0.32543230913773
3.8171262552592	0.32063249318906
3.8171279141222	0.31584061829929
3.8171295729852	0.31105036394998
3.8171312318482	0.30669194659633
3.8171328907112	0.30190254045025
3.8171345495742	0.29481483681771
3.8171362084372	0.28809360714011
3.8171378673002	0.28214072654087
3.8171395261632	0.27853140290703
3.8171411850262	0.27738726893478
3.8171428438892	0.27785923871238
3.8171445027522	0.27919415806746
3.8171461616152	0.27928415333178
3.8171478204783	0.27909452660418
3.8171494793413	0.28301230547634
3.8171511382043	0.28636819091471
3.8171527970673	0.28599378752662
3.8171544559303	0.28594378926774
3.8171561147933	0.28661091126009
3.8171577736563	0.28771172929088
3.8171594325193	0.28928859315148
3.8171610913823	0.29375935832803
3.8171627502453	0.29984336505671
3.8171644091083	0.30513085857174
3.8171660679713	0.31022857890424
3.8171677268343	0.31458487629798
3.8171693856973	0.31899488602347
3.8171710445603	0.3238638005998
3.8171727034233	0.32953863369028
3.8171743622863	0.33705044467119
3.8171760211493	0.3456838632327
3.8171776800123	0.3555768769781
3.8171793388754	0.364665308176
3.8171809977384	0.37329564993821
3.8171826566014	0.38299962174918
3.8171843154644	0.39296605656632
3.8171859743274	0.40662690488692
3.8171876331904	0.42194382938403
3.8171892920534	0.44700424806811
3.8171909509164	0.47140588024087
3.8171926097794	0.49429476276071
3.8171942686424	0.51254262168204
3.8171959275054	0.5255623714732
3.8171975863684	0.53560784980044
3.8171992452314	0.54396040611117
3.8172009040944	0.54961285201969
3.8172025629574	0.55460881504063
3.8172042218204	0.55738696276981
3.8172058806834	0.55932044348128
3.8172075395464	0.55642753946689
3.8172091984094	0.55487131273183
3.8172108572725	0.5563361206389
3.8172125161355	0.55698766459775
3.8172141749985	0.55673823084819
3.8172158338615	0.56227929458079
3.8172174927245	0.57104558705333
3.8172191515875	0.58173243231805
3.8172208104505	0.59286904902655
3.8172224693135	0.5995745188639
3.8172241281765	0.60695869121148
3.8172257870395	0.61886236124303
3.8172274459025	0.6314959627531
3.8172291047655	0.64571664371865
3.8172307636285	0.65745465751101
3.8172324224915	0.66654102335402
3.8172340813545	0.67282925165145
3.8172357402175	0.6776255007686
3.8172373990805	0.68456268600757
3.8172390579435	0.69196663324727
3.8172407168065	0.69759657182034
3.8172423756695	0.70262950905817
3.8172440345326	0.70460079411752
3.8172456933956	0.70692805424719
3.8172473522586	0.70998379444391
3.8172490111216	0.71604732505303
3.8172506699846	0.72514766681352
3.8172523288476	0.72992134603276
3.8172539877106	0.73253609197705
3.8172556465736	0.73354407057818
3.8172573054366	0.73429382835417
3.8172589642996	0.74347736258431
3.8172606231626	0.75205850703682
3.8172622820256	0.75782696748357
3.8172639408886	0.7629340518519
3.8172655997516	0.76679345083544
3.8172672586146	0.77032602651532
3.8172689174776	0.7735528093841
3.8172705763406	0.7755692495215
3.8172722352036	0.7770340875915
3.8172738940666	0.7792409099278
3.8172755529297	0.78169819693113
3.8172772117927	0.78857205583154
3.8172788706557	0.79385631933338
3.8172805295187	0.79273066389888
3.8172821883817	0.794233499451
3.8172838472447	0.8002204290338
3.8172855061077	0.80722172535531
3.8172871649707	0.81508512876418
3.8172888238337	0.81774663837524
3.8172904826967	0.81830112473378
3.8172921415597	0.81706848495471
3.8172938004227	0.81575836621195
3.8172954592857	0.81721697495886
3.8172971181487	0.81819584132042
3.8172987770117	0.8175312976563
3.8173004358747	0.81101448793609
3.8173020947377	0.79563227129604
3.8173037536007	0.78855205855732
3.8173054124637	0.7877479263164
3.8173070713268	0.78770549315655
3.8173087301898	0.78792870191271
3.8173103890528	0.78768159740674
3.8173120479158	0.78795786752058
3.8173137067788	0.79428576754374
3.8173153656418	0.80128255740287
3.8173170245048	0.81020135663603
3.8173186833678	0.82039172042294
3.8173203422308	0.83226297182236
3.8173220010938	0.84184456647685
3.8173236599568	0.84992075452852
3.8173253188198	0.85522327093179
3.8173269776828	0.85972560782903
3.8173286365458	0.86459179011499
3.8173302954088	0.86826485599002
3.8173319542718	0.86321828917907
3.8173336131348	0.86293838791002
3.8173352719978	0.86053837072186
3.8173369308608	0.85403782341498
3.8173385897239	0.85488358439017
3.8173402485869	0.85835126434833
3.8173419074499	0.86295615566009
3.8173435663129	0.86803214499488
3.8173452251759	0.8758297659507
3.8173468840389	0.88492391506546
3.8173485429019	0.89009286853935
3.8173502017649	0.893126588876
3.8173518606279	0.89525972627493
3.8173535194909	0.89683655792647
3.8173551783539	0.89936565760769
3.8173568372169	0.90255987748234
3.8173584960799	0.9052656663543
3.8173601549429	0.90758687502443
3.8173618138059	0.90722527469728
3.8173634726689	0.90448804620974
3.8173651315319	0.90237334920469
3.8173667903949	0.90087794619167
3.8173684492579	0.90187105946978
3.8173701081209	0.90564326043094
3.817371766984	0.9096729616817
3.817373425847	0.9140256019912
3.81737508471	0.91726773262906
3.817376743573	0.91894429279195
3.817378402436	0.9208133028567
3.817380061299	0.92298789862537
3.817381720162	0.9212793457449
3.817383379025	0.91260700583078
3.817385037888	0.90740443296103
3.817386696751	0.90925587178506
3.817388355614	0.91040670215789
3.817390014477	0.90993482190851
3.81739167334	0.90975181644473
3.817393332203	0.91033615855921
3.817394991066	0.91085220515807
3.817396649929	0.9111584444248
3.817398308792	0.91148648796802
3.817399967655	0.91189286154788
3.817401626518	0.91250302714046
3.8174032853811	0.91398165491584
3.8174049442441	0.91550093077802
3.8174066031071	0.91722969471532
3.8174082619701	0.9188243200926
3.8174099208331	0.91955978649066
3.8174115796961	0.92057368430865
3.8174132385591	0.92389299284541
3.8174148974221	0.92676996185917
3.8174165562851	0.92459636443734
3.8174182151481	0.92241094247259
3.8174198740111	0.92001622196679
3.8174215328741	0.91763782426572
3.8174231917371	0.91585868572163
3.8174248506001	0.91407954717754
3.8174265094631	0.91805709613591
3.8174281683261	0.92203641611945
3.8174298271891	0.92280414844404
3.8174314860521	0.92348264042428
3.8174331449151	0.92128338394412
3.8174348037782	0.91892118020835
3.8174364626412	0.92124206589753
3.8174381215042	0.92397065441274
3.8174397803672	0.92660939119413
3.8174414392302	0.92923742844508
3.8174430980932	0.93369059645805
3.8174447569562	0.93842285999273
3.8174464158192	0.93635281111743
3.8174480746822	0.93299933334125
3.8174497335452	0.93434840302224
3.8174513924082	0.93676268505699
3.8174530512712	0.9336174251685
3.8174547101342	0.9289894543517
3.8174563689972	0.93093375362289
3.8174580278602	0.93491128074837
3.8174596867232	0.93722989712317
3.8174613455862	0.93895987849868
3.8174630044492	0.94557326447801
3.8174646633122	0.95415576753143
3.8174663221752	0.95257209671325
3.8174679810383	0.94636192163511
3.8174696399013	0.94240390804511
3.8174712987643	0.93959569233031
3.8174729576273	0.93834388844623
3.8174746164903	0.93797944293854
3.8174762753533	0.93384514128504
3.8174779342163	0.92731974820511
3.8174795930793	0.92572411895463
3.8174812519423	0.92759643639853
3.8174829108053	0.92342209760455
3.8174845696683	0.91454046716899
3.8174862285313	0.90854473404043
3.8174878873943	0.90503076789714
3.8174895462573	0.90550731102788
3.8174912051203	0.90976981345279
3.8174928639833	0.91185024775625
3.8174945228463	0.9116481988577
3.8174961817093	0.91656647583812
3.8174978405723	0.92738792990885
3.8174994994354	0.93533858175337
3.8175011582984	0.93964088551635
3.8175028171614	0.94343132587066
3.8175044760244	0.94650417170049
3.8175061348874	0.94818793009019
3.8175077937504	0.94772148114166
3.8175094526134	0.94754961053579
3.8175111114764	0.94788218182652
3.8175127703394	0.94800331636954
3.8175144292024	0.94772311309015
3.8175160880654	0.94723951199706
3.8175177469284	0.94632669006189
3.8175194057914	0.94510310643194
3.8175210646544	0.94314788513287
3.8175227235174	0.94181544161613
3.8175243823804	0.94212634059927
3.8175260412434	0.94086588002589
3.8175277001064	0.934932700587
3.8175293589694	0.92922739023125
3.8175310178325	0.92429090024088
3.8175326766955	0.91987438593149
3.8175343355585	0.91746534833585
3.8175359944215	0.91496873445535
3.8175376532845	0.91208095915957
3.8175393121475	0.90947382837768
3.8175409710105	0.90833715515176
3.8175426298735	0.90598110136034
3.8175442887365	0.89598898285402
3.8175459475995	0.88454773503105
3.8175476064625	0.86198776322202
3.8175492653255	0.83848912729272
3.8175509241885	0.80583662406305
3.8175525830515	0.77381454958954
3.8175542419145	0.75006609173288
3.8175559007775	0.72746813054921
3.8175575596405	0.72732717354404
3.8175592185035	0.72799119974092
3.8175608773665	0.75784077722149
3.8175625362296	0.78765927938375
3.8175641950926	0.81129823805585
3.8175658539556	0.83493719672795
3.8175675128186	0.8536560894515
3.8175691716816	0.87229162983621
3.8175708305446	0.88764704453652
3.8175724894076	0.90287208812267
3.8175741482706	0.90636749587719
3.8175758071336	0.90911820488621
3.8175774659966	0.91575883939018
3.8175791248596	0.92274230851164
3.8175807837226	0.92051125078965
3.8175824425856	0.91723129950839
3.8175841014486	0.91857962950175
3.8175857603116	0.92057866827065
3.8175874191746	0.92719407503105
3.8175890780376	0.93458754918438
3.8175907369006	0.92766861716467
3.8175923957636	0.91792002019283
3.8175940546266	0.91269423153046
3.8175957134897	0.9085003569402
3.8175973723527	0.89894525017904
3.8175990312157	0.88799631590819
3.8176006900787	0.88795580156066
3.8176023489417	0.89111517782575
3.8176040078047	0.88857109336841
3.8176056666677	0.8841546997552
3.8176073255307	0.88034999762481
3.8176089843937	0.87676850078384
3.8176106432567	0.8768385305878
3.8176123021197	0.87838162283347
3.8176139609827	0.88081492771147
3.8176156198457	0.88364337677182
3.8176172787087	0.88533709440633
3.8176189375717	0.88647882575404
3.8176205964347	0.8917062486904
3.8176222552977	0.89910472704369
3.8176239141607	0.90185651956789
3.8176255730237	0.90191891219536
3.8176272318868	0.90435241294519
3.8176288907498	0.90827697369763
3.8176305496128	0.90954438165982
3.8176322084758	0.90900011721299
3.8176338673388	0.9122081509043
3.8176355262018	0.91818555502035
3.8176371850648	0.92209266718753
3.8176388439278	0.92434822958796
3.8176405027908	0.92630637814292
3.8176421616538	0.92800835090615
3.8176438205168	0.92468375925295
3.8176454793798	0.91668965785855
3.8176471382428	0.91185755809608
3.8176487971058	0.91019158762356
3.8176504559688	0.90747291172042
3.8176521148318	0.90361850389121
3.8176537736948	0.89688625085507
3.8176554325578	0.88681031372165
3.8176570914208	0.88327548201853
3.8176587502839	0.8879254860636
3.8176604091469	0.8933835438355
3.8176620680099	0.89993078184397
3.8176637268729	0.90607013673808
3.8176653857359	0.91161719198501
3.8176670445989	0.91915099541372
3.8176687034619	0.92979487851798
3.8176703623249	0.93833855653656
3.8176720211879	0.94333563906021
3.8176736800509	0.94033657870189
3.8176753389139	0.92275531544703
3.8176769977769	0.91072400914583
3.8176786566399	0.90963355456877
3.8176803155029	0.90677598439835
3.8176819743659	0.90014669900491
3.8176836332289	0.89682280992364
3.8176852920919	0.90115199855139
3.8176869509549	0.90859115125359
3.8176886098179	0.92385581852514
3.8176902686809	0.93576416211021
3.817691927544	0.93847009848205
3.817693586407	0.93997970471916
3.81769524527	0.93790421336139
3.817696904133	0.93228552814536
3.817698562996	0.91502481613566
3.817700221859	0.89697221860197
3.817701880722	0.87605476803268
3.817703539585	0.85740566327103
3.817705198448	0.84783484432434
3.817706857311	0.84436198916942
3.817708516174	0.86804664107172
3.817710175037	0.89005792150395
3.8177118339	0.90371973973352
3.817713492763	0.91707153872665
3.817715151626	0.92867588442837
3.817716810489	0.94059074945896
3.817718469352	0.95450313006836
3.817720128215	0.96614306556889
3.817721787078	0.96087745619303
3.8177234459411	0.95615780137423
3.8177251048041	0.95621435527696
3.8177267636671	0.95650652285189
3.8177284225301	0.95927735359309
3.8177300813931	0.96166831782882
3.8177317402561	0.95910127122456
3.8177333991191	0.95666703761791
3.8177350579821	0.95648791780637
3.8177367168451	0.9563856093705
3.8177383757081	0.95811685185669
3.8177400345711	0.95988451185718
3.8177416934341	0.96307876651133
3.8177433522971	0.96623100185762
3.8177450111601	0.96509852127729
3.8177466700231	0.96396604069696
3.8177483288861	0.96363369559556
3.8177499877491	0.9633056413365
3.8177516466121	0.95598493022936
3.8177533054751	0.94851973026092
3.8177549643382	0.94825943689146
3.8177566232012	0.94826092599081
3.8177582820642	0.95408425597467
3.8177599409272	0.96021206811697
3.8177615997902	0.96131670053906
3.8177632586532	0.96207622797874
3.8177649175162	0.96385711374794
3.8177665763792	0.96572524235967
3.8177682352422	0.96650960882691
3.8177698941052	0.96718283555199
3.8177715529682	0.96555453582352
3.8177732118312	0.96364991134063
3.8177748706942	0.95537772867484
3.8177765295572	0.946227055329
3.8177781884202	0.93276513356905
3.8177798472832	0.91862927824115
3.8177815061462	0.91012217844321
3.8177831650092	0.90260062661691
3.8177848238722	0.87623151391362
3.8177864827352	0.84620050044366
3.8177881415983	0.81507671957808
3.8177898004613	0.78371910095011
3.8177914593243	0.76343391368418
3.8177931181873	0.74574120397916
3.8177947770503	0.74876762832809
3.8177964359133	0.75707239923
3.8177980947763	0.77912256373223
3.8177997536393	0.8049644925965
3.8178014125023	0.83309771298842
3.8178030713653	0.86191263540886
3.8178047302283	0.88574991339679
3.8178063890913	0.90799587118417
3.8178080479543	0.92586341869548
3.8178097068173	0.94223181581383
3.8178113656803	0.94757257157785
3.8178130245433	0.94888034240713
3.8178146834063	0.95082969243791
3.8178163422693	0.95302900164104
3.8178180011323	0.94944603811
3.8178196599954	0.94346884311978
3.8178213188584	0.94496355654882
3.8178229777214	0.94973937622342
3.8178246365844	0.95544773703263
3.8178262954474	0.96158962440295
3.8178279543104	0.96517212689863
3.8178296131734	0.96749723420307
3.8178312720364	0.96800259135394
3.8178329308994	0.96756468704172
3.8178345897624	0.96391953899548
3.8178362486254	0.95852266498837
3.8178379074884	0.9597597720671
3.8178395663514	0.96480952092135
3.8178412252144	0.96658423009345
3.8178428840774	0.96638089421821
3.8178445429404	0.96771899803729
3.8178462018034	0.970034352421
3.8178478606664	0.97075323206629
3.8178495195294	0.97041065397165
3.8178511783925	0.96291729998795
3.8178528372555	0.95044294118741
3.8178544961185	0.9429921428955
3.8178561549815	0.93920395941793
3.8178578138445	0.93865858773299
3.8178594727075	0.94058612570317
3.8178611315705	0.94773183621252
3.8178627904335	0.95903624221136
3.8178644492965	0.96126431166871
3.8178661081595	0.95593849990611
3.8178677670225	0.95278738983849
3.8178694258855	0.95152501128966
3.8178710847485	0.95046825434023
3.8178727436115	0.94959776155064
3.8178744024745	0.9431238260766
3.8178760613375	0.93135894837624
3.8178777202005	0.91115918341658
3.8178793790635	0.88266245618664
3.8178810379265	0.83810653724546
3.8178826967896	0.77710106564873
3.8178843556526	0.72244814538746
3.8178860145156	0.67456655412697
3.8178876733786	0.64554237228661
3.8178893322416	0.63743179337023
3.8178909911046	0.65475451231155
3.8178926499676	0.70140648009492
3.8178943088306	0.75535112122716
3.8178959676936	0.81803789037198
3.8178976265566	0.86901469676357
3.8178992854196	0.90540772407934
3.8179009442826	0.93236599620999
3.8179026031456	0.94711748291299
3.8179042620086	0.95466599810072
3.8179059208716	0.95253820737882
3.8179075797346	0.95397407525413
3.8179092385976	0.96037977748841
3.8179108974606	0.96337572647693
3.8179125563236	0.96143681240134
3.8179142151866	0.95933825678464
3.8179158740497	0.95699999996292
3.8179175329127	0.95433231695765
3.8179191917757	0.95115153649114
3.8179208506387	0.94733766720196
3.8179225095017	0.94250120201968
3.8179241683647	0.93854367574357
3.8179258272277	0.93605806164591
3.8179274860907	0.92800288919561
3.8179291449537	0.91028010003727
3.8179308038167	0.88730930074878
3.8179324626797	0.85489700690078
3.8179341215427	0.81998835371227
3.8179357804057	0.78042594668035
3.8179374392687	0.74768561220136
3.8179390981317	0.72812086411924
3.8179407569947	0.71834777945243
3.8179424158577	0.72816567515906
3.8179440747207	0.74314272877052
3.8179457335837	0.7688113367199
3.8179473924468	0.79553009732744
3.8179490513098	0.82450255865024
3.8179507101728	0.85046379112174
3.8179523690358	0.86973401516194
3.8179540278988	0.88650725539342
3.8179556867618	0.89753570725667
3.8179573456248	0.90636655373835
3.8179590044878	0.90996323540155
3.8179606633508	0.91170213566039
3.8179623222138	0.90886106951288
3.8179639810768	0.90886063519286
3.8179656399398	0.91610764013627
3.8179672988028	0.92408393714383
3.8179689576658	0.93398595238919
3.8179706165288	0.94212984090594
3.8179722753918	0.94546977169793
3.8179739342548	0.94867548554737
3.8179755931178	0.95150175297254
3.8179772519808	0.95321945998005
3.8179789108439	0.95169433929564
3.8179805697069	0.95051073828142
3.8179822285699	0.95036070816001
3.8179838874329	0.94905589751328
3.8179855462959	0.94413597458511
3.8179872051589	0.93957982477422
3.8179888640219	0.93620151712209
3.8179905228849	0.93322837182626
3.8179921817479	0.93161213906525
3.8179938406109	0.9316956698102
3.8179954994739	0.93766646078505
3.8179971583369	0.94017994224318
3.8179988171999	0.93031122078096
3.8180004760629	0.92322593691798
3.8180021349259	0.92644702315495
3.8180037937889	0.92920992461401
3.8180054526519	0.93021870099596
3.8180071115149	0.93163185785605
3.8180087703779	0.93464542454867
3.8180104292409	0.93753636362278
3.818012088104	0.9399256871156
3.818013746967	0.94191666842352
3.81801540583	0.94222339618874
3.818017064693	0.94141460311397
3.818018723556	0.93573152816876
3.818020382419	0.93180433878798
3.818022041282	0.9358043073357
3.818023700145	0.93925434107487
3.818025359008	0.94013977323652
3.818027017871	0.94207685659807
3.818028676734	0.94908011247982
3.818030335597	0.95451721322844
3.81803199446	0.95216488983377
3.818033653323	0.95027147045644
3.818035312186	0.95073447353808
3.818036971049	0.95304089325355
3.818038629912	0.96511993944621
3.818040288775	0.97286349481539
3.818041947638	0.95689273021446
3.8180436065011	0.9434708227803
3.8180452653641	0.94443292654472
3.8180469242271	0.94588488762268
3.8180485830901	0.95018878059736
3.8180502419531	0.95431529140221
3.8180519008161	0.95737716924998
3.8180535596791	0.96198642175344
3.8180552185421	0.9761688358178
3.8180568774051	0.98743392125956
3.8180585362681	0.98010339367688
3.8180601951311	0.97250624806352
3.8180618539941	0.9631590220492
3.8180635128571	0.95518113435286
3.8180651717201	0.95645411464271
3.8180668305831	0.95782806647283
3.8180684894461	0.95990391277812
3.8180701483091	0.96264704727367
3.8180718071721	0.97016013925387
3.8180734660351	0.97705119468648
3.8180751248982	0.97937293402286
3.8180767837612	0.98102732349369
3.8180784426242	0.97764584467757
3.8180801014872	0.97400894545461
3.8180817603502	0.96839357519225
3.8180834192132	0.96331409958137
3.8180850780762	0.96249208790518
3.8180867369392	0.96098146143384
3.8180883958022	0.95386468035832
3.8180900546652	0.94899325749103
3.8180917135282	0.96284446980994
3.8180933723912	0.97530055473516
3.8180950312542	0.97585848555983
3.8180966901172	0.97729780496128
3.8180983489802	0.98642043138314
3.8181000078432	0.99389509630023
3.8181016667062	0.98669547119345
3.8181033255692	0.97976801826657
3.8181049844322	0.97531225218403
3.8181066432953	0.97160427642024
3.8181083021583	0.97481680069755
3.8181099610213	0.97709348337065
3.8181116198843	0.97055521183707
3.8181132787473	0.96518457600221
3.8181149376103	0.97099837869969
3.8181165964733	0.97704870913191
3.8181182553363	0.98539879505387
3.8181199141993	0.99246871265441
3.8181215730623	0.98691610646351
3.8181232319253	0.98262125711802
3.8181248907883	0.99088434274274
3.8181265496513	0.99795884360887
3.8181282085143	0.99302874898724
3.8181298673773	0.98786773570929
3.8181315262403	0.98035228373041
3.8181331851033	0.97389821831568
3.8181348439663	0.97835691817029
3.8181365028293	0.98248757633149
3.8181381616923	0.98322092646209
3.8181398205554	0.98422528821778
3.8181414794184	0.98805068791688
3.8181431382814	0.99150410042146
3.8181447971444	0.99107013930045
3.8181464560074	0.99073722944322
3.8181481148704	0.99146271329504
3.8181497737334	0.99213497458381
3.8181514325964	0.99224947974487
3.8181530914594	0.99209464175645
3.8181547503224	0.9891203666205
3.8181564091854	0.98642496568453
3.8181580680484	0.98664200037398
3.8181597269114	0.98676367916866
3.8181613857744	0.98589348149402
3.8181630446374	0.98486357479133
3.8181647035004	0.98218178504185
3.8181663623634	0.98027675423087
3.8181680212264	0.98634732984334
3.8181696800894	0.99142152687953
3.8181713389525	0.98635095181614
3.8181729978155	0.9813585854984
3.8181746566785	0.97715458204784
3.8181763155415	0.97419783411022
3.8181779744045	0.98366929698191
3.8181796332675	0.99216823016617
3.8181812921305	0.99109757578658
3.8181829509935	0.98936842438922
3.8181846098565	0.98125307948401
3.8181862687195	0.9739381135674
3.8181879275825	0.97426634531125
3.8181895864455	0.97445468509907
3.8181912453085	0.97332879198746
3.8181929041715	0.9723510233926
3.8181945630345	0.97273985026558
3.8181962218975	0.97305410798498
3.8181978807605	0.9726932803621
3.8181995396235	0.97198890315618
3.8182011984865	0.96823624323855
3.8182028573496	0.96548559648677
3.8182045162126	0.9714388032689
3.8182061750756	0.97738534449832
3.8182078339386	0.98327526455396
3.8182094928016	0.98842856982879
3.8182111516646	0.98746645636216
3.8182128105276	0.9869256732447
3.8182144693906	0.9898001934326
3.8182161282536	0.99201623150745
3.8182177871166	0.98902542712554
3.8182194459796	0.98604361769259
3.8182211048426	0.98313115901438
3.8182227637056	0.98031672402302
3.8182244225686	0.97823830045383
3.8182260814316	0.97618788100672
3.8182277402946	0.97434216054965
3.8182293991576	0.97261398073599
3.8182310580206	0.97172162316487
3.8182327168836	0.97141474132769
3.8182343757466	0.97515676044159
3.8182360346097	0.97909494258563
3.8182376934727	0.98435114644583
3.8182393523357	0.98954457821723
3.8182410111987	0.99432832163367
3.8182426700617	0.99800091785315
3.8182443289247	0.99463295449238
3.8182459877877	0.99144057794654
3.8182476466507	0.98932815349176
3.8182493055137	0.98776920862759
3.8182509643767	0.9895120290363
3.8182526232397	0.99113119564199
3.8182542821027	0.99203497833544
3.8182559409657	0.9923438591212
3.8182575998287	0.98931624371932
3.8182592586917	0.98582852773525
3.8182609175547	0.97983940835536
3.8182625764177	0.97485805366233
3.8182642352807	0.97518425644734
3.8182658941437	0.97473422514563
3.8182675530068	0.97032392667935
3.8182692118698	0.96475464164997
3.8182708707328	0.95345901058937
3.8182725295958	0.94339665552903
3.8182741884588	0.93923535031417
3.8182758473218	0.93251028520203
3.8182775061848	0.91391158005888
3.8182791650478	0.89523018674734
3.8182808239108	0.87617811009682
3.8182824827738	0.86307062153739
3.8182841416368	0.87575231046387
3.8182858004998	0.88928230590251
3.8182874593628	0.90637299564435
3.8182891182258	0.92416459315771
3.8182907770888	0.94480284386269
3.8182924359518	0.96215409228549
3.8182940948148	0.96659066039859
3.8182957536778	0.97118396802855
3.8182974125408	0.97637293182493
3.8182990714039	0.98188083630672
3.8183007302669	0.98856090578731
3.8183023891299	0.99273907366583
3.8183040479929	0.98802639720096
3.8183057068559	0.98478023142471
3.8183073657189	0.98657355638769
3.8183090245819	0.98631208706902
3.8183106834449	0.97922356214125
3.8183123423079	0.97448281022517
3.8183140011709	0.97728294573091
3.8183156600339	0.97597844401951
3.8183173188969	0.96192788815265
3.8183189777599	0.95064481000391
3.8183206366229	0.94766722671116
3.8183222954859	0.94510538360866
3.8183239543489	0.94374945535166
3.8183256132119	0.94134495452803
3.8183272720749	0.93600053471572
3.8183289309379	0.93065591115878
3.8183305898009	0.92531073563263
3.818332248664	0.92117575054998
3.818333907527	0.92020887858051
3.81833556639	0.91750112150414
3.818337225253	0.91039098812843
3.818338884116	0.9006943197854
3.818340542979	0.88467894905513
3.818342201842	0.86767860826587
3.818343860705	0.84835369806805
3.818345519568	0.83170971919382
3.818347178431	0.82117606848813
3.818348837294	0.81830641923026
3.818350496157	0.83230639477114
3.81835215502	0.84877792828332
3.818353813883	0.87050259473736
3.818355472746	0.89168320321017
3.818357131609	0.9117474250899
3.818358790472	0.93603192195439
3.818360449335	0.96867688593364
3.818362108198	0.98998391522813
3.8183637670611	0.9896109108796
3.8183654259241	0.9808579362034
3.8183670847871	0.95664114010673
3.8183687436501	0.944440046404
3.8183704025131	0.95363235569203
3.8183720613761	0.96334089708109
3.8183737202391	0.97393605446822
3.8183753791021	0.97631049584887
3.8183770379651	0.96506634702996
3.8183786968281	0.95926401334179
3.8183803556911	0.9621550876535
3.8183820145541	0.96296193906819
3.8183836734171	0.96055882550364
3.8183853322801	0.96025468988089
3.8183869911431	0.96306624045567
3.8183886500061	0.96720445379892
3.8183903088691	0.97324042379874
3.8183919677321	0.97497136964439
3.8183936265951	0.97077055264222
3.8183952854582	0.96808896759009
3.8183969443212	0.96742337542677
3.8183986031842	0.96159686871759
3.8184002620472	0.94917608307074
3.8184019209102	0.93793393967469
3.8184035797732	0.92814112824683
3.8184052386362	0.9376208157581
3.8184068974992	0.96990229719436
3.8184085563622	0.98310467513869
3.8184102152252	0.9745973648806
3.8184118740882	0.96914673451938
3.8184135329512	0.9670397377842
3.8184151918142	0.96078303499986
3.8184168506772	0.9501646331422
3.8184185095402	0.95408009585219
3.8184201684032	0.97266933400204
3.8184218272662	0.98029535639516
3.8184234861292	0.9772948630073
3.8184251449922	0.97797875314806
3.8184268038553	0.98208925447264
3.8184284627183	0.98284279440618
3.8184301215813	0.98060246962222
3.8184317804443	0.98193252982127
3.8184334393073	0.98631454041252
3.8184350981703	0.98305799511405
3.8184367570333	0.97354852436365
3.8184384158963	0.96693430835044
3.8184400747593	0.96258849421643
3.8184417336223	0.95535315226117
3.8184433924853	0.94595269489971
3.8184450513483	0.93350747600007
3.8184467102113	0.9188818648983
3.8184483690743	0.91895833611797
3.8184500279373	0.92908617508636
3.8184516868003	0.9421823945806
3.8184533456633	0.95721450941104
3.8184550045263	0.96049571395379
3.8184566633893	0.95647398427434
3.8184583222523	0.93823567291458
3.8184599811154	0.91158592207859
3.8184616399784	0.90797069260776
3.8184632988414	0.91731240625815
3.8184649577044	0.93425423281193
3.8184666165674	0.95525577243399
3.8184682754304	0.97417467937519
3.8184699342934	0.99203866421443
3.8184715931564	0.99421400463639
3.8184732520194	0.98886531327701
3.8184749108824	0.98059955977535
3.8184765697454	0.97101150367517
3.8184782286084	0.96942454893763
3.8184798874714	0.97125997729161
3.8184815463344	0.97254060365534
