6545.059352 0.980408
6545.106575 0.980111
6545.153796 0.976117
6545.201014 0.980158
6545.248229 0.967223
6545.295441 0.981003
6545.34265 0.989592
6545.389856 0.993723
6545.437059 0.991095
6545.484259 0.980724
6545.531456 0.978329
6545.57865 0.953616
6545.62584 0.923071
6545.673028 0.882991
6545.720213 0.824725
6545.767395 0.753778
6545.814574 0.715821
6545.86175 0.717974
6545.908922 0.777199
6545.956092 0.870772
6546.003259 0.928694
6546.050423 0.966436
6546.097583 0.982608
6546.144741 0.985618
6546.191896 0.987814
6546.239048 0.986206
6546.286196 0.98435
6546.333342 0.979288
6546.380485 0.970706
6546.427624 0.967788
6546.474761 0.955163
6546.521895 0.947684
6546.569025 0.953587
6546.616153 0.943344
6546.663278 0.951157
6546.710399 0.94246
6546.757518 0.939908
6546.804633 0.927042
6546.851746 0.928859
6546.898855 0.926462
6546.945962 0.927542
6546.993065 0.931789
6547.040166 0.93082
6547.087263 0.918704
6547.134358 0.919519
6547.181449 0.918151
6547.228538 0.917115
6547.275623 0.93099
6547.322705 0.931275
6547.369785 0.942775
6547.416861 0.944732
6547.463934 0.946762
6547.511005 0.964098
6547.558072 0.960509
6547.605136 0.943542
6547.652197 0.927504
6547.699256 0.904856
6547.746311 0.921011
6547.793363 0.94175
6547.840412 0.95864
6547.887458 0.968692
6547.934501 0.973576
6547.981541 0.986046
6548.028579 0.985621
6548.075613 0.99529
6548.122644 1.001361
6548.169672 0.992859
6548.216697 0.99662
6548.263719 1.002312
6548.310737 0.994502
6548.357753 0.996364
6548.404766 0.983766
6548.451776 0.977291
6548.498783 0.964006
6548.545787 0.95234
6548.592788 0.935033
6548.639785 0.942622
6548.68678 0.956522
6548.733772 0.983665
6548.78076 0.999463
6548.827746 1.005777
6548.874729 0.997621
6548.921708 0.997506
6548.968685 0.983849
6549.015658 0.989293
6549.062629 0.982469
6549.109596 0.985145
6549.156561 0.989112
6549.203522 0.981915
6549.250481 0.990366
6549.297436 0.995138
6549.344388 0.998681
6549.391338 1.003265
6549.438284 0.995561
6549.485227 0.992193
6549.532167 0.998623
6549.579105 0.985381
6549.626039 0.990299
6549.67297 0.985884
6549.719898 0.976806
6549.766823 0.969559
6549.813745 0.958673
6549.860664 0.96372
6549.90758 0.964694
6549.954493 0.977262
6550.001403 0.983913
6550.04831 0.987241
6550.095214 0.991788
6550.142115 0.993679
6550.189012 0.992245
6550.235907 0.997333
6550.282799 0.995661
6550.329687 0.986169
6550.376573 0.980093
6550.423456 0.981018
6550.470335 0.970606
6550.517212 0.971234
6550.564085 0.979659
6550.610956 0.981503
6550.657823 0.993994
6550.704688 1.001719
6550.751549 0.994357
6550.798407 1.002012
6550.845262 0.991521
6550.892115 0.987897
6550.938964 0.983871
6550.98581 0.96606
6551.032653 0.961332
6551.079493 0.954573
6551.12633 0.943553
6551.173164 0.912034
6551.219995 0.896864
6551.266823 0.903909
6551.313648 0.924588
6551.36047 0.948127
6551.407289 0.967532
6551.454105 0.994142
6551.500917 0.99293
6551.547727 0.999048
6551.594534 0.997084
6551.641337 0.994118
6551.688138 0.996672
6551.734935 1.000834
6551.78173 1.002452
6551.828521 0.990062
6551.87531 0.983165
6551.922095 0.97838
6551.968877 0.96052
6552.015657 0.961639
6552.062433 0.962397
6552.109206 0.962066
6552.155976 0.959713
6552.202743 0.960966
6552.249507 0.961676
6552.296268 0.965264
6552.343026 0.971127
6552.389781 0.96921
6552.436533 0.974052
6552.483282 0.964267
6552.530028 0.94658
6552.57677 0.921336
6552.62351 0.908498
6552.670247 0.921902
6552.71698 0.941566
6552.763711 0.956514
6552.810438 0.961874
6552.857163 0.976739
6552.903884 0.984674
6552.950602 0.994114
6552.997318 0.988847
6553.04403 0.990698
6553.090739 0.982935
6553.137445 0.98832
6553.184149 0.98816
6553.230849 0.99598
6553.277546 0.9829
6553.32424 0.980495
6553.37093 0.978796
6553.417618 0.981917
6553.464303 0.973738
6553.510985 0.979084
6553.557664 0.971722
6553.604339 0.982043
6553.651012 0.963375
6553.697681 0.919939
6553.744348 0.867594
6553.791011 0.842747
6553.837672 0.845412
6553.884329 0.893477
6553.930983 0.931848
6553.977635 0.955526
6554.024283 0.967707
6554.070928 0.984055
6554.11757 0.985336
6554.164209 0.991313
6554.210845 0.973962
6554.257478 0.974652
6554.304108 0.968655
6554.350735 0.963678
6554.397358 0.959434
6554.443979 0.955803
6554.490597 0.9636
6554.537211 0.967268
6554.583823 0.963906
6554.630431 0.954387
6554.677037 0.944093
6554.723639 0.940159
6554.770238 0.941999
6554.816834 0.952314
6554.863428 0.940954
6554.910018 0.934069
6554.956605 0.903128
6555.003189 0.867996
6555.04977 0.850875
6555.096348 0.864698
6555.142922 0.894358
6555.189494 0.928348
6555.236063 0.947613
6555.282629 0.945936
6555.329191 0.943222
6555.375751 0.932451
6555.422307 0.924428
6555.468861 0.92532
6555.515411 0.897607
6555.561958 0.863497
6555.608503 0.825429
6555.655044 0.817204
6555.701582 0.842965
6555.748117 0.895524
6555.794649 0.932238
6555.841178 0.948804
6555.887704 0.954582
6555.934226 0.955756
6555.980746 0.959811
6556.027263 0.96362
6556.073776 0.964836
6556.120287 0.96109
6556.166794 0.952387
6556.213299 0.942122
6556.2598 0.925835
6556.306298 0.900242
6556.352794 0.8845
6556.399286 0.88664
6556.445775 0.898642
6556.492261 0.930983
6556.538744 0.948463
6556.585224 0.947684
6556.631701 0.957774
6556.678174 0.958692
6556.724645 0.964029
6556.771113 0.961367
6556.817577 0.961484
6556.864039 0.963932
6556.910497 0.965092
6556.956952 0.963035
6557.003405 0.963375
6557.049854 0.953012
6557.0963 0.928912
6557.142743 0.92082
6557.189183 0.918055
6557.23562 0.930453
6557.282054 0.946005
6557.328485 0.949673
6557.374913 0.94935
6557.421337 0.958237
6557.467759 0.94842
6557.514177 0.940009
6557.560593 0.932066
6557.607005 0.920502
6557.653415 0.910677
6557.699821 0.895114
6557.746224 0.892597
6557.792624 0.90857
6557.839021 0.924223
6557.885415 0.948087
6557.931806 0.95411
6557.978194 0.953211
6558.024578 0.950365
6558.07096 0.944546
6558.117339 0.939912
6558.163714 0.937502
6558.210087 0.952783
6558.256456 0.96107
6558.302822 0.958331
6558.349186 0.955364
6558.395546 0.948199
6558.441903 0.943727
6558.488257 0.946687
6558.534608 0.946756
6558.580956 0.954727
6558.6273 0.960551
6558.673642 0.960159
6558.719981 0.966814
6558.766316 0.960526
6558.812649 0.957667
6558.858978 0.957578
6558.905304 0.960441
6558.951628 0.945078
6558.997948 0.924363
6559.044265 0.904694
6559.090579 0.866201
6559.13689 0.841627
6559.183198 0.846346
6559.229502 0.869607
6559.275804 0.899578
6559.322103 0.909321
6559.368398 0.916203
6559.414691 0.924724
6559.46098 0.930371
6559.507266 0.937288
6559.55355 0.946598
6559.59983 0.936474
6559.646107 0.926554
6559.692381 0.914252
6559.738652 0.906764
6559.784919 0.897718
6559.831184 0.889698
6559.877446 0.888539
6559.923704 0.892091
6559.96996 0.900626
6560.016212 0.886892
6560.062462 0.870079
6560.108708 0.849996
6560.154951 0.829914
6560.201191 0.830855
6560.247428 0.834026
6560.293662 0.855992
6560.339893 0.87535
6560.386121 0.870618
6560.432345 0.881345
6560.478567 0.879688
6560.524785 0.87652
6560.571001 0.879676
6560.617213 0.885561
6560.663422 0.87787
6560.709628 0.881053
6560.755832 0.881657
6560.802032 0.883764
6560.848228 0.881682
6560.894422 0.880145
6560.940613 0.887184
6560.986801 0.881377
6561.032985 0.870877
6561.079167 0.861793
6561.125345 0.856666
6561.17152 0.854645
6561.217693 0.85176
6561.263862 0.850414
6561.310028 0.838522
6561.356191 0.835807
6561.402351 0.816673
6561.448507 0.798972
6561.494661 0.789185
6561.540812 0.771074
6561.586959 0.754785
6561.633103 0.728241
6561.679245 0.699234
6561.725383 0.663924
6561.771518 0.629617
6561.81765 0.598694
6561.863779 0.564496
6561.909905 0.538341
6561.956028 0.518057
6562.002148 0.496225
6562.048264 0.477232
6562.094378 0.461041
6562.140488 0.449953
6562.186595 0.438957
6562.2327 0.427244
6562.278801 0.42069
6562.324899 0.40852
6562.370994 0.402979
6562.417086 0.39605
6562.463175 0.386678
6562.50926 0.383188
6562.555343 0.378364
6562.601422 0.375611
6562.647499 0.372971
6562.693572 0.370665
6562.739642 0.368644
6562.785709 0.371569
6562.831773 0.379339
6562.877834 0.384262
6562.923892 0.3903
6562.969947 0.400108
6563.015999 0.417267
6563.062047 0.440887
6563.108093 0.469727
6563.154135 0.498201
6563.200174 0.517482
6563.24621 0.539738
6563.292243 0.554219
6563.338273 0.568931
6563.3843 0.575563
6563.430324 0.572242
6563.476345 0.567616
6563.522362 0.567358
6563.568377 0.559377
6563.614388 0.556717
6563.660397 0.570588
6563.706402 0.57845
6563.752404 0.597265
6563.798403 0.61434
6563.844399 0.629673
6563.890392 0.640065
6563.936381 0.645489
6563.982368 0.65043
6564.028352 0.649826
6564.074332 0.656442
6564.120309 0.654918
6564.166284 0.653162
6564.212255 0.652651
6564.258223 0.670874
6564.304188 0.700271
6564.350149 0.711978
6564.396108 0.718282
6564.442064 0.72791
6564.488016 0.728197
6564.533966 0.735077
6564.579912 0.754112
6564.625855 0.754092
6564.671795 0.765415
6564.717732 0.768914
6564.763666 0.780221
6564.809597 0.789503
6564.855525 0.785454
6564.901449 0.783276
6564.947371 0.777562
6564.993289 0.761235
6565.039204 0.764029
6565.085117 0.769774
6565.131026 0.77225
6565.176932 0.793399
6565.222835 0.819035
6565.268734 0.843356
6565.314631 0.864236
6565.360525 0.857669
6565.406415 0.861514
6565.452302 0.863229
6565.498187 0.865597
6565.544068 0.866613
6565.589946 0.875526
6565.635821 0.883675
6565.681693 0.898566
6565.727561 0.905092
6565.773427 0.904324
6565.819289 0.910302
6565.865149 0.916856
6565.911005 0.917741
6565.956858 0.923203
6566.002708 0.926753
6566.048555 0.930314
6566.094399 0.931844
6566.14024 0.935208
6566.186078 0.922412
6566.231912 0.926587
6566.277744 0.92435
6566.323572 0.930114
6566.368782 0.933449
6566.419702 0.939023
6566.47062 0.943042
6566.521534 0.94307
6566.572446 0.949145
6566.623356 0.948577
6566.674263 0.948475
6566.725167 0.956768
6566.776069 0.952251
6566.826968 0.946513
6566.877864 0.951296
6566.928758 0.944938
6566.979649 0.945718
6567.030537 0.953977
6567.081423 0.954887
6567.132307 0.961086
6567.183187 0.967077
6567.234065 0.960998
6567.284941 0.964501
6567.335814 0.978283
6567.386684 0.97384
6567.437551 0.974748
6567.488416 0.966876
6567.539278 0.970658
6567.590138 0.975014
6567.640995 0.976136
6567.69185 0.974941
6567.742701 0.970831
6567.793551 0.96745
6567.844397 0.971399
6567.895241 0.976153
6567.946082 0.977892
6567.996921 0.985992
6568.047757 0.982293
6568.09859 0.975453
6568.149421 0.977601
6568.200249 0.972391
6568.251075 0.976067
6568.301897 0.970653
6568.352718 0.971287
6568.403535 0.964592
6568.45435 0.950006
6568.505163 0.938226
6568.555972 0.940482
6568.606779 0.919033
6568.657584 0.881957
6568.708385 0.825261
6568.759185 0.763708
6568.809981 0.744114
6568.860775 0.78712
6568.911566 0.84926
6568.962355 0.909795
6569.013141 0.949282
6569.063924 0.964083
6569.114705 0.971304
6569.165483 0.972253
6569.216258 0.975003
6569.267031 0.957818
6569.317801 0.960531
6569.368568 0.946963
6569.419333 0.929569
6569.470095 0.913439
6569.520855 0.91453
6569.571612 0.912686
6569.622366 0.92432
6569.673117 0.930563
6569.723866 0.933794
6569.774613 0.934531
6569.825356 0.929638
6569.876097 0.938468
6569.926836 0.949394
6569.977571 0.9364
6570.028304 0.935569
6570.079035 0.917378
6570.129762 0.911616
6570.180488 0.905806
6570.23121 0.890924
6570.28193 0.890608
6570.332647 0.892793
6570.383361 0.887187
6570.434073 0.908417
6570.484782 0.925044
6570.535489 0.940518
6570.586193 0.944433
6570.636894 0.933707
6570.687593 0.929118
6570.738288 0.931996
6570.788982 0.953402
6570.839672 0.970612
6570.89036 0.977566
6570.941045 0.987215
6570.991728 0.984167
6571.042408 0.988194
6571.093085 0.988014
6571.14376 0.994018
6571.194432 0.99901
6571.245101 0.990139
6571.295768 0.991107
6571.346432 0.988159
6571.397093 0.982378
6571.447752 0.977144
6571.498408 0.980939
6571.549061 0.973027
6571.599712 0.976335
6571.65036 0.977406
6571.701005 0.980075
6571.751648 0.968348
6571.802288 0.963971
6571.852925 0.961148
6571.90356 0.961582
6571.954192 0.967158
6572.004821 0.960702
6572.055448 0.942829
6572.106072 0.926109
6572.156693 0.930939
6572.207312 0.91785
6572.257928 0.879541
6572.308541 0.806404
6572.359152 0.76311
6572.40976 0.774543
6572.460365 0.829226
6572.510968 0.893179
6572.561568 0.950418
6572.612165 0.989846
6572.66276 1.007551
6572.713352 1.006018
6572.763941 1.001334
6572.814528 1.001644
6572.865111 0.998638
6572.915693 0.995256
6572.966271 0.993087
6573.016847 0.994377
6573.06742 0.993969
6573.117991 0.990397
6573.168559 0.998022
6573.219124 0.988359
6573.269686 0.979316
6573.320246 0.974962
6573.370803 0.971824
6573.421358 0.969485
6573.47191 0.973375
6573.522459 0.972232
6573.573005 0.975668
6573.623549 0.96457
6573.67409 0.918351
6573.724628 0.856
6573.775164 0.796516
6573.825697 0.785247
6573.876227 0.827732
6573.926755 0.888684
6573.97728 0.940917
6574.027802 0.973538
6574.078321 0.993065
6574.128838 1.001832
6574.179353 0.994947
6574.229864 0.99397
6574.280373 0.984867
6574.330879 0.976066
6574.381382 0.968688
6574.431883 0.931678
6574.482381 0.88045
6574.532876 0.807618
6574.583369 0.7485
6574.633859 0.748236
6574.684346 0.796715
6574.734831 0.850572
6574.785313 0.872538
6574.835792 0.876103
6574.886269 0.887141
6574.936742 0.918635
6574.987213 0.94997
6575.037682 0.971531
6575.088148 0.980948
6575.138611 0.984721
6575.189071 0.978486
6575.239529 0.971809
6575.289983 0.971755
6575.340436 0.963925
6575.390885 0.954991
6575.441332 0.940872
6575.491776 0.941804
6575.542218 0.961607
6575.592656 0.962363
6575.643092 0.964091
6575.693526 0.951379
6575.743956 0.935301
6575.794384 0.927683
6575.844809 0.933571
6575.895232 0.941263
6575.945652 0.947491
6575.996069 0.948069
6576.046483 0.952741
6576.096895 0.955276
6576.147304 0.959024
6576.19771 0.95629
6576.248114 0.965919
6576.298515 0.979667
6576.348913 0.98304
6576.399308 0.971814
6576.449701 0.96824
6576.500091 0.968143
6576.550478 0.98465
6576.600863 0.996769
6576.651245 1.006278
6576.701624 1.010675
6576.752001 1.007908
6576.802374 1.018225
6576.852745 1.011184
6576.903114 1.020204
6576.953479 1.019895
6577.003842 1.00968
6577.054202 1.005044
6577.10456 0.995769
6577.154915 0.987573
6577.205267 0.994139
6577.255616 0.99763
6577.305963 1.000714
6577.356307 1.00905
6577.406648 1.005403
6577.456986 1.01075
6577.507322 1.007094
6577.557655 1.004477
6577.607985 1.007819
6577.658313 1.006523
6577.708638 1.013069
6577.75896 1.012636
6577.809279 1.018227
6577.859596 1.010627
6577.90991 1.016429
6577.960221 1.009797
6578.01053 1.009934
6578.060836 0.99998
6578.111139 1.006389
6578.161439 1.007978
6578.211737 1.011052
6578.262032 1.004931
6578.312324 1.004898
6578.362614 0.991479
6578.4129 0.990968
6578.463184 0.989545
6578.513466 0.999578
6578.563744 0.995977
6578.61402 1.000525
6578.664293 1.002522
6578.714564 1.012427
6578.764831 1.000488
6578.815096 1.003284
6578.865358 0.990616
6578.915618 0.992317
6578.965875 0.994885
6579.016129 0.991691
6579.06638 0.998119
6579.116628 0.999762
6579.166874 1.005232
6579.217117 1.00946
6579.267358 1.009554
6579.317595 1.010006
6579.36783 1.005718
6579.418062 0.996726
6579.468292 0.995179
6579.518518 0.99066
6579.568742 0.984068
6579.618963 0.973962
6579.669182 0.974816
6579.719397 0.959387
6579.76961 0.948041
6579.819821 0.945447
6579.870028 0.960475
6579.920233 0.97764
6579.970435 0.992645
6580.020634 1.000495
6580.070831 1.006713
6580.121025 1.00353
6580.171216 1.001847
6580.221404 1.001115
6580.27159 0.989297
6580.321772 0.985812
6580.371952 0.967622
6580.42213 0.968147
6580.472304 0.957924
6580.522476 0.952867
6580.572645 0.942605
6580.622812 0.920248
6580.672975 0.877758
6580.723136 0.833656
6580.773294 0.808929
6580.82345 0.827474
6580.873602 0.873229
6580.923752 0.934894
6580.973899 0.964637
6581.024044 0.976661
6581.074185 0.983349
6581.124324 0.978846
6581.17446 0.985167
6581.224594 0.98579
6581.274724 0.983586
6581.324852 0.979957
6581.374977 0.976388
6581.4251 0.981386
6581.475219 0.983909
6581.525336 0.97785
6581.57545 0.978427
6581.625562 0.967966
6581.67567 0.960494
6581.725776 0.953543
6581.775879 0.965949
6581.825979 0.973535
6581.876077 0.985592
6581.926172 0.992383
6581.976264 0.987588
6582.026353 0.98866
6582.07644 0.988106
6582.126524 0.979191
6582.176605 0.97661
6582.226683 0.967664
6582.276758 0.960655
6582.326831 0.962658
6582.376901 0.966747
6582.426968 0.96567
6582.477033 0.963136
6582.527094 0.975398
6582.577153 0.991722
6582.62721 0.996315
6582.677263 0.998774
6582.727314 0.984361
6582.777362 0.981778
6582.827407 0.986884
6582.877449 0.988958
6582.927489 0.991067
6582.977525 1.002045
6583.027559 0.998922
6583.077591 1.004779
6583.127619 0.989192
6583.177645 0.965102
6583.227668 0.942224
6583.277688 0.929073
6583.327706 0.939228
6583.37772 0.957071
6583.427732 0.985587
6583.477741 0.992165
6583.527748 0.998983
6583.577751 0.999596
6583.627752 1.013178
6583.67775 1.011178
6583.727745 1.012396
6583.777738 1.007805
6583.827728 0.99251
6583.877715 0.983206
6583.927699 0.987011
