3.8159135877202	0.956132
3.8159152465832	0.96004946052371
3.8159169054462	0.96387524784745
3.8159185643092	0.96696507822019
3.8159202231722	0.97031699389225
3.8159218820352	0.97458917053197
3.8159235408982	0.97852273099962
3.8159251997612	0.98177712104296
3.8159268586243	0.98325445928156
3.8159285174873	0.98250526655238
3.8159301763503	0.98418416686398
3.8159318352133	0.98780861001876
3.8159334940763	0.98817301614051
3.8159351529393	0.98690691340908
3.8159368118023	0.99072659402134
3.8159384706653	0.99599641696105
3.8159401295283	0.99615568785836
3.8159417883913	0.99567790174289
3.8159434472543	0.99261333425448
3.8159451061173	0.99019752740865
3.8159467649803	0.99284226787623
3.8159484238433	0.99370034838173
3.8159500827063	0.98843020465633
3.8159517415693	0.98527255115959
3.8159534004323	0.98625367527198
3.8159550592953	0.98407545518767
3.8159567181583	0.97804047905101
3.8159583770213	0.97550159496838
3.8159600358844	0.97567855765741
3.8159616947474	0.97432452812915
3.8159633536104	0.97223469267261
3.8159650124734	0.97451092275254
3.8159666713364	0.97796059404232
3.8159683301994	0.98325849187386
3.8159699890624	0.98868190306454
3.8159716479254	0.98867501334462
3.8159733067884	0.98834484614403
3.8159749656514	0.98579647530068
3.8159766245144	0.98478931254848
3.8159782833774	0.98864916217595
3.8159799422404	0.98935835424028
3.8159816011034	0.98431559820144
3.8159832599664	0.97922479878793
3.8159849188294	0.9740792617584
3.8159865776924	0.97079388730187
3.8159882365554	0.96884923799419
3.8159898954184	0.96392660865355
3.8159915542815	0.95769671565171
3.8159932131445	0.94593133179588
3.8159948720075	0.93285795753968
3.8159965308705	0.92855269876495
3.8159981897335	0.92494093313735
3.8159998485965	0.92033937840272
3.8160015074595	0.91733310900218
3.8160031663225	0.92326087439245
3.8160048251855	0.92612595723954
3.8160064840485	0.92053881365704
3.8160081429115	0.91836796572836
3.8160098017745	0.92175747911221
3.8160114606375	0.92459079984185
3.8160131195005	0.92685748364195
3.8160147783635	0.92853185360552
3.8160164372265	0.92982787533171
3.8160180960895	0.93170610241416
3.8160197549525	0.93380492566469
3.8160214138155	0.93319876193965
3.8160230726786	0.93207870890472
3.8160247315416	0.93232107101081
3.8160263904046	0.93223555085193
3.8160280492676	0.92703354422026
3.8160297081306	0.92252835436206
3.8160313669936	0.92106152122502
3.8160330258566	0.92090125005596
3.8160346847196	0.92375757706474
3.8160363435826	0.92602144407813
3.8160380024456	0.92746035445858
3.8160396613086	0.93003436862743
3.8160413201716	0.9335992550269
3.8160429790346	0.93303863207682
3.8160446378976	0.93025648587666
3.8160462967606	0.92840281393252
3.8160479556236	0.92683247014519
3.8160496144866	0.92097385548638
3.8160512733496	0.91454443990731
3.8160529322126	0.91772471792238
3.8160545910756	0.92071045106445
3.8160562499387	0.92213351273699
3.8160579088017	0.92433485971527
3.8160595676647	0.92910829563631
3.8160612265277	0.93631026935648
3.8160628853907	0.94803891622001
3.8160645442537	0.95780897080518
3.8160662031167	0.96533617786241
3.8160678619797	0.96963784642737
3.8160695208427	0.97163494700266
3.8160711797057	0.97384049620633
3.8160728385687	0.97613515126243
3.8160744974317	0.97599598902058
3.8160761562947	0.97531496613206
3.8160778151577	0.96349803210978
3.8160794740207	0.95014830964237
3.8160811328837	0.92317346948974
3.8160827917467	0.89289490963275
3.8160844506097	0.84658612620426
3.8160861094727	0.80054109704874
3.8160877683358	0.75514554371653
3.8160894271988	0.71642263334458
3.8160910860618	0.68742797674003
3.8160927449248	0.66843411598125
3.8160944037878	0.65848673598135
3.8160960626508	0.66462483333889
3.8160977215138	0.67968014962809
3.8160993803768	0.70979078684924
3.8161010392398	0.74460836758044
3.8161026981028	0.7866435771059
3.8161043569658	0.82965940260875
3.8161060158288	0.86913001264391
3.8161076746918	0.90716550862248
3.8161093335548	0.9344930291608
3.8161109924178	0.95725022522135
3.8161126512808	0.96528750291078
3.8161143101438	0.97306385307119
3.8161159690068	0.98036831881571
3.8161176278698	0.98658097635974
3.8161192867329	0.99158833078824
3.8161209455959	0.99202039427278
3.8161226044589	0.98933381811347
3.8161242633219	0.98884554792528
3.8161259221849	0.98923696089841
3.8161275810479	0.99081158628835
3.8161292399109	0.99262199977067
3.8161308987739	0.98732593109937
3.8161325576369	0.98172694330662
3.8161342164999	0.97666781080249
3.8161358753629	0.97193462629849
3.8161375342259	0.96855932671604
3.8161391930889	0.9614691886529
3.8161408519519	0.94625346032066
3.8161425108149	0.92393966801966
3.8161441696779	0.8923705432407
3.8161458285409	0.86134549481109
3.8161474874039	0.83075754361521
3.8161491462669	0.81988179346393
3.8161508051299	0.81849351015973
3.816152463993	0.84220378534085
3.816154122856	0.87235492701176
3.816155781719	0.90355585467912
3.816157440582	0.93408197668457
3.816159099445	0.94488351437519
3.816160758308	0.95402184772489
3.816162417171	0.95434227767437
3.816164076034	0.95486359562586
3.816165734897	0.95590158479241
3.81616739376	0.95847548194192
3.816169052623	0.96334053665797
3.816170711486	0.96568983424912
3.816172370349	0.965743072024
3.816174029212	0.96438264812132
3.816175688075	0.96224233756313
3.816177346938	0.95997461999068
3.816179005801	0.95766803195193
3.816180664664	0.95090116339608
3.816182323527	0.9436322836777
3.8161839823901	0.9421848697796
3.8161856412531	0.94123607027668
3.8161873001161	0.94355646408272
3.8161889589791	0.94681960011088
3.8161906178421	0.95284229400389
3.8161922767051	0.95853596516234
3.8161939355681	0.96368608583876
3.8161955944311	0.96536953965943
3.8161972532941	0.96358133162155
3.8161989121571	0.96706739926522
3.8162005710201	0.97375407849186
3.8162022298831	0.97767959763848
3.8162038887461	0.98066090068761
3.8162055476091	0.98308548652634
3.8162072064721	0.98542551752517
3.8162088653351	0.98448631894719
3.8162105241981	0.98298876270368
3.8162121830611	0.97739629546744
3.8162138419241	0.97148634571324
3.8162155007872	0.96455908050474
3.8162171596502	0.95660036521682
3.8162188185132	0.94681868489514
3.8162204773762	0.94270148428118
3.8162221362392	0.94459943783511
3.8162237951022	0.94716428005606
3.8162254539652	0.95015772707448
3.8162271128282	0.95262643051229
3.8162287716912	0.95490365891774
3.8162304305542	0.95896261601367
3.8162320894172	0.96331961762618
3.8162337482802	0.96408124277739
3.8162354071432	0.96541378185961
3.8162370660062	0.97220107140389
3.8162387248692	0.97835345266376
3.8162403837322	0.98237546092619
3.8162420425952	0.9859628149097
3.8162437014582	0.98875757086295
3.8162453603212	0.98959753714941
3.8162470191843	0.9883102109143
3.8162486780473	0.98786342413766
3.8162503369103	0.98796848905424
3.8162519957733	0.98990943086944
3.8162536546363	0.99253410712856
3.8162553134993	0.99513662895438
3.8162569723623	0.99773535526428
3.8162586312253	0.99770383347388
3.8162602900883	0.99750064757068
3.8162619489513	0.99630886176542
3.8162636078143	0.99498437657752
3.8162652666773	0.99321524370663
3.8162669255403	0.9934400293351
3.8162685844033	0.99728000369577
3.8162702432663	0.99741284856179
3.8162719021293	0.99354965666379
3.8162735609923	0.98517647543822
3.8162752198553	0.9738851477458
3.8162768787183	0.97392222017006
3.8162785375813	0.97808268004123
3.8162801964444	0.98003743654573
3.8162818553074	0.98163107649668
3.8162835141704	0.98646065014187
3.8162851730334	0.9910817988164
3.8162868318964	0.99367703663103
3.8162884907594	0.99657064100455
3.8162901496224	1.0004162649472
3.8162918084854	1.0008725799967
3.8162934673484	0.9954405966334
3.8162951262114	0.99261499635077
3.8162967850744	0.99247885341872
3.8162984439374	0.99305310078464
3.8163001028004	0.99406436770513
3.8163017616634	0.99406917695358
3.8163034205264	0.99373171520982
3.8163050793894	0.98892364565052
3.8163067382524	0.98347337150699
3.8163083971154	0.98520848652933
3.8163100559784	0.98632914130654
3.8163117148415	0.98327471558242
3.8163133737045	0.9813462011294
3.8163150325675	0.98269112008059
3.8163166914305	0.98550109149498
3.8163183502935	0.99066428135375
3.8163200091565	0.99468611046361
3.8163216680195	0.99761832304881
3.8163233268825	0.99848944919681
3.8163249857455	0.99819935905378
3.8163266446085	0.99625116250957
3.8163283034715	0.99380151608411
3.8163299623345	0.99509539813071
3.8163316211975	0.99681356587156
3.8163332800605	0.99814302897203
3.8163349389235	0.99887278384459
3.8163365977865	0.9962842075332
3.8163382566495	0.99371575730869
3.8163399155125	0.99119860976324
3.8163415743755	0.98875885460109
3.8163432332386	0.98643019367993
3.8163448921016	0.98521956822792
3.8163465509646	0.98496300709578
3.8163482098276	0.98241781137946
3.8163498686906	0.97873856960142
3.8163515275536	0.97493328913647
3.8163531864166	0.97109608462464
3.8163548452796	0.96031241220003
3.8163565041426	0.94947879114128
3.8163581630056	0.94686807238432
3.8163598218686	0.94330797697023
3.8163614807316	0.9356041236796
3.8163631395946	0.93064488360948
3.8163647984576	0.93162183688071
3.8163664573206	0.9372311210984
3.8163681161836	0.94859282228418
3.8163697750466	0.95655875309502
3.8163714339096	0.96202608563746
3.8163730927726	0.96112225819406
3.8163747516356	0.95756874691675
3.8163764104987	0.96361007627206
3.8163780693617	0.97152581390137
3.8163797282247	0.97141663379519
3.8163813870877	0.97172590761227
3.8163830459507	0.97843804467793
3.8163847048137	0.98428687363446
3.8163863636767	0.98721705573126
3.8163880225397	0.98865232540632
3.8163896814027	0.9874196029794
3.8163913402657	0.98499791700213
3.8163929991287	0.98133908159491
3.8163946579917	0.97911403546035
3.8163963168547	0.97776341264038
3.8163979757177	0.96940342742508
3.8163996345807	0.95873681368637
3.8164012934437	0.95236420214081
3.8164029523067	0.9465107640375
3.8164046111697	0.93771752783423
3.8164062700327	0.92706854849936
3.8164079288958	0.9056424393659
3.8164095877588	0.88024719350465
3.8164112466218	0.84457759745832
3.8164129054848	0.81667784259986
3.8164145643478	0.79993130563005
3.8164162232108	0.80239091581398
3.8164178820738	0.82103870758219
3.8164195409368	0.85395905851112
3.8164211997998	0.89375770059669
3.8164228586628	0.92435094176091
3.8164245175258	0.95274400655955
3.8164261763888	0.95639848118273
3.8164278352518	0.95863156240143
3.8164294941148	0.96306425483331
3.8164311529778	0.96618738578057
3.8164328118408	0.96422666363377
3.8164344707038	0.96285475421381
3.8164361295668	0.96263783285063
3.8164377884298	0.96029075737769
3.8164394472929	0.95554760753141
3.8164411061559	0.9512660235924
3.8164427650189	0.94728740802618
3.8164444238819	0.94233501134385
3.8164460827449	0.93703510434317
3.8164477416079	0.9251721252829
3.8164494004709	0.91234674932687
3.8164510593339	0.90345515861879
3.8164527181969	0.89496966818514
3.8164543770599	0.88903192453189
3.8164560359229	0.88484993880288
3.8164576947859	0.88538420701802
3.8164593536489	0.89511466041138
3.8164610125119	0.91834542544709
3.8164626713749	0.93748035585459
3.8164643302379	0.95311569300856
3.8164659891009	0.96675071519622
3.8164676479639	0.97941563642112
3.8164693068269	0.98527574538244
3.81647096569	0.98951582418006
3.816472624553	0.99231362304339
3.816474283416	0.99469297652647
3.816475942279	0.99310285402335
3.816477601142	0.99050317859989
3.816479260005	0.98413915395205
3.816480918868	0.97945629808323
3.816482577731	0.97794691375858
3.816484236594	0.97213781130398
3.816485895457	0.961694923753
3.81648755432	0.95005251529294
3.816489213183	0.93766360748119
3.816490872046	0.92671174288189
3.816492530909	0.91623465011568
3.816494189772	0.92705566859265
3.816495848635	0.94050088956193
3.816497507498	0.95011538108383
3.816499166361	0.95859330524243
3.816500825224	0.96102276546235
3.816502484087	0.96300863342686
3.8165041429501	0.96392920119846
3.8165058018131	0.96379942629661
3.8165074606761	0.96227687273362
3.8165091195391	0.9619132740865
3.8165107784021	0.96243854481804
3.8165124372651	0.95980890625236
3.8165140961281	0.95584092414687
3.8165157549911	0.94825759695877
3.8165174138541	0.93997781001808
3.8165190727171	0.93687208475958
3.8165207315801	0.93445917414425
3.8165223904431	0.93650557820869
3.8165240493061	0.94037491652631
3.8165257081691	0.9497650021763
3.8165273670321	0.95605286360588
3.8165290258951	0.95738724028683
3.8165306847581	0.96057436169348
3.8165323436211	0.96545768919253
3.8165340024841	0.9655054760021
3.8165356613472	0.96305316933577
3.8165373202102	0.96174968436705
3.8165389790732	0.96073980730532
3.8165406379362	0.95741238286661
3.8165422967992	0.95409150801897
3.8165439556622	0.95299181434524
3.8165456145252	0.95166355553428
3.8165472733882	0.94947045499755
3.8165489322512	0.94748759152862
3.8165505911142	0.94590064852846
3.8165522499772	0.94774565205835
3.8165539088402	0.95323831735268
3.8165555677032	0.95507348806173
3.8165572265662	0.95469374894899
3.8165588854292	0.95039456098639
3.8165605442922	0.94486458419981
3.8165622031552	0.95242639365072
3.8165638620182	0.96118586256905
3.8165655208812	0.96313922538431
3.8165671797443	0.9650954561726
3.8165688386073	0.96706507663073
3.8165704974703	0.96667758328115
3.8165721563333	0.96116751733329
3.8165738151963	0.95523492892984
3.8165754740593	0.94879418884629
3.8165771329223	0.94777534143958
3.8165787917853	0.95047729884147
3.8165804506483	0.95298777484145
3.8165821095113	0.9554282016186
3.8165837683743	0.95542773669096
3.8165854272373	0.95509470567593
3.8165870861003	0.95728774223634
3.8165887449633	0.95902417430754
3.8165904038263	0.95818078054446
3.8165920626893	0.95602487640547
3.8165937215523	0.95065612186552
3.8165953804153	0.94398452582109
3.8165970392783	0.93558468391634
3.8165986981413	0.93169222236597
3.8166003570044	0.9312029597762
3.8166020158674	0.93372479313529
3.8166036747304	0.93747740980604
3.8166053335934	0.94213846812014
3.8166069924564	0.9469597383836
3.8166086513194	0.94564569368895
3.8166103101824	0.94420883968566
3.8166119690454	0.94235126105002
3.8166136279084	0.93566011806381
3.8166152867714	0.91599882580119
3.8166169456344	0.89522798529067
3.8166186044974	0.87287528069724
3.8166202633604	0.84864738372113
3.8166219222234	0.82290466098065
3.8166235810864	0.81256451442934
3.8166252399494	0.80901121907213
3.8166268988124	0.81049009535941
3.8166285576754	0.81296117081468
3.8166302165384	0.83078480779309
3.8166318754015	0.84982332424273
3.8166335342645	0.87519354244967
3.8166351931275	0.89776262069793
3.8166368519905	0.91234041444394
3.8166385108535	0.92372130587705
3.8166401697165	0.93033156264537
3.8166418285795	0.93711189108313
3.8166434874425	0.94403531608487
3.8166451463055	0.94264246635675
3.8166468051685	0.93742584337048
3.8166484640315	0.93844112453161
3.8166501228945	0.94075895227478
3.8166517817575	0.93866707156598
3.8166534406205	0.93628261846563
3.8166550994835	0.9326804805371
3.8166567583465	0.92944861725651
3.8166584172095	0.92730311623804
3.8166600760725	0.92615172666289
3.8166617349355	0.92651139975974
3.8166633937986	0.92240767255267
3.8166650526616	0.91449537481335
3.8166667115246	0.91523369676127
3.8166683703876	0.91999681671465
3.8166700292506	0.92283571954345
3.8166716881136	0.92526785663659
3.8166733469766	0.93191043551889
3.8166750058396	0.93771400588351
3.8166766647026	0.93578518766701
3.8166783235656	0.93354415300219
3.8166799824286	0.93039289989278
3.8166816412916	0.92753584066689
3.8166833001546	0.92512191369459
3.8166849590176	0.92386012054496
3.8166866178806	0.92356920023034
3.8166882767436	0.9247470804343
3.8166899356066	0.92659567408255
3.8166915944696	0.93256529749127
3.8166932533326	0.93937596341306
3.8166949121956	0.93252632218228
3.8166965710587	0.92458026992188
3.8166982299217	0.91114584973399
3.8166998887847	0.89593429510965
3.8167015476477	0.87574904921056
3.8167032065107	0.85637879281663
3.8167048653737	0.8381923768592
3.8167065242367	0.82515992931706
3.8167081830997	0.81630377900118
3.8167098419627	0.80757697617768
3.8167115008257	0.79890635419774
3.8167131596887	0.79885893179866
3.8167148185517	0.8004287921642
3.8167164774147	0.81055971721783
3.8167181362777	0.82275532588387
3.8167197951407	0.8477580728849
3.8167214540037	0.87210154873542
3.8167231128667	0.89472976138493
3.8167247717297	0.91026065761637
3.8167264305927	0.9161142702334
3.8167280894558	0.91768212676723
3.8167297483188	0.91599953068923
3.8167314071818	0.91498573790026
3.8167330660448	0.91423930203583
3.8167347249078	0.91239916556696
3.8167363837708	0.91029413402373
3.8167380426338	0.89432814925979
3.8167397014968	0.87772215261304
3.8167413603598	0.85755595786686
3.8167430192228	0.83722873545276
3.8167446780858	0.81652331991941
3.8167463369488	0.80427854358562
3.8167479958118	0.8025833540601
3.8167496546748	0.81507722101837
3.8167513135378	0.83736716241181
3.8167529724008	0.86540657061503
3.8167546312638	0.89548469005646
3.8167562901268	0.91543492985265
3.8167579489898	0.93382187837401
3.8167596078529	0.94470183523364
3.8167612667159	0.95375623148819
3.8167629255789	0.95443899086636
3.8167645844419	0.95613343285267
3.8167662433049	0.9599171351272
3.8167679021679	0.95927007520086
3.8167695610309	0.95369763556142
3.8167712198939	0.95257305202325
3.8167728787569	0.95416236124056
3.8167745376199	0.94759800022401
3.8167761964829	0.93857994542259
3.8167778553459	0.93216863398415
3.8167795142089	0.92598900146012
3.8167811730719	0.91972003020846
3.8167828319349	0.91576841156894
3.8167844907979	0.92041458714489
3.8167861496609	0.92214288027818
3.8167878085239	0.91869418129677
3.8167894673869	0.90854935518602
3.81679112625	0.89193867612745
3.816792785113	0.88364435953131
3.816794443976	0.87968853487959
3.816796102839	0.87931082353964
3.816797761702	0.87979588436031
3.816799420565	0.89567217469786
3.816801079428	0.91189761855466
3.816802738291	0.92476870187787
3.816804397154	0.93616871699703
3.816806056017	0.94320631465949
3.81680771488	0.94479599693571
3.816809373743	0.93825660203736
3.816811032606	0.93838051545254
3.816812691469	0.94394570714412
3.816814350332	0.94606076463875
3.816816009195	0.94669626265211
3.816817668058	0.94697147799606
3.816819326921	0.94718279000383
3.816820985784	0.95201807273969
3.816822644647	0.95565573370969
3.8168243035101	0.95241370963188
3.8168259623731	0.95049857525642
3.8168276212361	0.9516991249538
3.8168292800991	0.95237870685346
3.8168309389621	0.95241817029862
3.8168325978251	0.95010126470947
3.8168342566881	0.94620608110937
3.8168359155511	0.93968064456411
3.8168375744141	0.93227450884062
3.8168392332771	0.93138166627686
3.8168408921401	0.93127600526066
3.8168425510031	0.93231208309845
3.8168442098661	0.93320486482469
3.8168458687291	0.93352771602112
3.8168475275921	0.93358937103776
3.8168491864551	0.93316968842057
3.8168508453181	0.93359837876341
3.8168525041811	0.93486617092002
3.8168541630441	0.93589528957131
3.8168558219072	0.93679806137109
3.8168574807702	0.93120900191312
3.8168591396332	0.92404851735183
3.8168607984962	0.92592839229589
3.8168624573592	0.9276301509837
3.8168641162222	0.92446516998524
3.8168657750852	0.92014511396492
3.8168674339482	0.91253167652428
3.8168690928112	0.90539856191811
3.8168707516742	0.89895243597977
3.8168724105372	0.89136887316338
3.8168740694002	0.882903835521
3.8168757282632	0.87225449652322
3.8168773871262	0.86073635846819
3.8168790459892	0.85512234155044
3.8168807048522	0.85040336379885
3.8168823637152	0.84541341985305
3.8168840225782	0.8416943629223
3.8168856814412	0.84407394531513
3.8168873403043	0.84742017288726
3.8168889991673	0.85277341973335
3.8168906580303	0.85946392807094
3.8168923168933	0.86761608972447
3.8168939757563	0.87623265751107
3.8168956346193	0.88512119900509
3.8168972934823	0.89225308675435
3.8168989523453	0.8989000733551
3.8169006112083	0.89697327059596
3.8169022700713	0.89407780884422
3.8169039289343	0.88723924451555
3.8169055877973	0.88254249929206
3.8169072466603	0.88449922318116
3.8169089055233	0.88441059056476
3.8169105643863	0.8812161296573
3.8169122232493	0.88084150734146
3.8169138821123	0.88276709653568
3.8169155409753	0.88490422011573
3.8169171998383	0.88713004710163
3.8169188587013	0.88897653976947
3.8169205175644	0.89067280444028
3.8169221764274	0.88550591101278
3.8169238352904	0.88100322783269
3.8169254941534	0.87981774226595
3.8169271530164	0.87412100028342
3.8169288118794	0.85888922852395
3.8169304707424	0.84657804560383
3.8169321296054	0.83748601259937
3.8169337884684	0.83033635149556
3.8169354473314	0.82432581326505
3.8169371061944	0.82882371219472
3.8169387650574	0.83619843454974
3.8169404239204	0.84773620398196
3.8169420827834	0.85955376886295
3.8169437416464	0.87150480552373
3.8169454005094	0.88005493960124
3.8169470593724	0.87841184354725
3.8169487182354	0.88196632662885
3.8169503770984	0.89314137637024
3.8169520359615	0.89635859950143
3.8169536948245	0.89334681723449
3.8169553536875	0.89000815076567
3.8169570125505	0.8865401497798
3.8169586714135	0.88497037867888
3.8169603302765	0.88366728856344
3.8169619891395	0.88196937207139
3.8169636480025	0.8798687199189
3.8169653068655	0.87598291756292
3.8169669657285	0.86793144563204
3.8169686245915	0.85180027307934
3.8169702834545	0.83226800043011
3.8169719423175	0.80928562642204
3.8169736011805	0.7812575563355
3.8169752600435	0.75054630834166
3.8169769189065	0.7397751960548
3.8169785777695	0.73370137723472
3.8169802366325	0.74434970976056
3.8169818954955	0.75615103471671
3.8169835543586	0.77198580488438
3.8169852132216	0.78852241124446
3.8169868720846	0.80686609359251
3.8169885309476	0.81729063054992
3.8169901898106	0.81750497936968
3.8169918486736	0.82341824824369
3.8169935075366	0.83322636253588
3.8169951663996	0.83917485748038
3.8169968252626	0.84384616375081
3.8169984841256	0.8516980378591
3.8170001429886	0.85940387167807
3.8170018018516	0.86057580182627
3.8170034607146	0.86040746575867
3.8170051195776	0.85560106613521
3.8170067784406	0.85259988752417
3.8170084373036	0.85251845406283
3.8170100961666	0.85160778053959
3.8170117550296	0.84999090342024
3.8170134138926	0.84259839808255
3.8170150727556	0.8327098658099
3.8170167316187	0.8205843236101
3.8170183904817	0.80818127114265
3.8170200493447	0.80218224006284
3.8170217082077	0.79713561822599
3.8170233670707	0.79662619318239
3.8170250259337	0.79534507397467
3.8170266847967	0.79251268013316
3.8170283436597	0.79247917958771
3.8170300025227	0.79534714527184
3.8170316613857	0.79754651789223
3.8170333202487	0.79938584203691
3.8170349791117	0.78921755300567
3.8170366379747	0.77621586469647
3.8170382968377	0.76384930284861
3.8170399557007	0.7504175359223
3.8170416145637	0.72956717456233
3.8170432734267	0.71172153666696
3.8170449322897	0.70133336897945
3.8170465911527	0.69682414137694
3.8170482500158	0.69959281638531
3.8170499088788	0.70221956276032
3.8170515677418	0.7047542655902
3.8170532266048	0.7106311070984
3.8170548854678	0.71752580275075
3.8170565443308	0.72081810176365
3.8170582031938	0.72366354052747
3.8170598620568	0.72481046668023
3.8170615209198	0.72446443043889
3.8170631797828	0.71956915151253
3.8170648386458	0.71761797961274
3.8170664975088	0.71994641230709
3.8170681563718	0.71983011728905
3.8170698152348	0.71785541248195
3.8170714740978	0.71575814426695
3.8170731329608	0.71361528282723
3.8170747918238	0.71448064743065
3.8170764506868	0.71564242476079
3.8170781095498	0.71537486833493
3.8170797684129	0.71292488939401
3.8170814272759	0.70235673617155
3.8170830861389	0.69453318133245
3.8170847450019	0.69132040946454
3.8170864038649	0.68695670781609
3.8170880627279	0.68159082323673
3.8170897215909	0.67459259381458
3.8170913804539	0.66688164091729
3.8170930393169	0.66638323460573
3.8170946981799	0.6670453116642
3.8170963570429	0.66593762741708
3.8170980159059	0.66458292512865
3.8170996747689	0.6621143421095
3.8171013336319	0.6590026935079
3.8171029924949	0.65466263652547
3.8171046513579	0.65092062444318
3.8171063102209	0.64776282343202
3.8171079690839	0.64361391821187
3.8171096279469	0.63897282661777
3.81711128681	0.63414654632001
3.817112945673	0.62928251862652
3.817114604536	0.62941327861906
3.817116263399	0.62799781936717
3.817117922262	0.61804028333466
3.817119581125	0.6085227073322
3.817121239988	0.59994444375337
3.817122898851	0.59270209335777
3.817124557714	0.58689536902078
3.817126216577	0.57993270222489
3.81712787544	0.57233430607845
3.817129534303	0.56099481025755
3.817131193166	0.54876904302665
3.817132852029	0.54320068242918
3.817134510892	0.53693878866283
3.817136169755	0.52502602570684
3.817137828618	0.51504750876136
3.817139487481	0.50959867641548
3.817141146344	0.50413850973009
3.817142805207	0.49866520053161
3.8171444640701	0.49035394654828
3.8171461229331	0.48035486302172
3.8171477817961	0.46381053565673
3.8171494406591	0.4455388423853
3.8171510995221	0.43583616676427
3.8171527583851	0.42543479784753
3.8171544172481	0.40696923438175
3.8171560761111	0.39115479003177
3.8171577349741	0.38201151574362
3.8171593938371	0.37241185257463
3.8171610527001	0.36225222803738
3.8171627115631	0.35400652560385
3.8171643704261	0.34696484425186
3.8171660292891	0.33827377682669
3.8171676881521	0.32911415306656
3.8171693470151	0.3219474819231
3.8171710058781	0.31521883578774
3.8171726647411	0.31110030690308
3.8171743236041	0.30674893401648
3.8171759824672	0.30178192159205
3.8171776413302	0.29853092038302
3.8171793001932	0.29746463780517
3.8171809590562	0.29668318401888
3.8171826179192	0.29608729629429
3.8171842767822	0.30338825640024
3.8171859356452	0.31303110328859
3.8171875945082	0.32584435607364
3.8171892533712	0.33824092995098
3.8171909122342	0.3451690127772
3.8171925710972	0.35059455138353
3.8171942299602	0.35194427542343
3.8171958888232	0.35578954522537
3.8171975476862	0.3628676726359
3.8171992065492	0.37012203935905
3.8172008654122	0.37749287039149
3.8172025242752	0.38103149879865
3.8172041831382	0.38341680095841
3.8172058420012	0.38864745370154
3.8172075008643	0.39440403028207
3.8172091597273	0.40305266597037
3.8172108185903	0.41072734013594
3.8172124774533	0.41575812916199
3.8172141363163	0.4226207359971
3.8172157951793	0.431850081936
3.8172174540423	0.43973644195681
3.8172191129053	0.44674066589298
3.8172207717683	0.45515298799179
3.8172224306313	0.46398366305331
3.8172240894943	0.47568155350629
3.8172257483573	0.48723457198489
3.8172274072203	0.49598410981973
3.8172290660833	0.50608802940815
3.8172307249463	0.51978206309884
3.8172323838093	0.53537373727057
3.8172340426723	0.55336225733026
3.8172357015353	0.56784110725981
3.8172373603983	0.58007543004636
3.8172390192613	0.6035794326584
3.8172406781244	0.63029699919153
3.8172423369874	0.64962238466912
3.8172439958504	0.66809852442436
3.8172456547134	0.68325509983806
3.8172473135764	0.69923707312154
3.8172489724394	0.71730457230837
3.8172506313024	0.73323748468565
3.8172522901654	0.74658566081364
3.8172539490284	0.75906319140792
3.8172556078914	0.77100980476872
3.8172572667544	0.78548333141729
3.8172589256174	0.80062769043205
3.8172605844804	0.8061156446018
3.8172622433434	0.80990243501184
3.8172639022064	0.80494062466684
3.8172655610694	0.80032218724744
3.8172672199324	0.7965121939864
3.8172688787954	0.79378286471534
3.8172705376584	0.79228363820445
3.8172721965215	0.79083240404179
3.8172738553845	0.7894084729278
3.8172755142475	0.79465926528395
3.8172771731105	0.80150387889875
3.8172788319735	0.81118369522365
3.8172804908365	0.82099629430202
3.8172821496995	0.83119442290921
3.8172838085625	0.83964200168498
3.8172854674255	0.84432768677423
3.8172871262885	0.84939280434909
3.8172887851515	0.8548560974769
3.8172904440145	0.86330107599101
3.8172921028775	0.87329260168242
3.8172937617405	0.88090069629627
3.8172954206035	0.88801755435276
3.8172970794665	0.89406599915838
3.8172987383295	0.89877711387509
3.8173003971925	0.8969984619216
3.8173020560555	0.89702537042926
3.8173037149186	0.90052708065369
3.8173053737816	0.90484662751062
3.8173070326446	0.90994219427828
3.8173086915076	0.91282047843328
3.8173103503706	0.91467662843851
3.8173120092336	0.91430404201925
3.8173136680966	0.91356736386764
3.8173153269596	0.91321784954205
3.8173169858226	0.91428309651011
3.8173186446856	0.92103156360839
3.8173203035486	0.92140722216861
3.8173219624116	0.91098756089694
3.8173236212746	0.91308498292327
3.8173252801376	0.9257079815763
3.8173269390006	0.9272927134756
3.8173285978636	0.92448533212497
3.8173302567266	0.9180996028907
3.8173319155896	0.91169712142357
3.8173335744526	0.91211519783551
3.8173352333157	0.91310818317973
3.8173368921787	0.91599716910699
3.8173385510417	0.92300068842095
3.8173402099047	0.92942030775909
3.8173418687677	0.93192947266308
3.8173435276307	0.93635448641655
3.8173451864937	0.94205643874804
3.8173468453567	0.94472896613202
3.8173485042197	0.94513126701909
3.8173501630827	0.94501739565583
3.8173518219457	0.94446961856559
3.8173534808087	0.94004380725029
3.8173551396717	0.93196728968939
3.8173567985347	0.9280379645827
3.8173584573977	0.92847732095004
3.8173601162607	0.92501597761376
3.8173617751237	0.91695761458412
3.8173634339867	0.90910769755811
3.8173650928497	0.90153274608924
3.8173667517127	0.89356340142766
3.8173684105758	0.88501092753366
3.8173700694388	0.87900153561467
3.8173717283018	0.87721506841756
3.8173733871648	0.87904886245282
3.8173750460278	0.88765360768919
3.8173767048908	0.89637239594088
3.8173783637538	0.90533238582528
3.8173800226168	0.91387717525339
3.8173816814798	0.92142392010797
3.8173833403428	0.92890602721265
3.8173849992058	0.93621040455174
3.8173866580688	0.94309449857041
3.8173883169318	0.94864542622069
3.8173899757948	0.95181878482838
3.8173916346578	0.94619802712401
3.8173932935208	0.94093770331187
3.8173949523838	0.93725426255578
3.8173966112468	0.9344679312183
3.8173982701098	0.93641216770474
3.8173999289729	0.93879933150159
3.8174015878359	0.94407615881714
3.8174032466989	0.94887267817761
3.8174049055619	0.94963960393183
3.8174065644249	0.95097795862034
3.8174082232879	0.95886735800472
3.8174098821509	0.96618625461509
3.8174115410139	0.96352885539893
3.8174131998769	0.96090080548576
3.8174148587399	0.95928967432548
3.8174165176029	0.95768757536563
3.8174181764659	0.96028609273894
3.8174198353289	0.96288461011225
3.8174214941919	0.96184125644891
3.8174231530549	0.96070978184745
3.8174248119179	0.96519643003595
3.8174264707809	0.96997441538115
3.8174281296439	0.97223398548456
3.8174297885069	0.97428983049378
3.81743144737	0.97382475928768
3.817433106233	0.97307870038916
3.817434765096	0.97213398445271
3.817436423959	0.97116073475531
3.817438082822	0.97307849757172
3.817439741685	0.97550951428375
3.817441400548	0.97370297275414
3.817443059411	0.97099227969212
3.817444718274	0.96888889918681
3.817446377137	0.96693809708413
3.817448036	0.96766913839815
3.817449694863	0.96918145167015
3.817451353726	0.9652727343847
3.817453012589	0.959554010468
3.817454671452	0.95804897937581
3.817456330315	0.95814135049408
3.817457989178	0.96143015379926
3.817459648041	0.9660844943257
3.817461306904	0.96709015944968
3.817462965767	0.96634962426275
3.8174646246301	0.96579560308064
3.8174662834931	0.96534108375399
3.8174679423561	0.96515648585524
3.8174696012191	0.96513178158111
3.8174712600821	0.96532883419727
3.8174729189451	0.96567124482668
3.8174745778081	0.96380963906346
3.8174762366711	0.96035311733482
3.8174778955341	0.95623214986486
3.8174795543971	0.95158156247341
3.8174812132601	0.94665168061688
3.8174828721231	0.94147693250843
3.8174845309861	0.9366046482567
3.8174861898491	0.9320237103793
3.8174878487121	0.93018686246931
3.8174895075751	0.93125247494737
3.8174911664381	0.93485599779187
3.8174928253011	0.94140629476045
3.8174944841641	0.94666571772732
3.8174961430272	0.95027962340994
3.8174978018902	0.95390207326458
3.8174994607532	0.95753648856865
3.8175011196162	0.95689246051164
3.8175027784792	0.94965987047349
3.8175044373422	0.9461134936361
3.8175060962052	0.94881890428411
3.8175077550682	0.95135489999192
3.8175094139312	0.95357391594585
3.8175110727942	0.9556911579335
3.8175127316572	0.957597782008
3.8175143905202	0.95733872721468
3.8175160493832	0.95210653378376
3.8175177082462	0.94820308110048
3.8175193671092	0.94769817356783
3.8175210259722	0.94698926794345
3.8175226848352	0.9456964995569
3.8175243436982	0.94480174437606
3.8175260025612	0.94518899968095
3.8175276614243	0.94542079832082
3.8175293202873	0.94508495677332
3.8175309791503	0.94616288330833
3.8175326380133	0.95314466082712
3.8175342968763	0.9585800525531
3.8175359557393	0.95654548146364
3.8175376146023	0.95582613450447
3.8175392734653	0.96256248436802
3.8175409323283	0.96761952128965
3.8175425911913	0.96129050702835
3.8175442500543	0.95561035012071
3.8175459089173	0.95533378046932
3.8175475677803	0.95486718096044
3.8175492266433	0.95238135118093
3.8175508855063	0.95007506434153
3.8175525443693	0.95035314997341
3.8175542032323	0.95055696873525
3.8175558620953	0.9491471485398
3.8175575209583	0.94777641090803
3.8175591798213	0.94805304909575
3.8175608386844	0.94833379522716
3.8175624975474	0.95026392011706
3.8175641564104	0.95219404500696
3.8175658152734	0.95501702997774
3.8175674741364	0.95785648308573
3.8175691329994	0.95840523647325
3.8175707918624	0.95886209380639
3.8175724507254	0.95724178555179
3.8175741095884	0.95549148899311
3.8175757684514	0.95621229312764
3.8175774273144	0.95714541804672
3.8175790861774	0.95802464030749
3.8175807450404	0.95889792543762
3.8175824039034	0.96242131097834
3.8175840627664	0.96630325638818
3.8175857216294	0.96932434909069
3.8175873804924	0.97220641974199
3.8175890393554	0.97197839624743
3.8175906982184	0.97116339674932
3.8175923570815	0.9637408298623
3.8175940159445	0.95488350360341
3.8175956748075	0.94911156277827
3.8175973336705	0.94410067530417
3.8175989925335	0.93800947665912
3.8176006513965	0.93161841965821
3.8176023102595	0.92531296970274
3.8176039691225	0.91903403568735
3.8176056279855	0.90476571491287
3.8176072868485	0.88775380624488
3.8176089457115	0.86312391481228
3.8176106045745	0.83560995173806
3.8176122634375	0.80662452598377
3.8176139223005	0.77702774851334
3.8176155811635	0.76016054345851
3.8176172400265	0.74907382720851
3.8176188988895	0.75830198584457
3.8176205577525	0.77757771533303
3.8176222166155	0.80445092392145
3.8176238754786	0.83540462448746
3.8176255343416	0.86499238837331
3.8176271932046	0.8937854137219
3.8176288520676	0.91674789027627
3.8176305109306	0.93604357633844
3.8176321697936	0.94862815829878
3.8176338286566	0.95665873762684
3.8176354875196	0.96526535816542
3.8176371463826	0.97429305510419
3.8176388052456	0.97909929794733
3.8176404641086	0.98058606135941
3.8176421229716	0.98282234592563
3.8176437818346	0.98569199140831
3.8176454406976	0.9857393800073
3.8176470995606	0.98322641340216
3.8176487584236	0.98187169426874
3.8176504172866	0.98164417377618
3.8176520761496	0.97750889732584
3.8176537350126	0.96929645739238
3.8176553938757	0.96197080598131
3.8176570527387	0.95563681079107
3.8176587116017	0.95071227425907
3.8176603704647	0.94747683269307
3.8176620293277	0.94151759905355
3.8176636881907	0.93206119539974
3.8176653470537	0.92867944009182
3.8176670059167	0.93365552919888
3.8176686647797	0.93830280487153
3.8176703236427	0.94246511199699
3.8176719825057	0.94769999477278
3.8176736413687	0.95463105427148
3.8176753002317	0.95896184139034
3.8176769590947	0.9588805099254
3.8176786179577	0.96081871337068
3.8176802768207	0.96643630484351
3.8176819356837	0.96932913350734
3.8176835945467	0.96688593504151
3.8176852534097	0.96565647756501
3.8176869122727	0.96698480150671
3.8176885711358	0.96778354901943
3.8176902299988	0.9673797750285
3.8176918888618	0.96509727222807
3.8176935477248	0.95820983536048
3.8176952065878	0.94646466802784
3.8176968654508	0.92184306113466
3.8176985243138	0.89651465549359
3.8177001831768	0.86915574688306
3.8177018420398	0.84661995764462
3.8177035009028	0.83914233075315
3.8177051597658	0.83731495003778
3.8177068186288	0.85471545352437
3.8177084774918	0.87198025577354
3.8177101363548	0.88873997299104
3.8177117952178	0.90391151927945
3.8177134540808	0.91258993741316
3.8177151129438	0.91994149504731
3.8177167718068	0.92130577741089
3.8177184306698	0.92302261211294
3.8177200895329	0.92650519543387
3.8177217483959	0.92984512302971
3.8177234072589	0.93238638303227
3.8177250661219	0.93549859963469
3.8177267249849	0.94221353500241
3.8177283838479	0.94906196383607
3.8177300427109	0.95686944322291
3.8177317015739	0.96412890384574
3.8177333604369	0.96684834640974
3.8177350192999	0.96819890660871
3.8177366781629	0.95625026917827
3.8177383370259	0.94529128401022
3.8177399958889	0.94586424081841
3.8177416547519	0.94616539244578
3.8177433136149	0.9425517211514
3.8177449724779	0.93931776660517
3.8177466313409	0.94316357041937
3.8177482902039	0.94716602759333
3.8177499490669	0.95524334207704
3.81775160793	0.9633481284142
3.817753266793	0.97260791580918
3.817754925656	0.98185481620844
3.817756584519	0.98976932141588
3.817758243382	0.99768382662332
3.817759902245	0.9921737492096
3.817761561108	0.98661058642794
3.817763219971	0.98354747213742
3.817764878834	0.98052853005594
3.817766537697	0.9834271303548
3.81776819656	0.98651283709074
3.817769855423	0.98625896950834
3.817771514286	0.98585211772809
3.817773173149	0.98559050199766
3.817774832012	0.98533763588818
3.817776490875	0.9892530133523
3.817778149738	0.99348089605995
3.817779808601	0.99350271386429
3.817781467464	0.99314597080765
3.817783126327	0.99274020993436
3.8177847851901	0.99232929008342
3.8177864440531	0.98797337534157
3.8177881029161	0.98314089222399
3.8177897617791	0.98183380706502
3.8177914206421	0.98100839484023
3.8177930795051	0.97896330023778
3.8177947383681	0.97673185965867
3.8177963972311	0.97457603183033
3.8177980560941	0.97243299481775
3.8177997149571	0.97079189373699
3.8178013738201	0.96924412078792
3.8178030326831	0.97362367874052
3.8178046915461	0.97920616423021
3.8178063504091	0.98185684568191
3.8178080092721	0.98386162478907
3.8178096681351	0.98104250955841
3.8178113269981	0.977075435315
3.8178129858611	0.97660267073407
3.8178146447241	0.97702425444578
3.8178163035872	0.97241311545157
3.8178179624502	0.96642155161568
3.8178196213132	0.96974283932613
3.8178212801762	0.97579236254019
3.8178229390392	0.97841954230167
3.8178245979022	0.97997892039692
3.8178262567652	0.9860672651743
3.8178279156282	0.99365616647434
3.8178295744912	0.99838053385777
3.8178312333542	1.0020993260481
3.8178328922172	0.99495334161691
3.8178345510802	0.98377460984316
3.8178362099432	0.97693767077168
3.8178378688062	0.97180089086362
3.8178395276692	0.96222889374453
3.8178411865322	0.95082776692373
3.8178428453952	0.9321206749178
3.8178445042582	0.91024514342945
3.8178461631212	0.87840460584895
3.8178478219843	0.84202773207909
3.8178494808473	0.81109721061484
3.8178511397103	0.78276582437215
3.8178527985733	0.76685719251972
3.8178544574363	0.75715602093267
3.8178561162993	0.77102467914846
3.8178577751623	0.79720699111307
3.8178594340253	0.82667918327726
3.8178610928883	0.85794651375275
3.8178627517513	0.886307046946
3.8178644106143	0.91301284659053
3.8178660694773	0.93779995522712
3.8178677283403	0.96144858291543
3.8178693872033	0.97273815719451
3.8178710460663	0.97639154361703
3.8178727049293	0.97760195499824
3.8178743637923	0.97724211632477
3.8178760226553	0.96629406589021
3.8178776815183	0.94827241286407
3.8178793403814	0.91979022513573
3.8178809992444	0.88404962564358
3.8178826581074	0.85021279761872
3.8178843169704	0.81774691268888
3.8178859758334	0.80468160871841
3.8178876346964	0.80610638667644
3.8178892935594	0.82715116919792
3.8178909524224	0.86338095330117
3.8178926112854	0.89589900737725
3.8178942701484	0.9254413911316
3.8178959290114	0.94495962161734
3.8178975878744	0.95616052688797
3.8178992467374	0.96405879878886
3.8179009056004	0.96912235028352
3.8179025644634	0.97061752227183
3.8179042233264	0.96894632353082
3.8179058821894	0.96603320010872
3.8179075410524	0.96198149675053
3.8179091999154	0.96156590095417
3.8179108587784	0.96459298985275
3.8179125176415	0.96507001614612
3.8179141765045	0.96305538776122
3.8179158353675	0.96173642852882
3.8179174942305	0.96111878785358
3.8179191530935	0.96024345151163
3.8179208119565	0.9591002640552
3.8179224708195	0.96079693028012
3.8179241296825	0.96553587266167
3.8179257885455	0.96951329064032
3.8179274474085	0.97265031710856
3.8179291062715	0.97163186967876
3.8179307651345	0.96589097968916
3.8179324239975	0.96041123696972
3.8179340828605	0.95523696397724
3.8179357417235	0.94592801053079
3.8179374005865	0.93164336694117
3.8179390594495	0.91237489513073
3.8179407183125	0.88693907283024
3.8179423771755	0.85466500670912
3.8179440360386	0.81369186889018
3.8179456949016	0.78268884279187
3.8179473537646	0.76471815869096
3.8179490126276	0.75968777202832
3.8179506714906	0.77202996379082
3.8179523303536	0.79301154931475
3.8179539892166	0.82590218165096
3.8179556480796	0.85878072455496
3.8179573069426	0.8916421641373
3.8179589658056	0.91980739826568
3.8179606246686	0.94115693021451
3.8179622835316	0.95812696992646
3.8179639423946	0.96857837007508
3.8179656012576	0.9775639179556
3.8179672601206	0.98431279046628
3.8179689189836	0.98853363676405
3.8179705778466	0.98880187473704
3.8179722367096	0.98848917070487
3.8179738955726	0.98724614293923
3.8179755544357	0.98502800496292
3.8179772132987	0.98121091025263
3.8179788721617	0.97735480614958
3.8179805310247	0.97343323194828
3.8179821898877	0.96939889175714
3.8179838487507	0.96517093132238
3.8179855076137	0.95994852280043
3.8179871664767	0.95297974921348
3.8179888253397	0.94173024629226
3.8179904842027	0.92279551126709
3.8179921430657	0.89886476849988
3.8179938019287	0.86576699803744
3.8179954607917	0.83150950055248
3.8179971196547	0.79507852955658
3.8179987785177	0.76754065692164
3.8180004373807	0.75702128874517
3.8180020962437	0.75533768824037
3.8180037551067	0.77091170036396
3.8180054139697	0.79212321316748
3.8180070728327	0.82456950717558
3.8180087316958	0.85659020443444
3.8180103905588	0.88774591023277
3.8180120494218	0.91627741531798
3.8180137082848	0.93937220023329
3.8180153671478	0.95754232143942
3.8180170260108	0.96531729538162
3.8180186848738	0.97021700363769
3.8180203437368	0.96893497736892
3.8180220025998	0.97037902709752
3.8180236614628	0.97778972711299
3.8180253203258	0.98467778751543
3.8180269791888	0.99040189998785
3.8180286380518	0.99585602997551
3.8180302969148	1.000698568504
3.8180319557778	1.0040148526236
3.8180336146408	1.0038161863725
3.8180352735038	1.0044378703841
3.8180369323668	1.0069792216841
3.8180385912298	1.0085292431196
3.8180402500929	1.0077229889474
3.8180419089559	1.0073781530582
3.8180435678189	1.0081464870041
3.8180452266819	1.0069660369159
3.8180468855449	1.0010145497409
3.8180485444079	0.99813792438289
3.8180502032709	1.0028948460144
3.8180518621339	1.0036216832062
3.8180535209969	0.99420706850169
3.8180551798599	0.98679680319627
3.8180568387229	0.98449617478369
3.8180584975859	0.98464635491959
3.8180601564489	0.99112207942476
3.8180618153119	0.99429538711099
3.8180634741749	0.98884256708114
3.8180651330379	0.98570095806789
3.8180667919009	0.98866529810135
3.8180684507639	0.99055499197156
3.8180701096269	0.98957497065527
3.81807176849	0.98699672169636
3.818073427353	0.98010727479338
3.818075086216	0.97247769205915
3.818076745079	0.96283221695537
3.818078403942	0.95566203687462
3.818080062805	0.95529483668233
3.818081721668	0.95518622042177
3.818083380531	0.95579425283445
3.818085039394	0.95799076783664
3.818086698257	0.96462461309635
3.81808835712	0.96983751381183
3.818090015983	0.97105224328977
3.818091674846	0.97305639303716
3.818093333709	0.97729640471432
3.818094992572	0.98066516413793
3.818096651435	0.98155120382289
3.818098310298	0.98250385135558
3.818099969161	0.98364733430237
3.818101628024	0.98412436093349
3.818103286887	0.98268291564449
3.8181049457501	0.98255995331955
3.8181066046131	0.98624770912228
3.8181082634761	0.98926450829652
3.8181099223391	0.99033521915698
3.8181115812021	0.99106370472561
3.8181132400651	0.99079675883667
3.8181148989281	0.98829536470585
3.8181165577911	0.97928076435142
3.8181182166541	0.97200720120158
3.8181198755171	0.96981689378849
3.8181215343801	0.96627624660007
3.8181231932431	0.95878940076134
3.8181248521061	0.95518836219082
3.8181265109691	0.96294557043609
3.8181281698321	0.97158546884706
3.8181298286951	0.98280474870629
3.8181314875581	0.99277379513164
3.8181331464211	0.99909381588009
3.8181348052841	1.0047781960881
3.8181364641472	1.0086104968201
3.8181381230102	1.0118192549672
3.8181397818732	1.0132151683945
3.8181414407362	1.0135521989581
3.8181430995992	1.0108202602649
3.8181447584622	1.0100307410084
3.8181464173252	1.0148507216628
3.8181480761882	1.0173938881605
3.8181497350512	1.0133900529894
3.8181513939142	1.0103823238963
3.8181530527772	1.0102252413217
3.8181547116402	1.0109187258783
3.8181563705032	1.0140330726826
3.8181580293662	1.0153417573926
3.8181596882292	1.0115427488332
3.8181613470922	1.0072762339989
3.8181630059552	1.0016962848343
3.8181646648182	0.99635117604965
3.8181663236812	0.9916610409146
3.8181679825443	0.98791523362493
3.8181696414073	0.98678227925087
3.8181713002703	0.98640724656928
3.8181729591333	0.98811129672874
3.8181746179963	0.99115937819583
3.8181762768593	0.99786029169831
3.8181779357223	1.0039284237233
3.8181795945853	1.0082933952921
3.8181812534483	1.0114223258554
3.8181829123113	1.0112586471622
3.8181845711743	1.0108780610468
3.8181862300373	1.0099259764839
3.8181878889003	1.0092311954953
3.8181895477633	1.0092066659015
3.8181912066263	1.0090560595303
3.8181928654893	1.0085809543601
3.8181945243523	1.0088410920159
3.8181961832153	1.0109699045402
3.8181978420783	1.0123418772139
3.8181995009414	1.0118151353668
3.8182011598044	1.0113405575686
3.8182028186674	1.0109950545934
3.8182044775304	1.0108233744754
3.8182061363934	1.0110757538479
3.8182077952564	1.0108357873972
3.8182094541194	1.0094120230746
3.8182111129824	1.0091729518138
3.8182127718454	1.0117391546931
3.8182144307084	1.012381791395
3.8182160895714	1.0085402412519
3.8182177484344	1.0060597995611
3.8182194072974	1.0067014239948
3.8182210661604	1.0073169098852
3.8182227250234	1.0078734226125
3.8182243838864	1.0077177665123
3.8182260427494	1.0059824919337
3.8182277016124	1.0052720101349
3.8182293604754	1.0067949865757
3.8182310193384	1.0066414101972
3.8182326782015	1.00289934506
3.8182343370645	0.99935450138969
3.8182359959275	0.9962240242996
3.8182376547905	0.99414480342918
3.8182393136535	0.99423299182869
3.8182409725165	0.99316137825629
3.8182426313795	0.98974441656049
3.8182442902425	0.98868299221779
3.8182459491055	0.9922921883402
3.8182476079685	0.9925058209779
3.8182492668315	0.98612202148108
3.8182509256945	0.9817056840558
3.8182525845575	0.98103409529258
3.8182542434205	0.98085461533771
3.8182559022835	0.98159242507529
3.8182575611465	0.98247773121901
3.8182592200095	0.98363211745918
3.8182608788725	0.98292680908367
3.8182625377355	0.97890197526235
3.8182641965986	0.97739412927665
3.8182658554616	0.98028023355823
3.8182675143246	0.98083744936129
3.8182691731876	0.97742028393018
3.8182708320506	0.97331951092454
3.8182724909136	0.9680786013216
3.8182741497766	0.95991595168073
3.8182758086396	0.94699305150694
3.8182774675026	0.93984513960697
3.8182791263656	0.94188452116063
3.8182807852286	0.9454004191904
3.8182824440916	0.951208946112
3.8182841029546	0.95677476189837
3.8182857618176	0.96197284906049
3.8182874206806	0.9654156961578
3.8182890795436	0.96626479942376
3.8182907384066	0.97046734265823
3.8182923972696	0.97950096680778
3.8182940561326	0.9868963817422
3.8182957149957	0.99199158723579
3.8182973738587	0.99380924707754
3.8182990327217	0.99114358955549
3.8183006915847	0.99149189442659
3.8183023504477	0.99585485791352
3.8183040093107	0.99805628973063
3.8183056681737	0.99745526884039
3.8183073270367	0.9975843210177
3.8183089858997	0.99863442253743
3.8183106447627	0.99720150888241
3.8183123036257	0.99272184374664
3.8183139624887	0.989225992887
3.8183156213517	0.98690371583045
3.8183172802147	0.98325500050292
3.8183189390777	0.97806877010847
3.8183205979407	0.9756897731663
3.8183222568037	0.97647164954456
3.8183239156667	0.97821140530496
3.8183255745297	0.98099834536516
3.8183272333927	0.98120848170071
3.8183288922558	0.97868485833044
3.8183305511188	0.97822061024126
3.8183322099818	0.9798754992275
3.8183338688448	0.97449331748513
3.8183355277078	0.96209009862879
3.8183371865708	0.95308263908316
3.8183388454338	0.94735838358216
3.8183405042968	0.94316313493011
3.8183421631598	0.94039990957739
3.8183438220228	0.93975249575746
3.8183454808858	0.9410232181258
3.8183471397488	0.94748171730155
3.8183487986118	0.95849070187794
3.8183504574748	0.96509489686134
3.8183521163378	0.96796307008846
3.8183537752008	0.97489050340422
3.8183554340638	0.98514501159184
3.8183570929268	0.99167814792012
3.8183587517898	0.99526528363919
3.8183604106529	1.0003030636563
3.8183620695159	1.0064492671624
3.8183637283789	1.0066443179074
3.8183653872419	1.0024535709644
3.8183670461049	1.0018289496141
3.8183687049679	1.0037376543255
3.8183703638309	1.0012678597848
3.8183720226939	0.99580267689358
3.8183736815569	0.99652246019671
3.8183753404199	1.0013142671129
3.8183769992829	0.99503283866685
3.8183786581459	0.98174030099354
3.8183803170089	0.97417604924794
3.8183819758719	0.97009600716886
3.8183836347349	0.96622960276945
3.8183852935979	0.96248792983252
3.8183869524609	0.96192906541563
3.8183886113239	0.96315208773138
3.8183902701869	0.96193240647815
3.81839192905	0.95940283078765
3.818393587913	0.95162727589273
3.818395246776	0.94115982556255
3.818396905639	0.93335650477441
3.818398564502	0.9268594606913
3.818400223365	0.91146010345129
3.818401882228	0.89189388500147
3.818403541091	0.87403614546278
3.818405199954	0.85694055877675
3.818406858817	0.84398031606491
3.81840851768	0.8327755690571
3.818410176543	0.83442334576414
3.818411835406	0.8412554307916
3.818413494269	0.86450050179825
3.818415153132	0.89402499941127
3.818416811995	0.92413784504435
3.818418470858	0.95446381367492
3.818420129721	0.97510654399932
3.818421788584	0.99243599081592
3.8184234474471	1.0032168820502
3.8184251063101	1.0118857888716
3.8184267651731	1.011583711971
3.8184284240361	1.0085610704156
3.8184300828991	1.0066057166587
3.8184317417621	1.0049537702129
3.8184334006251	1.0025336758176
3.8184350594881	0.99990949340637
3.8184367183511	0.99642073526548
3.8184383772141	0.99271806434301
3.8184400360771	0.99111879318423
3.8184416949401	0.99000218287022
3.8184433538031	0.99172922234714
3.8184450126661	0.99405862257622
3.8184466715291	0.99809364509522
3.8184483303921	1.0024604968567
3.8184499892551	1.0015716498315
3.8184516481181	0.99974953182034
3.8184533069811	0.99915377210317
3.8184549658441	0.9987553220299
3.8184566247072	0.99158841069013
3.8184582835702	0.98344311591737
3.8184599424332	0.97848737866053
3.8184616012962	0.97394131392659
3.8184632601592	0.97189455880136
3.8184649190222	0.97012938399612
3.8184665778852	0.97239740521081
3.8184682367482	0.97505747696878
3.8184698956112	0.97453526107292
3.8184715544742	0.97375219850469
3.8184732133372	0.97729804510257
3.8184748722002	0.98113410329208
3.8184765310632	0.99024529715118
3.8184781899262	0.99963274928805
3.8184798487892	1.0026906989717
3.8184815076522	1.0055084277533
3.8184831665152	1.0077983386121
