6545.075077 0.986146
6545.122304 0.98614
6545.169528 0.980733
6545.21675 0.975288
6545.263968 0.968629
6545.311184 0.958655
6545.358396 0.962333
6545.405606 0.961685
6545.452812 0.966601
6545.500016 0.973125
6545.547216 0.967523
6545.594414 0.970567
6545.641608 0.974942
6545.6888 0.977807
6545.735988 0.982648
6545.783174 0.979976
6545.830357 0.973026
6545.877536 0.977521
6545.924713 0.982104
6545.971886 0.978458
6546.019057 0.975659
6546.066224 0.968161
6546.113389 0.958012
6546.160551 0.956257
6546.207709 0.962875
6546.254865 0.972722
6546.302017 0.984028
6546.349167 0.990873
6546.396314 0.986114
6546.443457 0.985916
6546.490598 0.981326
6546.537735 0.956209
6546.58487 0.918046
6546.632002 0.8563
6546.67913 0.77655
6546.726256 0.707696
6546.773378 0.68181
6546.820498 0.704027
6546.867615 0.781998
6546.914728 0.86135
6546.961839 0.924399
6547.008946 0.955614
6547.056051 0.974514
6547.103153 0.978041
6547.150251 0.981369
6547.197347 0.978936
6547.244439 0.972702
6547.291529 0.968747
6547.338616 0.955576
6547.385699 0.943877
6547.43278 0.932353
6547.479857 0.926436
6547.526932 0.921661
6547.574003 0.929186
6547.621072 0.93268
6547.668137 0.927794
6547.7152 0.915404
6547.76226 0.902161
6547.809316 0.891768
6547.85637 0.898619
6547.90342 0.903596
6547.950468 0.909193
6547.997512 0.906117
6548.044554 0.899035
6548.091592 0.893798
6548.138628 0.89617
6548.18566 0.903055
6548.232689 0.913494
6548.279716 0.916012
6548.326739 0.919999
6548.37376 0.925325
6548.420777 0.935803
6548.467792 0.944228
6548.514803 0.947301
6548.561811 0.939081
6548.608817 0.923448
6548.655819 0.923799
6548.702818 0.929648
6548.749815 0.944017
6548.796808 0.954456
6548.843798 0.964124
6548.890786 0.964984
6548.93777 0.971208
6548.984751 0.985695
6549.031729 0.991558
6549.078705 0.990045
6549.125677 0.996152
6549.172646 0.995848
6549.219612 0.994566
6549.266575 0.98961
6549.313536 0.988891
6549.360493 0.986017
6549.407447 0.978488
6549.454398 0.972537
6549.501346 0.967967
6549.548291 0.970285
6549.595233 0.97944
6549.642172 0.98118
6549.689108 0.990318
6549.736041 0.989375
6549.782971 0.983328
6549.829898 0.981681
6549.876822 0.980663
6549.923743 0.979949
6549.970661 0.979645
6550.017576 0.981324
6550.064488 0.985023
6550.111397 0.983918
6550.158302 0.984474
6550.205205 0.980967
6550.252105 0.986532
6550.299002 0.987703
6550.345895 0.988318
6550.392786 0.983624
6550.439674 0.978362
6550.486558 0.983647
6550.53344 0.98556
6550.580319 0.984482
6550.627194 0.977762
6550.674067 0.967646
6550.720936 0.953398
6550.767803 0.940482
6550.814666 0.944431
6550.861527 0.951438
6550.908384 0.964422
6550.955239 0.976542
6551.00209 0.979783
6551.048938 0.98096
6551.095784 0.988874
6551.142626 0.985559
6551.189465 0.986841
6551.236302 0.985378
6551.283135 0.978967
6551.329965 0.974969
6551.376792 0.961871
6551.423616 0.955492
6551.470437 0.961277
6551.517255 0.9734
6551.56407 0.986409
6551.610882 0.985362
6551.657691 0.993791
6551.704497 0.989694
6551.7513 0.983961
6551.7981 0.972776
6551.844897 0.965093
6551.891691 0.957885
6551.938481 0.94792
6551.985269 0.946767
6552.032054 0.940823
6552.078836 0.92281
6552.125614 0.898349
6552.17239 0.87728
6552.219162 0.879796
6552.265932 0.902075
6552.312698 0.93267
6552.359462 0.959306
6552.406222 0.975024
6552.45298 0.97773
6552.499734 0.984404
6552.546485 0.985597
6552.593234 0.976108
6552.639979 0.97282
6552.686721 0.969329
6552.73346 0.970071
6552.780197 0.977422
6552.82693 0.973231
6552.87366 0.966159
6552.920387 0.96249
6552.967111 0.96523
6553.013832 0.958441
6553.06055 0.955972
6553.107264 0.946659
6553.153976 0.943972
6553.200685 0.945078
6553.247391 0.957453
6553.294093 0.963248
6553.340793 0.961392
6553.38749 0.966766
6553.434183 0.970383
6553.480874 0.964801
6553.527561 0.964881
6553.574246 0.961901
6553.620927 0.970845
6553.667605 0.961314
6553.714281 0.959045
6553.760953 0.95354
6553.807622 0.956247
6553.854288 0.972223
6553.900952 0.970915
6553.947612 0.970769
6553.994269 0.969766
6554.040923 0.970194
6554.087574 0.970229
6554.134222 0.973746
6554.180866 0.975449
6554.227508 0.970838
6554.274147 0.97028
6554.320783 0.961596
6554.367415 0.961512
6554.414045 0.959521
6554.460672 0.960671
6554.507295 0.966241
6554.553916 0.963732
6554.600533 0.940501
6554.647147 0.902297
6554.693759 0.85514
6554.740367 0.822644
6554.786972 0.827141
6554.833574 0.864595
6554.880173 0.910744
6554.926769 0.938523
6554.973362 0.956896
6555.019952 0.964802
6555.066539 0.967093
6555.113123 0.971579
6555.159704 0.963459
6555.206282 0.957677
6555.252856 0.954671
6555.299428 0.949174
6555.345997 0.941838
6555.392562 0.942846
6555.439125 0.95205
6555.485684 0.952514
6555.53224 0.95179
6555.578794 0.942473
6555.625344 0.932285
6555.671891 0.926457
6555.718435 0.93256
6555.764976 0.939315
6555.811514 0.937648
6555.858049 0.913516
6555.904581 0.885973
6555.95111 0.852742
6555.997636 0.833307
6556.044159 0.846837
6556.090678 0.880863
6556.137195 0.914289
6556.183708 0.930934
6556.230219 0.932797
6556.276726 0.922716
6556.323231 0.922531
6556.369732 0.91493
6556.41623 0.908114
6556.462725 0.885397
6556.509218 0.843785
6556.555707 0.802516
6556.602193 0.790643
6556.648676 0.814601
6556.695155 0.865544
6556.741632 0.914178
6556.788106 0.931422
6556.834577 0.94358
6556.881044 0.949989
6556.927509 0.947821
6556.97397 0.949938
6557.020429 0.944371
6557.066884 0.944652
6557.113336 0.939568
6557.159786 0.922527
6557.206232 0.896963
6557.252675 0.874008
6557.299115 0.858563
6557.345552 0.863372
6557.391986 0.884065
6557.438417 0.907208
6557.484844 0.926219
6557.531269 0.934171
6557.577691 0.939785
6557.624109 0.938128
6557.670525 0.940329
6557.716937 0.941715
6557.763346 0.950899
6557.809753 0.952784
6557.856156 0.953204
6557.902556 0.953843
6557.948953 0.940961
6557.995347 0.939313
6558.041738 0.940956
6558.088126 0.942251
6558.134511 0.942556
6558.180892 0.945373
6558.227271 0.942282
6558.273646 0.941368
6558.320019 0.939759
6558.366388 0.935989
6558.412755 0.933293
6558.459118 0.921286
6558.505478 0.91359
6558.551835 0.900266
6558.598189 0.887895
6558.64454 0.885333
6558.690888 0.887932
6558.737233 0.896524
6558.783574 0.907119
6558.829913 0.922639
6558.876249 0.93197
6558.922581 0.934643
6558.968911 0.935643
6559.015237 0.928044
6559.06156 0.929203
6559.10788 0.933749
6559.154198 0.945094
6559.200512 0.949587
6559.246822 0.947379
6559.29313 0.93802
6559.339435 0.934108
6559.385737 0.925602
6559.432035 0.929285
6559.478331 0.931229
6559.524623 0.937646
6559.570913 0.939386
6559.617199 0.940078
6559.663482 0.944471
6559.709762 0.945909
6559.75604 0.945463
6559.802313 0.946741
6559.848584 0.941477
6559.894852 0.930762
6559.941117 0.91355
6559.987379 0.887016
6560.033637 0.846439
6560.079893 0.821532
6560.126145 0.825368
6560.172394 0.857086
6560.21864 0.879219
6560.264884 0.892471
6560.311124 0.897982
6560.35736 0.910534
6560.403594 0.923482
6560.449825 0.923915
6560.496053 0.925515
6560.542277 0.923099
6560.588499 0.917707
6560.634717 0.904152
6560.680933 0.887698
6560.727145 0.870816
6560.773354 0.865609
6560.81956 0.874503
6560.865763 0.880213
6560.911963 0.880944
6560.95816 0.866502
6561.004353 0.845241
6561.050544 0.817852
6561.096732 0.799472
6561.142916 0.800925
6561.189097 0.816024
6561.235276 0.835181
6561.281451 0.852282
6561.327623 0.860483
6561.373792 0.869047
6561.419958 0.875935
6561.46612 0.877269
6561.51228 0.878349
6561.558437 0.876895
6561.60459 0.870994
6561.650741 0.873122
6561.696888 0.869889
6561.743032 0.860727
6561.789173 0.862804
6561.835311 0.856433
6561.881446 0.855272
6561.927578 0.856321
6561.973707 0.857487
6562.019832 0.855205
6562.065955 0.849906
6562.112074 0.845793
6562.158191 0.836976
6562.204304 0.826165
6562.250414 0.821964
6562.296521 0.806288
6562.342625 0.793582
6562.388726 0.780387
6562.434824 0.766601
6562.480918 0.748237
6562.52701 0.723558
6562.573098 0.705503
6562.619184 0.683089
6562.665266 0.64795
6562.711345 0.617471
6562.757421 0.586054
6562.803494 0.559776
6562.849564 0.532917
6562.89563 0.509163
6562.941694 0.49083
6562.987755 0.474706
6563.033812 0.464625
6563.079866 0.449745
6563.125918 0.439106
6563.171966 0.427389
6563.218011 0.418992
6563.264053 0.412022
6563.310091 0.40634
6563.356127 0.399875
6563.40216 0.391341
6563.448189 0.385937
6563.494215 0.376407
6563.540239 0.370252
6563.586259 0.366611
6563.632276 0.365505
6563.67829 0.364664
6563.724301 0.365809
6563.770308 0.369291
6563.816313 0.374204
6563.862314 0.380882
6563.908313 0.386585
6563.954308 0.404131
6564.0003 0.423212
6564.046289 0.448174
6564.092275 0.474183
6564.138258 0.495789
6564.184238 0.516627
6564.230214 0.527296
6564.276188 0.540917
6564.322158 0.554609
6564.368126 0.558697
6564.41409 0.559427
6564.460051 0.556343
6564.506009 0.546394
6564.551964 0.544136
6564.597915 0.546642
6564.643864 0.555502
6564.689809 0.576271
6564.735752 0.589597
6564.781691 0.599944
6564.827627 0.614767
6564.87356 0.626363
6564.91949 0.629479
6564.965417 0.640634
6565.01134 0.645555
6565.057261 0.652014
6565.103178 0.66182
6565.149093 0.670897
6565.195004 0.676909
6565.240912 0.681568
6565.286817 0.688902
6565.332719 0.699879
6565.378618 0.707146
6565.424513 0.71396
6565.470406 0.718013
6565.516295 0.730947
6565.562181 0.738321
6565.608064 0.746442
6565.653944 0.753726
6565.699821 0.761616
6565.745695 0.769631
6565.791566 0.770899
6565.837433 0.770227
6565.883298 0.757115
6565.929159 0.753217
6565.975017 0.753381
6566.020872 0.746075
6566.066724 0.753862
6566.112573 0.769149
6566.158418 0.797889
6566.204261 0.823652
6566.2501 0.837388
6566.295937 0.840967
6566.34177 0.848859
6566.3876 0.842151
6566.433427 0.841746
6566.47925 0.853129
6566.48614 0.854756
6566.53707 0.862477
6566.587997 0.868692
6566.638921 0.877035
6566.689843 0.882671
6566.740762 0.887359
6566.791678 0.897828
6566.842592 0.901569
6566.893503 0.906289
6566.944411 0.906491
6566.995316 0.906501
6567.046219 0.902456
6567.097119 0.908394
6567.148016 0.906859
6567.198911 0.902586
6567.249803 0.904844
6567.300692 0.906381
6567.351579 0.909277
6567.402463 0.907339
6567.453344 0.907158
6567.504222 0.907157
6567.555098 0.906048
6567.605971 0.909489
6567.656841 0.917186
6567.707709 0.928885
6567.758574 0.923848
6567.809436 0.924949
6567.860296 0.926734
6567.911153 0.917016
6567.962007 0.918426
6568.012858 0.925293
6568.063707 0.929177
6568.114553 0.931106
6568.165396 0.931331
6568.216237 0.931187
6568.267075 0.943664
6568.31791 0.957558
6568.368742 0.947006
6568.419572 0.949004
6568.470399 0.954477
6568.521224 0.950485
6568.572045 0.946112
6568.622864 0.944848
6568.67368 0.952485
6568.724494 0.946465
6568.775305 0.950223
6568.826113 0.938829
6568.876918 0.943976
6568.927721 0.943253
6568.978521 0.95186
6569.029318 0.950472
6569.080113 0.95222
6569.130905 0.941278
6569.181694 0.954565
6569.23248 0.946134
6569.283264 0.921213
6569.334045 0.92842
6569.384823 0.941541
6569.435599 0.922976
6569.486371 0.905144
6569.537142 0.897455
6569.587909 0.872247
6569.638674 0.826253
6569.689436 0.761327
6569.740195 0.726438
6569.790952 0.748996
6569.841705 0.792888
6569.892457 0.851161
6569.943205 0.9149
6569.993951 0.948106
6570.044694 0.948957
6570.095434 0.953089
6570.146171 0.95398
6570.196906 0.942469
6570.247638 0.933689
6570.298368 0.925014
6570.349094 0.907867
6570.399818 0.886597
6570.45054 0.874132
6570.501258 0.888527
6570.551974 0.897711
6570.602687 0.906097
6570.653397 0.910064
6570.704105 0.905512
6570.75481 0.905271
6570.805512 0.904294
6570.856212 0.918918
6570.906908 0.906085
6570.957602 0.897211
6571.008294 0.891362
6571.058982 0.876122
6571.109668 0.864739
6571.160351 0.872644
6571.211032 0.86108
6571.26171 0.854583
6571.312385 0.858198
6571.363057 0.871028
6571.413726 0.895474
6571.464393 0.912008
6571.515057 0.892282
6571.565719 0.879742
6571.616377 0.911884
6571.667033 0.931131
6571.717686 0.908706
6571.768337 0.930547
6571.818984 0.943782
6571.869629 0.938419
6571.920272 0.955433
6571.970911 0.948993
6572.021548 0.934093
6572.072182 0.93978
6572.122813 0.944029
6572.173442 0.949524
6572.224068 0.95119
6572.274691 0.950747
6572.325312 0.945473
6572.375929 0.938795
6572.426544 0.917325
6572.477157 0.927166
6572.527766 0.945761
6572.578373 0.94285
6572.628977 0.938398
6572.679578 0.92208
6572.730177 0.928895
6572.780773 0.933723
6572.831366 0.94099
6572.881956 0.942871
6572.932544 0.946713
6572.983129 0.957558
6573.033711 0.936359
6573.084291 0.920638
6573.134867 0.919494
6573.185441 0.864853
6573.236012 0.797147
6573.286581 0.753876
6573.337147 0.74536
6573.38771 0.779264
6573.43827 0.840243
6573.488828 0.896544
6573.539383 0.93586
6573.589935 0.948657
6573.640484 0.949138
6573.691031 0.946953
6573.741575 0.956873
6573.792116 0.950528
6573.842654 0.950293
6573.89319 0.958116
6573.943723 0.963637
6573.994253 0.964605
6574.04478 0.976119
6574.095305 0.965623
6574.145827 0.960081
6574.196346 0.956205
6574.246863 0.946616
6574.297377 0.95514
6574.347888 0.917249
6574.398396 0.965562
6574.448902 0.967988
6574.499404 0.952025
6574.549904 0.91967
6574.600402 0.912117
6574.650896 0.845063
6574.701388 0.77557
6574.751877 0.740679
6574.802364 0.777057
6574.852847 0.82528
6574.903328 0.89156
6574.953806 0.935395
6575.004281 0.95526
6575.054754 0.959195
6575.105224 0.958879
6575.155691 0.929596
6575.206155 0.928471
6575.256617 0.928931
6575.307076 0.917399
6575.357532 0.89751
6575.407985 0.856554
6575.458436 0.790423
6575.508884 0.735765
6575.559329 0.710886
6575.609772 0.748008
6575.660211 0.802995
6575.710648 0.861562
6575.761082 0.894954
6575.811514 0.913397
6575.861942 0.9067
6575.912368 0.9172
6575.962791 0.912116
6576.013212 0.936152
6576.063629 0.939673
6576.114044 0.928443
6576.164456 0.931478
6576.214866 0.926394
6576.265273 0.925714
6576.315676 0.920649
6576.366078 0.910069
6576.416476 0.915141
6576.466872 0.924214
6576.517264 0.925616
6576.567655 0.895202
6576.618042 0.903139
6576.668427 0.907022
6576.718808 0.903861
6576.769188 0.880671
6576.819564 0.901563
6576.869937 0.903615
6576.920308 0.91608
6576.970676 0.922298
6577.021042 0.920616
6577.071404 0.914652
6577.121764 0.895225
6577.172121 0.911135
6577.222475 0.920972
6577.272827 0.918505
6577.323176 0.91709
6577.373522 0.914596
6577.423865 0.920572
6577.474206 0.93146
6577.524543 0.954411
6577.574878 0.953571
6577.625211 0.965911
6577.67554 0.96369
6577.725867 0.981477
6577.776191 0.934859
6577.826512 0.939076
6577.87683 0.948769
6577.927146 0.937932
6577.977459 0.951641
6578.027769 0.946498
6578.078076 0.951783
6578.128381 0.968405
6578.178683 0.962665
6578.228982 0.960537
6578.279278 0.96326
6578.329572 0.974112
6578.379863 0.966084
6578.430151 0.971106
6578.480436 0.967621
6578.530718 0.970605
6578.580998 0.965141
6578.631275 0.964934
6578.681549 0.97015
6578.731821 0.980257
6578.782089 0.961989
6578.832355 0.958465
6578.882618 0.952673
6578.932879 0.999672
6578.983136 0.957062
6579.033391 0.958004
6579.083643 0.956437
6579.133892 0.95986
6579.184139 0.963667
6579.234383 0.964558
6579.284624 0.960462
6579.334862 0.941394
6579.385097 0.927786
6579.43533 0.943653
6579.48556 0.995921
6579.535787 0.949115
6579.586011 0.954296
6579.636233 0.958328
6579.686452 0.982732
6579.736668 0.969685
6579.786881 0.964115
6579.837092 0.959656
6579.887299 0.957932
6579.937504 0.968475
6579.987707 0.973969
6580.037906 0.955503
6580.088103 0.928079
6580.138296 0.945622
6580.188488 0.950327
6580.238676 0.953263
6580.288861 0.95333
6580.339044 0.954512
6580.389224 0.955641
6580.439401 0.959905
6580.489576 0.960211
6580.539747 0.957182
6580.589916 0.945513
6580.640082 0.912679
6580.690246 0.895309
6580.740406 0.891572
6580.790564 0.883097
6580.840719 0.93919
6580.890871 0.933605
6580.941021 0.933475
6580.991167 0.971091
6581.041311 0.965716
6581.091452 0.989767
6581.14159 0.981006
6581.191726 0.971105
6581.241859 0.957901
6581.291989 0.939397
6581.342116 0.948867
6581.39224 0.886429
6581.442362 0.885645
6581.492481 0.876977
6581.542597 0.88719
6581.59271 0.896762
6581.642821 0.857612
6581.692928 0.806238
6581.743033 0.799589
6581.793135 0.837127
6581.843235 0.883308
6581.893331 0.927219
6581.943425 0.940149
6581.993516 0.931512
6582.043604 0.921876
6582.09369 0.95737
6582.143772 0.902184
6582.193852 0.920889
6582.243929 0.921481
6582.294003 0.938621
6582.344075 0.956541
6582.394144 0.944753
6582.444209 0.942917
6582.494273 0.943304
6582.544333 0.937545
6582.594391 0.927402
6582.644445 0.891922
6582.694497 0.940221
6582.744546 0.933226
6582.794593 0.898357
6582.844636 0.920837
6582.894677 0.941793
6582.944715 0.980077
6582.99475 0.941196
6583.044783 0.953048
6583.094813 0.943901
6583.144839 0.928338
6583.194863 0.928698
6583.244885 0.931171
6583.294903 0.929653
6583.344919 0.943837
6583.394932 0.911932
6583.444942 0.915714
6583.494949 0.923388
6583.544954 0.956911
6583.594955 1.0121
6583.644954 0.980816
6583.69495 0.942628
6583.744944 0.950302
6583.794934 0.960791
6583.844922 0.962651
6583.894907 0.966205
6583.944889 0.970116
