3.815913293305	0.968372
3.815914952168	0.96560856786541
3.815916611031	0.96334641579314
3.815918269894	0.96509720565105
3.815919928757	0.96642982559581
3.81592158762	0.96629851752208
3.815923246483	0.96663497712353
3.815924905346	0.96790629290531
3.815926564209	0.9707026592868
3.815928223072	0.9754018235788
3.815929881935	0.97714651212793
3.815931540798	0.97653644838584
3.815933199661	0.97929125238519
3.815934858524	0.98371726928754
3.815936517387	0.97942122064342
3.81593817625	0.97266507957603
3.815939835113	0.96625374780451
3.815941493976	0.95990203475009
3.8159431528391	0.95793624701055
3.8159448117021	0.9549129593852
3.8159464705651	0.94385111109155
3.8159481294281	0.93055109604776
3.8159497882911	0.90969848696436
3.8159514471541	0.88585312685265
3.8159531060171	0.85622706129923
3.8159547648801	0.82061790669837
3.8159564237431	0.77780516265714
3.8159580826061	0.74470009393032
3.8159597414691	0.71902346730983
3.8159614003321	0.70372268425321
3.8159630591951	0.69331859993857
3.8159647180581	0.70902797517561
3.8159663769211	0.7315776357563
3.8159680357841	0.77385500845941
3.8159696946471	0.81805724929685
3.8159713535101	0.85537297426973
3.8159730123731	0.89099701092828
3.8159746712362	0.91552553279747
3.8159763300992	0.93773409166443
3.8159779889622	0.95282567367464
3.8159796478252	0.96373216006537
3.8159813066882	0.96718409266903
3.8159829655512	0.96893047025294
3.8159846244142	0.96877936128899
3.8159862832772	0.96770642909149
3.8159879421402	0.96598574938862
3.8159896010032	0.96640671999206
3.8159912598662	0.967739318651
3.8159929187292	0.96743262389308
3.8159945775922	0.96675539145546
3.8159962364552	0.9606485008383
3.8159978953182	0.95432703216097
3.8159995541812	0.95217044734964
3.8160012130442	0.95021833134579
3.8160028719072	0.94934681264887
3.8160045307702	0.94589181108214
3.8160061896333	0.93558796487318
3.8160078484963	0.9285367655733
3.8160095073593	0.926599311355
3.8160111662223	0.92697665446253
3.8160128250853	0.92963362388042
3.8160144839483	0.92980295484784
3.8160161428113	0.92844094930549
3.8160178016743	0.93135295650549
3.8160194605373	0.93581185265708
3.8160211194003	0.93542463275078
3.8160227782633	0.93418024020949
3.8160244371263	0.92576862836701
3.8160260959893	0.91747130001912
3.8160277548523	0.91339951632687
3.8160294137153	0.91025956262413
3.8160310725783	0.91092303999348
3.8160327314413	0.91036394068045
3.8160343903043	0.90711857904965
3.8160360491673	0.90647680631147
3.8160377080303	0.90930249888765
3.8160393668934	0.91143817834794
3.8160410257564	0.91299794718357
3.8160426846194	0.91205947173734
3.8160443434824	0.90984234508805
3.8160460023454	0.90545566604144
3.8160476612084	0.90044968047505
3.8160493200714	0.8990945079678
3.8160509789344	0.89823653807876
3.8160526377974	0.90322305376498
3.8160542966604	0.90795035497185
3.8160559555234	0.91091585939035
3.8160576143864	0.91371129747397
3.8160592732494	0.91598343158535
3.8160609321124	0.9177964430338
3.8160625909754	0.9188019043492
3.8160642498384	0.92224997924233
3.8160659087014	0.92834691708912
3.8160675675644	0.93161638320002
3.8160692264274	0.93297846625564
3.8160708852905	0.93564075306758
3.8160725441535	0.9388219381295
3.8160742030165	0.94407898309105
3.8160758618795	0.94975389447384
3.8160775207425	0.94310543819867
3.8160791796055	0.93591820086362
3.8160808384685	0.93017659276099
3.8160824973315	0.92367741608614
3.8160841561945	0.91387076173299
3.8160858150575	0.90620813755039
3.8160874739205	0.90344082658151
3.8160891327835	0.9058781525652
3.8160907916465	0.91541587452396
3.8160924505095	0.92293252330684
3.8160941093725	0.92873782704583
3.8160957682355	0.93701484335901
3.8160974270985	0.94656455016105
3.8160990859615	0.95381285509246
3.8161007448245	0.9604078759772
3.8161024036876	0.96520114007159
3.8161040625506	0.96981981830816
3.8161057214136	0.97622224553204
3.8161073802766	0.98167214545309
3.8161090391396	0.98107023414255
3.8161106980026	0.98256165974333
3.8161123568656	0.99015877487378
3.8161140157286	0.99448253492562
3.8161156745916	0.99334448453929
3.8161173334546	0.99109695667114
3.8161189923176	0.9877144734181
3.8161206511806	0.98808048817127
3.8161223100436	0.99080256519367
3.8161239689066	0.98997964083348
3.8161256277696	0.98787113972217
3.8161272866326	0.98750395267555
3.8161289454956	0.98743479914338
3.8161306043586	0.98748533178066
3.8161322632216	0.9868311986452
3.8161339220846	0.97937060119226
3.8161355809477	0.97273938901397
3.8161372398107	0.96914370356585
3.8161388986737	0.96413839095912
3.8161405575367	0.95633635524466
3.8161422163997	0.94980428897097
3.8161438752627	0.9447888779314
3.8161455341257	0.93749331375671
3.8161471929887	0.92852294014955
3.8161488518517	0.92533795243081
3.8161505107147	0.92466257200665
3.8161521695777	0.92878929981831
3.8161538284407	0.93398077994549
3.8161554873037	0.9517181083232
3.8161571461667	0.96967201944698
3.8161588050297	0.97855870427451
3.8161604638927	0.98536874718712
3.8161621227557	0.98287354831113
3.8161637816187	0.97969991129932
3.8161654404817	0.97497333192702
3.8161670993448	0.9739803806911
3.8161687582078	0.97802374150415
3.8161704170708	0.97806065687132
3.8161720759338	0.974787506433
3.8161737347968	0.98005605055387
3.8161753936598	0.98953964857586
3.8161770525228	0.98781436762468
3.8161787113858	0.98314013251303
3.8161803702488	0.98031581784258
3.8161820291118	0.97772165825029
3.8161836879748	0.976612188584
3.8161853468378	0.97625789979566
3.8161870057008	0.97990135237013
3.8161886645638	0.98232627705485
3.8161903234268	0.98164176396649
3.8161919822898	0.98163053088545
3.8161936411528	0.98261131297136
3.8161953000158	0.98254916038259
3.8161969588788	0.98155179235603
3.8161986177419	0.98199229507179
3.8162002766049	0.98320605886821
3.8162019354679	0.98285947006385
3.8162035943309	0.98205592050831
3.8162052531939	0.98098517101674
3.8162069120569	0.97986195303424
3.8162085709199	0.97768865004305
3.8162102297829	0.97597015598784
3.8162118886459	0.97695830606103
3.8162135475089	0.97716889532579
3.8162152063719	0.9752516608367
3.8162168652349	0.97182456303635
3.8162185240979	0.96605059576035
3.8162201829609	0.96019864981027
3.8162218418239	0.95427340897517
3.8162235006869	0.94810852388522
3.8162251595499	0.94180860945582
3.8162268184129	0.93865773091009
3.8162284772759	0.93648030179928
3.8162301361389	0.94003259215434
3.816231795002	0.94428697273764
3.816233453865	0.94709979643941
3.816235112728	0.95031023340382
3.816236771591	0.95601586037719
3.816238430454	0.96180045343819
3.816240089317	0.96780715281246
3.81624174818	0.97211829438788
3.816243407043	0.9737460800773
3.816245065906	0.97485531767094
3.816246724769	0.97547084790717
3.816248383632	0.97568005806664
3.816250042495	0.97565818711974
3.816251701358	0.97674035137567
3.816253360221	0.97816576797668
3.816255019084	0.97875530590368
3.816256677947	0.97919539644698
3.81625833681	0.97648708867704
3.816259995673	0.97381072898501
3.816261654536	0.97133119133603
3.8162633133991	0.96903464899415
3.8162649722621	0.9672443287747
3.8162666311251	0.96534323027464
3.8162682899881	0.96326998421187
3.8162699488511	0.96172737935321
3.8162716077141	0.96067918583118
3.8162732665771	0.96089786413078
3.8162749254401	0.96181694721119
3.8162765843031	0.96830093907279
3.8162782431661	0.97644374346214
3.8162799020291	0.9776215031535
3.8162815608921	0.97807593698115
3.8162832197551	0.98171843202729
3.8162848786181	0.98511351960656
3.8162865374811	0.98711130586548
3.8162881963441	0.98712195737002
3.8162898552071	0.98195510379364
3.8162915140701	0.97749498620248
3.8162931729331	0.97407551950609
3.8162948317962	0.96986635012112
3.8162964906592	0.96496149261799
3.8162981495222	0.96167182265742
3.8162998083852	0.95921788422394
3.8163014672482	0.95415647449988
3.8163031261112	0.94838730586069
3.8163047849742	0.94869176095161
3.8163064438372	0.94938094887161
3.8163081027002	0.94582131047359
3.8163097615632	0.94217392996377
3.8163114204262	0.93809746919558
3.8163130792892	0.93216090548055
3.8163147381522	0.92183840737676
3.8163163970152	0.91108783878016
3.8163180558782	0.89976041329949
3.8163197147412	0.89180535160918
3.8163213736042	0.88656268646771
3.8163230324672	0.88950618707084
3.8163246913302	0.8962550227746
3.8163263501933	0.90878815681263
3.8163280090563	0.92266727346773
3.8163296679193	0.93663371865042
3.8163313267823	0.95026211974224
3.8163329856453	0.95923683576852
3.8163346445083	0.96800981805495
3.8163363033713	0.9759642747496
3.8163379622343	0.98311004590646
3.8163396210973	0.98859014929661
3.8163412799603	0.98923052644854
3.8163429388233	0.98409857756163
3.8163445976863	0.98306454387416
3.8163462565493	0.98493249249308
3.8163479154123	0.98401896635103
3.8163495742753	0.98199632639093
3.8163512331383	0.97867299629101
3.8163528920013	0.97511034172236
3.8163545508643	0.97490958567693
3.8163562097273	0.97514966255676
3.8163578685903	0.97841709785059
3.8163595274534	0.97970871988344
3.8163611863164	0.97454302327437
3.8163628451794	0.97021652925882
3.8163645040424	0.96735344453244
3.8163661629054	0.96661760502096
3.8163678217684	0.96805376530407
3.8163694806314	0.95977531424844
3.8163711394944	0.94567372934449
3.8163727983574	0.94379999799801
3.8163744572204	0.94587728830697
3.8163761160834	0.94638144849426
3.8163777749464	0.9466753774297
3.8163794338094	0.9464667092066
3.8163810926724	0.94568487212402
3.8163827515354	0.94161296336727
3.8163844103984	0.93790330095972
3.8163860692614	0.93512761792263
3.8163877281244	0.93524449523152
3.8163893869874	0.93951124388038
3.8163910458505	0.94101442803263
3.8163927047135	0.94018326350932
3.8163943635765	0.94598324514697
3.8163960224395	0.95499591605206
3.8163976813025	0.95360743521042
3.8163993401655	0.94970367007684
3.8164009990285	0.95290316498211
3.8164026578915	0.95603379441624
3.8164043167545	0.95179925097388
3.8164059756175	0.9463698026074
3.8164076344805	0.936191500706
3.8164092933435	0.92439142794637
3.8164109522065	0.90934642765702
3.8164126110695	0.8988546360842
3.8164142699325	0.89358939396903
3.8164159287955	0.89357419659557
3.8164175876585	0.89708764287619
3.8164192465215	0.9080902257041
3.8164209053845	0.92185367786293
3.8164225642476	0.93404047116994
3.8164242231106	0.94597778251923
3.8164258819736	0.94926562891621
3.8164275408366	0.95272749986993
3.8164291996996	0.95758377072486
3.8164308585626	0.96233320677446
3.8164325174256	0.96678225485137
3.8164341762886	0.96923444416974
3.8164358351516	0.96863656510883
3.8164374940146	0.9668592044684
3.8164391528776	0.96403193484634
3.8164408117406	0.96779096067688
3.8164424706036	0.97490384339513
3.8164441294666	0.97417140317313
3.8164457883296	0.97143160925348
3.8164474471926	0.97402062520496
3.8164491060556	0.97679245236265
3.8164507649186	0.97637763746766
3.8164524237816	0.97619311787777
3.8164540826446	0.97694078671946
3.8164557415077	0.97579633581059
3.8164574003707	0.97085011325504
3.8164590592337	0.96741904536425
3.8164607180967	0.96571976270723
3.8164623769597	0.96135693243379
3.8164640358227	0.95522687946078
3.8164656946857	0.95310840897742
3.8164673535487	0.95243074339049
3.8164690124117	0.95275139217672
3.8164706712747	0.95323161495269
3.8164723301377	0.9557587462087
3.8164739890007	0.95826669335609
3.8164756478637	0.9606572119349
3.8164773067267	0.96013096130788
3.8164789655897	0.95193658844547
3.8164806244527	0.94163780506299
3.8164822833157	0.92832153476923
3.8164839421787	0.90635559369305
3.8164856010417	0.87720625926904
3.8164872599048	0.85301955531025
3.8164889187678	0.83114855185735
3.8164905776308	0.82412186899186
3.8164922364938	0.82040813550993
3.8164938953568	0.83601922604402
3.8164955542198	0.85320919287084
3.8164972130828	0.87685965974285
3.8164988719458	0.89888312612947
3.8165005308088	0.91531708749446
3.8165021896718	0.93051391903598
3.8165038485348	0.94352749402747
3.8165055073978	0.95244095104663
3.8165071662608	0.95722174953925
3.8165088251238	0.96128225687657
3.8165104839868	0.96492789389051
3.8165121428498	0.96744743003186
3.8165138017128	0.96963288212802
3.8165154605758	0.97029600472203
3.8165171194388	0.97050685320798
3.8165187783019	0.96437576270932
3.8165204371649	0.95911947744651
3.8165220960279	0.95779729615009
3.8165237548909	0.95578317456863
3.8165254137539	0.95229246349318
3.8165270726169	0.94878182354448
3.8165287314799	0.94524744948827
3.8165303903429	0.94238668278563
3.8165320492059	0.93998659453984
3.8165337080689	0.93984434565012
3.8165353669319	0.9405311461132
3.8165370257949	0.94294542738567
3.8165386846579	0.94559320498759
3.8165403435209	0.9444804184634
3.8165420023839	0.94315289703613
3.8165436612469	0.94055930876433
3.8165453201099	0.93743903261837
3.8165469789729	0.93298510168497
3.8165486378359	0.92905327436858
3.816550296699	0.92583835516319
3.816551955562	0.92424498146623
3.816553614425	0.92392695154915
3.816555273288	0.92739613782748
3.816556932151	0.93250163503653
3.816558591014	0.93568184998133
3.816560249877	0.93848703850301
3.81656190874	0.93253854229636
3.816563567603	0.92564561291085
3.816565226466	0.91314136661411
3.816566885329	0.89970614563977
3.816568544192	0.88353294942085
3.816570203055	0.86790859862464
3.816571861918	0.85313213568728
3.816573520781	0.84680148629344
3.816575179644	0.84789203649281
3.816576838507	0.85590208841095
3.81657849737	0.86729321335395
3.816580156233	0.88326099928227
3.816581815096	0.90029283066021
3.8165834739591	0.91237324039063
3.8165851328221	0.92382001604858
3.8165867916851	0.9314786321422
3.8165884505481	0.93555105269881
3.8165901094111	0.92768595973985
3.8165917682741	0.92074423522298
3.8165934271371	0.91536699673562
3.8165950860001	0.91465123865757
3.8165967448631	0.91838806872406
3.8165984037261	0.91467487526621
3.8166000625891	0.90698287585512
3.8166017214521	0.90269891835355
3.8166033803151	0.89930784182291
3.8166050391781	0.88254901206898
3.8166066980411	0.86467733827693
3.8166083569041	0.84487061259223
3.8166100157671	0.82449695052827
3.8166116746301	0.80205186606392
3.8166133334931	0.79129842806481
3.8166149923562	0.80169599936883
3.8166166512192	0.81942714148995
3.8166183100822	0.84457474336888
3.8166199689452	0.86839894691335
3.8166216278082	0.89147408778035
3.8166232866712	0.90778520387806
3.8166249455342	0.92218929798021
3.8166266043972	0.92853607484627
3.8166282632602	0.93417873825518
3.8166299221232	0.93953045731062
3.8166315809862	0.94297856728245
3.8166332398492	0.93906190928629
3.8166348987122	0.93676182485699
3.8166365575752	0.93749816836001
3.8166382164382	0.93933275438922
3.8166398753012	0.94231225222865
3.8166415341642	0.94139004397563
3.8166431930272	0.93819499689289
3.8166448518902	0.93643094747509
3.8166465107533	0.93508392471034
3.8166481696163	0.93129647598636
3.8166498284793	0.92735727581645
3.8166514873423	0.92451207695884
3.8166531462053	0.91855485798271
3.8166548050683	0.90034083508809
3.8166564639313	0.8846858283789
3.8166581227943	0.87387940055649
3.8166597816573	0.86643124323994
3.8166614405203	0.86249805792216
3.8166630993833	0.86396484298036
3.8166647582463	0.86857813469097
3.8166664171093	0.87908308210947
3.8166680759723	0.89129611819813
3.8166697348353	0.90515934308188
3.8166713936983	0.91860919030467
3.8166730525613	0.92365877289045
3.8166747114243	0.92829199137273
3.8166763702873	0.9313226044766
3.8166780291503	0.93471611450426
3.8166796880134	0.93878308451821
3.8166813468764	0.94210130103676
3.8166830057394	0.94465330816542
3.8166846646024	0.94400746524948
3.8166863234654	0.94155065908101
3.8166879823284	0.94176454568774
3.8166896411914	0.94271952977026
3.8166913000544	0.94464011642936
3.8166929589174	0.94643129847018
3.8166946177804	0.94557265984009
3.8166962766434	0.94490186809408
3.8166979355064	0.94491049282886
3.8166995943694	0.94404399393809
3.8167012532324	0.94163159057104
3.8167029120954	0.93829723548893
3.8167045709584	0.93406448826158
3.8167062298214	0.9315247267225
3.8167078886844	0.92988998808206
3.8167095475474	0.92569579244106
3.8167112064105	0.92084935434637
3.8167128652735	0.91309552254502
3.8167145241365	0.90579682004168
3.8167161829995	0.9050666222319
3.8167178418625	0.90530221938024
3.8167195007255	0.90870638460106
3.8167211595885	0.91405595176872
3.8167228184515	0.92258765410486
3.8167244773145	0.92924759727602
3.8167261361775	0.93421659944525
3.8167277950405	0.93117083029929
3.8167294539035	0.92420391063769
3.8167311127665	0.92471575560052
3.8167327716295	0.92689467932582
3.8167344304925	0.92729443939805
3.8167360893555	0.92706186775965
3.8167377482185	0.92227596989252
3.8167394070815	0.91814809864166
3.8167410659445	0.915920634935
3.8167427248076	0.91142150538183
3.8167443836706	0.90357069044866
3.8167460425336	0.89874781379906
3.8167477013966	0.89639320670418
3.8167493602596	0.89366819101843
3.8167510191226	0.89078287533846
3.8167526779856	0.8935633106576
3.8167543368486	0.89738206721521
3.8167559957116	0.90511671166235
3.8167576545746	0.91276976009304
3.8167593134376	0.91973735895323
3.8167609723006	0.92660861131342
3.8167626311636	0.93324105395658
3.8167642900266	0.93627738199519
3.8167659488896	0.93464685843389
3.8167676077526	0.93485793818534
3.8167692666156	0.93638602169337
3.8167709254786	0.93355558342629
3.8167725843416	0.92912166332392
3.8167742432046	0.92569076641916
3.8167759020677	0.92253542220887
3.8167775609307	0.92426474258629
3.8167792197937	0.9256437510028
3.8167808786567	0.92538071556991
3.8167825375197	0.92715971582607
3.8167841963827	0.93319213988761
3.8167858552457	0.93956411372594
3.8167875141087	0.94631434481058
3.8167891729717	0.94527179503515
3.8167908318347	0.93949025232689
3.8167924906977	0.93563972741388
3.8167941495607	0.9323634662062
3.8167958084237	0.93219145815128
3.8167974672867	0.93221236566737
3.8167991261497	0.93119003018249
3.8168007850127	0.93050549596451
3.8168024438757	0.93102968095317
3.8168041027387	0.93301873618213
3.8168057616017	0.93752425132694
3.8168074204648	0.93884013252021
3.8168090793278	0.93718253302674
3.8168107381908	0.93750417800603
3.8168123970538	0.93881276068533
3.8168140559168	0.94069257265929
3.8168157147798	0.9427001831585
3.8168173736428	0.94645475667134
3.8168190325058	0.94989205531798
3.8168206913688	0.9504975606166
3.8168223502318	0.95085952708712
3.8168240090948	0.95055513069151
3.8168256679578	0.94935618420476
3.8168273268208	0.94691218684323
3.8168289856838	0.94222793551924
3.8168306445468	0.93584442647517
3.8168323034098	0.93196083619107
3.8168339622728	0.9290524941925
3.8168356211358	0.91470774526361
3.8168372799988	0.89853601943185
3.8168389388619	0.87676311986608
3.8168405977249	0.85604091843677
3.8168422565879	0.84036559037848
3.8168439154509	0.83085570481273
3.8168455743139	0.83423604165599
3.8168472331769	0.83733776414718
3.8168488920399	0.84013144160774
3.8168505509029	0.8522371623884
3.8168522097659	0.86989545449516
3.8168538686289	0.88437184683933
3.8168555274919	0.89794076837107
3.8168571863549	0.90183801989524
3.8168588452179	0.90506812911088
3.8168605040809	0.90899414686028
3.8168621629439	0.91305426314427
3.8168638218069	0.91755367832303
3.8168654806699	0.92231315333621
3.8168671395329	0.9274861748379
3.8168687983959	0.93031812474046
3.816870457259	0.93114300979405
3.816872116122	0.92983329434892
3.816873774985	0.92756848653358
3.816875433848	0.92170362375842
3.816877092711	0.91517072099671
3.816878751574	0.91116789268014
3.816880410437	0.90628424348295
3.8168820693	0.89631834781568
3.816883728163	0.88700023422297
3.816885387026	0.87917870858016
3.816887045889	0.8744197810248
3.816888704752	0.87332541632656
3.816890363615	0.87240829518243
3.816892022478	0.87160519794103
3.816893681341	0.87686260006427
3.816895340204	0.88401370430396
3.816896999067	0.88741611397286
3.81689865793	0.88963784886204
3.816900316793	0.88063287802672
3.816901975656	0.87077898676984
3.8169036345191	0.85796716816087
3.8169052933821	0.84414493209972
3.8169069522451	0.82865273625521
3.8169086111081	0.81722578054619
3.8169102699711	0.80938837724735
3.8169119288341	0.80579952111953
3.8169135876971	0.80416159950152
3.8169152465601	0.8103775379098
3.8169169054231	0.81809306663456
3.8169185642861	0.8270816556432
3.8169202231491	0.8367485282077
3.8169218820121	0.85025251045205
3.8169235408751	0.86029128136305
3.8169251997381	0.86238064336437
3.8169268586011	0.8629928368643
3.8169285174641	0.86186056791563
3.8169301763271	0.86188595563777
3.8169318351901	0.86264051086128
3.8169334940531	0.86306962515056
3.8169351529162	0.86340084385552
3.8169368117792	0.86504412534717
3.8169384706422	0.8664903155585
3.8169401295052	0.86440675310583
3.8169417883682	0.86407109803096
3.8169434472312	0.86942282485275
3.8169451060942	0.87300109979544
3.8169467649572	0.87381503292844
3.8169484238202	0.87272656457132
3.8169500826832	0.87006061971079
3.8169517415462	0.87077751483843
3.8169534004092	0.87292571816872
3.8169550592722	0.87375396242786
3.8169567181352	0.87425431272514
3.8169583769982	0.86751424273456
3.8169600358612	0.86184236993271
3.8169616947242	0.86133136555573
3.8169633535872	0.8615064251243
3.8169650124502	0.86308671246879
3.8169666713133	0.86256454573141
3.8169683301763	0.85980738870536
3.8169699890393	0.85884371355977
3.8169716479023	0.85888223707025
3.8169733067653	0.85333623223576
3.8169749656283	0.84638088140815
3.8169766244913	0.84508830618975
3.8169782833543	0.8436806751405
3.8169799422173	0.83929781490812
3.8169816010803	0.83547086535133
3.8169832599433	0.83314576316495
3.8169849188063	0.83146890610607
3.8169865776693	0.83065962109147
3.8169882365323	0.82651471802422
3.8169898953953	0.82000631687968
3.8169915542583	0.81367061411689
3.8169932131213	0.80739463041669
3.8169948719843	0.79890837804418
3.8169965308473	0.79032409733902
3.8169981897103	0.78405263892699
3.8169998485734	0.77752283595714
3.8170015074364	0.77006164779883
3.8170031662994	0.76114636390956
3.8170048251624	0.74981256266815
3.8170064840254	0.73836134512966
3.8170081428884	0.72680762643541
3.8170098017514	0.71300105088166
3.8170114606144	0.69819416704806
3.8170131194774	0.68300237018023
3.8170147783404	0.66771698682072
3.8170164372034	0.64984681280007
3.8170180960664	0.63242939616316
3.8170197549294	0.61723710560157
3.8170214137924	0.60110926697215
3.8170230726554	0.58306647684133
3.8170247315184	0.56680120504973
3.8170263903814	0.55240483310695
3.8170280492444	0.53833395274723
3.8170297081074	0.52444076237251
3.8170313669705	0.51465732119475
3.8170330258335	0.50586056451644
3.8170346846965	0.49614501577076
3.8170363435595	0.48632347583711
3.8170380024225	0.47598996111495
3.8170396612855	0.46723489880546
3.8170413201485	0.46242387103078
3.8170429790115	0.45637443226718
3.8170446378745	0.44878597124382
3.8170462967375	0.44191453318048
3.8170479556005	0.43550905136692
3.8170496144635	0.42937435311714
3.8170512733265	0.42332217077733
3.8170529321895	0.42035019775298
3.8170545910525	0.41746357612129
3.8170562499155	0.41293669779038
3.8170579087785	0.40831683761288
3.8170595676415	0.40341553765539
3.8170612265045	0.39824683167286
3.8170628853676	0.39269209579334
3.8170645442306	0.38930672601874
3.8170662030936	0.38755616467008
3.8170678619566	0.38485558623888
3.8170695208196	0.38180615930184
3.8170711796826	0.38025150967961
3.8170728385456	0.37884039500572
3.8170744974086	0.37679899138549
3.8170761562716	0.37459394605334
3.8170778151346	0.37179402857539
3.8170794739976	0.3702294501204
3.8170811328606	0.37070220142836
3.8170827917236	0.36889661789144
3.8170844505866	0.3651447203746
3.8170861094496	0.36773828739567
3.8170877683126	0.37303463382286
3.8170894271756	0.3753864254145
3.8170910860386	0.37728618200984
3.8170927449016	0.37970726740813
3.8170944037647	0.38240679631242
3.8170960626277	0.38630835025536
3.8170977214907	0.39200811857365
3.8170993803537	0.40103856267948
3.8171010392167	0.41027869609434
3.8171026980797	0.41971768061283
3.8171043569427	0.4316032743543
3.8171060158057	0.44466098629005
3.8171076746687	0.45924183239033
3.8171093335317	0.47411057979541
3.8171109923947	0.48689824311149
3.8171126512577	0.49997956829068
3.8171143101207	0.51454368158835
3.8171159689837	0.52682216343729
3.8171176278467	0.53443210464933
3.8171192867097	0.54186150576213
3.8171209455727	0.54910458910583
3.8171226044357	0.55380498402703
3.8171242632987	0.55717055700409
3.8171259221617	0.56057382093546
3.8171275810248	0.56398538581943
3.8171292398878	0.5630355492557
3.8171308987508	0.56138577608072
3.8171325576138	0.55611396735895
3.8171342164768	0.55084750800044
3.8171358753398	0.54559286516001
3.8171375342028	0.54187268532341
3.8171391930658	0.53984226153296
3.8171408519288	0.54140764564435
3.8171425107918	0.54499268551445
3.8171441696548	0.55217073664117
3.8171458285178	0.56021950292045
3.8171474873808	0.56989636549236
3.8171491462438	0.57957449306857
3.8171508051068	0.58893249349161
3.8171524639698	0.59705566236501
3.8171541228328	0.60229035172447
3.8171557816958	0.60933095724933
3.8171574405588	0.61845267392815
3.8171590994219	0.62582112640279
3.8171607582849	0.63215925873936
3.8171624171479	0.63531585432888
3.8171640760109	0.63765330484678
3.8171657348739	0.64104683407255
3.8171673937369	0.64397304096494
3.8171690525999	0.64337222504525
3.8171707114629	0.64395279452655
3.8171723703259	0.6473943023238
3.8171740291889	0.64969521185989
3.8171756880519	0.65064727736037
3.8171773469149	0.64816924183849
3.8171790057779	0.64362669966105
3.8171806646409	0.64586424305141
3.8171823235039	0.64989874776974
3.8171839823669	0.65822997207403
3.8171856412299	0.66731920777307
3.8171873000929	0.68041907426953
3.8171889589559	0.69209099015576
3.817190617819	0.700265565946
3.817192276682	0.70773121384712
3.817193935545	0.71435342833717
3.817195594408	0.72094183009925
3.817197253271	0.72750982315987
3.817198912134	0.73067041572052
3.817200570997	0.73292865047499
3.81720222986	0.7358173580066
3.817203888723	0.73886167062464
3.817205547586	0.74279982875065
3.817207206449	0.74678965775619
3.817208865312	0.75090445686505
3.817210524175	0.7569225791102
3.817212183038	0.7651740572804
3.817213841901	0.76692535687377
3.817215500764	0.76482344934849
3.817217159627	0.76825556862943
3.81721881849	0.77310870054879
3.817220477353	0.7729593708665
3.817222136216	0.77245835480504
3.8172237950791	0.77088281050768
3.8172254539421	0.76820951261931
3.8172271128051	0.76297533539158
3.8172287716681	0.75905072859354
3.8172304305311	0.75661221445474
3.8172320893941	0.75274893816933
3.8172337482571	0.74807370005862
3.8172354071201	0.74802071197381
3.8172370659831	0.74908286963062
3.8172387248461	0.75228555503526
3.8172403837091	0.75661501203974
3.8172420425721	0.76733948030895
3.8172437014351	0.7802389332304
3.8172453602981	0.79792428238005
3.8172470191611	0.8108741164598
3.8172486780241	0.81872816381848
3.8172503368871	0.82831013751717
3.8172519957501	0.83881833211065
3.8172536546131	0.8439550384949
3.8172553134762	0.84791704943526
3.8172569723392	0.84791217886345
3.8172586312022	0.847899729388
3.8172602900652	0.84805436752848
3.8172619489282	0.8477389393023
3.8172636077912	0.84646843803508
3.8172652666542	0.84797520851325
3.8172669255172	0.85226088983286
3.8172685843802	0.85798120363489
3.8172702432432	0.86440800467745
3.8172719021062	0.86994217154738
3.8172735609692	0.87526337320132
3.8172752198322	0.87659822480454
3.8172768786952	0.87850701907129
3.8172785375582	0.88300669078915
3.8172801964212	0.88547482951238
3.8172818552842	0.88420484212798
3.8172835141472	0.88487163216835
3.8172851730102	0.88730517631125
3.8172868318733	0.89194683054131
3.8172884907363	0.89756238941986
3.8172901495993	0.89942551115454
3.8172918084623	0.90062461326732
3.8172934673253	0.89973321244689
3.8172951261883	0.90051869397323
3.8172967850513	0.90769893540056
3.8172984439143	0.91000841023762
3.8173001027773	0.90434582790994
3.8173017616403	0.90394145073088
3.8173034205033	0.90782289513189
3.8173050793663	0.91042670813703
3.8173067382293	0.91254043238515
3.8173083970923	0.91370719899585
3.8173100559553	0.91451746553536
3.8173117148183	0.91190556563053
3.8173133736813	0.90954983320588
3.8173150325443	0.90800960891564
3.8173166914073	0.90683444782011
3.8173183502703	0.90618163760234
3.8173200091334	0.90958260671081
3.8173216679964	0.91587244782125
3.8173233268594	0.91932121455749
3.8173249857224	0.92129811849878
3.8173266445854	0.91877869805683
3.8173283034484	0.9168410548418
3.8173299623114	0.9216605285218
3.8173316211744	0.92619650647622
3.8173332800374	0.92515208626471
3.8173349389004	0.92411849649853
3.8173365977634	0.92369104851508
3.8173382566264	0.92326360053163
3.8173399154894	0.92598021047
3.8173415743524	0.92873856155382
3.8173432332154	0.92825517399703
3.8173448920784	0.9276237792776
3.8173465509414	0.92967706296193
3.8173482098044	0.9319451670347
3.8173498686674	0.93447283632169
3.8173515275305	0.93703076922004
3.8173531863935	0.93220135231164
3.8173548452565	0.92622320217274
3.8173565041195	0.92884149961117
3.8173581629825	0.93315397617218
3.8173598218455	0.93095864514901
3.8173614807085	0.92719133199469
3.8173631395715	0.9275141825569
3.8173647984345	0.929020321465
3.8173664572975	0.93163022402377
3.8173681161605	0.93461609592418
3.8173697750235	0.93565608472314
3.8173714338865	0.93592561951585
3.8173730927495	0.93734405384995
3.8173747516125	0.93928607686153
3.8173764104755	0.9418977268582
3.8173780693385	0.94485801871595
3.8173797282015	0.94817429270884
3.8173813870645	0.95170105504258
3.8173830459276	0.951787632401
3.8173847047906	0.94957467713758
3.8173863636536	0.94981832408025
3.8173880225166	0.95191214611955
3.8173896813796	0.955058131035
3.8173913402426	0.9590947252781
3.8173929991056	0.96090222336874
3.8173946579686	0.96059264949422
3.8173963168316	0.95925978734338
3.8173979756946	0.95683725948612
3.8173996345576	0.95602105537367
3.8174012934206	0.95712245713468
3.8174029522836	0.95800214608019
3.8174046111466	0.95858493199331
3.8174062700096	0.95836873249206
3.8174079288726	0.95695065198525
3.8174095877356	0.95526308069566
3.8174112465986	0.95311905239121
3.8174129054616	0.9526288306441
3.8174145643247	0.95530263401763
3.8174162231877	0.95660656575853
3.8174178820507	0.9549377025263
3.8174195409137	0.95383016892719
3.8174211997767	0.95411228247067
3.8174228586397	0.95388330652936
3.8174245175027	0.95220093647973
3.8174261763657	0.95161248369195
3.8174278352287	0.95463173808031
3.8174294940917	0.9571663290191
3.8174311529547	0.9578253575645
3.8174328118177	0.95752011165519
3.8174344706807	0.95276551509769
3.8174361295437	0.94897622486958
3.8174377884067	0.95061316243112
3.8174394472697	0.95249209028405
3.8174411061327	0.95607941195103
3.8174427649957	0.95943800959252
3.8174444238587	0.96067251349259
3.8174460827217	0.96181366977517
3.8174477415848	0.96172386373751
3.8174494004478	0.96168379438897
3.8174510593108	0.96272699568485
3.8174527181738	0.9637154235519
3.8174543770368	0.96161855931695
3.8174560358998	0.959521695082
3.8174576947628	0.95412356247438
3.8174593536258	0.94869573185934
3.8174610124888	0.9417850842074
3.8174626713518	0.93482043328691
3.8174643302148	0.92872891512947
3.8174659890778	0.92269434412413
3.8174676479408	0.91726496330503
3.8174693068038	0.91189341203896
3.8174709656668	0.89953904269198
3.8174726245298	0.88629438706954
3.8174742833928	0.86378344990442
3.8174759422558	0.83977903464943
3.8174776011188	0.80808116552537
3.8174792599819	0.7748693235854
3.8174809188449	0.75270548006586
3.8174825777079	0.73313115190492
3.8174842365709	0.73622870655542
3.8174858954339	0.74554454063083
3.8174875542969	0.77020747973722
3.8174892131599	0.79973017068486
3.8174908720229	0.83102591247937
3.8174925308859	0.86296284409849
3.8174941897489	0.88871681290382
3.8174958486119	0.91193825635956
3.8174975074749	0.92849269436534
3.8174991663379	0.94197455467129
3.8175008252009	0.94973419615607
3.8175024840639	0.95454348132254
3.8175041429269	0.95969809402532
3.8175058017899	0.96505104712972
3.8175074606529	0.96554217226886
3.8175091195159	0.96293393380526
3.817510778379	0.96256581258028
3.817512437242	0.96377810779051
3.817514096105	0.96139298904402
3.817515754968	0.95620506631536
3.817517413831	0.94883988525769
3.817519072694	0.93960465722256
3.817520731557	0.93355041110082
3.81752239042	0.93050430243328
3.817524049283	0.92748228094476
3.817525708146	0.92448532277184
3.817527367009	0.91804209519682
3.817529025872	0.90765528038273
3.817530684735	0.90306793937897
3.817532343598	0.90578052860029
3.817534002461	0.90801566412211
3.817535661324	0.90958928978636
3.817537320187	0.91146326524063
3.81753897905	0.91379564257396
3.817540637913	0.91557097670926
3.817542296776	0.91640829631391
3.8175439556391	0.91630555245265
3.8175456145021	0.91445288316842
3.8175472733651	0.91403639442046
3.8175489322281	0.91658324340656
3.8175505910911	0.91846249694727
3.8175522499541	0.91881004246156
3.8175539088171	0.92019351219698
3.8175555676801	0.92423035255626
3.8175572265431	0.92698017204857
3.8175588854061	0.92603185303709
3.8175605442691	0.92555448842855
3.8175622031321	0.9266047511478
3.8175638619951	0.92681199178536
3.8175655208581	0.92390984443478
3.8175671797211	0.91989120209698
3.8175688385841	0.91114345502699
3.8175704974471	0.90304082001408
3.8175721563101	0.89811308749974
3.8175738151731	0.89356690888607
3.8175754740362	0.89123740550947
3.8175771328992	0.88880960739672
3.8175787917622	0.88569350286084
3.8175804506252	0.88289231241182
3.8175821094882	0.88282751416769
3.8175837683512	0.88289769294994
3.8175854272142	0.88448810813595
3.8175870860772	0.8861804736946
3.8175887449402	0.88946831122249
3.8175904038032	0.89299135084522
3.8175920626662	0.9023610906476
3.8175937215292	0.91169431006945
3.8175953803922	0.91896256048149
3.8175970392552	0.92623081089352
3.8175986981182	0.93065410820461
3.8176003569812	0.93506672314062
3.8176020158442	0.93115862180733
3.8176036747072	0.92703922828052
3.8176053335702	0.92196790469867
3.8176069924333	0.91685100171576
3.8176086512963	0.91718645057831
3.8176103101593	0.91790997716713
3.8176119690223	0.92346883105576
3.8176136278853	0.92948905404572
3.8176152867483	0.93900556009383
3.8176169456113	0.94894374999173
3.8176186044743	0.95266496966121
3.8176202633373	0.9554734735116
3.8176219222003	0.95967347972734
3.8176235810633	0.96411579492271
3.8176252399263	0.96795472206629
3.8176268987893	0.97167143899158
3.8176285576523	0.97232700283398
3.8176302165153	0.97227155419898
3.8176318753783	0.97057586350019
3.8176335342413	0.96844841686833
3.8176351931043	0.96944616123392
3.8176368519673	0.97136777461857
3.8176385108304	0.9738369885651
3.8176401696934	0.97648662554396
3.8176418285564	0.97900904634382
3.8176434874194	0.98148504545133
3.8176451462824	0.97953697755587
3.8176468051454	0.97581042311166
3.8176484640084	0.97629120899413
3.8176501228714	0.97862733303626
3.8176517817344	0.97824527057411
3.8176534405974	0.97655336180094
3.8176550994604	0.97525638685537
3.8176567583234	0.97416669865011
3.8176584171864	0.97119770381883
3.8176600760494	0.96715716678707
3.8176617349124	0.96765593657918
3.8176633937754	0.97095961987652
3.8176650526384	0.97230111464651
3.8176667115014	0.97233133479456
3.8176683703644	0.97133152127529
3.8176700292274	0.96958857869606
3.8176716880905	0.96726478168534
3.8176733469535	0.96448916548526
3.8176750058165	0.96297484793463
3.8176766646795	0.96251700412539
3.8176783235425	0.96148958799382
3.8176799824055	0.95994896929661
3.8176816412685	0.95820842529223
3.8176833001315	0.95627426043499
3.8176849589945	0.95528095642626
3.8176866178575	0.95526658426757
3.8176882767205	0.95624658723189
3.8176899355835	0.95833762849152
3.8176915944465	0.96042037699444
3.8176932533095	0.96249317795935
3.8176949121725	0.9609940944597
3.8176965710355	0.95489473449856
3.8176982298985	0.94650875645603
3.8176998887615	0.9349605888565
3.8177015476245	0.92454929761971
3.8177032064876	0.91582661507122
3.8177048653506	0.9096313273619
3.8177065242136	0.90746972223398
3.8177081830766	0.90242797927124
3.8177098419396	0.892443966148
3.8177115008026	0.87559947011365
3.8177131596656	0.84608473729941
3.8177148185286	0.81571489259112
3.8177164773916	0.78364359468916
3.8177181362546	0.75994714827606
3.8177197951176	0.75422987102949
3.8177214539806	0.75633982810094
3.8177231128436	0.77660391821497
3.8177247717066	0.79970081071877
3.8177264305696	0.82991016764978
3.8177280894326	0.85979833330394
3.8177297482956	0.88881149316636
3.8177314071586	0.91596154724021
3.8177330660216	0.93759186802627
3.8177347248847	0.95621947143373
3.8177363837477	0.96514242755107
3.8177380426107	0.97291269657331
3.8177397014737	0.97660504763029
3.8177413603367	0.98011729041478
3.8177430191997	0.98292928123089
3.8177446780627	0.98455815803102
3.8177463369257	0.9811079979093
3.8177479957887	0.97846563746944
3.8177496546517	0.97967481254277
3.8177513135147	0.98063343483294
3.8177529723777	0.98025631763176
3.8177546312407	0.97981569724112
3.8177562901037	0.97899344366939
3.8177579489667	0.97826505653114
3.8177596078297	0.97817920294141
3.8177612666927	0.97784927694086
3.8177629255557	0.97559211921265
3.8177645844187	0.97373344248421
3.8177662432817	0.97556390762448
3.8177679021448	0.9772729640287
3.8177695610078	0.97763530206276
3.8177712198708	0.97806174580278
3.8177728787338	0.97936677231923
3.8177745375968	0.98039658028746
3.8177761964598	0.97655585473255
3.8177778553228	0.97276815764998
3.8177795141858	0.97028638779855
3.8177811730488	0.96784183357158
3.8177828319118	0.96686474807728
3.8177844907748	0.96588197834785
3.8177861496378	0.96436762288648
3.8177878085008	0.96285326742511
3.8177894673638	0.96342396596829
3.8177911262268	0.96400194232798
3.8177927850898	0.96537136101203
3.8177944439528	0.96675479590562
3.8177961028158	0.96620000339417
3.8177977616788	0.96558272958488
3.8177994205419	0.95779397024604
3.8178010794049	0.94966789555668
3.8178027382679	0.93866520830365
3.8178043971309	0.92748397464606
3.8178060559939	0.89948325580817
3.8178077148569	0.87017945302204
3.8178093737199	0.83806524286318
3.8178110325829	0.80568931157035
3.8178126914459	0.78732344807165
3.8178143503089	0.77048637811931
3.8178160091719	0.7807116954132
3.8178176680349	0.79433119205735
3.8178193268979	0.82520976720174
3.8178209857609	0.85853965270466
3.8178226446239	0.88757144576872
3.8178243034869	0.91592003048945
3.8178259623499	0.9368837297238
3.8178276212129	0.95654577055186
3.8178292800759	0.96159030992362
3.817830938939	0.96380058062647
3.817832597802	0.96936859415987
3.817834256665	0.97564801265279
3.817835915528	0.97831852843566
3.817837574391	0.98015831207609
3.817839233254	0.98102800320256
3.817840892117	0.98165621564847
3.81784255098	0.97957118342371
3.817844209843	0.97675894893044
3.817845868706	0.97159659796635
3.817847527569	0.96575862420394
3.817849186432	0.96099522450019
3.817850845295	0.95656214302628
3.817852504158	0.9478086698679
3.817854163021	0.93763943942423
3.817855821884	0.92341133089158
3.817857480747	0.90776917412004
3.81785913961	0.87681810493974
3.817860798473	0.84021072564897
3.817862457336	0.80707551880794
3.8178641161991	0.77529786847253
3.8178657750621	0.75789939659535
3.8178674339251	0.74643926236313
3.8178690927881	0.75180172904214
3.8178707516511	0.7644889343137
3.8178724105141	0.78838021976802
3.8178740693771	0.81740606693889
3.8178757282401	0.84124989076645
3.8178773871031	0.86259767376837
3.8178790459661	0.87479709819844
3.8178807048291	0.88237260455377
3.8178823636921	0.88248519907559
3.8178840225551	0.87864429391232
3.8178856814181	0.87986065593722
3.8178873402811	0.88388196853386
3.8178889991441	0.89557361189994
3.8178906580071	0.91171334920566
3.8178923168701	0.92601932391868
3.8178939757331	0.93921445951455
3.8178956345962	0.95131638982713
3.8178972934592	0.96272726885232
3.8178989523222	0.96774196753648
3.8179006111852	0.96854155390054
3.8179022700482	0.96868376724832
3.8179039289112	0.96837476499595
3.8179055877742	0.96948423468968
3.8179072466372	0.9716070882866
3.8179089055002	0.9709102389639
3.8179105643632	0.96811839460505
3.8179122232262	0.96566994562712
3.8179138820892	0.96348663001047
3.8179155409522	0.95981105159271
3.8179171998152	0.95493885309988
3.8179188586782	0.95054033794353
3.8179205175412	0.94653597679301
3.8179221764042	0.94192394014451
3.8179238352672	0.9367874631173
3.8179254941302	0.93603672674223
3.8179271529933	0.9392097814458
3.8179288118563	0.94179820014806
3.8179304707193	0.9438448027668
3.8179321295823	0.9457746040076
3.8179337884453	0.94759232423136
3.8179354473083	0.94616264968114
3.8179371061713	0.9415082564876
3.8179387650343	0.93660388799805
3.8179404238973	0.93144278137002
3.8179420827603	0.92768918483713
3.8179437416233	0.92542994230278
3.8179454004863	0.92215309569306
3.8179470593493	0.91775980144049
3.8179487182123	0.91630476349116
3.8179503770753	0.91817933502276
3.8179520359383	0.92118487675169
3.8179536948013	0.92551351524726
3.8179553536643	0.92935684311562
3.8179570125273	0.93261430895535
3.8179586713904	0.93454057494389
3.8179603302534	0.93480905996052
3.8179619891164	0.93595560085556
3.8179636479794	0.93822965729523
3.8179653068424	0.93946453651447
3.8179669657054	0.93932404867443
3.8179686245684	0.94129838559996
3.8179702834314	0.9461564060727
3.8179719422944	0.95086515959833
3.8179736011574	0.95536427472677
3.8179752600204	0.95950253692023
3.8179769188834	0.96311901213722
3.8179785777464	0.96480154389483
3.8179802366094	0.9636061034308
3.8179818954724	0.96136845708002
3.8179835543354	0.95753529185331
3.8179852131984	0.95337643465009
3.8179868720614	0.94870476214579
3.8179885309244	0.94648253804789
3.8179901897874	0.94822543717062
3.8179918486505	0.95122736521075
3.8179935075135	0.95632383102069
3.8179951663765	0.96190195718958
3.8179968252395	0.96830324928288
3.8179984841025	0.97549717539176
3.8180001429655	0.98408215222973
3.8180018018285	0.99003056921019
3.8180034606915	0.99122851867154
3.8180051195545	0.99300010735988
3.8180067784175	0.99583240375325
3.8180084372805	0.99811141871796
3.8180100961435	0.99934091592967
3.8180117550065	1.0003525795491
3.8180134138695	1.0009404443641
3.8180150727325	1.0012284249874
3.8180167315955	1.0009182606543
3.8180183904585	0.9998757430741
3.8180200493215	0.99733651440375
3.8180217081845	0.99682403275517
3.8180233670476	1.0005554080631
3.8180250259106	1.0023306639968
3.8180266847736	0.99991178837415
3.8180283436366	0.99765100225891
3.8180300024996	0.9957372188254
3.8180316613626	0.99238495810007
3.8180333202256	0.98580173899711
3.8180349790886	0.9823816835622
3.8180366379516	0.98622872090121
3.8180382968146	0.98921405420031
3.8180399556776	0.99017536023342
3.8180416145406	0.99170719020975
3.8180432734036	0.99460876352485
3.8180449322666	0.99699728523288
3.8180465911296	0.99812735838093
3.8180482499926	0.99925261285133
3.8180499088556	1.0003657972719
3.8180515677186	1.0013509115231
3.8180532265816	1.0020085877761
3.8180548854447	1.0024512241111
3.8180565443077	1.0023329565413
3.8180582031707	1.0013640451821
3.8180598620337	0.99813217899705
3.8180615208967	0.99561556731375
3.8180631797597	0.9950386234358
3.8180648386227	0.99560937527792
3.8180664974857	0.99935120331411
3.8180681563487	1.0020918467402
3.8180698152117	1.0020149786234
3.8180714740747	1.002352724596
3.8180731329377	1.0038782403877
3.8180747918007	1.0051503418921
3.8180764506637	1.0056839875929
3.8180781095267	1.005994958024
3.8180797683897	1.0056459862305
3.8180814272527	1.0052466085653
3.8180830861157	1.0046954166925
3.8180847449787	1.0043229254232
3.8180864038417	1.0044971851395
3.8180880627048	1.0045655133968
3.8180897215678	1.004304865616
3.8180913804308	1.0040157053334
3.8180930392938	1.0036366844397
3.8180946981568	1.0031255359796
3.8180963570198	1.002192152964
3.8180980158828	1.0015442826281
3.8180996747458	1.0018209646517
3.8181013336088	1.0011927700749
3.8181029924718	0.99759666068316
3.8181046513348	0.99470072425003
3.8181063101978	0.9941293039789
3.8181079690608	0.99374699649395
3.8181096279238	0.99399975205725
3.8181112867868	0.99270913495617
3.8181129456498	0.98617851079642
3.8181146045128	0.98061588835586
3.8181162633758	0.97837371009942
3.8181179222388	0.97690315479105
3.8181195811019	0.97810421203556
3.8181212399649	0.97931941327971
3.8181228988279	0.98058403096499
3.8181245576909	0.9818622527496
3.8181262165539	0.9831883904336
3.8181278754169	0.98435295773699
3.8181295342799	0.98494412490728
3.8181311931429	0.98588472033255
3.8181328520059	0.98807359183705
3.8181345108689	0.99010702967952
3.8181361697319	0.9915818392951
3.8181378285949	0.9927816312557
3.8181394874579	0.99298755282422
3.8181411463209	0.99351916972099
3.8181428051839	0.99523309822863
3.8181444640469	0.99533609677293
3.8181461229099	0.98956813164893
3.8181477817729	0.98459868471216
3.8181494406359	0.9825485922058
3.818151099499	0.9811965091671
3.818152758362	0.98240235067761
3.818154417225	0.9838232677466
3.818156076088	0.98603358208103
3.818157734951	0.98770157443162
3.818159393814	0.9873770798405
3.818161052677	0.98801257955084
3.81816271154	0.99217579046272
3.818164370403	0.99577537890148
3.818166029266	0.9973050593866
3.818167688129	0.99816349432053
3.818169346992	0.99656022911007
3.818171005855	0.99498000756367
3.818172664718	0.99348412964442
3.818174323581	0.99334855072107
3.818175982444	0.99817699958376
3.818177641307	1.0017059450102
3.81817930017	1.0005095292625
3.818180959033	0.99839814175938
3.8181826178961	0.99297328351148
3.8181842767591	0.98809448451674
3.8181859356221	0.98518308082696
3.8181875944851	0.98313800695699
3.8181892533481	0.98419660967114
3.8181909122111	0.98400433382109
3.8181925710741	0.97936046962566
3.8181942299371	0.9756635211041
3.8181958888001	0.97531228781842
3.8181975476631	0.97392612585607
3.8181992065261	0.96891135776423
3.8182008653891	0.96412583910044
3.8182025242521	0.96013715287212
3.8182041831151	0.95582465981701
3.8182058419781	0.9503969587357
3.8182075008411	0.94573143301543
3.8182091597041	0.94366500413378
3.8182108185671	0.94268866059738
3.8182124774301	0.94539036431473
3.8182141362931	0.94905502465395
3.8182157951562	0.95593223305289
3.8182174540192	0.96259381295236
3.8182191128822	0.96854445066926
3.8182207717452	0.97595087791545
3.8182224306082	0.98809774483118
3.8182240894712	0.99714126010543
3.8182257483342	0.99621109733717
3.8182274071972	0.99628944850457
3.8182290660602	0.99956469806586
3.8182307249232	1.0027294468733
3.8182323837862	1.0055488508183
3.8182340426492	1.0064327805694
3.8182357015122	1.0013580131214
3.8182373603752	0.99626465397486
3.8182390192382	0.99111493262653
3.8182406781012	0.98660503778609
3.8182423369642	0.98400401459034
3.8182439958272	0.98056457326756
3.8182456546902	0.97466443266508
3.8182473135533	0.96932991105408
3.8182489724163	0.9656271854351
3.8182506312793	0.96210698855753
3.8182522901423	0.95910423779027
3.8182539490053	0.95653892096702
3.8182556078683	0.95519147408145
3.8182572667313	0.95226504808852
3.8182589255943	0.94502355473652
3.8182605844573	0.93744006739652
3.8182622433203	0.92893948686664
3.8182639021833	0.91897243240243
3.8182655610463	0.90514931504607
3.8182672199093	0.88938725349212
3.8182688787723	0.86862738030861
3.8182705376353	0.84859281052124
3.8182721964983	0.83038999342039
3.8182738553613	0.81565289107383
3.8182755142243	0.80948745123322
3.8182771730873	0.80962995098814
3.8182788319504	0.82504690181026
3.8182804908134	0.84533614759139
3.8182821496764	0.87716882195369
3.8182838085394	0.9056550469155
3.8182854674024	0.92638600954474
3.8182871262654	0.94396447985972
3.8182887851284	0.95439853262948
3.8182904439914	0.96255526846639
3.8182921028544	0.96566810113935
3.8182937617174	0.96872393820211
3.8182954205804	0.97165645610652
3.8182970794434	0.97460014875809
3.8182987383064	0.9775674554632
3.8183003971694	0.97956976466173
3.8183020560324	0.97958129577471
3.8183037148954	0.9799434199135
3.8183053737584	0.9810113519789
3.8183070326214	0.98070757906893
3.8183086914844	0.97770958662098
3.8183103503474	0.97711419710829
3.8183120092105	0.98112023484613
3.8183136680735	0.98220324821376
3.8183153269365	0.97782885533986
3.8183169857995	0.97509760790306
3.8183186446625	0.97535588651349
3.8183203035255	0.97473276750822
3.8183219623885	0.97254757648297
3.8183236212515	0.97069921795769
3.8183252801145	0.96943222803425
3.8183269389775	0.96682790597746
3.8183285978405	0.96197689971087
3.8183302567035	0.9593700488657
3.8183319155665	0.96043201487041
3.8183335744295	0.95862259303432
3.8183352332925	0.95224685533545
3.8183368921555	0.94865615586948
3.8183385510185	0.94937207451746
3.8183402098815	0.95210793792578
3.8183418687445	0.95788032748501
3.8183435276076	0.96343780284439
3.8183451864706	0.96868132704605
3.8183468453336	0.97266731517231
3.8183485041966	0.97486915427089
3.8183501630596	0.97582716317775
3.8183518219226	0.97507140664075
3.8183534807856	0.9757134701827
3.8183551396486	0.97822479885114
3.8183567985116	0.98034600790921
3.8183584573746	0.98196108381292
3.8183601162376	0.98075693720923
3.8183617751006	0.97600524184067
3.8183634339636	0.97093209746895
3.8183650928266	0.96546680205274
3.8183667516896	0.95993301603709
3.8183684105526	0.9543182607083
3.8183700694156	0.95140805894434
3.8183717282786	0.95159480800882
3.8183733871416	0.9516087222568
3.8183750460047	0.95143099743921
3.8183767048677	0.95240947503731
3.8183783637307	0.95462871916126
3.8183800225937	0.95379043515823
3.8183816814567	0.94977861399119
3.8183833403197	0.94743468484746
3.8183849991827	0.94676481780195
3.8183866580457	0.95074555542034
3.8183883169087	0.95923696976273
3.8183899757717	0.96419166888723
3.8183916346347	0.96583338356688
3.8183932934977	0.97096070551685
3.8183949523607	0.97924014698256
3.8183966112237	0.98566556462986
3.8183982700867	0.99047333932691
3.8183999289497	0.99086242954858
3.8184015878127	0.98753419822673
3.8184032466757	0.98406875988627
3.8184049055387	0.98049207999287
3.8184065644017	0.97680697042839
3.8184082232648	0.97303721165238
3.8184098821278	0.97310021323118
3.8184115409908	0.97604277300341
3.8184131998538	0.97895102835237
3.8184148587168	0.98183449962771
3.8184165175798	0.98448022686251
3.8184181764428	0.98696091327794
3.8184198353058	0.98937412701966
3.8184214941688	0.99174237316937
3.8184231530318	0.99329440434381
3.8184248118948	0.99432458312381
3.8184264707578	0.99189777904732
3.8184281296208	0.98735262473321
3.8184297884838	0.98239866422999
3.8184314473468	0.97720485638951
3.8184331062098	0.96853940763285
3.8184347650728	0.95792591270782
3.8184364239358	0.94959030461139
3.8184380827988	0.94247576802207
3.8184397416619	0.93781484546295
3.8184414005249	0.93440907987958
3.8184430593879	0.9392795878504
3.8184447182509	0.94818426626497
3.8184463771139	0.95692038318778
3.8184480359769	0.96557830843325
3.8184496948399	0.97289824033393
3.8184513537029	0.97962842454328
3.8184530125659	0.98362826987382
3.8184546714289	0.98648630941929
3.8184563302919	0.98773537830147
3.8184579891549	0.98834734164676
3.8184596480179	0.99520354048997
3.8184613068809	1.0043966859739
3.8184629657439	1.0079889431017
3.8184646246069	1.0096043021731
3.8184662834699	1.0095414606526
3.8184679423329	1.0089213260427
3.8184696011959	1.0063208772403
3.818471260059	1.0031033671715
3.818472918922	1.0008261792989
3.818474577785	0.99882317046857
3.818476236648	0.99503871811401
3.818477895511	0.99076992303133
3.818479554374	0.98928248104929
3.818481213237	0.98849768602892
3.8184828721	0.98381936215602
