3.8159141550513	0.981925
3.8159158139143	0.97684832482024
3.8159174727773	0.97187424197681
3.8159191316403	0.96772208554231
3.8159207905033	0.96410376928606
3.8159224493663	0.96235553640004
3.8159241082293	0.96151154016538
3.8159257670923	0.96247623980717
3.8159274259553	0.96084591562634
3.8159290848183	0.95597431702563
3.8159307436813	0.94888105314121
3.8159324025443	0.9400146458846
3.8159340614073	0.94453846484389
3.8159357202703	0.95572407310162
3.8159373791333	0.95908343904193
3.8159390379963	0.9602295427484
3.8159406968593	0.96006173691886
3.8159423557223	0.95972473518169
3.8159440145854	0.95674571503807
3.8159456734484	0.95390619799191
3.8159473323114	0.95213419607349
3.8159489911744	0.95228439329622
3.8159506500374	0.95894748613559
3.8159523089004	0.96401048776827
3.8159539677634	0.9659718452417
3.8159556266264	0.96811588420478
3.8159572854894	0.97048064475149
3.8159589443524	0.96721628340228
3.8159606032154	0.95962779687424
3.8159622620784	0.96124844456693
3.8159639209414	0.96723563871678
3.8159655798044	0.95934016836765
3.8159672386674	0.94778385475511
3.8159688975304	0.9538196817554
3.8159705563934	0.96175540385335
3.8159722152564	0.97192943171718
3.8159738741194	0.97967841451843
3.8159755329825	0.97133595123366
3.8159771918455	0.96385339905933
3.8159788507085	0.95902833439113
3.8159805095715	0.95231006397131
3.8159821684345	0.94219780818134
3.8159838272975	0.93694430826426
3.8159854861605	0.93712934299024
3.8159871450235	0.93720227320264
3.8159888038865	0.9371959103916
3.8159904627495	0.94384995521796
3.8159921216125	0.95336176917517
3.8159937804755	0.96001431636575
3.8159954393385	0.96601304868666
3.8159970982015	0.96767510873335
3.8159987570645	0.96885035103352
3.8160004159275	0.96662861750353
3.8160020747905	0.96433526413403
3.8160037336535	0.96165775032812
3.8160053925165	0.95870896328233
3.8160070513796	0.95503340839977
3.8160087102426	0.94949167930454
3.8160103691056	0.94098958062639
3.8160120279686	0.92746343610931
3.8160136868316	0.90894498084228
3.8160153456946	0.88443809025193
3.8160170045576	0.856208454984
3.8160186634206	0.81625564471499
3.8160203222836	0.77200848528268
3.8160219811466	0.73490687799381
3.8160236400096	0.69909370098626
3.8160252988726	0.68301057486599
3.8160269577356	0.67050696108275
3.8160286165986	0.69111979754025
3.8160302754616	0.71510207327585
3.8160319343246	0.75307558327463
3.8160335931876	0.79231772020207
3.8160352520506	0.83438416440633
3.8160369109136	0.86956752220826
3.8160385697766	0.89547495672659
3.8160402286397	0.91993574143675
3.8160418875027	0.94317475721739
3.8160435463657	0.95389855608338
3.8160452052287	0.95812929539228
3.8160468640917	0.96356354617893
3.8160485229547	0.96934757695109
3.8160501818177	0.96723798473085
3.8160518406807	0.96420492950262
3.8160534995437	0.96593231338056
3.8160551584067	0.96709433744783
3.8160568172697	0.96429410966774
3.8160584761327	0.96160902788789
3.8160601349957	0.9592849873826
3.8160617938587	0.95609132189346
3.8160634527217	0.95134412196111
3.8160651115847	0.9457343758707
3.8160667704477	0.93917543354924
3.8160684293107	0.92930554652838
3.8160700881737	0.9171676070656
3.8160717470368	0.91652406599062
3.8160734058998	0.92055404142212
3.8160750647628	0.91861664730003
3.8160767236258	0.91544439712265
3.8160783824888	0.91423275421296
3.8160800413518	0.91353409589039
3.8160817002148	0.91869469190367
3.8160833590778	0.92103045785634
3.8160850179408	0.91068749747363
3.8160866768038	0.89991847256538
3.8160883356668	0.88815693142475
3.8160899945298	0.87828724556878
3.8160916533928	0.87104497688203
3.8160933122558	0.87107235888017
3.8160949711188	0.87736694115813
3.8160966299818	0.87904297395407
3.8160982888448	0.87829243939951
3.8160999477078	0.88621939866885
3.8161016065708	0.89667659645425
3.8161032654339	0.89959817258328
3.8161049242969	0.90156384667655
3.8161065831599	0.89914057138216
3.8161082420229	0.89581742035788
3.8161099008859	0.8865303749295
3.8161115597489	0.87972971495322
3.8161132186119	0.88037576527206
3.8161148774749	0.88226218918014
3.8161165363379	0.88626373128142
3.8161181952009	0.8887868831927
3.8161198540639	0.88976593459867
3.8161215129269	0.88909809947126
3.8161231717899	0.88737174074439
3.8161248306529	0.89273639039159
3.8161264895159	0.90074400840437
3.8161281483789	0.90605242954382
3.8161298072419	0.91087851590093
3.8161314661049	0.91482506193847
3.8161331249679	0.91878627370128
3.8161347838309	0.92319383484542
3.816136442694	0.92874956602189
3.816138101557	0.93865544493236
3.81613976042	0.94448754531143
3.816141419283	0.94201981191448
3.816143078146	0.93769362278315
3.816144737009	0.93109390946247
3.816146395872	0.91934989257753
3.816148054735	0.90373219849679
3.816149713598	0.88936923106995
3.816151372461	0.87556656454914
3.816153031324	0.88323585797004
3.816154690187	0.89586862155882
3.81615634905	0.90475313429328
3.816158007913	0.91340822376705
3.816159666776	0.92272871197744
3.816161325639	0.93225865480514
3.816162984502	0.94277010145104
3.816164643365	0.95002207628022
3.816166302228	0.94957168102428
3.8161679610911	0.95400422116998
3.8161696199541	0.96520769494496
3.8161712788171	0.97081510385622
3.8161729376801	0.97166968032541
3.8161745965431	0.96955132588183
3.8161762554061	0.96591925101754
3.8161779142691	0.96511569061123
3.8161795731321	0.96508853198687
3.8161812319951	0.97583772708679
3.8161828908581	0.987387676095
3.8161845497211	0.9886829537313
3.8161862085841	0.98899669599024
3.8161878674471	0.98381308679448
3.8161895263101	0.98062046814423
3.8161911851731	0.98270215577944
3.8161928440361	0.98224575364017
3.8161945028991	0.97792972712421
3.8161961617621	0.96851235867572
3.8161978206251	0.95437715853435
3.8161994794882	0.95377213513732
3.8162011383512	0.96069516887165
3.8162027972142	0.96521467641967
3.8162044560772	0.96899826547496
3.8162061149402	0.96772916508928
3.8162077738032	0.96578735057894
3.8162094326662	0.96054616191756
3.8162110915292	0.95688720474983
3.8162127503922	0.96330911292164
3.8162144092552	0.96985246661647
3.8162160681182	0.97674278446777
3.8162177269812	0.98017655399296
3.8162193858442	0.9780423196459
3.8162210447072	0.97287560107862
3.8162227035702	0.96475934987501
3.8162243624332	0.97071494668513
3.8162260212962	0.98490153751063
3.8162276801592	0.98765057391403
3.8162293390222	0.98668985698338
3.8162309978853	0.977945403057
3.8162326567483	0.96818501286618
3.8162343156113	0.97185665356797
3.8162359744743	0.97542812891361
3.8162376333373	0.97831942658533
3.8162392922003	0.97943547848194
3.8162409510633	0.97531216111691
3.8162426099263	0.97346426234334
3.8162442687893	0.97536233917557
3.8162459276523	0.97426423526185
3.8162475865153	0.97020371415295
3.8162492453783	0.96969917385335
3.8162509042413	0.97130148737798
3.8162525631043	0.97315541952445
3.8162542219673	0.97509181626027
3.8162558808303	0.9732920042096
3.8162575396933	0.97097304640695
3.8162591985563	0.96800188178602
3.8162608574193	0.96690490278083
3.8162625162823	0.97838679313689
3.8162641751454	0.98536730538125
3.8162658340084	0.97922563354451
3.8162674928714	0.97655922857999
3.8162691517344	0.97953096395997
3.8162708105974	0.97507032270642
3.8162724694604	0.96339254805878
3.8162741283234	0.96638750757402
3.8162757871864	0.97786999720875
3.8162774460494	0.97251913418149
3.8162791049124	0.96184687696099
3.8162807637754	0.96533664393353
3.8162824226384	0.9703970285533
3.8162840815014	0.95641782499263
3.8162857403644	0.94349774125277
3.8162873992274	0.93710970579293
3.8162890580904	0.93397333539086
3.8162907169534	0.93979442794222
3.8162923758164	0.94066166781491
3.8162940346794	0.93388761871576
3.8162956935425	0.93264398524297
3.8162973524055	0.93649652720295
3.8162990112685	0.94210067897168
3.8163006701315	0.94865781541185
3.8163023289945	0.94937638551595
3.8163039878575	0.94840014163388
3.8163056467205	0.95988956549085
3.8163073055835	0.9722959638307
3.8163089644465	0.97090189418393
3.8163106233095	0.96967830935629
3.8163122821725	0.96936368656756
3.8163139410355	0.97152454104647
3.8163155998985	0.97986985027721
3.8163172587615	0.98093806179359
3.8163189176245	0.97170177683658
3.8163205764875	0.96603643069574
3.8163222353505	0.9633880125067
3.8163238942135	0.96575265073286
3.8163255530765	0.97058233736502
3.8163272119396	0.97233214786846
3.8163288708026	0.97330627616857
3.8163305296656	0.96271329278672
3.8163321885286	0.95197725789432
3.8163338473916	0.95406688168607
3.8163355062546	0.95609988763127
3.8163371651176	0.95788340968329
3.8163388239806	0.96037425062119
3.8163404828436	0.9644107595129
3.8163421417066	0.96913917334001
3.8163438005696	0.97473746144604
3.8163454594326	0.97899050901366
3.8163471182956	0.98223810023045
3.8163487771586	0.98086587631478
3.8163504360216	0.97752930666788
3.8163520948846	0.97794144398228
3.8163537537476	0.97911502067088
3.8163554126106	0.97982527665454
3.8163570714736	0.97964406067294
3.8163587303366	0.97070470015947
3.8163603891997	0.96314855086658
3.8163620480627	0.96048056652701
3.8163637069257	0.95712623108146
3.8163653657887	0.9525006466432
3.8163670246517	0.94881453233324
3.8163686835147	0.94614295866604
3.8163703423777	0.93967921334017
3.8163720012407	0.93080221712227
3.8163736601037	0.93185357215199
3.8163753189667	0.93636513647893
3.8163769778297	0.92650174924738
3.8163786366927	0.91454668323257
3.8163802955557	0.90812384612609
3.8163819544187	0.90041538498535
3.8163836132817	0.88437969519363
3.8163852721447	0.86987504671581
3.8163869310077	0.85962294580762
3.8163885898707	0.86096926792522
3.8163902487337	0.88001821645683
3.8163919075968	0.89996020846351
3.8163935664598	0.92070333682512
3.8163952253228	0.93258882350582
3.8163968841858	0.93988082505855
3.8163985430488	0.94874171914735
3.8164002019118	0.95801961050045
3.8164018607748	0.96268746521627
3.8164035196378	0.96688008477052
3.8164051785008	0.96959254464725
3.8164068373638	0.97122570495188
3.8164084962268	0.96811802476076
3.8164101550898	0.96256590851838
3.8164118139528	0.95175895940193
3.8164134728158	0.93715435753013
3.8164151316788	0.91790273208726
3.8164167905418	0.90593473404917
3.8164184494048	0.89919743267989
3.8164201082678	0.90811511944042
3.8164217671308	0.92328792401058
3.8164234259939	0.93342360453111
3.8164250848569	0.9426500220504
3.8164267437199	0.9500471412043
3.8164284025829	0.95575409260933
3.8164300614459	0.94845422654773
3.8164317203089	0.9434909194453
3.8164333791719	0.94570052689558
3.8164350380349	0.94776061539222
3.8164366968979	0.94957556911035
3.8164383557609	0.95296194599455
3.8164400146239	0.95784520554728
3.8164416734869	0.95921905254053
3.8164433323499	0.95866613060929
3.8164449912129	0.95280346305795
3.8164466500759	0.94543546697582
3.8164483089389	0.9394963385124
3.8164499678019	0.93385838317917
3.8164516266649	0.931591025142
3.8164532855279	0.93076941854606
3.816454944391	0.93651030071791
3.816456603254	0.94107886165035
3.816458262117	0.94309356628991
3.81645992098	0.94351666655456
3.816461579843	0.94198529599257
3.816463238706	0.94289225119328
3.816464897569	0.94554192040267
3.816466556432	0.94218637126449
3.816468215295	0.93646838740599
3.816469874158	0.94024971551496
3.816471533021	0.9456768711907
3.816473191884	0.94498331911891
3.816474850747	0.944377046877
3.81647650961	0.94497597984033
3.816478168473	0.94475073561263
3.816479827336	0.94214248323729
3.816481486199	0.94042304350093
3.816483145062	0.94008142940262
3.816484803925	0.94317508462021
3.816486462788	0.94934643448542
3.8164881216511	0.94887892102437
3.8164897805141	0.94503489369491
3.8164914393771	0.9395117589732
3.8164930982401	0.93356468385455
3.8164947571031	0.94090192913221
3.8164964159661	0.94882067061227
3.8164980748291	0.95201807568674
3.8164997336921	0.95613632792806
3.8165013925551	0.96380511861854
3.8165030514181	0.96627739599954
3.8165047102811	0.95875276282526
3.8165063691441	0.95735716517192
3.8165080280071	0.96264731539759
3.8165096868701	0.9679865820043
3.8165113457331	0.97335664481841
3.8165130045961	0.97022686239541
3.8165146634591	0.96428110686277
3.8165163223221	0.96138645994596
3.8165179811851	0.9589324514381
3.8165196400482	0.95866568885109
3.8165212989112	0.95844988730381
3.8165229577742	0.95849873464721
3.8165246166372	0.95610532573935
3.8165262755002	0.94797300406076
3.8165279343632	0.94474538239747
3.8165295932262	0.94786991166015
3.8165312520892	0.94732267207375
3.8165329109522	0.94403953433748
3.8165345698152	0.94812496038566
3.8165362286782	0.95521307128747
3.8165378875412	0.96094864617084
3.8165395464042	0.96644190850617
3.8165412052672	0.95392869572052
3.8165428641302	0.9425359359482
3.8165445229932	0.94092585242741
3.8165461818562	0.93249068912275
3.8165478407192	0.90479291012911
3.8165494995822	0.87889984686538
3.8165511584453	0.85571680861202
3.8165528173083	0.84029343110558
3.8165544761713	0.83153383734467
3.8165561350343	0.82809909309204
3.8165577938973	0.82721214678761
3.8165594527603	0.84330326527252
3.8165611116233	0.86325007918898
3.8165627704863	0.88328944983019
3.8165644293493	0.90218977395045
3.8165660882123	0.90985267775362
3.8165677470753	0.91845104248888
3.8165694059383	0.93015796170385
3.8165710648013	0.94625590589976
3.8165727236643	0.96981863381548
3.8165743825273	0.97623778538987
3.8165760413903	0.9661586997352
3.8165777002533	0.96184745538439
3.8165793591163	0.96065692267751
3.8165810179793	0.95964051366758
3.8165826768423	0.95867083941073
3.8165843357054	0.94736848047022
3.8165859945684	0.93610235175607
3.8165876534314	0.93637330309943
3.8165893122944	0.93651767691724
3.8165909711574	0.93617896351445
3.8165926300204	0.93308270287038
3.8165942888834	0.92481176785301
3.8165959477464	0.91941785244198
3.8165976066094	0.91704544399485
3.8165992654724	0.92184566890455
3.8166009243354	0.93089394632538
3.8166025831984	0.93672291600012
3.8166042420614	0.94158188632356
3.8166059009244	0.94775190199354
3.8166075597874	0.95317625895776
3.8166092186504	0.94183255699616
3.8166108775134	0.9303237078867
3.8166125363764	0.91811315985272
3.8166141952394	0.91076258431229
3.8166158541025	0.9132140664367
3.8166175129655	0.91579984933189
3.8166191718285	0.91853551111861
3.8166208306915	0.92498324076011
3.8166224895545	0.93376650023484
3.8166241484175	0.93049501658147
3.8166258072805	0.92331509610827
3.8166274661435	0.91629524764506
3.8166291250065	0.90897118088453
3.8166307838695	0.89354484236702
3.8166324427325	0.87722830959382
3.8166341015955	0.85685779215024
3.8166357604585	0.839503937671
3.8166374193215	0.82850276911582
3.8166390781845	0.82697661176104
3.8166407370475	0.83639629712142
3.8166423959105	0.85191084706005
3.8166440547735	0.8713851528723
3.8166457136365	0.88319262860105
3.8166473724996	0.89242396683881
3.8166490313626	0.90753900117284
3.8166506902256	0.92298912192348
3.8166523490886	0.92732126445513
3.8166540079516	0.92975609909592
3.8166556668146	0.92332149682179
3.8166573256776	0.91853845598314
3.8166589845406	0.91727998382767
3.8166606434036	0.91525356182827
3.8166623022666	0.91233307265689
3.8166639611296	0.90865661469198
3.8166656199926	0.90448695835638
3.8166672788556	0.8898058376158
3.8166689377186	0.87159150459426
3.8166705965816	0.85489881107338
3.8166722554446	0.83798110643307
3.8166739143076	0.8098807850356
3.8166755731706	0.78680855362992
3.8166772320336	0.78680047267348
3.8166788908966	0.79092220966695
3.8166805497597	0.80370908983516
3.8166822086227	0.81942671363108
3.8166838674857	0.83849295973949
3.8166855263487	0.86394524622593
3.8166871852117	0.89346710978723
3.8166888440747	0.91105940358904
3.8166905029377	0.92478048865428
3.8166921618007	0.933838722827
3.8166938206637	0.94179279761168
3.8166954795267	0.93703969146083
3.8166971383897	0.93273491096282
3.8166987972527	0.93036164003451
3.8167004561157	0.93291147827076
3.8167021149787	0.9453161169193
3.8167037738417	0.94742618011576
3.8167054327047	0.93829527871342
3.8167070915677	0.93041466813308
3.8167087504307	0.92329062899674
3.8167104092937	0.92504552331978
3.8167120681568	0.92948016999827
3.8167137270198	0.92142095122245
3.8167153858828	0.91137271112198
3.8167170447458	0.88845160317001
3.8167187036088	0.86791739596908
3.8167203624718	0.85667281217646
3.8167220213348	0.84632615562846
3.8167236801978	0.83764631755295
3.8167253390608	0.83390815196427
3.8167269979238	0.83519293521723
3.8167286567868	0.85202147031929
3.8167303156498	0.87752100416374
3.8167319745128	0.88540093440843
3.8167336333758	0.88854045986936
3.8167352922388	0.90050926694971
3.8167369511018	0.91253099442914
3.8167386099648	0.91806425739658
3.8167402688278	0.92351101089824
3.8167419276908	0.92866331734714
3.8167435865539	0.93282896262964
3.8167452454169	0.93534130342117
3.8167469042799	0.93462086485107
3.8167485631429	0.93092215573976
3.8167502220059	0.93010693688746
3.8167518808689	0.93072864953258
3.8167535397319	0.93608997189372
3.8167551985949	0.94253098823717
3.8167568574579	0.94531043377003
3.8167585163209	0.94782287506286
3.8167601751839	0.94934564309457
3.8167618340469	0.94825909885154
3.8167634929099	0.93960444864593
3.8167651517729	0.93670587021672
3.8167668106359	0.94230005175971
3.8167684694989	0.93580490174648
3.8167701283619	0.91948566689296
3.8167717872249	0.91104736926701
3.8167734460879	0.9059934171085
3.816775104951	0.91913816489741
3.816776763814	0.93555604798891
3.816778422677	0.93079956685739
3.81678008154	0.92579844861399
3.816781740403	0.91988889294688
3.816783399266	0.91588763839875
3.816785058129	0.91650552096374
3.816786716992	0.91591702592319
3.816788375855	0.91379852804289
3.816790034718	0.91382294041938
3.816791693581	0.9153392387533
3.816793352444	0.9206425589782
3.816795011307	0.9272879906382
3.81679667017	0.92486542616076
3.816798329033	0.92136773598389
3.816799987896	0.91990348876411
3.816801646759	0.91672932747787
3.816803305622	0.90605198360721
3.816804964485	0.8968276551694
3.816806623348	0.89048833775108
3.8168082822111	0.8826541718419
3.8168099410741	0.87322909023668
3.8168115999371	0.87301185898295
3.8168132588001	0.87810901069761
3.8168149176631	0.87943172198647
3.8168165765261	0.87971332592035
3.8168182353891	0.88743372293646
3.8168198942521	0.89563069929655
3.8168215531151	0.90326121007118
3.8168232119781	0.90980094544336
3.8168248708411	0.91276788461203
3.8168265297041	0.91608987988669
3.8168281885671	0.91998102320495
3.8168298474301	0.91945813406536
3.8168315062931	0.91509242260142
3.8168331651561	0.91412074517088
3.8168348240191	0.91470854169953
3.8168364828821	0.91468792272887
3.8168381417451	0.9145478611387
3.8168398006082	0.91060238325024
3.8168414594712	0.90843788995567
3.8168431183342	0.91774730485099
3.8168447771972	0.92613894564434
3.8168464360602	0.93227066234071
3.8168480949232	0.93699424920549
3.8168497537862	0.93992617332998
3.8168514126492	0.94165322568991
3.8168530715122	0.94254801367517
3.8168547303752	0.9305643061182
3.8168563892382	0.91412531808382
3.8168580481012	0.91594347472279
3.8168597069642	0.91961078657468
3.8168613658272	0.91708487309709
3.8168630246902	0.91591185438909
3.8168646835532	0.9202063395566
3.8168663424162	0.9238628155359
3.8168680012792	0.92633654314169
3.8168696601422	0.92777182834668
3.8168713190053	0.92817937395704
3.8168729778683	0.93275125414911
3.8168746367313	0.93951710572931
3.8168762955943	0.93399620482226
3.8168779544573	0.92554496078529
3.8168796133203	0.92826542152606
3.8168812721833	0.93115225449095
3.8168829310463	0.93168660133196
3.8168845899093	0.93162177033589
3.8168862487723	0.929900584205
3.8168879076353	0.93151670524165
3.8168895664983	0.93776680895178
3.8168912253613	0.93556834420955
3.8168928842243	0.92704348444835
3.8168945430873	0.92427787866456
3.8168962019503	0.92369572259011
3.8168978608133	0.91541007403561
3.8168995196763	0.90583028496992
3.8169011785393	0.88934143934833
3.8169028374023	0.87222378740113
3.8169044962654	0.85235037913787
3.8169061551284	0.83652999911829
3.8169078139914	0.82859126819793
3.8169094728544	0.82433622802513
3.8169111317174	0.82386058447098
3.8169127905804	0.82569030787773
3.8169144494434	0.82877415337874
3.8169161083064	0.84975394804281
3.8169177671694	0.87515415719634
3.8169194260324	0.87782218991342
3.8169210848954	0.87916938792693
3.8169227437584	0.87825250815474
3.8169244026214	0.87869714690832
3.8169260614844	0.88290966064873
3.8169277203474	0.89040360704241
3.8169293792104	0.90242500121008
3.8169310380734	0.91381793181401
3.8169326969364	0.92474667683349
3.8169343557994	0.91955211207421
3.8169360146625	0.90840087878069
3.8169376735255	0.90235587905158
3.8169393323885	0.89720742437965
3.8169409912515	0.89761078287441
3.8169426501145	0.89711897313164
3.8169443089775	0.89295994261772
3.8169459678405	0.88837960446608
3.8169476267035	0.88302294848785
3.8169492855665	0.87571203145228
3.8169509444295	0.86650490453779
3.8169526032925	0.85822891399133
3.8169542621555	0.85042531991935
3.8169559210185	0.84765570080529
3.8169575798815	0.84599558700994
3.8169592387445	0.8600063716843
3.8169608976075	0.87155369445268
3.8169625564705	0.86429229536614
3.8169642153335	0.86007375925287
3.8169658741965	0.86336866571357
3.8169675330596	0.86037954670741
3.8169691919226	0.84954667667679
3.8169708507856	0.83313422936548
3.8169725096486	0.81302557020073
3.8169741685116	0.80189418376738
3.8169758273746	0.79362366903282
3.8169774862376	0.7967204454182
3.8169791451006	0.80069476236307
3.8169808039636	0.80243180427511
3.8169824628266	0.80548590952217
3.8169841216896	0.81295898273521
3.8169857805526	0.82122600903393
3.8169874394156	0.8307506571968
3.8169890982786	0.83834748390832
3.8169907571416	0.84433168858173
3.8169924160046	0.85153511851435
3.8169940748676	0.85925570558758
3.8169957337306	0.86195644490927
3.8169973925936	0.86376889836073
3.8169990514567	0.86169175422082
3.8170007103197	0.86087806818412
3.8170023691827	0.86598334604886
3.8170040280457	0.86801103756114
3.8170056869087	0.86390447607677
3.8170073457717	0.86069428570094
3.8170090046347	0.85840812362016
3.8170106634977	0.85216548435087
3.8170123223607	0.84380075080762
3.8170139812237	0.83996664672237
3.8170156400867	0.83719896011884
3.8170172989497	0.84871707195875
3.8170189578127	0.85824613862351
3.8170206166757	0.85088865881113
3.8170222755387	0.84801961540488
3.8170239344017	0.85635163138696
3.8170255932647	0.85797302781521
3.8170272521277	0.85123272456857
3.8170289109907	0.8463238003735
3.8170305698537	0.84261302512041
3.8170322287168	0.84555484930158
3.8170338875798	0.85055253165283
3.8170355464428	0.84213275403824
3.8170372053058	0.83307225828123
3.8170388641688	0.82920471834779
3.8170405230318	0.82819243554184
3.8170421818948	0.83607480764435
3.8170438407578	0.8383671048218
3.8170454996208	0.83237650557127
3.8170471584838	0.82379613288128
3.8170488173468	0.81320610761394
3.8170504762098	0.81374973522074
3.8170521350728	0.81855225992456
3.8170537939358	0.80999573514038
3.8170554527988	0.79965055972442
3.8170571116618	0.78866082142048
3.8170587705248	0.77904791667042
3.8170604293878	0.77478034592244
3.8170620882508	0.76776015528117
3.8170637471139	0.75596354131804
3.8170654059769	0.74393872243535
3.8170670648399	0.73170868167232
3.8170687237029	0.72573451220228
3.8170703825659	0.72260261555418
3.8170720414289	0.71237911219832
3.8170737002919	0.70075295888107
3.8170753591549	0.67547007831256
3.8170770180179	0.65111026141232
3.8170786768809	0.6312074574598
3.8170803357439	0.61669880156261
3.8170819946069	0.61298557107817
3.8170836534699	0.60413426235902
3.8170853123329	0.59003887473087
3.8170869711959	0.5701364903314
3.8170886300589	0.54719943309334
3.8170902889219	0.54015027764078
3.8170919477849	0.53661735254649
3.8170936066479	0.52723716984799
3.817095265511	0.51642342114395
3.817096924374	0.49771316989161
3.817098583237	0.48294568660061
3.8171002421	0.47713439141015
3.817101900963	0.47177064038265
3.817103559826	0.46691520818907
3.817105218689	0.45793142294343
3.817106877552	0.44653225177222
3.817108536415	0.43786920817994
3.817110195278	0.42991719267437
3.817111854141	0.43330583139748
3.817113513004	0.43578327209323
3.817115171867	0.42779924917729
3.81711683073	0.42005156903969
3.817118489593	0.41290257050074
3.817120148456	0.40749255726901
3.817121807319	0.40423899465146
3.817123466182	0.4006412120381
3.817125125045	0.39682332442402
3.817126783908	0.39482273770886
3.8171284427711	0.39335396204756
3.8171301016341	0.38879686054212
3.8171317604971	0.38402432999024
3.8171334193601	0.37917062807996
3.8171350782231	0.37466146225317
3.8171367370861	0.37110603642553
3.8171383959491	0.3681882455046
3.8171400548121	0.36611709317841
3.8171417136751	0.36030126672668
3.8171433725381	0.35192489685062
3.8171450314011	0.35292024371244
3.8171466902641	0.3569014179701
3.8171483491271	0.35761486461996
3.8171500079901	0.3589129035742
3.8171516668531	0.36912420772977
3.8171533257161	0.37697750726215
3.8171549845791	0.37785437006682
3.8171566434421	0.3812246742344
3.8171583023051	0.38807152541788
3.8171599611682	0.3852571493308
3.8171616200312	0.37552687209269
3.8171632788942	0.37998631972786
3.8171649377572	0.38922324574211
3.8171665966202	0.40418288763065
3.8171682554832	0.41983276766916
3.8171699143462	0.43721171684123
3.8171715732092	0.45285951235113
3.8171732320722	0.46316725278206
3.8171748909352	0.47403597716271
3.8171765497982	0.48570976678124
3.8171782086612	0.49092430028144
3.8171798675242	0.49139652037585
3.8171815263872	0.4981554126684
3.8171831852502	0.50709170574735
3.8171848441132	0.51759085288069
3.8171865029762	0.52778635991835
3.8171881618392	0.53233996300041
3.8171898207022	0.53793516906134
3.8171914795653	0.54679450251247
3.8171931384283	0.55083443312916
3.8171947972913	0.54789856448411
3.8171964561543	0.54772207223997
3.8171981150173	0.54958176785306
3.8171997738803	0.54934215192971
3.8172014327433	0.54837375353629
3.8172030916063	0.54140094240599
3.8172047504693	0.53501179552221
3.8172064093323	0.54286486853416
3.8172080681953	0.55026408942989
3.8172097270583	0.55625691059203
3.8172113859213	0.56172789433251
3.8172130447843	0.56645241924205
3.8172147036473	0.57580601422724
3.8172163625103	0.58852418069837
3.8172180213733	0.59789977536602
3.8172196802363	0.60614228055843
3.8172213390993	0.61053851882505
3.8172229979623	0.6154617265249
3.8172246568254	0.63019481046809
3.8172263156884	0.63973420693129
3.8172279745514	0.63376909798481
3.8172296334144	0.63189161752828
3.8172312922774	0.63567582581749
3.8172329511404	0.64082115451876
3.8172346100034	0.64692131791425
3.8172362688664	0.65214794883702
3.8172379277294	0.65709308624301
3.8172395865924	0.66042418916927
3.8172412454554	0.66319270340005
3.8172429043184	0.66179403632918
3.8172445631814	0.66319395557953
3.8172462220444	0.67244263131408
3.8172478809074	0.68270884136864
3.8172495397704	0.69431299187898
3.8172511986334	0.69636854455446
3.8172528574964	0.69209178562428
3.8172545163594	0.69779815435133
3.8172561752225	0.70647521100053
3.8172578340855	0.71017011398811
3.8172594929485	0.71340467569358
3.8172611518115	0.71547663170591
3.8172628106745	0.71583789082168
3.8172644695375	0.71179431227637
3.8172661284005	0.71517912532622
3.8172677872635	0.7276552861576
3.8172694461265	0.72848820945535
3.8172711049895	0.72217822092487
3.8172727638525	0.72849147460375
3.8172744227155	0.73816066902834
3.8172760815785	0.75131502044507
3.8172777404415	0.7630392467703
3.8172793993045	0.76430963627728
3.8172810581675	0.76582664556834
3.8172827170305	0.76791500399229
3.8172843758935	0.76872701543782
3.8172860347565	0.76811305073958
3.8172876936196	0.76585809403164
3.8172893524826	0.76269291243682
3.8172910113456	0.75724917945242
3.8172926702086	0.75128567588229
3.8172943290716	0.75075710126575
3.8172959879346	0.74977724933526
3.8172976467976	0.74593973199104
3.8172993056606	0.74295605460934
3.8173009645236	0.741719476907
3.8173026233866	0.74882009092974
3.8173042822496	0.7642629698225
3.8173059411126	0.76759222891294
3.8173075999756	0.76499886675593
3.8173092588386	0.77799855128524
3.8173109177016	0.793794694953
3.8173125765646	0.80345153200279
3.8173142354276	0.81249893343253
3.8173158942906	0.81890851768528
3.8173175531536	0.82588948678532
3.8173192120167	0.83388649084777
3.8173208708797	0.83710014745433
3.8173225297427	0.83611241992143
3.8173241886057	0.83187047011624
3.8173258474687	0.82626655731753
3.8173275063317	0.82424372523561
3.8173291651947	0.82365535780492
3.8173308240577	0.84065179512964
3.8173324829207	0.84972270383596
3.8173341417837	0.84843854213683
3.8173358006467	0.85093397811499
3.8173374595097	0.85970939050507
3.8173391183727	0.87016215711003
3.8173407772357	0.86942568641633
3.8173424360987	0.86513316673603
3.8173440949617	0.85950902685517
3.8173457538247	0.85338876146807
3.8173474126877	0.85737942004979
3.8173490715507	0.86573604816195
3.8173507304137	0.87125156504988
3.8173523892768	0.87535765862314
3.8173540481398	0.87703923434132
3.8173557070028	0.87734813564115
3.8173573658658	0.88582475517867
3.8173590247288	0.89955133263879
3.8173606835918	0.89963798836913
3.8173623424548	0.88981046346251
3.8173640013178	0.88696282524236
3.8173656601808	0.88983558359793
3.8173673190438	0.89110864571159
3.8173689779068	0.89090611013291
3.8173706367698	0.89523220306284
3.8173722956328	0.90425475456762
3.8173739544958	0.90369827957945
3.8173756133588	0.8919764934392
3.8173772722218	0.88453699855226
3.8173789310848	0.88271134917305
3.8173805899478	0.88428389512679
3.8173822488108	0.89087261095215
3.8173839076739	0.89735827366604
3.8173855665369	0.90367224328116
3.8173872253999	0.90765828495075
3.8173888842629	0.90725207367296
3.8173905431259	0.90597742775311
3.8173922019889	0.90283949517615
3.8173938608519	0.89983625752063
3.8173955197149	0.89716358934336
3.8173971785779	0.89582867110112
3.8173988374409	0.89827771913529
3.8174004963039	0.9011283149348
3.8174021551669	0.90530032430576
3.8174038140299	0.9078336921785
3.8174054728929	0.90401299896766
3.8174071317559	0.89931899777148
3.8174087906189	0.89056750763984
3.8174104494819	0.88475713644239
3.8174121083449	0.89569923324867
3.8174137672079	0.90470108904002
3.817415426071	0.89969649784507
3.817417084934	0.8965340302347
3.817418743797	0.91109896909957
3.81742040266	0.92440579648192
3.817422061523	0.92011677231887
3.817423720386	0.91590254932689
3.817425379249	0.91350906746478
3.817427038112	0.91108969578748
3.817428696975	0.90658953118806
3.817430355838	0.90208936658864
3.817432014701	0.90805146226874
3.817433673564	0.91417016060022
3.817435332427	0.91696650342577
3.81743699129	0.91961845889603
3.817438650153	0.92454305252467
3.817440309016	0.92963465345615
3.817441967879	0.92851557381315
3.817443626742	0.92674358434184
3.817445285605	0.93418744608977
3.817446944468	0.9429078348691
3.8174486033311	0.93940221412187
3.8174502621941	0.93377176877146
3.8174519210571	0.92939524937349
3.8174535799201	0.92528355058004
3.8174552387831	0.93214294075477
3.8174568976461	0.94175432663674
3.8174585565091	0.94597939266864
3.8174602153721	0.94862656000806
3.8174618742351	0.94540738798925
3.8174635330981	0.94020648976732
3.8174651919611	0.93706849959929
3.8174668508241	0.93472606321526
3.8174685096871	0.93132653952762
3.8174701685501	0.92746533442946
3.8174718274131	0.92718840988473
3.8174734862761	0.92867302700683
3.8174751451391	0.92965321536108
3.8174768040021	0.93035582634644
3.8174784628651	0.93033534123357
3.8174801217282	0.92987118211224
3.8174817805912	0.93197053240936
3.8174834394542	0.93581787837723
3.8174850983172	0.93257410046578
3.8174867571802	0.92397086969295
3.8174884160432	0.91869713738606
3.8174900749062	0.91620751091649
3.8174917337692	0.91889229533829
3.8174933926322	0.9263572284047
3.8174950514952	0.93053882350499
3.8174967103582	0.93137258032463
3.8174983692212	0.93462307054577
3.8175000280842	0.94059263462763
3.8175016869472	0.94537625389776
3.8175033458102	0.94868752082515
3.8175050046732	0.94845447511698
3.8175066635362	0.94336348823802
3.8175083223992	0.94123925646852
3.8175099812622	0.94360873956961
3.8175116401253	0.94344389498227
3.8175132989883	0.93902972146325
3.8175149578513	0.93674694697122
3.8175166167143	0.93842843745954
3.8175182755773	0.93499664852715
3.8175199344403	0.92098642125659
3.8175215933033	0.91262481969946
3.8175232521663	0.91730664628079
3.8175249110293	0.9192800213248
3.8175265698923	0.91424106277526
3.8175282287553	0.90639218109325
3.8175298876183	0.89034215424795
3.8175315464813	0.87766568122763
3.8175332053443	0.87616360787581
3.8175348642073	0.87292779646398
3.8175365230703	0.86311794462212
3.8175381819333	0.85078205737937
3.8175398407963	0.82736358629462
3.8175414996593	0.80381046740997
3.8175431585224	0.77956434777876
3.8175448173854	0.75697001407405
3.8175464762484	0.74453170490932
3.8175481351114	0.73393444408239
3.8175497939744	0.73720652292436
3.8175514528374	0.74311303331584
3.8175531117004	0.77422754934966
3.8175547705634	0.80545096922157
3.8175564294264	0.83807411908309
3.8175580882894	0.87012267508991
3.8175597471524	0.89121940338779
3.8175614060154	0.9119538548015
3.8175630648784	0.9199664495359
3.8175647237414	0.92794777108905
3.8175663826044	0.93039740907594
3.8175680414674	0.93284704706284
3.8175697003304	0.93469009181789
3.8175713591934	0.93652307916678
3.8175730180564	0.9407530874876
3.8175746769194	0.94507815841786
3.8175763357825	0.94092077225716
3.8175779946455	0.93622342328918
3.8175796535085	0.93685663854945
3.8175813123715	0.93796229112548
3.8175829712345	0.93449595743955
3.8175846300975	0.93050552605394
3.8175862889605	0.91965631148177
3.8175879478235	0.90783462256629
3.8175896066865	0.89405443081501
3.8175912655495	0.87994108009461
3.8175929244125	0.88515572250376
3.8175945832755	0.89422976303231
3.8175962421385	0.88857233582232
3.8175979010015	0.87951815606384
3.8175995598645	0.88380448571567
3.8176012187275	0.8915988163563
3.8176028775905	0.90180120311458
3.8176045364535	0.91271844998201
3.8176061953165	0.90598643133279
3.8176078541796	0.89338787181702
3.8176095130426	0.88797095821092
3.8176111719056	0.88520947909813
3.8176128307686	0.88854144465071
3.8176144896316	0.89436512882492
3.8176161484946	0.90109597378746
3.8176178073576	0.90823521173062
3.8176194662206	0.90754022234819
3.8176211250836	0.90297718977996
3.8176227839466	0.89775028083631
3.8176244428096	0.8921651665523
3.8176261016726	0.89087738374759
3.8176277605356	0.8921166778026
3.8176294193986	0.89629433094687
3.8176310782616	0.90235059128724
3.8176327371246	0.89948290389474
3.8176343959876	0.89042507216351
3.8176360548506	0.87880826860364
3.8176377137136	0.86526864766212
3.8176393725767	0.86105792363928
3.8176410314397	0.86442955988887
3.8176426903027	0.86307964505154
3.8176443491657	0.85758353005218
3.8176460080287	0.85243360796864
3.8176476668917	0.84761183597613
3.8176493257547	0.84589767769016
3.8176509846177	0.84736139517
3.8176526434807	0.85441328004269
3.8176543023437	0.86762724842655
3.8176559612067	0.87680326165963
3.8176576200697	0.88117914895853
3.8176592789327	0.8875955115726
3.8176609377957	0.89662662370404
3.8176625966587	0.90236961549319
3.8176642555217	0.90356912099343
3.8176659143847	0.90796957045213
3.8176675732477	0.91714112469677
3.8176692321107	0.91752399250145
3.8176708909737	0.90376799398417
3.8176725498368	0.89694974157013
3.8176742086998	0.90218967040133
3.8176758675628	0.90876757910697
3.8176775264258	0.91786050984888
3.8176791852888	0.92266867267218
3.8176808441518	0.91875480299584
3.8176825030148	0.92054373575242
3.8176841618778	0.93492396906989
3.8176858207408	0.94620301123817
3.8176874796038	0.95004099427924
3.8176891384668	0.95552239106174
3.8176907973298	0.96529966673036
3.8176924561928	0.97058829390063
3.8176941150558	0.96305967422809
3.8176957739188	0.95504507969099
3.8176974327818	0.94550942248648
3.8176990916448	0.93608860241612
3.8177007505078	0.92706316319306
3.8177024093708	0.9181524444565
3.8177040682339	0.90967825689293
3.8177057270969	0.90431388718655
3.8177073859599	0.91209775450942
3.8177090448229	0.92008237403155
3.8177107036859	0.92901639840812
3.8177123625489	0.93633475083703
3.8177140214119	0.93504189442244
3.8177156802749	0.93524629831739
3.8177173391379	0.94453346769252
3.8177189980009	0.95160899430236
3.8177206568639	0.9432295147034
3.8177223157269	0.93611832789774
3.8177239745899	0.93937963935075
3.8177256334529	0.94221768944505
3.8177272923159	0.94092252803296
3.8177289511789	0.93918361635013
3.8177306100419	0.93212002439508
3.8177322689049	0.92578394947958
3.8177339277679	0.93062784081175
3.817735586631	0.93536500397412
3.817737245494	0.93785612321132
3.817738904357	0.93993140354548
3.81774056322	0.92846953077245
3.817742222083	0.91728417496695
3.817743880946	0.9251077087857
3.817745539809	0.93293124260446
3.817747198672	0.92903960246759
3.817748857535	0.92513633466466
3.817750516398	0.92359912066827
3.817752175261	0.92210093162857
3.817753834124	0.92418367905854
3.817755492987	0.92638222894991
3.81775715185	0.93041749879095
3.817758810713	0.93454191724142
3.817760469576	0.94086246380194
3.817762128439	0.94732597473234
3.817763787302	0.94043985094825
3.817765446165	0.93245861139868
3.817767105028	0.92743213447093
3.8177687638911	0.92269936272257
3.8177704227541	0.91826004045419
3.8177720816171	0.91385510046144
3.8177737404801	0.88919759613585
3.8177753993431	0.8617990942018
3.8177770582061	0.82852469379447
3.8177787170691	0.79434546357457
3.8177803759321	0.76365957290174
3.8177820347951	0.73357810549492
3.8177836936581	0.73116723290114
3.8177853525211	0.7340845029412
3.8177870113841	0.75105209658124
3.8177886702471	0.77100696260837
3.8177903291101	0.7950847115146
3.8177919879731	0.82012345857087
3.8177936468361	0.84845288732534
3.8177953056991	0.87761854137282
3.8177969645621	0.9002814830876
3.8177986234251	0.9211518899144
3.8178002822882	0.93338691571587
3.8178019411512	0.94305096825115
3.8178036000142	0.95115059818342
3.8178052588772	0.95874898337547
3.8178069177402	0.95427320828459
3.8178085766032	0.94564911043157
3.8178102354662	0.94644168067455
3.8178118943292	0.95069382018853
3.8178135531922	0.94977672291197
3.8178152120552	0.94683390139386
3.8178168709182	0.94661498611177
3.8178185297812	0.94753171113621
3.8178201886442	0.95205434719197
3.8178218475072	0.95817321380521
3.8178235063702	0.95433595254068
3.8178251652332	0.94582839844939
3.8178268240962	0.94990909692761
3.8178284829592	0.96023592697819
3.8178301418222	0.96228077667961
3.8178318006853	0.95998516422157
3.8178334595483	0.95567377542569
3.8178351184113	0.9502482317603
3.8178367772743	0.9468909908818
3.8178384361373	0.9447377267273
3.8178400950003	0.94168624708129
3.8178417538633	0.93808480545043
3.8178434127263	0.93497122104551
3.8178450715893	0.9321714586984
3.8178467304523	0.93045925092523
3.8178483893153	0.92948135640501
3.8178500481783	0.93057977748223
3.8178517070413	0.93314822789703
3.8178533659043	0.93561140889199
3.8178550247673	0.9379965113299
3.8178566836303	0.94004609785406
3.8178583424933	0.94183516899612
3.8178600013563	0.93911776592699
3.8178616602193	0.93274022931895
3.8178633190824	0.9255004128298
3.8178649779454	0.91752857886082
3.8178666368084	0.90867023178525
3.8178682956714	0.89902580406367
3.8178699545344	0.87845292786297
3.8178716133974	0.84776506812005
3.8178732722604	0.81486028699195
3.8178749311234	0.77981465882803
3.8178765899864	0.75691656202597
3.8178782488494	0.74625065066422
3.8178799077124	0.74520950547948
3.8178815665754	0.7542691437948
3.8178832254384	0.76613808952167
3.8178848843014	0.78107864060423
3.8178865431644	0.79870851982565
3.8178882020274	0.81940042246534
3.8178898608904	0.84475530526193
3.8178915197534	0.87563652238255
3.8178931786164	0.89939215295691
3.8178948374794	0.91436108933811
3.8178964963425	0.92679664647078
3.8178981552055	0.93598305097062
3.8178998140685	0.94479056971941
3.8179014729315	0.95309277832412
3.8179031317945	0.9543771345773
3.8179047906575	0.94593203272314
3.8179064495205	0.93800348766527
3.8179081083835	0.93081916257394
3.8179097672465	0.92683851208696
3.8179114261095	0.9276538184747
3.8179130849725	0.93051588311796
3.8179147438355	0.93656028719214
3.8179164026985	0.9326933973312
3.8179180615615	0.91282263430902
3.8179197204245	0.89183776430981
3.8179213792875	0.86898508157996
3.8179230381505	0.84399750063211
3.8179246970135	0.81529393826914
3.8179263558765	0.78653946121121
3.8179280147396	0.7576929941019
3.8179296736026	0.73708851145173
3.8179313324656	0.73193557896457
3.8179329913286	0.73368365096969
3.8179346501916	0.74885846229361
3.8179363090546	0.76909698806138
3.8179379679176	0.79955660724138
3.8179396267806	0.82735986558069
3.8179412856436	0.84960027726294
3.8179429445066	0.87023335629897
3.8179446033696	0.88737473419985
3.8179462622326	0.90146842202506
3.8179479210956	0.9086951110157
3.8179495799586	0.91450060829468
3.8179512388216	0.91698516483255
3.8179528976846	0.91839449430885
3.8179545565476	0.91719793777163
3.8179562154106	0.91827856027569
3.8179578742736	0.92508148510439
3.8179595331367	0.92961877871991
3.8179611919997	0.92825120011644
3.8179628508627	0.92893233835267
3.8179645097257	0.93514988290318
3.8179661685887	0.93953069096186
3.8179678274517	0.93876535715862
3.8179694863147	0.93656989704363
3.8179711451777	0.93021959156479
3.8179728040407	0.92602058186817
3.8179744629037	0.92830189659
3.8179761217667	0.92918089538358
3.8179777806297	0.92567938552581
3.8179794394927	0.92305867776862
3.8179810983557	0.92329042829141
3.8179827572187	0.92160487154641
3.8179844160817	0.91348109612744
3.8179860749447	0.9069500036469
3.8179877338077	0.90596405926392
3.8179893926707	0.90715166110326
3.8179910515337	0.91618509393785
3.8179927103968	0.92273498271313
3.8179943692598	0.91998862396056
3.8179960281228	0.91719698473542
3.8179976869858	0.91422964014021
3.8179993458488	0.91187751508834
3.8180010047118	0.9120006641763
3.8180026635748	0.90994609912034
3.8180043224378	0.89880730999526
3.8180059813008	0.88965738517509
3.8180076401638	0.88911087965205
3.8180092990268	0.88848073061814
3.8180109578898	0.887475392061
3.8180126167528	0.8874197405839
3.8180142756158	0.89177981837102
3.8180159344788	0.89509665809743
3.8180175933418	0.89338299782925
3.8180192522048	0.89203074237731
3.8180209110678	0.89248511328829
3.8180225699308	0.89459298872543
3.8180242287939	0.90527138555299
3.8180258876569	0.91386951673541
3.8180275465199	0.91129207418708
3.8180292053829	0.90937560318102
3.8180308642459	0.91114004021455
3.8180325231089	0.91295730695983
3.8180341819719	0.91507960519072
3.8180358408349	0.91832178425411
3.8180374996979	0.92826472858727
3.8180391585609	0.93696924055863
3.8180408174239	0.93799358885683
3.8180424762869	0.9395106698453
3.8180441351499	0.94419414749572
3.8180457940129	0.94750837259137
3.8180474528759	0.94170689261935
3.8180491117389	0.9359020142258
3.8180507706019	0.93007369486653
3.8180524294649	0.92538995010916
3.8180540883279	0.92888348373005
3.818055747191	0.93183951476395
3.818057406054	0.93081933434209
3.818059064917	0.93024830582956
3.81806072378	0.93311638359382
3.818062382643	0.9364736849659
3.818064041506	0.94370661503995
3.818065700369	0.95089969811777
3.818067359232	0.95776620224594
3.818069018095	0.96379850955001
3.818070676958	0.9627611009474
3.818072335821	0.9623934480075
3.818073994684	0.96789188374087
3.818075653547	0.97310148937639
3.81807731241	0.97569830401708
3.818078971273	0.97797200555541
3.818080630136	0.97722751197841
3.818082288999	0.97638941698305
3.818083947862	0.97464915228643
3.818085606725	0.97212385429888
3.8180872655881	0.96179742262597
3.8180889244511	0.95355463943445
3.8180905833141	0.96664109335293
3.8180922421771	0.97780164142066
3.8180939010401	0.96867370304175
3.8180955599031	0.95974722822857
3.8180972187661	0.95300370732253
3.8180988776291	0.94670891397618
3.8181005364921	0.94540967109731
3.8181021953551	0.94432874378901
3.8181038542181	0.94574194346568
3.8181055130811	0.94703578828498
3.8181071719441	0.94693137524819
3.8181088308071	0.9469107664798
3.8181104896701	0.94789499344138
3.8181121485331	0.94965874278811
3.8181138073961	0.96098011314973
3.8181154662591	0.97130269758868
3.8181171251221	0.96912215992546
3.8181187839851	0.96654657325595
3.8181204428482	0.95892701840971
3.8181221017112	0.95232113495707
3.8181237605742	0.9588856167728
3.8181254194372	0.96445178039157
3.8181270783002	0.95683434992095
3.8181287371632	0.95004791072555
3.8181303960262	0.95439466654875
3.8181320548892	0.95837883117158
3.8181337137522	0.95744416187453
3.8181353726152	0.95695625147258
3.8181370314782	0.96259674781659
3.8181386903412	0.96757331981947
3.8181403492042	0.96336524199222
3.8181420080672	0.95972959371496
3.8181436669302	0.9640684350427
3.8181453257932	0.96800033736354
3.8181469846562	0.96623552156111
3.8181486435192	0.96449010227294
3.8181503023822	0.96301712752318
3.8181519612453	0.96157291246254
3.8181536201083	0.96053288095862
3.8181552789713	0.95935154210274
3.8181569378343	0.95618623310267
3.8181585966973	0.95352478582839
3.8181602555603	0.95791542269939
3.8181619144233	0.96162121499745
3.8181635732863	0.95578635970393
3.8181652321493	0.95042884987099
3.8181668910123	0.95167219764051
3.8181685498753	0.95294520861101
3.8181702087383	0.95462479147334
3.8181718676013	0.95606726122629
3.8181735264643	0.95429502690021
3.8181751853273	0.95266923118934
3.8181768441903	0.95300339214506
3.8181785030533	0.9531550442869
3.8181801619163	0.95089985107573
3.8181818207793	0.9482348934075
3.8181834796424	0.94025213238391
3.8181851385054	0.93277958184385
3.8181867973684	0.93181143925863
3.8181884562314	0.9307684337156
3.8181901150944	0.92878948701626
3.8181917739574	0.92872147823487
3.8181934328204	0.95204463446762
3.8181950916834	0.97287054634262
3.8181967505464	0.96379637162062
3.8181984094094	0.95556492910885
3.8182000682724	0.95718894428664
3.8182017271354	0.95827555035547
3.8182033859984	0.95323520909693
3.8182050448614	0.94889832196356
3.8182067037244	0.95237846813106
3.8182083625874	0.95581307594459
3.8182100214504	0.95875529802354
3.8182116803134	0.96008214845477
3.8182133391764	0.94442394700013
3.8182149980394	0.92937923236213
3.8182166569025	0.92060093745572
3.8182183157655	0.91431821415015
3.8182199746285	0.93277515334704
3.8182216334915	0.94841006288367
3.8182232923545	0.93691688238556
3.8182249512175	0.92791289215206
3.8182266100805	0.9420939120165
3.8182282689435	0.95408298906479
3.8182299278065	0.94629547105387
3.8182315866695	0.9404300036084
3.8182332455325	0.95135139169902
3.8182349043955	0.9609965884105
3.8182365632585	0.95985877503869
3.8182382221215	0.9597239363877
3.8182398809845	0.96778648890505
3.8182415398475	0.97372886485831
3.8182431987105	0.96292469178092
3.8182448575735	0.95358818532549
3.8182465164365	0.95545453656854
3.8182481752996	0.95789963661418
3.8182498341626	0.96461214135235
3.8182514930256	0.96829013319908
3.8182531518886	0.95036188490463
3.8182548107516	0.93521386414645
3.8182564696146	0.9391822118912
3.8182581284776	0.94316705953983
3.8182597873406	0.94726143200206
3.8182614462036	0.94987794396413
3.8182631050666	0.94302647259586
3.8182647639296	0.9357609095167
3.8182664227926	0.92593549564143
3.8182680816556	0.91778689098755
3.8182697405186	0.91963851423238
3.8182713993816	0.9202760603544
3.8182730582446	0.91392736949228
3.8182747171076	0.90786811134731
3.8182763759706	0.90341509606172
3.8182780348336	0.90176767206172
3.8182796936967	0.91513888024485
3.8182813525597	0.92807232418557
3.8182830114227	0.93874496243262
3.8182846702857	0.94800348232729
3.8182863291487	0.95021911739971
3.8182879880117	0.9526830204397
3.8182896468747	0.95633956619771
3.8182913057377	0.96032998946318
3.8182929646007	0.96586731768535
3.8182946234637	0.96954185185976
3.8182962823267	0.96489309037757
3.8182979411897	0.96207676732983
3.8182996000527	0.96715605233404
3.8183012589157	0.97046655636948
3.8183029177787	0.966428007002
3.8183045766417	0.96294202316514
3.8183062355047	0.96167030077379
3.8183078943677	0.96093865548325
3.8183095532307	0.96229421444896
3.8183112120937	0.95826587226721
3.8183128709568	0.93417208656717
3.8183145298198	0.9171653856237
3.8183161886828	0.92563538686796
3.8183178475458	0.92968350687126
3.8183195064088	0.91840367981216
3.8183211652718	0.90898793321394
3.8183228241348	0.90580410658288
3.8183244829978	0.90286190607176
3.8183261418608	0.90069874444392
3.8183278007238	0.89681521988536
3.8183294595868	0.88758271631466
3.8183311184498	0.87500427892776
3.8183327773128	0.8523918739285
3.8183344361758	0.82977674305781
3.8183360950388	0.80715372999055
3.8183377539018	0.79236510566502
3.8183394127648	0.79942373331073
3.8183410716278	0.80779637371721
3.8183427304908	0.81970255862536
3.8183443893539	0.8341895145513
3.8183460482169	0.8553683352662
3.8183477070799	0.87653165013024
3.8183493659429	0.89765619197422
3.8183510248059	0.91248927093941
3.8183526836689	0.91215248814963
3.8183543425319	0.9163727553301
3.8183560013949	0.93118717896047
3.8183576602579	0.94328761322964
3.8183593191209	0.94930534379251
3.8183609779839	0.95224597216724
3.8183626368469	0.94853867711319
3.8183642957099	0.94305935702692
3.8183659545729	0.93388946290929
3.8183676134359	0.92587146736761
3.8183692722989	0.92016542839348
3.8183709311619	0.92072384239429
3.8183725900249	0.93339948517289
3.8183742488879	0.94452081608
3.818375907751	0.95274518626424
3.818377566614	0.95331919400993
3.818379225477	0.94015372726932
3.81838088434	0.9341259955968
3.818382543203	0.94044563979812
3.818384202066	0.94447581059327
3.818385860929	0.94469126755845
3.818387519792	0.93957112009823
3.818389178655	0.92588993449159
3.818390837518	0.9228997260287
3.818392496381	0.93642434600851
3.818394155244	0.94094892759013
3.818395814107	0.93208979243049
3.81839747297	0.93055816000402
3.818399131833	0.93951165716806
3.818400790696	0.94045350869689
3.818402449559	0.93036551189747
3.818404108422	0.92506375121704
3.818405767285	0.92609974994816
3.8184074261481	0.93198302737206
3.8184090850111	0.9440377625329
3.8184107438741	0.95053891860534
3.8184124027371	0.95024295667378
3.8184140616001	0.95108938845814
3.8184157204631	0.95327939696839
3.8184173793261	0.95098300496109
3.8184190381891	0.94361914049229
3.8184206970521	0.9430298799197
3.8184223559151	0.94978748807466
3.8184240147781	0.94931234948585
3.8184256736411	0.94130866259259
3.8184273325041	0.93501764078201
3.8184289913671	0.93043656360239
3.8184306502301	0.92329224906541
3.8184323090931	0.9136941584072
3.8184339679561	0.91044494111445
3.8184356268191	0.9130198202616
3.8184372856821	0.91251332004985
3.8184389445451	0.90929978241863
3.8184406034082	0.90886251436991
3.8184422622712	0.91075945655478
3.8184439211342	0.90984285410486
3.8184455799972	0.90666357610278
3.8184472388602	0.90964838018158
3.8184488977232	0.91737042601431
3.8184505565862	0.91932783850543
3.8184522154492	0.91705436524614
3.8184538743122	0.91742855243981
3.8184555331752	0.91965687348608
3.8184571920382	0.9258689133877
3.8184588509012	0.93474073158424
3.8184605097642	0.94020816931007
3.8184621686272	0.94351111733324
3.8184638274902	0.94008453086427
3.8184654863532	0.93258738326441
3.8184671452162	0.93660084985501
3.8184688040792	0.94723036584744
3.8184704629422	0.94331396648096
3.8184721218053	0.93146329983406
3.8184737806683	0.93040323974202
3.8184754395313	0.93492096493628
3.8184770983943	0.93743343673595
3.8184787572573	0.93896496907866
3.8184804161203	0.94978685832832
3.8184820749833	0.96490164868668
3.8184837338463	0.96632389578299
