6545.050937 0.983327
6545.098163 0.983702
6545.145386 0.981742
6545.192606 0.980547
6545.239824 0.97939
6545.287038 0.981039
6545.334249 0.981952
6545.381457 0.98952
6545.428663 0.980287
6545.475865 0.975873
6545.523064 0.977159
6545.57026 0.93913
6545.617454 0.902716
6545.664644 0.856057
6545.711831 0.786238
6545.759016 0.733056
6545.806197 0.715757
6545.853375 0.748555
6545.900551 0.818636
6545.947723 0.897646
6545.994892 0.946696
6546.042059 0.974104
6546.089222 0.980349
6546.136382 0.979385
6546.18354 0.985751
6546.230694 0.987165
6546.277845 0.982904
6546.324994 0.969755
6546.372139 0.962613
6546.419282 0.954991
6546.466421 0.94637
6546.513557 0.951823
6546.560691 0.962108
6546.607821 0.949527
6546.654948 0.953573
6546.702073 0.960011
6546.749194 0.940729
6546.796312 0.923359
6546.843428 0.924708
6546.89054 0.92151
6546.937649 0.930099
6546.984756 0.930674
6547.031859 0.924675
6547.078959 0.913161
6547.126057 0.915429
6547.173151 0.914099
6547.220242 0.921816
6547.267331 0.928626
6547.314416 0.929875
6547.361498 0.939331
6547.408578 0.932685
6547.455654 0.947139
6547.502727 0.958491
6547.549798 0.953671
6547.596865 0.950713
6547.643929 0.931796
6547.69099 0.914295
6547.738049 0.938163
6547.785104 0.949826
6547.832156 0.970006
6547.879205 0.979659
6547.926252 0.979907
6547.973295 0.998487
6548.020335 1.005619
6548.067372 1.011398
6548.114406 1.007892
6548.161438 1.007079
6548.208466 0.996602
6548.255491 1.001553
6548.302513 0.996605
6548.349532 0.994777
6548.396548 0.981914
6548.443561 0.980563
6548.490571 0.970482
6548.537579 0.963205
6548.584583 0.955664
6548.631584 0.954589
6548.678582 0.972845
6548.725577 0.990153
6548.772569 0.986881
6548.819558 1.004445
6548.866544 0.993195
6548.913527 0.999183
6548.960507 0.993816
6549.007484 1.001359
6549.054458 0.987419
6549.101429 0.984858
6549.148396 0.984216
6549.195361 0.986538
6549.242323 0.993984
6549.289282 0.997991
6549.336238 0.992963
6549.383191 0.995114
6549.430141 0.992663
6549.477087 0.987718
6549.524031 0.985487
6549.570972 0.988439
6549.61791 0.987834
6549.664844 0.986803
6549.711776 0.974235
6549.758705 0.960334
6549.80563 0.954245
6549.852553 0.957144
6549.899473 0.959772
6549.946389 0.973426
6549.993303 0.98205
6550.040213 0.987554
6550.087121 0.988891
6550.134025 0.984668
6550.180927 1.003073
6550.227825 0.9939
6550.274721 0.993254
6550.321613 0.990515
6550.368502 0.979028
6550.415389 0.973444
6550.462272 0.975162
6550.509152 0.974735
6550.55603 0.99335
6550.602904 0.991539
6550.649775 1.002655
6550.696644 1.007575
6550.743509 0.998114
6550.790371 0.995333
6550.83723 0.980905
6550.884086 0.983708
6550.930939 0.971653
6550.977789 0.961754
6551.024636 0.954389
6551.07148 0.947598
6551.118321 0.929381
6551.165159 0.907555
6551.211994 0.900176
6551.258826 0.903737
6551.305655 0.938028
6551.352481 0.956436
6551.399304 0.978612
6551.446123 1.003911
6551.49294 1.000651
6551.539754 0.993399
6551.586564 0.993309
6551.633372 0.998639
6551.680177 0.987905
6551.726978 0.985869
6551.773777 0.988939
6551.820572 0.97824
6551.867365 0.97169
6551.914154 0.96595
6551.960941 0.959786
6552.007724 0.969061
6552.054504 0.970123
6552.101282 0.958524
6552.148056 0.955555
6552.194827 0.956579
6552.241596 0.968776
6552.288361 0.974882
6552.335123 0.981818
6552.381882 0.972807
6552.428638 0.978666
6552.475391 0.964927
6552.522141 0.946317
6552.568888 0.93651
6552.615632 0.933998
6552.662373 0.938374
6552.709111 0.949454
6552.755846 0.957882
6552.802577 0.971673
6552.849306 0.974949
6552.896032 0.979501
6552.942754 0.983305
6552.989474 0.981722
6553.036191 0.982624
6553.082904 0.979503
6553.129615 0.986739
6553.176322 0.988257
6553.223027 0.995542
6553.269728 0.980695
6553.316426 0.978008
6553.363122 0.975107
6553.409814 0.974241
6553.456503 0.965792
6553.503189 0.982331
6553.549872 0.981509
6553.596552 0.963348
6553.643229 0.95264
6553.689903 0.897039
6553.736574 0.855273
6553.783242 0.836148
6553.829907 0.860613
6553.876569 0.898442
6553.923228 0.930075
6553.969883 0.965857
6554.016536 0.975225
6554.063186 0.974768
6554.109832 0.985866
6554.156476 0.988189
6554.203116 0.977879
6554.249754 0.971247
6554.296388 0.967649
6554.34302 0.965775
6554.389648 0.958418
6554.436273 0.961987
6554.482895 0.960215
6554.529515 0.966649
6554.576131 0.957326
6554.622744 0.953085
6554.669354 0.953041
6554.715961 0.949642
6554.762565 0.952545
6554.809165 0.957449
6554.855763 0.953071
6554.902358 0.923894
6554.94895 0.894279
6554.995538 0.863908
6555.042124 0.854048
6555.088707 0.875828
6555.135286 0.904584
6555.181862 0.939943
6555.228436 0.95117
6555.275006 0.937765
6555.321573 0.928757
6555.368138 0.920834
6555.414699 0.920137
6555.461257 0.911837
6555.507812 0.874745
6555.554364 0.838942
6555.600913 0.807741
6555.647459 0.813566
6555.694002 0.863634
6555.740542 0.900111
6555.787078 0.932708
6555.833612 0.947433
6555.880143 0.93962
6555.92667 0.950002
6555.973195 0.948469
6556.019716 0.958013
6556.066234 0.958818
6556.11275 0.952091
6556.159262 0.949719
6556.205771 0.935269
6556.252277 0.905616
6556.29878 0.888624
6556.34528 0.861823
6556.391777 0.885271
6556.438271 0.919442
6556.484762 0.93846
6556.53125 0.95229
6556.577735 0.952009
6556.624216 0.957688
6556.670695 0.957508
6556.71717 0.960046
6556.763643 0.960917
6556.810112 0.963198
6556.856579 0.963993
6556.903042 0.956545
6556.949502 0.955303
6556.995959 0.954493
6557.042413 0.95023
6557.088864 0.942364
6557.135312 0.92842
6557.181757 0.930831
6557.228199 0.93836
6557.274638 0.944799
6557.321074 0.951882
6557.367506 0.946706
6557.413936 0.938618
6557.460362 0.940345
6557.506786 0.933007
6557.553206 0.929087
6557.599623 0.914743
6557.646038 0.915387
6557.692449 0.901156
6557.738857 0.907308
6557.785262 0.910149
6557.831664 0.941325
6557.878063 0.9481
6557.924459 0.958729
6557.970851 0.951726
6558.017241 0.951396
6558.063628 0.955314
6558.110011 0.942734
6558.156392 0.957269
6558.202769 0.955943
6558.249143 0.960563
6558.295515 0.957849
6558.341883 0.94281
6558.388248 0.950861
6558.43461 0.955135
6558.480969 0.960307
6558.527325 0.957416
6558.573677 0.956427
6558.620027 0.973064
6558.666374 0.964593
6558.712717 0.966732
6558.759058 0.965361
6558.805395 0.964253
6558.85173 0.962081
6558.898061 0.957398
6558.944389 0.933619
6558.990714 0.903039
6559.037036 0.879276
6559.083355 0.851395
6559.129671 0.846248
6559.175984 0.854401
6559.222294 0.877185
6559.2686 0.906547
6559.314904 0.915756
6559.361205 0.92735
6559.407502 0.935944
6559.453796 0.94501
6559.500088 0.948681
6559.546376 0.950153
6559.592661 0.939013
6559.638943 0.921302
6559.685222 0.904279
6559.731498 0.900554
6559.777771 0.889701
6559.82404 0.898209
6559.870307 0.890073
6559.91657 0.907511
6559.962831 0.900787
6560.009088 0.8735
6560.055343 0.849768
6560.101594 0.83072
6560.147842 0.827786
6560.194087 0.834943
6560.240329 0.851489
6560.286568 0.870161
6560.332803 0.885417
6560.379036 0.88567
6560.425266 0.896577
6560.471492 0.893514
6560.517716 0.879898
6560.563936 0.888578
6560.610153 0.899323
6560.656368 0.88953
6560.702579 0.892735
6560.748787 0.889007
6560.794992 0.883984
6560.841193 0.889107
6560.887392 0.884049
6560.933588 0.880908
6560.97978 0.87479
6561.02597 0.880817
6561.072156 0.874659
6561.11834 0.871657
6561.16452 0.86349
6561.210697 0.854749
6561.256871 0.848229
6561.303042 0.851536
6561.34921 0.827449
6561.395375 0.813851
6561.441536 0.796808
6561.487695 0.782457
6561.53385 0.765207
6561.580003 0.745233
6561.626152 0.720679
6561.672298 0.686452
6561.718441 0.655651
6561.764581 0.616894
6561.810718 0.589193
6561.856852 0.557418
6561.902983 0.532556
6561.94911 0.512459
6561.995235 0.494285
6562.041356 0.478117
6562.087475 0.467261
6562.13359 0.457804
6562.179702 0.444513
6562.225811 0.433573
6562.271917 0.424932
6562.31802 0.411476
6562.36412 0.402062
6562.410217 0.395977
6562.45631 0.387675
6562.502401 0.383646
6562.548488 0.376102
6562.594572 0.37404
6562.640653 0.374479
6562.686732 0.375536
6562.732807 0.376943
6562.778878 0.378185
6562.824947 0.381639
6562.871013 0.387894
6562.917075 0.396535
6562.963135 0.408853
6563.009191 0.431979
6563.055245 0.456222
6563.101295 0.483376
6563.147342 0.510585
6563.193386 0.527223
6563.239427 0.542877
6563.285464 0.555429
6563.331499 0.573407
6563.377531 0.581752
6563.423559 0.578862
6563.469585 0.57524
6563.515607 0.564776
6563.561626 0.558578
6563.607642 0.57519
6563.653655 0.580461
6563.699665 0.594037
6563.745671 0.612188
6563.791675 0.622424
6563.837676 0.639224
6563.883673 0.648891
6563.929667 0.667208
6563.975658 0.668448
6564.021647 0.67124
6564.067631 0.669791
6564.113613 0.668328
6564.159592 0.664783
6564.205568 0.673252
6564.25154 0.690746
6564.29751 0.708607
6564.343476 0.716978
6564.389439 0.730226
6564.435399 0.742141
6564.481356 0.74647
6564.52731 0.763428
6564.573261 0.763101
6564.619209 0.772213
6564.665153 0.76844
6564.711095 0.779111
6564.757033 0.790543
6564.802968 0.783016
6564.8489 0.788208
6564.894829 0.788718
6564.940755 0.776947
6564.986678 0.774274
6565.032597 0.767166
6565.078514 0.775204
6565.124427 0.773542
6565.170338 0.8105
6565.216245 0.832301
6565.262149 0.854432
6565.30805 0.871652
6565.353948 0.857491
6565.399842 0.861952
6565.445734 0.861366
6565.491623 0.879297
6565.537508 0.876229
6565.58339 0.887485
6565.629269 0.891031
6565.675145 0.902039
6565.721018 0.904264
6565.766888 0.911952
6565.812755 0.922434
6565.858618 0.914674
6565.904479 0.91639
6565.950336 0.921452
6565.99619 0.919944
6566.042041 0.925326
6566.087889 0.924667
6566.133734 0.93215
6566.179576 0.923055
6566.225414 0.926374
6566.27125 0.930125
6566.317082 0.934181
6566.358697 0.936584
6566.409636 0.932715
6566.460572 0.940214
6566.511506 0.940651
6566.562437 0.943368
6566.613365 0.948776
6566.66429 0.950164
6566.715213 0.950166
6566.766133 0.950103
6566.81705 0.947544
6566.867965 0.951885
6566.918877 0.948471
6566.969786 0.951761
6567.020693 0.953828
6567.071597 0.955055
6567.122498 0.958813
6567.173396 0.965165
6567.224292 0.977213
6567.275185 0.971674
6567.326075 0.976328
6567.376963 0.975374
6567.427848 0.975633
6567.47873 0.974601
6567.529609 0.973473
6567.580486 0.970523
6567.63136 0.971589
6567.682232 0.970887
6567.7331 0.975954
6567.783966 0.976443
6567.834829 0.968606
6567.88569 0.980392
6567.936548 0.975491
6567.987403 0.970229
6568.038255 0.978416
6568.089105 0.983218
6568.139952 0.979618
6568.190796 0.983933
6568.241638 0.973053
6568.292476 0.975435
6568.343313 0.972805
6568.394146 0.966727
6568.444977 0.952981
6568.495805 0.942242
6568.54663 0.931307
6568.597452 0.913661
6568.648272 0.857996
6568.699089 0.796003
6568.749904 0.749271
6568.800715 0.757938
6568.851524 0.807081
6568.902331 0.877196
6568.953134 0.92461
6569.003935 0.955069
6569.054733 0.952939
6569.105529 0.96932
6569.156321 0.979071
6569.207111 0.982052
6569.257899 0.977145
6569.308683 0.961359
6569.359465 0.938172
6569.410244 0.923192
6569.46102 0.910206
6569.511794 0.902903
6569.562565 0.913097
6569.613333 0.930784
6569.664099 0.928339
6569.714861 0.92913
6569.765621 0.92973
6569.816379 0.937006
6569.867133 0.944216
6569.917885 0.930704
6569.968635 0.935428
6570.019381 0.929856
6570.070125 0.920093
6570.120866 0.91311
6570.171604 0.902453
6570.22234 0.900882
6570.273072 0.892979
6570.323802 0.899836
6570.37453 0.912109
6570.425255 0.923268
6570.475976 0.939122
6570.526696 0.938271
6570.577412 0.943051
6570.628126 0.934526
6570.678837 0.941471
6570.729545 0.952781
6570.780251 0.954818
6570.830954 0.974773
6570.881654 0.981707
6570.932351 0.984185
6570.983046 0.983382
6571.033738 0.985104
6571.084427 0.984644
6571.135114 0.979461
6571.185797 0.994085
6571.236478 0.99646
6571.287157 0.991196
6571.337832 1.000408
6571.388505 0.985068
6571.439175 0.985501
6571.489843 0.978067
6571.540507 0.981857
6571.591169 0.980073
6571.641829 0.983792
6571.692485 0.974902
6571.743139 0.967791
6571.79379 0.961889
6571.844438 0.965418
6571.895084 0.976255
6571.945726 0.97606
6571.996366 0.964303
6572.047004 0.94634
6572.097638 0.930482
6572.14827 0.922724
6572.198899 0.895837
6572.249526 0.837317
6572.300149 0.776612
6572.35077 0.760889
6572.401389 0.790083
6572.452004 0.851546
6572.502617 0.928128
6572.553227 0.973139
6572.603834 0.990727
6572.654438 1.001393
6572.70504 0.997995
6572.755639 1.006284
6572.806236 0.9982
6572.856829 0.990921
6572.90742 0.998372
6572.958008 0.993078
6573.008593 0.993028
6573.059176 0.983398
6573.109756 0.978834
6573.160333 0.985719
6573.210907 0.983014
6573.261479 0.975982
6573.312048 0.972372
6573.362614 0.968729
6573.413178 0.97417
6573.463738 0.978118
6573.514296 0.975163
6573.564851 0.970618
6573.615404 0.948915
6573.665954 0.89218
6573.716501 0.828048
6573.767045 0.786267
6573.817586 0.794978
6573.868125 0.857782
6573.918661 0.917454
6573.969194 0.961096
6574.019725 0.986682
6574.070252 0.996071
6574.120777 1.000619
6574.1713 0.999231
6574.221819 0.993316
6574.272336 0.976022
6574.32285 0.971332
6574.373361 0.952181
6574.42387 0.919127
6574.474376 0.851769
6574.524879 0.772726
6574.575379 0.747962
6574.625877 0.77828
6574.676371 0.826098
6574.726863 0.884309
6574.777353 0.909605
6574.827839 0.90649
6574.878323 0.909087
6574.928804 0.920666
6574.979282 0.958675
6575.029758 0.96811
6575.080231 0.971435
6575.130701 0.97619
6575.181168 0.977689
6575.231633 0.978707
6575.282094 0.967013
6575.332553 0.964523
6575.38301 0.951388
6575.433463 0.945454
6575.483914 0.954024
6575.534362 0.95501
6575.584807 0.956307
6575.63525 0.961121
6575.68569 0.947943
6575.736127 0.938805
6575.786561 0.922983
6575.836992 0.929983
6575.887421 0.937163
6575.937847 0.947383
6575.98827 0.948695
6576.038691 0.955541
6576.089109 0.9532
6576.139523 0.964197
6576.189936 0.963245
6576.240345 0.964558
6576.290752 0.975774
6576.341156 0.968871
6576.391557 0.953035
6576.441955 0.96057
6576.492351 0.97304
6576.542744 0.993906
6576.593134 0.989542
6576.643521 0.997794
6576.693906 1.003033
6576.744288 1.011365
6576.794667 1.004188
6576.845043 1.008851
6576.895417 1.01793
6576.945788 1.008959
6576.996156 0.998049
6577.046521 0.995251
6577.096883 0.989402
6577.147243 0.991665
6577.1976 0.998034
6577.247954 1.007632
6577.298306 1.002935
6577.348655 1.009876
6577.399001 1.013931
6577.449344 1.012085
6577.499684 1.001147
6577.550022 1.014303
6577.600357 1.010476
6577.650689 1.011103
6577.701018 1.013367
6577.751345 1.017896
6577.801669 1.011395
6577.85199 1.007056
6577.902308 1.001779
6577.952623 1.01023
6578.002936 1.008457
6578.053246 1.017038
6578.103553 1.007553
6578.153858 1.002683
6578.204159 0.99564
6578.254458 0.997915
6578.304754 1.000582
6578.355048 0.988677
6578.405338 0.985977
6578.455626 0.983143
6578.505911 0.984931
6578.556194 0.991811
6578.606473 1.000131
6578.65675 1.006652
6578.707024 1.00966
6578.757295 1.001991
6578.807563 1.008598
6578.857829 0.993901
6578.908092 0.99877
6578.958352 0.994852
6579.008609 0.996331
6579.058864 0.999363
6579.109116 1.019205
6579.159365 1.001637
6579.209611 1.006829
6579.259854 1.004569
6579.310095 1.00094
6579.360333 1.003683
6579.410568 0.991033
6579.4608 0.985125
6579.51103 0.980136
6579.561257 0.985661
6579.611481 0.988364
6579.661702 0.9716
6579.71192 0.955524
6579.762136 0.939608
6579.812349 0.964051
6579.862559 0.981661
6579.912767 1.002188
6579.962971 1.002913
6580.013173 1.010822
6580.063372 1.014054
6580.113568 1.008338
6580.163762 1.003681
6580.213952 0.997028
6580.26414 0.991634
6580.314325 0.985277
6580.364508 0.97771
6580.414687 0.968805
6580.464864 0.96572
6580.515038 0.958771
6580.565209 0.935136
6580.615377 0.917893
6580.665543 0.868758
6580.715706 0.818201
6580.765866 0.809212
6580.816023 0.831372
6580.866178 0.905587
6580.91633 0.954796
6580.966478 0.969707
6581.016625 0.978601
6581.066768 0.982475
6581.116909 0.98608
6581.167046 0.984828
6581.217181 0.992866
6581.267313 0.982714
6581.317443 0.980855
6581.36757 0.978205
6581.417693 0.987478
6581.467814 0.988373
6581.517933 0.977779
6581.568048 0.972188
6581.618161 0.951858
6581.668271 0.947349
6581.718378 0.956058
6581.768482 0.970259
6581.818584 0.976968
6581.868683 0.980415
6581.918778 0.982712
6581.968872 0.985831
6582.018962 0.985788
6582.06905 0.982572
6582.119134 0.971587
6582.169216 0.963485
6582.219296 0.951977
6582.269372 0.959057
6582.319446 0.964271
6582.369516 0.965438
6582.419585 0.956749
6582.46965 0.971286
6582.519712 0.979663
6582.569772 0.993131
6582.619829 0.996975
6582.669883 0.990711
6582.719934 0.983745
6582.769983 0.979974
6582.820028 0.989796
6582.870071 0.998296
6582.920111 1.009519
6582.970148 1.0105
6583.020183 1.005693
6583.070215 0.996457
6583.120244 0.979504
6583.17027 0.965036
6583.220293 0.939655
6583.270313 0.932348
6583.320331 0.956868
6583.370346 0.967672
6583.420358 0.981754
6583.470367 0.989932
6583.520374 1.001666
6583.570378 1.005499
6583.620379 1.014521
6583.670377 1.016014
6583.720372 1.006573
6583.770364 0.999103
6583.820354 0.992158
6583.870341 0.993635
6583.920325 0.981856
