6545.0644 0.986856
6545.11163 0.985807
6545.158857 0.979638
6545.206082 0.976141
6545.253303 0.969884
6545.300521 0.963841
6545.347737 0.960146
6545.394949 0.962064
6545.442159 0.962535
6545.489365 0.965182
6545.536568 0.964872
6545.583769 0.971413
6545.630966 0.973054
6545.67816 0.976873
6545.725352 0.975119
6545.77254 0.968452
6545.819725 0.967281
6545.866908 0.9669
6545.914087 0.977141
6545.961263 0.979852
6546.008437 0.976972
6546.055607 0.969483
6546.102774 0.96532
6546.149938 0.959374
6546.1971 0.959476
6546.244258 0.968075
6546.291413 0.982673
6546.338565 0.988259
6546.385715 0.985349
6546.432861 0.983011
6546.480004 0.978117
6546.527144 0.964974
6546.574282 0.937185
6546.621416 0.890525
6546.668547 0.821827
6546.715675 0.745524
6546.7628 0.697901
6546.809922 0.704535
6546.857041 0.763398
6546.904158 0.838096
6546.951271 0.900527
6546.998381 0.941181
6547.045488 0.960741
6547.092592 0.969243
6547.139693 0.970491
6547.186791 0.964995
6547.233886 0.961703
6547.280978 0.95803
6547.328067 0.949512
6547.375153 0.939569
6547.422236 0.930813
6547.469316 0.922891
6547.516393 0.922347
6547.563467 0.919392
6547.610538 0.918774
6547.657606 0.913468
6547.70467 0.898265
6547.751732 0.881721
6547.798791 0.880256
6547.845847 0.888509
6547.8929 0.900821
6547.939949 0.908687
6547.986996 0.912947
6548.03404 0.906583
6548.08108 0.899175
6548.128118 0.90104
6548.175153 0.907548
6548.222184 0.91381
6548.269213 0.923922
6548.316239 0.930276
6548.363261 0.9407
6548.410281 0.949474
6548.457297 0.954083
6548.504311 0.958555
6548.551321 0.946493
6548.598329 0.911584
6548.645333 0.885834
6548.692335 0.887036
6548.739333 0.917028
6548.786328 0.941096
6548.833321 0.9534
6548.88031 0.964384
6548.927296 0.973481
6548.974279 0.980698
6549.02126 0.988559
6549.068237 0.986162
6549.115211 0.990012
6549.162182 0.987755
6549.20915 0.985341
6549.256115 0.988387
6549.303077 0.986369
6549.350036 0.982374
6549.396992 0.979182
6549.443945 0.972305
6549.490895 0.967308
6549.537842 0.971727
6549.584786 0.975612
6549.631727 0.98082
6549.678665 0.985105
6549.725599 0.98899
6549.772531 0.987341
6549.81946 0.986841
6549.866386 0.983724
6549.913308 0.984339
6549.960228 0.981948
6550.007144 0.97978
6550.054058 0.977711
6550.100968 0.979189
6550.147876 0.982225
6550.19478 0.984746
6550.241682 0.987146
6550.28858 0.984609
6550.335476 0.987651
6550.382368 0.9818
6550.429257 0.983013
6550.476143 0.983716
6550.523027 0.983119
6550.569907 0.980781
6550.616784 0.979717
6550.663658 0.972034
6550.710529 0.959938
6550.757397 0.949384
6550.804262 0.944365
6550.851124 0.948784
6550.897983 0.960949
6550.944839 0.971896
6550.991691 0.980269
6551.038541 0.986408
6551.085388 0.987545
6551.132232 0.986629
6551.179072 0.987233
6551.22591 0.984676
6551.272744 0.979751
6551.319576 0.970431
6551.366404 0.964404
6551.41323 0.96062
6551.460052 0.959631
6551.506871 0.964818
6551.553688 0.977037
6551.600501 0.982566
6551.647311 0.984533
6551.694118 0.984311
6551.740923 0.983268
6551.787724 0.977137
6551.834522 0.964716
6551.881317 0.959924
6551.928109 0.953645
6551.974897 0.950937
6552.021683 0.942873
6552.068466 0.93006
6552.115246 0.908098
6552.162023 0.886187
6552.208796 0.880175
6552.255567 0.894714
6552.302334 0.923
6552.349099 0.954278
6552.39586 0.970002
6552.442619 0.976197
6552.489374 0.977286
6552.536126 0.9738
6552.582876 0.954812
6552.629622 0.923865
6552.676365 0.906119
6552.723105 0.920836
6552.769842 0.946364
6552.816576 0.956585
6552.863307 0.961883
6552.910035 0.959899
6552.95676 0.958338
6553.003482 0.958438
6553.0502 0.95623
6553.096916 0.951904
6553.143629 0.946135
6553.190338 0.942827
6553.237045 0.952988
6553.283748 0.961586
6553.330449 0.967913
6553.377146 0.966875
6553.42384 0.967585
6553.470532 0.965951
6553.51722 0.96072
6553.563905 0.967412
6553.610587 0.964123
6553.657266 0.958834
6553.703942 0.955074
6553.750615 0.950411
6553.797285 0.94113
6553.843952 0.950989
6553.890615 0.962221
6553.937276 0.969164
6553.983934 0.96747
6554.030588 0.968815
6554.07724 0.970551
6554.123888 0.971462
6554.170533 0.978769
6554.217176 0.975072
6554.263815 0.968231
6554.310451 0.965417
6554.357084 0.956547
6554.403714 0.958416
6554.450341 0.961837
6554.496965 0.96383
6554.543586 0.962455
6554.590204 0.951907
6554.636819 0.919153
6554.68343 0.875603
6554.730039 0.838073
6554.776645 0.830159
6554.823247 0.858781
6554.869847 0.894605
6554.916443 0.929992
6554.963036 0.95102
6555.009626 0.961835
6555.056214 0.963569
6555.102798 0.965466
6555.149379 0.961707
6555.195957 0.956084
6555.242532 0.950451
6555.289103 0.945147
6555.335672 0.936849
6555.382238 0.934115
6555.4288 0.939191
6555.47536 0.945831
6555.521916 0.946085
6555.56847 0.941895
6555.61502 0.932676
6555.661567 0.929574
6555.708112 0.928069
6555.754653 0.936208
6555.801191 0.940586
6555.847726 0.933151
6555.894258 0.908795
6555.940787 0.86753
6555.987312 0.842025
6556.033835 0.844672
6556.080355 0.868668
6556.126871 0.900347
6556.173385 0.921059
6556.219895 0.933458
6556.266402 0.931427
6556.312907 0.921872
6556.359408 0.910529
6556.405906 0.907592
6556.452401 0.891028
6556.498893 0.856135
6556.545382 0.81998
6556.591868 0.793346
6556.63835 0.803596
6556.68483 0.849981
6556.731307 0.893231
6556.77778 0.921681
6556.824251 0.937705
6556.870718 0.943793
6556.917182 0.94401
6556.963643 0.941784
6557.010101 0.943118
6557.056556 0.936001
6557.103008 0.933016
6557.149457 0.913728
6557.195903 0.878986
6557.242346 0.849339
6557.288785 0.845535
6557.335222 0.855623
6557.381655 0.871495
6557.428086 0.895311
6557.474513 0.923005
6557.520937 0.936896
6557.567358 0.943467
6557.613777 0.943934
6557.660191 0.950334
6557.706603 0.946829
6557.753012 0.951965
6557.799418 0.952578
6557.845821 0.949536
6557.89222 0.946847
6557.938617 0.940385
6557.98501 0.937111
6558.0314 0.933115
6558.077787 0.935359
6558.124172 0.930078
6558.170553 0.928578
6558.216931 0.930314
6558.263305 0.934042
6558.309677 0.938928
6558.356046 0.934482
6558.402412 0.935958
6558.448774 0.925695
6558.495134 0.91597
6558.54149 0.909966
6558.587843 0.893931
6558.634193 0.885021
6558.68054 0.884049
6558.726884 0.888418
6558.773225 0.904143
6558.819563 0.911741
6558.865898 0.933252
6558.912229 0.941028
6558.958558 0.936251
6559.004883 0.93516
6559.051206 0.93208
6559.097525 0.931034
6559.143841 0.938584
6559.190154 0.941286
6559.236464 0.942637
6559.282771 0.941943
6559.329075 0.929166
6559.375376 0.922375
6559.421673 0.921541
6559.467968 0.928501
6559.514259 0.931736
6559.560548 0.935318
6559.606833 0.940534
6559.653115 0.940974
6559.699394 0.93837
6559.74567 0.940528
6559.791943 0.938604
6559.838213 0.943301
6559.884479 0.935665
6559.930743 0.917755
6559.977003 0.893189
6560.023261 0.859729
6560.069515 0.828267
6560.115766 0.820255
6560.162014 0.842017
6560.208259 0.865645
6560.254501 0.889146
6560.30074 0.897669
6560.346976 0.901004
6560.393208 0.911215
6560.439438 0.910231
6560.485664 0.903558
6560.531887 0.903171
6560.578107 0.895729
6560.624325 0.894423
6560.670539 0.883235
6560.716749 0.866965
6560.762957 0.860676
6560.809162 0.859969
6560.855363 0.864128
6560.901562 0.866493
6560.947757 0.865991
6560.99395 0.855375
6561.040139 0.828839
6561.086325 0.79705
6561.132508 0.787501
6561.178688 0.796152
6561.224864 0.817319
6561.271038 0.840387
6561.317209 0.852981
6561.363376 0.864161
6561.40954 0.868626
6561.455701 0.871861
6561.50186 0.871011
6561.548015 0.869199
6561.594166 0.869812
6561.640315 0.868366
6561.686461 0.867669
6561.732604 0.86886
6561.778743 0.865312
6561.824879 0.859967
6561.871013 0.856708
6561.917143 0.858774
6561.96327 0.854415
6562.009394 0.854245
6562.055515 0.849883
6562.101632 0.845777
6562.147747 0.836911
6562.193858 0.832748
6562.239967 0.822341
6562.286072 0.809005
6562.332174 0.794635
6562.378273 0.780693
6562.424369 0.765622
6562.470462 0.749816
6562.516552 0.730093
6562.562638 0.710374
6562.608722 0.685903
6562.654802 0.659787
6562.700879 0.626894
6562.746953 0.594983
6562.793024 0.565764
6562.839092 0.540953
6562.885157 0.513771
6562.931219 0.493985
6562.977277 0.475987
6563.023333 0.462317
6563.069385 0.447719
6563.115434 0.436655
6563.16148 0.424088
6563.207523 0.413684
6563.253563 0.404924
6563.2996 0.395841
6563.345634 0.387084
6563.391664 0.380327
6563.437692 0.373026
6563.483716 0.365759
6563.529737 0.354102
6563.575755 0.350568
6563.62177 0.350148
6563.667782 0.350459
6563.71379 0.351071
6563.759796 0.357588
6563.805798 0.35871
6563.851798 0.368393
6563.897794 0.373723
6563.943787 0.386642
6563.989777 0.405449
6564.035764 0.42623
6564.081748 0.450081
6564.127728 0.470478
6564.173706 0.485807
6564.21968 0.495325
6564.265651 0.508741
6564.311619 0.528587
6564.357584 0.549235
6564.403546 0.555837
6564.449505 0.55656
6564.49546 0.548489
6564.541413 0.545627
6564.587362 0.548403
6564.633309 0.555115
6564.679252 0.567565
6564.725192 0.585648
6564.771128 0.605094
6564.817062 0.618335
6564.862993 0.628121
6564.90892 0.63935
6564.954845 0.649174
6565.000766 0.656648
6565.046684 0.662191
6565.092599 0.673203
6565.138511 0.676265
6565.18442 0.683865
6565.230325 0.689305
6565.276228 0.6996
6565.322127 0.70871
6565.368023 0.715839
6565.413916 0.723374
6565.459806 0.731458
6565.505693 0.737552
6565.551577 0.745729
6565.597457 0.755824
6565.643335 0.760676
6565.689209 0.770115
6565.73508 0.778746
6565.780948 0.78012
6565.826813 0.779607
6565.872675 0.772957
6565.918533 0.765879
6565.964389 0.756151
6566.010241 0.755504
6566.05609 0.76114
6566.101936 0.779598
6566.147779 0.799013
6566.193619 0.824542
6566.239456 0.840565
6566.28529 0.853217
6566.33112 0.855127
6566.376947 0.848472
6566.422771 0.851483
6566.468592 0.853562
6566.481231 0.853369
6566.532123 0.861933
6566.583013 0.871227
6566.6339 0.876322
6566.684784 0.882599
6566.735666 0.896155
6566.786545 0.894852
6566.837422 0.904636
6566.888296 0.909138
6566.939167 0.909631
6566.990036 0.909888
6567.040903 0.908556
6567.091767 0.90607
6567.142628 0.913592
6567.193486 0.911814
6567.244342 0.910802
6567.295196 0.913334
6567.346047 0.915762
6567.396895 0.918177
6567.447741 0.91466
6567.498584 0.910151
6567.549424 0.911226
6567.600262 0.916777
6567.651097 0.916593
6567.70193 0.919348
6567.75276 0.926511
6567.803588 0.92824
6567.854413 0.92294
6567.905235 0.919746
6567.956055 0.922328
6568.006872 0.925616
6568.057687 0.936641
6568.108499 0.942195
6568.159308 0.955308
6568.210115 0.935096
6568.260919 0.93666
6568.311721 0.936942
6568.36252 0.943284
6568.413316 0.955702
6568.46411 0.951113
6568.514901 0.953026
6568.56569 0.949489
6568.616476 0.954215
6568.667259 0.947449
6568.71804 0.954356
6568.768818 0.954475
6568.819594 0.929488
6568.870367 0.928752
6568.921137 0.935784
6568.971905 0.942523
6569.02267 0.949462
6569.073433 0.948725
6569.124193 0.952372
6569.17495 0.955231
6569.225705 0.951904
6569.276457 0.953143
6569.327207 0.942958
6569.377954 0.92473
6569.428698 0.918374
6569.47944 0.916049
6569.530179 0.904146
6569.580916 0.886132
6569.63165 0.844018
6569.682381 0.798448
6569.73311 0.745512
6569.783836 0.743307
6569.83456 0.793668
6569.885281 0.848389
6569.935999 0.900749
6569.986715 0.937426
6570.037428 0.937947
6570.088138 0.947277
6570.138846 0.943772
6570.189551 0.943105
6570.240254 0.937141
6570.290954 0.926031
6570.341651 0.905418
6570.392346 0.886403
6570.443038 0.88068
6570.493728 0.882007
6570.544415 0.899241
6570.595099 0.900923
6570.645781 0.90257
6570.69646 0.901367
6570.747136 0.904911
6570.79781 0.90506
6570.848481 0.914024
6570.89915 0.914445
6570.949816 0.900309
6571.000479 0.888417
6571.05114 0.879193
6571.101798 0.878199
6571.152454 0.874073
6571.203107 0.870569
6571.253757 0.867709
6571.304405 0.87104
6571.35505 0.885333
6571.405692 0.907541
6571.456332 0.921031
6571.506969 0.932117
6571.557603 0.910047
6571.608235 0.895859
6571.658865 0.910154
6571.709491 0.920185
6571.760115 0.928608
6571.810736 0.945005
6571.861355 0.962336
6571.911971 0.948523
6571.962585 0.951796
6572.013196 0.935833
6572.063804 0.921327
6572.114409 0.907553
6572.165012 0.914566
6572.215613 0.921629
6572.26621 0.950488
6572.316805 0.95476
6572.367398 0.946388
6572.417988 0.930543
6572.468575 0.932034
6572.519159 0.940373
6572.569741 0.940747
6572.62032 0.938416
6572.670897 0.946437
6572.721471 0.942604
6572.772042 0.942206
6572.822611 0.942362
6572.873177 0.947819
6572.923741 0.954219
6572.974301 0.946547
6573.024859 0.942927
6573.075415 0.928804
6573.125968 0.927822
6573.176518 0.874117
6573.227066 0.821221
6573.27761 0.765344
6573.328153 0.759272
6573.378692 0.778253
6573.429229 0.823418
6573.479764 0.883844
6573.530295 0.923898
6573.580825 0.943752
6573.631351 0.951154
6573.681875 0.978089
6573.732396 0.964781
6573.782914 0.972111
6573.83343 0.950768
6573.883943 0.945006
6573.934454 0.954811
6573.984962 0.959863
6574.035467 0.95796
6574.08597 0.956518
6574.136469 0.960877
6574.186967 0.953934
6574.237461 0.955791
6574.287953 0.921969
6574.338443 0.940588
6574.388929 0.973441
6574.439413 0.938993
6574.489895 0.939592
6574.540373 0.935536
6574.590849 0.914754
6574.641323 0.872098
6574.691794 0.813989
6574.742262 0.752711
6574.792727 0.758285
6574.84319 0.771539
6574.89365 0.828017
6574.944107 0.874385
6574.994562 0.933939
6575.045014 0.963305
6575.095464 0.965335
6575.145911 0.953679
6575.196355 0.952792
6575.246796 0.934491
6575.297235 0.928698
6575.347671 0.912066
6575.398105 0.881984
6575.448536 0.826615
6575.498964 0.76735
6575.549389 0.720892
6575.599812 0.729502
6575.650232 0.785632
6575.70065 0.844386
6575.751065 0.886439
6575.801477 0.90817
6575.851887 0.923962
6575.902293 0.903947
6575.952698 0.909307
6576.003099 0.916705
6576.053498 0.921956
6576.103894 0.919275
6576.154288 0.924232
6576.204679 0.927279
6576.255067 0.931272
6576.305452 0.92401
6576.355835 0.917365
6576.406215 0.913757
6576.456593 0.90957
6576.506968 0.905001
6576.55734 0.907204
6576.607709 0.949462
6576.658076 0.911324
6576.70844 0.887798
6576.758802 0.906355
6576.80916 0.911474
6576.859516 0.902733
6576.90987 0.914446
6576.960221 0.920956
6577.010569 0.925471
6577.060914 0.922675
6577.111257 0.918033
6577.161597 0.903017
6577.211934 0.934919
6577.262269 0.92574
6577.312601 0.917435
6577.36293 0.923375
6577.413257 0.919844
6577.463581 0.931591
6577.513902 0.950321
6577.564221 0.957354
6577.614537 0.968299
6577.66485 0.978434
6577.71516 0.983269
6577.765468 0.974783
6577.815773 0.945654
6577.866076 0.960195
6577.916376 0.956731
6577.966673 0.945418
6578.016967 0.95245
6578.067259 0.950274
6578.117548 0.945567
6578.167834 0.96
6578.218118 0.952897
6578.268399 0.968719
6578.318677 0.972314
6578.368953 0.972232
6578.419226 0.970507
6578.469496 0.97428
6578.519764 0.970608
6578.570028 0.976513
6578.620291 0.957372
6578.67055 0.953328
6578.720807 0.963317
6578.771061 0.978475
6578.821312 0.998544
6578.871561 0.99903
6578.921807 1.001963
6578.97205 0.962848
6579.022291 0.968066
6579.072529 0.96681
6579.122764 0.97181
6579.172996 0.96273
6579.223226 0.966583
6579.273453 0.968302
6579.323678 0.969775
6579.373899 0.930343
6579.424118 0.93279
6579.474335 0.956567
6579.524548 0.956548
6579.574759 0.975362
6579.624967 0.970656
6579.675173 0.969206
6579.725376 0.975926
6579.775576 0.98175
6579.825773 0.967721
6579.875968 0.960511
6579.92616 0.964394
6579.976349 0.959371
6580.026536 0.973253
6580.07672 0.966509
6580.126901 0.969254
6580.177079 0.963259
6580.227255 0.963881
6580.277428 0.9705
6580.327599 0.966025
6580.377766 0.965034
6580.427931 0.967228
6580.478093 0.963643
6580.528253 0.956554
6580.57841 0.960955
6580.628564 0.945777
6580.678715 0.919488
6580.728864 0.91614
6580.77901 0.895693
6580.829153 0.900627
6580.879294 0.925419
6580.929431 0.944269
6580.979567 0.965388
6581.029699 0.961416
6581.079829 0.977594
6581.129956 0.974265
6581.18008 0.975256
6581.230201 0.966817
6581.28032 0.941336
6581.330436 0.937094
6581.38055 0.949956
6581.43066 0.910715
6581.480768 0.895371
6581.530873 0.887042
6581.580976 0.878027
6581.631076 0.852295
6581.681173 0.838033
6581.731267 0.810985
6581.781359 0.821031
6581.831448 0.872939
6581.881534 0.923553
6581.931617 0.96614
6581.981698 0.969533
6582.031776 0.925838
6582.081851 0.916762
6582.131924 0.915261
6582.181994 0.926553
6582.232061 0.942095
6582.282125 0.966221
6582.332187 0.950829
6582.382246 0.954358
6582.432302 0.949952
6582.482356 0.953688
6582.532406 0.952967
6582.582455 0.940287
6582.6325 0.909004
6582.682542 0.899822
6582.732582 0.938727
6582.782619 0.916353
6582.832654 0.919324
6582.882685 0.941115
6582.932714 0.942619
6582.982741 0.973671
6583.032764 0.960234
6583.082785 0.951471
6583.132803 0.937822
6583.182818 0.932755
6583.232831 0.932156
6583.28284 0.918843
6583.332847 0.939835
6583.382852 0.947004
6583.432853 0.953294
6583.482852 0.930521
6583.532848 0.978115
6583.582842 0.992917
6583.632832 0.977215
6583.68282 0.967111
6583.732805 0.953085
6583.782788 0.955191
6583.832768 0.95735
6583.882745 0.970347
6583.932719 0.980657
