6545.071575 0.988961
6545.1188 0.985966
6545.166022 0.989345
6545.213241 0.98122
6545.260457 0.967752
6545.307669 0.962546
6545.354879 0.957247
6545.402086 0.958171
6545.44929 0.96487
6545.496491 0.965749
6545.543689 0.965925
6545.590883 0.967816
6545.638075 0.975096
6545.685264 0.975052
6545.73245 0.977803
6545.779633 0.974349
6545.826813 0.976076
6545.873989 0.976752
6545.921163 0.975363
6545.968334 0.980894
6546.015502 0.974367
6546.062667 0.971709
6546.109828 0.957564
6546.156987 0.952105
6546.204143 0.953982
6546.251296 0.966743
6546.298446 0.980521
6546.345592 0.984042
6546.392736 0.987629
6546.439877 0.989981
6546.487015 0.974383
6546.53415 0.961493
6546.581281 0.926574
6546.62841 0.871092
6546.675536 0.79857
6546.722659 0.723085
6546.769778 0.683438
6546.816895 0.702831
6546.864009 0.760897
6546.911119 0.843998
6546.958227 0.914044
6547.005332 0.949756
6547.052433 0.967898
6547.099532 0.975759
6547.146628 0.974395
6547.19372 0.978551
6547.24081 0.976187
6547.287897 0.966543
6547.33498 0.959067
6547.382061 0.945944
6547.429139 0.928627
6547.476213 0.926108
6547.523285 0.927586
6547.570353 0.926845
6547.617419 0.932133
6547.664481 0.926707
6547.711541 0.911565
6547.758597 0.896602
6547.805651 0.89008
6547.852701 0.889309
6547.899749 0.901735
6547.946793 0.905514
6547.993835 0.902963
6548.040873 0.899707
6548.087908 0.889194
6548.134941 0.892048
6548.18197 0.898449
6548.228997 0.908009
6548.27602 0.915357
6548.32304 0.92337
6548.370058 0.923428
6548.417072 0.932534
6548.464083 0.939746
6548.511091 0.943238
6548.558097 0.932849
6548.605099 0.923819
6548.652098 0.919834
6548.699094 0.919635
6548.746087 0.934522
6548.793077 0.949025
6548.840064 0.960705
6548.887049 0.968594
6548.93403 0.977247
6548.981008 0.981573
6549.027983 0.990196
6549.074955 0.988375
6549.121924 0.987658
6549.16889 0.991152
6549.215852 0.996932
6549.262812 0.993101
6549.309769 0.988133
6549.356723 0.982967
6549.403674 0.975006
6549.450622 0.96939
6549.497566 0.966232
6549.544508 0.968605
6549.591447 0.97152
6549.638383 0.984354
6549.685315 0.985588
6549.732245 0.983847
6549.779172 0.982494
6549.826095 0.98491
6549.873016 0.977384
6549.919933 0.978735
6549.966848 0.979594
6550.013759 0.978328
6550.060668 0.978766
6550.107573 0.980515
6550.154475 0.979958
6550.201375 0.981209
6550.248271 0.985551
6550.295164 0.987305
6550.342055 0.987933
6550.388942 0.99134
6550.435826 0.98454
6550.482707 0.977739
6550.529585 0.985483
6550.576461 0.979497
6550.623333 0.979669
6550.670202 0.969769
6550.717068 0.955573
6550.763931 0.950016
6550.810791 0.941337
6550.857648 0.948161
6550.904501 0.95888
6550.951352 0.97314
6550.9982 0.981497
6551.045045 0.983872
6551.091887 0.987319
6551.138725 0.984379
6551.185561 0.988991
6551.232394 0.989245
6551.279223 0.979248
6551.32605 0.974124
6551.372873 0.962152
6551.419694 0.957444
6551.466511 0.965249
6551.513325 0.970815
6551.560137 0.977576
6551.606945 0.989802
6551.65375 0.990223
6551.700553 0.989025
6551.747352 0.980487
6551.794148 0.973429
6551.840941 0.970568
6551.887731 0.961049
6551.934518 0.950042
6551.981302 0.944418
6552.028083 0.940664
6552.074861 0.92556
6552.121636 0.899306
6552.168408 0.882697
6552.215177 0.877559
6552.261942 0.893964
6552.308705 0.925498
6552.355465 0.952139
6552.402221 0.974764
6552.448975 0.980004
6552.495725 0.980037
6552.542473 0.97733
6552.589217 0.965599
6552.635959 0.968849
6552.682697 0.961633
6552.729432 0.964385
6552.776165 0.971146
6552.822894 0.974143
6552.86962 0.970364
6552.916343 0.957737
6552.963063 0.956572
6553.00978 0.957661
6553.056494 0.958709
6553.103205 0.95012
6553.149913 0.940118
6553.196618 0.946389
6553.243319 0.954444
6553.290018 0.958274
6553.336714 0.968151
6553.383406 0.965344
6553.430096 0.963912
6553.476782 0.960116
6553.523466 0.964253
6553.570146 0.96314
6553.616824 0.964795
6553.663498 0.962423
6553.710169 0.957958
6553.756837 0.952812
6553.803502 0.95819
6553.850164 0.967943
6553.896823 0.972371
6553.943479 0.9715
6553.990132 0.970347
6554.036782 0.969323
6554.083429 0.970474
6554.130073 0.972362
6554.176713 0.976593
6554.223351 0.974224
6554.269986 0.968657
6554.316617 0.962886
6554.363246 0.959256
6554.409871 0.955098
6554.456493 0.963882
6554.503113 0.964188
6554.549729 0.959933
6554.596342 0.941902
6554.642952 0.909483
6554.689559 0.861089
6554.736163 0.828374
6554.782764 0.829445
6554.829362 0.85255
6554.875957 0.896081
6554.922549 0.933806
6554.969137 0.952535
6555.015723 0.965277
6555.062306 0.971991
6555.108885 0.977038
6555.155462 0.969967
6555.202035 0.963965
6555.248605 0.953926
6555.295173 0.948415
6555.341737 0.939704
6555.388298 0.943936
6555.434856 0.946167
6555.481411 0.947615
6555.527963 0.949509
6555.574512 0.945223
6555.621058 0.933463
6555.6676 0.930244
6555.71414 0.933168
6555.760677 0.938281
6555.80721 0.938978
6555.853741 0.921454
6555.900268 0.893968
6555.946792 0.856086
6555.993314 0.834752
6556.039832 0.84239
6556.086347 0.876351
6556.132859 0.903661
6556.179368 0.92643
6556.225874 0.932729
6556.272377 0.931026
6556.318877 0.922503
6556.365373 0.913959
6556.411867 0.908755
6556.458358 0.893028
6556.504845 0.84768
6556.55133 0.812268
6556.597811 0.78795
6556.644289 0.810193
6556.690764 0.857464
6556.737237 0.899673
6556.783706 0.928889
6556.830172 0.94208
6556.876635 0.946535
6556.923094 0.939307
6556.969551 0.949427
6557.016005 0.947002
6557.062455 0.942172
6557.108903 0.936256
6557.155347 0.919171
6557.201789 0.898931
6557.248227 0.872736
6557.294662 0.86049
6557.341095 0.854719
6557.387524 0.871919
6557.43395 0.901217
6557.480373 0.919505
6557.526793 0.931319
6557.573209 0.939584
6557.619623 0.93963
6557.666034 0.939548
6557.712441 0.947498
6557.758846 0.945802
6557.805247 0.945522
6557.851645 0.949429
6557.898041 0.953892
6557.944433 0.944464
6557.990822 0.942006
6558.037208 0.935547
6558.083591 0.936191
6558.12997 0.945279
6558.176347 0.942171
6558.222721 0.942826
6558.269091 0.940367
6558.315459 0.937141
6558.361823 0.93598
6558.408185 0.934805
6558.454543 0.929652
6558.500898 0.919452
6558.54725 0.902704
6558.593599 0.891287
6558.639945 0.878504
6558.686288 0.881714
6558.732627 0.8899
6558.778964 0.901154
6558.825298 0.919627
6558.871628 0.92864
6558.917956 0.938595
6558.96428 0.93221
6559.010601 0.925916
6559.056919 0.923242
6559.103234 0.933659
6559.149546 0.945416
6559.195855 0.948642
6559.242161 0.945814
6559.288463 0.938619
6559.334763 0.929898
6559.381059 0.93074
6559.427353 0.928679
6559.473643 0.930176
6559.51993 0.938396
6559.566214 0.943735
6559.612495 0.942861
6559.658773 0.940621
6559.705048 0.942164
6559.75132 0.943625
6559.797589 0.942474
6559.843854 0.939882
6559.890117 0.932448
6559.936376 0.920477
6559.982632 0.893583
6560.028886 0.850462
6560.075136 0.828671
6560.121383 0.818733
6560.167627 0.841575
6560.213867 0.86971
6560.260105 0.891216
6560.30634 0.901472
6560.352571 0.904855
6560.3988 0.919913
6560.445025 0.921206
6560.491247 0.921201
6560.537466 0.919545
6560.583682 0.911432
6560.629895 0.90678
6560.676105 0.889677
6560.722312 0.873551
6560.768516 0.866755
6560.814716 0.862865
6560.860914 0.868689
6560.907108 0.878253
6560.953299 0.873613
6560.999487 0.846368
6561.045672 0.822463
6561.091854 0.797153
6561.138033 0.799405
6561.184209 0.806375
6561.230381 0.820294
6561.276551 0.84392
6561.322717 0.856913
6561.368881 0.86989
6561.415041 0.870533
6561.461198 0.864968
6561.507352 0.869692
6561.553503 0.871286
6561.599651 0.876423
6561.645795 0.871657
6561.691937 0.860904
6561.738075 0.855225
6561.784211 0.853772
6561.830343 0.856187
6561.876472 0.851512
6561.922598 0.854459
6561.968721 0.855972
6562.014841 0.854786
6562.060958 0.85122
6562.107071 0.847543
6562.153182 0.838316
6562.199289 0.83359
6562.245394 0.821997
6562.291495 0.809406
6562.337593 0.795902
6562.383688 0.778746
6562.42978 0.766154
6562.475869 0.749212
6562.521954 0.731095
6562.568037 0.709353
6562.614116 0.682966
6562.660192 0.652195
6562.706266 0.623386
6562.752336 0.592535
6562.798403 0.565525
6562.844466 0.535482
6562.890527 0.51846
6562.936585 0.495966
6562.982639 0.481549
6563.028691 0.466425
6563.074739 0.453839
6563.120784 0.443612
6563.166826 0.43371
6563.212865 0.422733
6563.258901 0.41353
6563.304934 0.408331
6563.350963 0.399798
6563.39699 0.394827
6563.443013 0.3909
6563.489033 0.379138
6563.53505 0.37369
6563.581064 0.368053
6563.627075 0.367452
6563.673083 0.367012
6563.719088 0.368458
6563.765089 0.371874
6563.811088 0.37337
6563.857083 0.376797
6563.903075 0.386755
6563.949064 0.399697
6563.99505 0.415577
6564.041033 0.438253
6564.087013 0.462342
6564.132989 0.488221
6564.178963 0.510133
6564.224933 0.52082
6564.2709 0.531208
6564.316864 0.543827
6564.362825 0.552292
6564.408783 0.556659
6564.454738 0.55042
6564.500689 0.544808
6564.546638 0.541685
6564.592583 0.537226
6564.638525 0.54761
6564.684464 0.561998
6564.7304 0.574664
6564.776333 0.592359
6564.822263 0.608317
6564.868189 0.614332
6564.914113 0.62807
6564.960033 0.629534
6565.00595 0.640131
6565.051864 0.643058
6565.097775 0.649564
6565.143683 0.661367
6565.189588 0.664966
6565.235489 0.672063
6565.281388 0.682935
6565.327283 0.690912
6565.373175 0.697768
6565.419064 0.703845
6565.46495 0.717656
6565.510833 0.724922
6565.556712 0.726503
6565.602589 0.737272
6565.648462 0.745988
6565.694332 0.75986
6565.7402 0.76394
6565.786064 0.76792
6565.831924 0.765658
6565.877782 0.764933
6565.923637 0.751365
6565.969488 0.742553
6566.015336 0.74229
6566.061182 0.746895
6566.107024 0.767986
6566.152863 0.794328
6566.198698 0.810621
6566.244531 0.82507
6566.29036 0.841669
6566.336187 0.84128
6566.38201 0.840663
6566.42783 0.845498
6566.473647 0.847222
6566.484619 0.848536
6566.535545 0.856374
6566.586469 0.863231
6566.63739 0.872035
6566.688308 0.877974
6566.739223 0.890857
6566.790136 0.893473
6566.841046 0.894587
6566.891953 0.901672
6566.942858 0.904864
6566.99376 0.905031
6567.044659 0.905069
6567.095555 0.908017
6567.146449 0.908004
6567.197341 0.905133
6567.248229 0.907664
6567.299115 0.907269
6567.349998 0.909169
6567.400878 0.915147
6567.451756 0.9123
6567.502631 0.914755
6567.553503 0.911584
6567.604373 0.916214
6567.65524 0.917011
6567.706104 0.924311
6567.756966 0.921619
6567.807825 0.923499
6567.858681 0.920644
6567.909534 0.92846
6567.960385 0.918398
6568.011233 0.919645
6568.062079 0.925663
6568.112921 0.938684
6568.163761 0.94884
6568.214599 0.947243
6568.265433 0.937554
6568.316265 0.947884
6568.367094 0.943044
6568.417921 0.95394
6568.468745 0.948573
6568.519566 0.940745
6568.570384 0.950819
6568.6212 0.952503
6568.672013 0.961001
6568.722823 0.954168
6568.773631 0.954041
6568.824436 0.950696
6568.875238 0.934856
6568.926037 0.942949
6568.976834 0.950373
6569.027628 0.948171
6569.07842 0.948487
6569.129208 0.952441
6569.179994 0.950335
6569.230778 0.951074
6569.281558 0.945554
6569.332336 0.92682
6569.383111 0.937138
6569.433884 0.921814
6569.484654 0.902204
6569.535421 0.901516
6569.586185 0.877832
6569.636947 0.839882
6569.687706 0.785385
6569.738462 0.737993
6569.789215 0.750626
6569.839966 0.804109
6569.890714 0.871106
6569.94146 0.900377
6569.992202 0.937094
6570.042942 0.945508
6570.09368 0.947576
6570.144414 0.948803
6570.195146 0.946811
6570.245875 0.953974
6570.296602 0.938506
6570.347326 0.910853
6570.398047 0.900402
6570.448765 0.888622
6570.49948 0.898942
6570.550193 0.900129
6570.600904 0.907891
6570.651611 0.907494
6570.702316 0.910364
6570.753018 0.899774
6570.803717 0.907527
6570.854414 0.904388
6570.905108 0.909124
6570.955799 0.900758
6571.006487 0.880698
6571.057173 0.881587
6571.107856 0.877539
6571.158537 0.871646
6571.209214 0.867426
6571.259889 0.857921
6571.310561 0.862895
6571.361231 0.872068
6571.411898 0.886281
6571.462562 0.898733
6571.513223 0.904317
6571.563881 0.897654
6571.614537 0.905506
6571.665191 0.905879
6571.715841 0.910254
6571.766489 0.931034
6571.817134 0.948606
6571.867776 0.953774
6571.918416 0.955314
6571.969052 0.953311
6572.019687 0.949483
6572.070318 0.950432
6572.120947 0.940645
6572.171573 0.943626
6572.222196 0.949775
6572.272816 0.953503
6572.323434 0.955938
6572.374049 0.954528
6572.424662 0.94651
6572.475271 0.947592
6572.525878 0.965014
6572.576482 0.937332
6572.627084 0.933748
6572.677683 0.943639
6572.728279 0.938191
6572.778872 0.925746
6572.829463 0.941625
6572.88005 0.948813
6572.930636 0.954192
6572.981218 0.955153
6573.031798 0.953803
6573.082375 0.948204
6573.132949 0.916859
6573.18352 0.872383
6573.234089 0.812605
6573.284655 0.765943
6573.335218 0.739347
6573.385779 0.77494
6573.436337 0.843812
6573.486892 0.899068
6573.537444 0.935795
6573.587994 0.963241
6573.638541 0.977148
6573.689085 0.959109
6573.739626 0.951458
6573.790165 0.953185
6573.840701 0.971754
6573.891234 0.965855
6573.941765 0.958206
6573.992293 0.963546
6574.042818 0.965087
6574.09334 0.966833
6574.14386 0.957566
6574.194377 0.951455
6574.244891 0.938803
6574.295402 0.951896
6574.345911 0.95537
6574.396417 0.936323
6574.44692 0.944666
6574.497421 0.950873
6574.547918 0.945853
6574.598413 0.913946
6574.648906 0.859546
6574.699395 0.792012
6574.749882 0.751593
6574.800366 0.774122
6574.850847 0.817362
6574.901326 0.864606
6574.951802 0.913537
6575.002275 0.943069
6575.052745 0.961531
6575.103213 0.966445
6575.153678 0.959529
6575.20414 0.953583
6575.254599 0.946949
6575.305056 0.935286
6575.35551 0.90745
6575.405961 0.882414
6575.456409 0.817891
6575.506855 0.75367
6575.557298 0.716462
6575.607738 0.749983
6575.658176 0.802657
6575.70861 0.859906
6575.759042 0.895582
6575.809472 0.913392
6575.859898 0.923728
6575.910322 0.941301
6575.960743 0.94283
6576.011161 0.928759
6576.061577 0.937476
6576.111989 0.933097
6576.162399 0.939682
6576.212807 0.938735
6576.263211 0.929965
6576.313613 0.927878
6576.364012 0.912188
6576.414408 0.914526
6576.464802 0.91085
6576.515193 0.916219
6576.565581 0.918505
6576.615966 0.912603
6576.666349 0.897786
6576.716728 0.893737
6576.767105 0.903148
6576.81748 0.889135
6576.867851 0.913995
6576.91822 0.915135
6576.968586 0.925548
6577.018949 0.930756
6577.06931 0.924
6577.119668 0.918196
6577.170023 0.904015
6577.220375 0.905122
6577.270725 0.916706
6577.321071 0.913417
6577.371416 0.921247
6577.421757 0.921941
6577.472095 0.939317
6577.522431 0.955825
6577.572764 0.970536
6577.623094 0.971656
6577.673422 0.977305
6577.723747 0.972423
6577.774069 0.97608
6577.824388 0.976607
6577.874704 0.97125
6577.925018 0.962822
6577.975329 0.968332
6578.025637 0.964246
6578.075943 0.955698
6578.126246 0.964159
6578.176546 0.958857
6578.226843 0.96856
6578.277137 0.976251
6578.327429 0.974896
6578.377718 0.971906
6578.428004 0.984696
6578.478287 0.981817
6578.528568 0.973285
6578.578846 0.962551
6578.629121 0.96389
6578.679393 0.978477
6578.729663 0.977093
6578.77993 0.981675
6578.830194 0.965667
6578.880455 0.967692
6578.930714 0.973808
6578.980969 0.970032
6579.031222 0.967606
6579.081473 0.966458
6579.13172 0.97332
6579.181965 0.970531
6579.232207 0.964691
6579.282446 0.969955
6579.332683 0.94735
6579.382916 0.961183
6579.433147 0.946919
6579.483375 0.955882
6579.533601 0.954985
6579.583823 0.975225
6579.634043 0.963097
6579.68426 0.970682
6579.734474 0.980339
6579.784686 0.973485
6579.834895 0.96721
6579.885101 0.960923
6579.935304 0.961392
6579.985504 0.98809
6580.035702 0.986928
6580.085897 1.006419
6580.136089 0.958295
6580.186279 1.009455
6580.236465 0.973615
6580.286649 0.96978
6580.33683 0.981622
6580.387008 0.974978
6580.437184 0.963238
6580.487357 0.964417
6580.537527 0.958153
6580.587694 0.955984
6580.637858 0.952764
6580.68802 0.935243
6580.738179 0.921228
6580.788335 0.928865
6580.838488 0.943376
6580.888639 0.948509
6580.938787 0.959521
6580.988932 0.98576
6581.039074 0.989808
6581.089213 0.984942
6581.13935 0.974794
6581.189484 0.980503
6581.239615 0.974294
6581.289744 0.981716
6581.339869 0.961345
6581.389992 0.931596
6581.440112 0.914465
6581.490229 0.90367
6581.540344 0.893357
6581.590455 0.89721
6581.640564 0.854235
6581.69067 0.818535
6581.740774 0.801185
6581.790874 0.822833
6581.840972 0.878793
6581.891067 0.939488
6581.941159 0.956797
6581.991249 0.946221
6582.041336 0.949926
6582.091419 0.943631
6582.141501 0.943441
6582.191579 0.953919
6582.241654 0.940132
6582.291727 0.950912
6582.341797 0.956041
6582.391864 0.956594
6582.441929 0.950648
6582.49199 0.946842
6582.542049 0.942454
6582.592105 0.929577
6582.642159 0.905184
6582.692209 0.907192
6582.742257 0.916127
6582.792302 0.92969
6582.842344 0.935139
6582.892383 0.948582
6582.94242 0.952315
6582.992453 0.96226
6583.042484 0.976098
6583.092513 0.942108
6583.142538 0.938591
6583.192561 0.936242
6583.24258 0.937252
6583.292597 0.948777
6583.342612 0.942745
6583.392623 0.948151
6583.442632 0.933824
6583.492638 1.00645
6583.542641 0.996826
6583.592641 0.956786
6583.642638 0.953573
6583.692633 0.955022
6583.742625 0.965783
6583.792614 0.972837
6583.842601 0.968096
6583.892584 0.969762
6583.942565 0.972293
