3.81591445922	0.982029
3.815916118083	0.97984745744858
3.815917776946	0.97782193356823
3.815919435809	0.97704634853237
3.815921094672	0.97583970529722
3.8159227535351	0.97312305502735
3.8159244123981	0.97003481972048
3.8159260712611	0.96620346992079
3.8159277301241	0.96402584078317
3.8159293889871	0.96391305260618
3.8159310478501	0.96221143551502
3.8159327067131	0.95924219581504
3.8159343655761	0.95668024241063
3.8159360244391	0.95432083825048
3.8159376833021	0.95523514796119
3.8159393421651	0.95707456814621
3.8159410010281	0.95848436209469
3.8159426598911	0.95984714284022
3.8159443187541	0.96265089439162
3.8159459776171	0.96513821964049
3.8159476364801	0.96520920722027
3.8159492953431	0.96506626860647
3.8159509542061	0.96419954144497
3.8159526130691	0.96484888504132
3.8159542719321	0.96843365953107
3.8159559307952	0.9690530147485
3.8159575896582	0.96609375037759
3.8159592485212	0.96199159968511
3.8159609073842	0.95701258344298
3.8159625662472	0.9539890070204
3.8159642251102	0.95189099691177
3.8159658839732	0.95044867810656
3.8159675428362	0.94917886550131
3.8159692016992	0.95380431704254
3.8159708605622	0.95908843979048
3.8159725194252	0.96646192250883
3.8159741782882	0.97257204264411
3.8159758371512	0.97033614642361
3.8159774960142	0.96728606095878
3.8159791548772	0.96172667166805
3.8159808137402	0.95743241899933
3.8159824726032	0.95540080460896
3.8159841314662	0.95289647795488
3.8159857903292	0.94986428089069
3.8159874491923	0.94900826401734
3.8159891080553	0.94968749456947
3.8159907669183	0.95386539738417
3.8159924257813	0.95953996029267
3.8159940846443	0.96548129199149
3.8159957435073	0.97148333757922
3.8159974023703	0.97648718273341
3.8159990612333	0.98124821152037
3.8160007200963	0.98233711474777
3.8160023789593	0.98282087528502
3.8160040378223	0.98007912170055
3.8160056966853	0.97646017045826
3.8160073555483	0.97050151310829
3.8160090144113	0.96319152654226
3.8160106732743	0.95374581644775
3.8160123321373	0.93907896173478
3.8160139910003	0.91924384288216
3.8160156498633	0.89162503927258
3.8160173087263	0.85918794225558
3.8160189675894	0.82132321427168
3.8160206264524	0.78148042819015
3.8160222853154	0.74368778581065
3.8160239441784	0.70626171537263
3.8160256030414	0.68957095827806
3.8160272619044	0.67594687547667
3.8160289207674	0.68882992334763
3.8160305796304	0.70721743215075
3.8160322384934	0.74828610995621
3.8160338973564	0.78928410693186
3.8160355562194	0.830125665073
3.8160372150824	0.86621708931223
3.8160388739454	0.89594178374974
3.8160405328084	0.91984570165342
3.8160421916714	0.93886000347709
3.8160438505344	0.95133197906625
3.8160455093974	0.96043039899868
3.8160471682604	0.96585600819191
3.8160488271234	0.97022306310374
3.8160504859864	0.97097546034507
3.8160521448495	0.97127711122677
3.8160538037125	0.96983060127695
3.8160554625755	0.96845445110838
3.8160571214385	0.96756437252973
3.8160587803015	0.9651403264223
3.8160604391645	0.95794977010173
3.8160620980275	0.95188072301555
3.8160637568905	0.9478004405985
3.8160654157535	0.94315300028174
3.8160670746165	0.93788587061182
3.8160687334795	0.93220927500963
3.8160703923425	0.92625425635807
3.8160720512055	0.92244196200155
3.8160737100685	0.91949299227802
3.8160753689315	0.91906094762864
3.8160770277945	0.91914276769603
3.8160786866575	0.91896864004709
3.8160803455205	0.91865196649556
3.8160820043835	0.91652115471366
3.8160836632466	0.91247154492214
3.8160853221096	0.89992809132979
3.8160869809726	0.88571512979882
3.8160886398356	0.86765259450023
3.8160902986986	0.85322690989147
3.8160919575616	0.84380682369271
3.8160936164246	0.84202818263622
3.8160952752876	0.84677726030203
3.8160969341506	0.85731671369481
3.8160985930136	0.87086731805993
3.8161002518766	0.88018147002172
3.8161019107396	0.88827721752733
3.8161035696026	0.89279934199427
3.8161052284656	0.89684972134981
3.8161068873286	0.89717510716736
3.8161085461916	0.89710668605374
3.8161102050546	0.89448586823634
3.8161118639176	0.89280441673139
3.8161135227806	0.89389716633915
3.8161151816437	0.8936451655888
3.8161168405067	0.8911266646729
3.8161184993697	0.89295039313134
3.8161201582327	0.89925945818156
3.8161218170957	0.90235503031565
3.8161234759587	0.90340971833393
3.8161251348217	0.90753902344561
3.8161267936847	0.91279741266486
3.8161284525477	0.91354956376805
3.8161301114107	0.91351498837947
3.8161317702737	0.92317348142358
3.8161334291367	0.93233397524939
3.8161350879997	0.93373051696883
3.8161367468627	0.9356484055744
3.8161384057257	0.93950419846802
3.8161400645887	0.94109649137032
3.8161417234517	0.93814444807845
3.8161433823147	0.93035656462656
3.8161450411777	0.91673192819014
3.8161467000408	0.89267392623291
3.8161483589038	0.86086843337475
3.8161500177668	0.83831405828129
3.8161516766298	0.81982419957872
3.8161533354928	0.81967618363001
3.8161549943558	0.82367013194528
3.8161566532188	0.84915740113548
3.8161583120818	0.87592603684289
3.8161599709448	0.90002141917047
3.8161616298078	0.9224200867573
3.8161632886708	0.93707105579923
3.8161649475338	0.94851300217282
3.8161666063968	0.95251021478668
3.8161682652598	0.95800782954067
3.8161699241228	0.965552917892
3.8161715829858	0.9723960872
3.8161732418488	0.97865260300816
3.8161749007118	0.98118460767796
3.8161765595748	0.98185450180475
3.8161782184378	0.98159694451894
3.8161798773009	0.98109102668901
3.8161815361639	0.98200908832646
3.8161831950269	0.98291490900954
3.8161848538899	0.97943476498821
3.8161865127529	0.97676680328089
3.8161881716159	0.97849798058973
3.8161898304789	0.97955605597132
3.8161914893419	0.97887047564444
3.8161931482049	0.97851002258739
3.8161948070679	0.97863468241328
3.8161964659309	0.97741861875108
3.8161981247939	0.97498544831719
3.8161997836569	0.97165486827685
3.8162014425199	0.96783507191174
3.8162031013829	0.96543915185401
3.8162047602459	0.96346761468866
3.8162064191089	0.96268176277927
3.8162080779719	0.96205899353791
3.8162097368349	0.96270171312477
3.816211395698	0.96423883575228
3.816213054561	0.9712382192326
3.816214713424	0.97707864728096
3.816216372287	0.97969460829664
3.81621803115	0.98267694753173
3.816219690013	0.98623664633793
3.816221348876	0.9866629003428
3.816223007739	0.98410520565689
3.816224666602	0.98391859849951
3.816226325465	0.98508720725614
3.816227984328	0.98488566919137
3.816229643191	0.98425281898423
3.816231302054	0.98270830765951
3.816232960917	0.98104057077146
3.81623461978	0.97888260193649
3.816236278643	0.97708393500936
3.816237937506	0.97760547901273
3.816239596369	0.97742038953153
3.816241255232	0.97521246957317
3.8162429140951	0.9733836272859
3.8162445729581	0.97216334409119
3.8162462318211	0.97294468584273
3.8162478906841	0.97565804005329
3.8162495495471	0.97748234064498
3.8162512084101	0.97879350616493
3.8162528672731	0.97946669808143
3.8162545261361	0.97993773828278
3.8162561849991	0.98150254864559
3.8162578438621	0.98319657363516
3.8162595027251	0.98363621193978
3.8162611615881	0.98334481602129
3.8162628204511	0.97841454064132
3.8162644793141	0.97552998496081
3.8162661381771	0.97840778438662
3.8162677970401	0.97947535603706
3.8162694559031	0.97768761007832
3.8162711147661	0.97736036839284
3.8162727736291	0.97841334562624
3.8162744324921	0.9795121720009
3.8162760913552	0.9806367441702
3.8162777502182	0.98104388927626
3.8162794090812	0.98123284365443
3.8162810679442	0.97638659745761
3.8162827268072	0.97096833894367
3.8162843856702	0.96698371688221
3.8162860445332	0.96241873016624
3.8162877033962	0.95448041802289
3.8162893622592	0.94814049904535
3.8162910211222	0.94604165407091
3.8162926799852	0.94250207250024
3.8162943388482	0.93680846354082
3.8162959977112	0.9370117627119
3.8162976565742	0.94248683799411
3.8162993154372	0.95111673341244
3.8163009743002	0.96140599354721
3.8163026331632	0.96677905065899
3.8163042920262	0.9707878913066
3.8163059508892	0.97527005084822
3.8163076097523	0.97962100713069
3.8163092686153	0.97949014051233
3.8163109274783	0.97929054201687
3.8163125863413	0.9787456707757
3.8163142452043	0.97865928317592
3.8163159040673	0.97967379910631
3.8163175629303	0.98180981533822
3.8163192217933	0.98548074027673
3.8163208806563	0.98623954269228
3.8163225395193	0.98462003994743
3.8163241983823	0.98129733649967
3.8163258572453	0.97716902834558
3.8163275161083	0.97028500193501
3.8163291749713	0.96274370273243
3.8163308338343	0.95818221827399
3.8163324926973	0.95401438898978
3.8163341515603	0.95258790127363
3.8163358104233	0.95228085863856
3.8163374692863	0.95662788115856
3.8163391281494	0.96036649823304
3.8163407870124	0.96282966489213
3.8163424458754	0.96607032786824
3.8163441047384	0.97025287750182
3.8163457636014	0.97242397916105
3.8163474224644	0.973147851301
3.8163490813274	0.9766888029678
3.8163507401904	0.98137442470623
3.8163523990534	0.98190883636428
3.8163540579164	0.98165646093342
3.8163557167794	0.97594706730702
3.8163573756424	0.97020527204465
3.8163590345054	0.96566347124902
3.8163606933684	0.96208631320859
3.8163623522314	0.96173173549892
3.8163640110944	0.96014318095808
3.8163656699574	0.95636609767676
3.8163673288204	0.95173402426396
3.8163689876834	0.94621508876794
3.8163706465464	0.94338720370189
3.8163723054095	0.94219967608653
3.8163739642725	0.93607772304093
3.8163756231355	0.92832721571943
3.8163772819985	0.91902325825356
3.8163789408615	0.90949686737702
3.8163805997245	0.89881271887921
3.8163822585875	0.88797288556367
3.8163839174505	0.87621033472484
3.8163855763135	0.8681067921125
3.8163872351765	0.86962708067997
3.8163888940395	0.87513097643146
3.8163905529025	0.88644514217547
3.8163922117655	0.90013856176799
3.8163938706285	0.91587419777026
3.8163955294915	0.93380783017445
3.8163971883545	0.95282593907717
3.8163988472175	0.96019578231599
3.8164005060805	0.96467702610638
3.8164021649435	0.96602988406511
3.8164038238066	0.96704194529455
3.8164054826696	0.96637917777628
3.8164071415326	0.96502808338372
3.8164088003956	0.96087192743159
3.8164104592586	0.9491349594513
3.8164121181216	0.9219511903776
3.8164137769846	0.89305036234498
3.8164154358476	0.86214636520305
3.8164170947106	0.84439055432996
3.8164187535736	0.83562075795132
3.8164204124366	0.84446975478144
3.8164220712996	0.85994859259429
3.8164237301626	0.88483250722198
3.8164253890256	0.91125600693797
3.8164270478886	0.92468913775571
3.8164287067516	0.93743369824263
3.8164303656146	0.94608065548841
3.8164320244776	0.9519755013881
3.8164336833406	0.94996824414942
3.8164353422037	0.9484721799825
3.8164370010667	0.94777036664502
3.8164386599297	0.94948582227564
3.8164403187927	0.9533883971354
3.8164419776557	0.95207180636475
3.8164436365187	0.94804893121317
3.8164452953817	0.944835781104
3.8164469542447	0.94183502081094
3.8164486131077	0.94038530499582
3.8164502719707	0.93922967129763
3.8164519308337	0.9407420883444
3.8164535896967	0.94270613736822
3.8164552485597	0.94654578901273
3.8164569074227	0.95012388781095
3.8164585662857	0.95316677698145
3.8164602251487	0.95567909538961
3.8164618840117	0.95757507339463
3.8164635428747	0.96026753903896
3.8164652017377	0.96349748743247
3.8164668606008	0.96526352350212
3.8164685194638	0.96649284162393
3.8164701783268	0.96160351775253
3.8164718371898	0.9557763135446
3.8164734960528	0.95376446926826
3.8164751549158	0.95258696652746
3.8164768137788	0.95669289972135
3.8164784726418	0.95979946879429
3.8164801315048	0.96022474073311
3.8164817903678	0.95876551413321
3.8164834492308	0.95455861469232
3.8164851080938	0.94939849776616
3.8164867669568	0.94343377738321
3.8164884258198	0.93747995251317
3.8164900846828	0.93153130672932
3.8164917435458	0.92068633505567
3.8164934024088	0.90871899373664
3.8164950612718	0.91524178830463
3.8164967201348	0.92293656486726
3.8164983789978	0.93262221958355
3.8165000378609	0.94239559660054
3.8165016967239	0.9524773807849
3.8165033555869	0.96038769975564
3.8165050144499	0.96439870131241
3.8165066733129	0.96466091063256
3.8165083321759	0.96108429058826
3.8165099910389	0.96201646010408
3.8165116499019	0.96559011563176
3.8165133087649	0.9668914161879
3.8165149676279	0.96750325855443
3.8165166264909	0.96770222595179
3.8165182853539	0.96769571479697
3.8165199442169	0.96389906620919
3.8165216030799	0.9602880545899
3.8165232619429	0.95753465158786
3.8165249208059	0.95410629127944
3.8165265796689	0.9492112271481
3.8165282385319	0.94646783935495
3.8165298973949	0.94632824650436
3.816531556258	0.94701630366846
3.816533215121	0.94827973633294
3.816534873984	0.95185590200108
3.816536532847	0.95629827393488
3.81653819171	0.95581484322772
3.816539850573	0.95456817333387
3.816541509436	0.95462402643639
3.816543168299	0.95342525018561
3.816544827162	0.94458782377686
3.816546486025	0.9314114353687
3.816548144888	0.90703453073747
3.816549803751	0.8824247779216
3.816551462614	0.85749015397598
3.816553121477	0.83773500565271
3.81655478034	0.82211745104836
3.816556439203	0.81920143406105
3.816558098066	0.82187480275395
3.816559756929	0.83965577384909
3.816561415792	0.86046344079912
3.8165630746551	0.88130910992396
3.8165647335181	0.90189692384121
3.8165663923811	0.92040763202732
3.8165680512441	0.93759475030588
3.8165697101071	0.95080956899696
3.8165713689701	0.96108157378622
3.8165730278331	0.96673400035262
3.8165746866961	0.96575124220911
3.8165763455591	0.95884942214655
3.8165780044221	0.95538242783328
3.8165796632851	0.95362258243314
3.8165813221481	0.95488162423856
3.8165829810111	0.95685984483015
3.8165846398741	0.95694159061238
3.8165862987371	0.95660570607475
3.8165879576001	0.95300407689441
3.8165896164631	0.94984303050033
3.8165912753261	0.94817996510712
3.8165929341891	0.94397671441684
3.8165945930521	0.93540071778124
3.8165962519152	0.9318768852543
3.8165979107782	0.93325140943914
3.8165995696412	0.93401666113697
3.8166012285042	0.93445120534349
3.8166028873672	0.93708278252769
3.8166045462302	0.94030276569966
3.8166062050932	0.93745348591131
3.8166078639562	0.93412309835498
3.8166095228192	0.93052442910963
3.8166111816822	0.92763622286917
3.8166128405452	0.92740059806931
3.8166144994082	0.92621881193135
3.8166161582712	0.92329803893344
3.8166178171342	0.92217992407459
3.8166194759972	0.9229111111342
3.8166211348602	0.92633436031013
3.8166227937232	0.93130506630248
3.8166244525862	0.93304861674269
3.8166261114492	0.9338633155367
3.8166277703123	0.92433337758287
3.8166294291753	0.91357373504331
3.8166310880383	0.89799375385616
3.8166327469013	0.88139860155238
3.8166344057643	0.86078993873604
3.8166360646273	0.84384976655477
3.8166377234903	0.83390781221727
3.8166393823533	0.83221926700403
3.8166410412163	0.8392548843168
3.8166427000793	0.85039886044775
3.8166443589423	0.86397181345549
3.8166460178053	0.88063742790668
3.8166476766683	0.89822199074807
3.8166493355313	0.91365863188146
3.8166509943943	0.92811354100637
3.8166526532573	0.9295097899038
3.8166543121203	0.93016088710338
3.8166559709833	0.92781515023496
3.8166576298463	0.92481341549534
3.8166592887094	0.92055037982332
3.8166609475724	0.91539124290781
3.8166626064354	0.9092815435826
3.8166642652984	0.90364620640177
3.8166659241614	0.89829121867361
3.8166675830244	0.88907132000816
3.8166692418874	0.87870963007519
3.8166709007504	0.85719955299854
3.8166725596134	0.83465309315072
3.8166742184764	0.81199051831489
3.8166758773394	0.79290537590757
3.8166775362024	0.78786349965741
3.8166791950654	0.78965106147808
3.8166808539284	0.80429230077552
3.8166825127914	0.82538854308499
3.8166841716544	0.85317516342288
3.8166858305174	0.87504364838782
3.8166874893804	0.89351474189748
3.8166891482434	0.91013249129038
3.8166908071065	0.92622641073212
3.8166924659695	0.93456974071207
3.8166941248325	0.94178610604942
3.8166957836955	0.94235477252363
3.8166974425585	0.9424704650471
3.8166991014215	0.94091797518714
3.8167007602845	0.94073055008661
3.8167024191475	0.94298613448002
3.8167040780105	0.94120168225504
3.8167057368735	0.93543358776242
3.8167073957365	0.93287959388948
3.8167090545995	0.9320665181687
3.8167107134625	0.92703899034041
3.8167123723255	0.92091783840863
3.8167140311885	0.89801572568801
3.8167156900515	0.87426504174299
3.8167173489145	0.8530294689483
3.8167190077775	0.83382766386673
3.8167206666405	0.82140582720361
3.8167223255035	0.81411395020825
3.8167239843666	0.81531404433277
3.8167256432296	0.82290835358561
3.8167273020926	0.83634443789262
3.8167289609556	0.85411369642965
3.8167306198186	0.87402991323318
3.8167322786816	0.88932827698658
3.8167339375446	0.90357821163322
3.8167355964076	0.91568519892534
3.8167372552706	0.92670736605886
3.8167389141336	0.92947261889638
3.8167405729966	0.93151834168577
3.8167422318596	0.93145682593545
3.8167438907226	0.93391449990979
3.8167455495856	0.94012965520448
3.8167472084486	0.94455979873645
3.8167488673116	0.94751945455109
3.8167505261746	0.94339020315633
3.8167521850376	0.93615568970233
3.8167538439006	0.93901795551671
3.8167555027637	0.94376628284598
3.8167571616267	0.94530919730074
3.8167588204897	0.94639187400762
3.8167604793527	0.94479015656413
3.8167621382157	0.94330982611123
3.8167637970787	0.94213396131746
3.8167654559417	0.9387084892029
3.8167671148047	0.93233471523493
3.8167687736677	0.92685984430923
3.8167704325307	0.92203411516408
3.8167720913937	0.92226676849958
3.8167737502567	0.92438248470374
3.8167754091197	0.92532822874
3.8167770679827	0.92594469616324
3.8167787268457	0.9201750586411
3.8167803857087	0.9141115675209
3.8167820445717	0.90664917391386
3.8167837034347	0.90447171109546
3.8167853622977	0.91341307370199
3.8167870211608	0.91685966724481
3.8167886800238	0.9141322337842
3.8167903388868	0.91718245769349
3.8167919977498	0.92377828719085
3.8167936566128	0.92712802741723
3.8167953154758	0.92950094594798
3.8167969743388	0.93189236933436
3.8167986332018	0.93370314076899
3.8168002920648	0.92741119403888
3.8168019509278	0.92170005946693
3.8168036097908	0.9180917418443
3.8168052686538	0.91057661497636
3.8168069275168	0.89629340169116
3.8168085863798	0.88604611921795
3.8168102452428	0.8795901340778
3.8168119041058	0.87427425980592
3.8168135629688	0.86953168109369
3.8168152218318	0.87002715598922
3.8168168806948	0.87170881809852
3.8168185395578	0.87556591223782
3.8168201984209	0.88087421838273
3.8168218572839	0.89668659930742
3.8168235161469	0.90938402093557
3.8168251750099	0.91348292873009
3.8168268338729	0.91743402714884
3.8168284927359	0.92117797593367
3.8168301515989	0.92567515019992
3.8168318104619	0.9307474728085
3.8168334693249	0.92894435957281
3.8168351281879	0.92443788835156
3.8168367870509	0.92378304646812
3.8168384459139	0.92371593689721
3.8168401047769	0.92391606096907
3.8168417636399	0.924749302973
3.8168434225029	0.92865578910055
3.8168450813659	0.93222399037217
3.8168467402289	0.935080225277
3.8168483990919	0.93739683278842
3.8168500579549	0.93911343887655
3.816851716818	0.93850330395025
3.816853375681	0.93649770088374
3.816855034544	0.93391782403625
3.816856693407	0.93117291572395
3.81685835227	0.92795654574344
3.816860011133	0.92473020607138
3.816861669996	0.92180361479902
3.816863328859	0.91922831721158
3.816864987722	0.91781145949472
3.816866646585	0.91877236137466
3.816868305448	0.92353254439025
3.816869964311	0.92814167599562
3.816871623174	0.93262073743597
3.816873282037	0.9348158326523
3.8168749409	0.93598399087384
3.816876599763	0.93594588922254
3.816878258626	0.9356822497679
3.816879917489	0.93647630803985
3.816881576352	0.93758075045659
3.8168832352151	0.94044059398965
3.8168848940781	0.9420619105028
3.8168865529411	0.94081002985967
3.8168882118041	0.93896556974341
3.8168898706671	0.93640958828245
3.8168915295301	0.93494787024572
3.8168931883931	0.93419240977611
3.8168948472561	0.9300798520268
3.8168965061191	0.92491407727342
3.8168981649821	0.91428314148766
3.8168998238451	0.90277710614165
3.8169014827081	0.88629639025029
3.8169031415711	0.86944401785926
3.8169048004341	0.85129219119085
3.8169064592971	0.8352894490853
3.8169081181601	0.82284695823745
3.8169097770231	0.81803796788727
3.8169114358861	0.81998300879677
3.8169130947491	0.83035257433176
3.8169147536121	0.84459899180595
3.8169164124752	0.85848952559816
3.8169180713382	0.87231189707435
3.8169197302012	0.87921966236833
3.8169213890642	0.88566401681525
3.8169230479272	0.88969720885638
3.8169247067902	0.89209861352174
3.8169263656532	0.89075228371508
3.8169280245162	0.89348176205373
3.8169296833792	0.90102841782326
3.8169313422422	0.90477194949421
3.8169330011052	0.90611847302443
3.8169346599682	0.90014081847283
3.8169363188312	0.89195863576498
3.8169379776942	0.88422242434907
3.8169396365572	0.87702628937846
3.8169412954202	0.87565887173538
3.8169429542832	0.8757488196115
3.8169446131462	0.8805790467702
3.8169462720092	0.88105110072486
3.8169479308723	0.87473306901588
3.8169495897353	0.86798172807609
3.8169512485983	0.86087131112211
3.8169529074613	0.85923668604925
3.8169545663243	0.85991625288868
3.8169562251873	0.86188846548959
3.8169578840503	0.86405850184634
3.8169595429133	0.86532347575855
3.8169612017763	0.86681216902849
3.8169628606393	0.8693785896167
3.8169645195023	0.86928804854036
3.8169661783653	0.8637657400975
3.8169678372283	0.85458953891578
3.8169694960913	0.84153694196358
3.8169711549543	0.82703602165842
3.8169728138173	0.81172770829643
3.8169744726803	0.79496418070854
3.8169761315433	0.77783476094611
3.8169777904063	0.77924112451609
3.8169794492694	0.78198891128451
3.8169811081324	0.78858669838055
3.8169827669954	0.79724440686845
3.8169844258584	0.81144556918405
3.8169860847214	0.82513726645727
3.8169877435844	0.83814938768515
3.8169894024474	0.84521664217487
3.8169910613104	0.84808713950398
3.8169927201734	0.85525845227955
3.8169943790364	0.86390965120588
3.8169960378994	0.86485691587568
3.8169976967624	0.86503065822888
3.8169993556254	0.8662072300601
3.8170010144884	0.86801658726553
3.8170026733514	0.8720923489847
3.8170043322144	0.8747291302964
3.8170059910774	0.87498435891354
3.8170076499404	0.87481963311466
3.8170093088034	0.87429013135171
3.8170109676665	0.86915175059707
3.8170126265295	0.86197933618599
3.8170142853925	0.86047928941606
3.8170159442555	0.85994590113976
3.8170176031185	0.85819735282544
3.8170192619815	0.85678702166302
3.8170209208445	0.85702169929571
3.8170225797075	0.85678330172066
3.8170242385705	0.85558318254592
3.8170258974335	0.85426266454144
3.8170275562965	0.85281636385906
3.8170292151595	0.85109195063246
3.8170308740225	0.84921679978397
3.8170325328855	0.85110225656578
3.8170341917485	0.85388061918616
3.8170358506115	0.85088103642044
3.8170375094745	0.84780208582597
3.8170391683375	0.84549283087421
3.8170408272005	0.84325014724812
3.8170424860635	0.84117226585525
3.8170441449266	0.83783376948054
3.8170458037896	0.8329411828647
3.8170474626526	0.82937205417471
3.8170491215156	0.82665568735163
3.8170507803786	0.82136333015427
3.8170524392416	0.81529523482836
3.8170540981046	0.80627759474105
3.8170557569676	0.79729608799515
3.8170574158306	0.790961783689
3.8170590746936	0.78491583660249
3.8170607335566	0.77973209522972
3.8170623924196	0.7715386530545
3.8170640512826	0.7590427757776
3.8170657101456	0.74872449730904
3.8170673690086	0.74003111046217
3.8170690278716	0.72924241799834
3.8170706867346	0.71769409177388
3.8170723455976	0.70855652939795
3.8170740044606	0.69925938560058
3.8170756633237	0.68263257556904
3.8170773221867	0.66636167026939
3.8170789810497	0.65136403930865
3.8170806399127	0.63657927264997
3.8170822987757	0.62214146789489
3.8170839576387	0.60414787862446
3.8170856165017	0.58315130126249
3.8170872753647	0.56851366207277
3.8170889342277	0.5565468049984
3.8170905930907	0.54342670379862
3.8170922519537	0.53004756345294
3.8170939108167	0.5139245591835
3.8170955696797	0.49906330648618
3.8170972285427	0.48954000648297
3.8170988874057	0.47972260618997
3.8171005462687	0.46936803242744
3.8171022051317	0.46089042698043
3.8171038639947	0.45416959289671
3.8171055228577	0.44789447159978
3.8171071817208	0.44182966105192
3.8171088405838	0.43552599786579
3.8171104994468	0.42917799750165
3.8171121583098	0.42289072154924
3.8171138171728	0.41679182963094
3.8171154760358	0.41162029716181
3.8171171348988	0.40549297362707
3.8171187937618	0.39744470797222
3.8171204526248	0.39193974232299
3.8171221114878	0.38902087353774
3.8171237703508	0.38620095617343
3.8171254292138	0.38343212735021
3.8171270880768	0.38077614069079
3.8171287469398	0.37814436517884
3.8171304058028	0.37077017598565
3.8171320646658	0.36361852851583
3.8171337235288	0.35805515839252
3.8171353823918	0.35250129183714
3.8171370412548	0.34696802734684
3.8171387001178	0.34274983946147
3.8171403589809	0.33995603921594
3.8171420178439	0.34017530030022
3.8171436767069	0.34205613002762
3.8171453355699	0.34500019361819
3.8171469944329	0.34819496206862
3.8171486532959	0.35047219125762
3.8171503121589	0.35276039488965
3.8171519710219	0.3552684024065
3.8171536298849	0.35728190071391
3.8171552887479	0.35816318122149
3.8171569476109	0.35979401833354
3.8171586064739	0.36227295487164
3.8171602653369	0.36760575710194
3.8171619241999	0.37458249424814
3.8171635830629	0.38165034320966
3.8171652419259	0.38874097335572
3.8171669007889	0.39840837995507
3.8171685596519	0.4084299932554
3.8171702185149	0.42018708106725
3.817171877378	0.43164243170047
3.817173536241	0.44238424216651
3.817175195104	0.45240840262658
3.817176853967	0.46160102121014
3.81717851283	0.4674686211192
3.817180171693	0.47137822355453
3.817181830556	0.47355261953636
3.817183489419	0.47528146117101
3.817185148282	0.48152646225784
3.817186807145	0.48928245419269
3.817188466008	0.50606591605207
3.817190124871	0.52225678649202
3.817191783734	0.53703399914792
3.817193442597	0.54634240052284
3.81719510146	0.54928780040409
3.817196760323	0.550228616337
3.817198419186	0.54998801340456
3.817200078049	0.54597606932853
3.817201736912	0.54099932163683
3.8172033957751	0.54097047712077
3.8172050546381	0.54176080057486
3.8172067135011	0.54674645355194
3.8172083723641	0.55167728710239
3.8172100312271	0.55647927672459
3.8172116900901	0.56170047580393
3.8172133489531	0.56740183983064
3.8172150078161	0.57477921233395
3.8172166666791	0.58312445999704
3.8172183255421	0.59188426785382
3.8172199844051	0.60074651471402
3.8172216432681	0.61005469007772
3.8172233021311	0.61858892474153
3.8172249609941	0.6222080396841
3.8172266198571	0.62744364885783
3.8172282787201	0.63633730198103
3.8172299375831	0.64291287310745
3.8172315964461	0.64692574111771
3.8172332553091	0.64829871512219
3.8172349141721	0.64820970565841
3.8172365730352	0.6530963691416
3.8172382318982	0.65913265251277
3.8172398907612	0.66392981471951
3.8172415496242	0.66826324169525
3.8172432084872	0.670108307765
3.8172448673502	0.67263670685
3.8172465262132	0.6766209831908
3.8172481850762	0.68057896873138
3.8172498439392	0.68450945161958
3.8172515028022	0.68954005289762
3.8172531616652	0.69514201084376
3.8172548205282	0.69845504796793
3.8172564793912	0.70129174292273
3.8172581382542	0.70574739101945
3.8172597971172	0.70990753069206
3.8172614559802	0.71257633331124
3.8172631148432	0.71574601912862
3.8172647737062	0.71989988455452
3.8172664325692	0.72475829304289
3.8172680914323	0.73030064244243
3.8172697502953	0.73187438829022
3.8172714091583	0.73156065800762
3.8172730680213	0.73783707784842
3.8172747268843	0.74519760496334
3.8172763857473	0.74748477835066
3.8172780446103	0.74992286484695
3.8172797034733	0.75300727362182
3.8172813623363	0.75685189309776
3.8172830211993	0.7620474369407
3.8172846800623	0.76564309594256
3.8172863389253	0.76782583451886
3.8172879977883	0.76765053138665
3.8172896566513	0.76647487314786
3.8172913155143	0.76016306736199
3.8172929743773	0.75356679589615
3.8172946332403	0.75680606665172
3.8172962921033	0.75813022925406
3.8172979509663	0.75251154987017
3.8172996098294	0.74691986627565
3.8173012686924	0.74137079298182
3.8173029275554	0.74245769460591
3.8173045864184	0.74876697466369
3.8173062452814	0.75849943919453
3.8173079041444	0.76948838068673
3.8173095630074	0.78492096027397
3.8173112218704	0.80043211161845
3.8173128807334	0.81111514856969
3.8173145395964	0.82192116417987
3.8173161984594	0.83309993456082
3.8173178573224	0.84140208224325
3.8173195161854	0.84573994152304
3.8173211750484	0.84734984825664
3.8173228339114	0.84708825535407
3.8173244927744	0.84087770063453
3.8173261516374	0.83284818703669
3.8173278105004	0.83714096405752
3.8173294693634	0.84158933031906
3.8173311282265	0.84087608839539
3.8173327870895	0.83847786733813
3.8173344459525	0.84188621591803
3.8173361048155	0.84629140136912
3.8173377636785	0.85175058813382
3.8173394225415	0.85735411329636
3.8173410814045	0.86213467674783
3.8173427402675	0.86676953212046
3.8173443991305	0.86996155493435
3.8173460579935	0.87283630548775
3.8173477168565	0.88063896870199
3.8173493757195	0.88975157485745
3.8173510345825	0.89308935582397
3.8173526934455	0.89460745586602
3.8173543523085	0.89734083016293
3.8173560111715	0.90052167462731
3.8173576700345	0.89966222730263
3.8173593288975	0.89708397258674
3.8173609877605	0.89700466530036
3.8173626466235	0.89814359135182
3.8173643054866	0.89869359411312
3.8173659643496	0.89891685580703
3.8173676232126	0.89951124644472
3.8173692820756	0.90033879917429
3.8173709409386	0.90069786694943
3.8173725998016	0.90072497686107
3.8173742586646	0.90207981233521
3.8173759175276	0.90449275541234
3.8173775763906	0.90430304962275
3.8173792352536	0.90178543525863
3.8173808941166	0.90041643274517
3.8173825529796	0.90019901704121
3.8173842118426	0.89952252240862
3.8173858707056	0.89833037748693
3.8173875295686	0.90025650399731
3.8173891884316	0.90610805144334
3.8173908472946	0.90984570861216
3.8173925061576	0.91059767866846
3.8173941650206	0.91028097775103
3.8173958238837	0.90826806874947
3.8173974827467	0.90752167726831
3.8173991416097	0.90904055318742
3.8174008004727	0.91002763472349
3.8174024593357	0.90993886157965
3.8174041181987	0.91102303804618
3.8174057770617	0.91480347234468
3.8174074359247	0.91711828494919
3.8174090947877	0.91558088529695
3.8174107536507	0.91525468486138
3.8174124125137	0.91859809042312
3.8174140713767	0.9217230659861
3.8174157302397	0.9240775696612
3.8174173891027	0.9254122121625
3.8174190479657	0.92250162645246
3.8174207068287	0.9193729949264
3.8174223656917	0.91515376106431
3.8174240245547	0.91173258613864
3.8174256834177	0.91322557055222
3.8174273422808	0.91483782700228
3.8174290011438	0.91738726970882
3.8174306600068	0.91976896564595
3.8174323188698	0.92037195131167
3.8174339777328	0.9209985852506
3.8174356365958	0.92199836471471
3.8174372954588	0.92319834994053
3.8174389543218	0.93023724747082
3.8174406131848	0.93725575480875
3.8174422720478	0.94131356455512
3.8174439309108	0.9453713743015
3.8174455897738	0.94558116405581
3.8174472486368	0.9457149198152
3.8174489074998	0.94623220755275
3.8174505663628	0.94676775990601
3.8174522252258	0.94838463969713
3.8174538840888	0.95008466656956
3.8174555429518	0.94783594964076
3.8174572018148	0.94516183221129
3.8174588606778	0.9495350485285
3.8174605195409	0.95489637082176
3.8174621784039	0.9535870064852
3.8174638372669	0.95111347547317
3.8174654961299	0.94820389430523
3.8174671549929	0.9452024365859
3.8174688138559	0.94274126454109
3.8174704727189	0.94041464258823
3.8174721315819	0.94293354691756
3.8174737904449	0.94685628016375
3.8174754493079	0.94392468737897
3.8174771081709	0.93871131118335
3.8174787670339	0.93956598611789
3.8174804258969	0.94271930904358
3.8174820847599	0.93732006741672
3.8174837436229	0.92826266521834
3.8174854024859	0.92535336645325
3.8174870613489	0.92539534969156
3.8174887202119	0.92493149040569
3.8174903790749	0.92419650215431
3.817492037938	0.92589130540386
3.817493696801	0.9290345410942
3.817495355664	0.93208828893494
3.817497014527	0.9350829168206
3.81749867339	0.93732511926031
3.817500332253	0.93901770957702
3.817501991116	0.94112265505248
3.817503649979	0.94355988254821
3.817505308842	0.94470495301334
3.817506967705	0.94470297661738
3.817508626568	0.94361416823241
3.817510285431	0.94146370576667
3.817511944294	0.94181134311421
3.817513603157	0.9448424916175
3.81751526202	0.94481287669138
3.817516920883	0.94116774379693
3.817518579746	0.93932402374194
3.817520238609	0.9398207063853
3.817521897472	0.93511774741916
3.8175235563351	0.92297886074642
3.8175252151981	0.91602681026672
3.8175268740611	0.91724715770849
3.8175285329241	0.91469927983134
3.8175301917871	0.90559753756148
3.8175318506501	0.89804665995985
3.8175335095131	0.89347901416865
3.8175351683761	0.88685735599378
3.8175368272391	0.87585324101916
3.8175384861021	0.86083887414305
3.8175401449651	0.83630180033472
3.8175418038281	0.81063292174291
3.8175434626911	0.78196032350387
3.8175451215541	0.75787860754823
3.8175467804171	0.74748760662543
3.8175484392801	0.74207550379987
3.8175500981431	0.75345518915598
3.8175517570061	0.7669418554395
3.8175534158691	0.78852931472381
3.8175550747322	0.81267951291218
3.8175567335952	0.8481785049199
3.8175583924582	0.88089203250381
3.8175600513212	0.89921370633315
3.8175617101842	0.9158813653254
3.8175633690472	0.92240863021659
3.8175650279102	0.92883216094166
3.8175666867732	0.93448336855979
3.8175683456362	0.94020082821286
3.8175700044992	0.9465370345918
3.8175716633622	0.95203938413536
3.8175733222252	0.947281440023
3.8175749810882	0.94295389040136
3.8175766399512	0.94621066315012
3.8175782988142	0.94910490372603
3.8175799576772	0.94116354648704
3.8175816165402	0.93329564510267
3.8175832754032	0.93192262750764
3.8175849342662	0.93054960991261
3.8175865931292	0.91723397996623
3.8175882519923	0.9037987847764
3.8175899108553	0.90150504524778
3.8175915697183	0.8995662335631
3.8175932285813	0.88753673512941
3.8175948874443	0.87495712382581
3.8175965463073	0.87656944474035
3.8175982051703	0.87928993049656
3.8175998640333	0.88557301987712
3.8176015228963	0.89222150619028
3.8176031817593	0.89366272040557
3.8176048406223	0.89443734833643
3.8176064994853	0.89180551726529
3.8176081583483	0.88864746021619
3.8176098172113	0.88913965458712
3.8176114760743	0.89029650841305
3.8176131349373	0.88889945917485
3.8176147938003	0.88696377656775
3.8176164526633	0.89371722653633
3.8176181115263	0.90256386182099
3.8176197703894	0.90782871241308
3.8176214292524	0.91211839709262
3.8176230881154	0.91194631325171
3.8176247469784	0.91041333169035
3.8176264058414	0.90584623930813
3.8176280647044	0.90024980038633
3.8176297235674	0.89786919018457
3.8176313824304	0.89669505777913
3.8176330412934	0.89330691950116
3.8176347001564	0.88900486577739
3.8176363590194	0.8841241847272
3.8176380178824	0.87898177722124
3.8176396767454	0.87425208389386
3.8176413356084	0.86972616561683
3.8176429944714	0.86612752545202
3.8176446533344	0.86302726531969
3.8176463121974	0.85822723430589
3.8176479710604	0.85243558200854
3.8176496299234	0.85630046865259
3.8176512887865	0.86626711680952
3.8176529476495	0.87235159716918
3.8176546065125	0.87578434863471
3.8176562653755	0.88176559951619
3.8176579242385	0.88962543699015
3.8176595831015	0.8996652289119
3.8176612419645	0.91143671343004
3.8176629008275	0.91034336068019
3.8176645596905	0.89824825601305
3.8176662185535	0.89571702258857
3.8176678774165	0.90198363263149
3.8176695362795	0.90323223794719
3.8176711951425	0.89951996598449
3.8176728540055	0.89686316997877
3.8176745128685	0.89532731349756
3.8176761717315	0.89848589008876
3.8176778305945	0.90699817793359
3.8176794894575	0.91495376729596
3.8176811483205	0.92222763357901
3.8176828071835	0.9303116987959
3.8176844660466	0.9394609124031
3.8176861249096	0.94484762221126
3.8176877837726	0.94492148454832
3.8176894426356	0.94498037868294
3.8176911014986	0.94501656797906
3.8176927603616	0.94269068320775
3.8176944192246	0.93651330209928
3.8176960780876	0.9321533985688
3.8176977369506	0.93098130332381
3.8176993958136	0.92304515597154
3.8177010546766	0.90233567494367
3.8177027135396	0.88457224512354
3.8177043724026	0.8728063181693
3.8177060312656	0.86586344118121
3.8177076901286	0.86951971177975
3.8177093489916	0.87671245446661
3.8177110078546	0.89230825351753
3.8177126667176	0.90817957354322
3.8177143255806	0.92476022659014
3.8177159844437	0.93738836902053
3.8177176433067	0.93896856139073
3.8177193021697	0.93969423097388
3.8177209610327	0.93781876783089
3.8177226198957	0.93744574636967
3.8177242787587	0.94206741132561
3.8177259376217	0.94527306425864
3.8177275964847	0.94331801417794
3.8177292553477	0.94105839068224
3.8177309142107	0.93757667017102
3.8177325730737	0.93665259673728
3.8177342319367	0.94708386358162
3.8177358907997	0.95417372331547
3.8177375496627	0.9447460049302
3.8177392085257	0.93673261233827
3.8177408673887	0.93655993716628
3.8177425262517	0.93733693076419
3.8177441851147	0.94407234299308
3.8177458439777	0.94873043454386
3.8177475028408	0.9384806905934
3.8177491617038	0.92976456333098
3.8177508205668	0.93381729001997
3.8177524794298	0.93777879307283
3.8177541382928	0.9408430493113
3.8177557971558	0.94417627807357
3.8177574560188	0.95071369680192
3.8177591148818	0.95656257856903
3.8177607737448	0.95212442067727
3.8177624326078	0.94777427364552
3.8177640914708	0.94516362199249
3.8177657503338	0.94243860089233
3.8177674091968	0.93643615169871
3.8177690680598	0.93027907629979
3.8177707269228	0.91629592260429
3.8177723857858	0.90230976588556
3.8177740446488	0.88774525955221
3.8177757035118	0.87318075321885
3.8177773623748	0.84860416204926
3.8177790212378	0.82393757278794
3.8177806801009	0.78671149134613
3.8177823389639	0.74919121263152
3.8177839978269	0.74457453801067
3.8177856566899	0.74121258310285
3.8177873155529	0.75742436656912
3.8177889744159	0.77467593345998
3.8177906332789	0.80765827499053
3.8177922921419	0.84171723079197
3.8177939510049	0.87138988898778
3.8177956098679	0.9006938690099
3.8177972687309	0.91792128523079
3.8177989275939	0.93394147748994
3.8178005864569	0.94186756173586
3.8178022453199	0.94885325596747
3.8178039041829	0.95402200214042
3.8178055630459	0.95894952447787
3.8178072219089	0.9541992678114
3.8178088807719	0.94800057658341
3.8178105396349	0.9562238322221
3.817812198498	0.96685406911679
3.817813857361	0.96155230720903
3.817815516224	0.95331078719469
3.817817175087	0.95680403458007
3.81781883395	0.9626734119312
3.817820492813	0.96386851078752
3.817822151676	0.9640315015399
3.817823810539	0.95976948396458
3.817825469402	0.95444747309377
3.817827128265	0.95638862965145
3.817828787128	0.96020799531528
3.817830445991	0.96237984004366
3.817832104854	0.96409354145365
3.817833763717	0.9628009401768
3.81783542258	0.96061240110121
3.817837081443	0.96160998137756
3.817838740306	0.9636216634937
3.817840399169	0.96183004168352
3.817842058032	0.95874899517536
3.8178437168951	0.95118257525468
3.8178453757581	0.94200027890273
3.8178470346211	0.93949358219753
3.8178486934841	0.93953584165026
3.8178503523471	0.9379525345216
3.8178520112101	0.93571263328
3.8178536700731	0.94325444315529
3.8178553289361	0.95496761706492
3.8178569877991	0.95719550737263
3.8178586466621	0.95515968359611
3.8178603055251	0.95193706938569
3.8178619643881	0.94815316229802
3.8178636232511	0.93979014317634
3.8178652821141	0.92915153519018
3.8178669409771	0.91787195585136
3.8178685998401	0.90625809443888
3.8178702587031	0.88426748842551
3.8178719175661	0.8566059821086
3.8178735764291	0.82776277750913
3.8178752352922	0.79824355134706
3.8178768941552	0.7715306787629
3.8178785530182	0.74649647476632
3.8178802118812	0.73280320708647
3.8178818707442	0.72619675040875
3.8178835296072	0.72859735435586
3.8178851884702	0.73687189963451
3.8178868473332	0.75079163360291
3.8178885061962	0.76854986416142
3.8178901650592	0.7944461242179
3.8178918239222	0.8261067777952
3.8178934827852	0.85638886529928
3.8178951416482	0.88565458528521
3.8178968005112	0.90846939113524
3.8178984593742	0.92633698474095
3.8179001182372	0.94101054756012
3.8179017771002	0.95313763980197
3.8179034359632	0.95544819343747
3.8179050948262	0.94962972074112
3.8179067536892	0.94590209780449
3.8179084125523	0.94397193342185
3.8179100714153	0.93987060435083
3.8179117302783	0.93383283599279
3.8179133891413	0.9336927862631
3.8179150480043	0.93900657247261
3.8179167068673	0.93819874185796
3.8179183657303	0.93152407874284
3.8179200245933	0.91772085259594
3.8179216834563	0.89684121613374
3.8179233423193	0.86690522876278
3.8179250011823	0.82766241894089
3.8179266600453	0.791653751237
3.8179283189083	0.75908396395657
3.8179299777713	0.73535182012612
3.8179316366343	0.72133940799052
3.8179332954973	0.72012849722274
3.8179349543603	0.73347307757203
3.8179366132233	0.75618741631182
3.8179382720863	0.78991049482689
3.8179399309494	0.82048567516648
3.8179415898124	0.8472401446135
3.8179432486754	0.86908680858627
3.8179449075384	0.88478266260721
3.8179465664014	0.89772175334906
3.8179482252644	0.90709487063244
3.8179498841274	0.91083886347102
3.8179515429904	0.90707061028702
3.8179532018534	0.90546926676573
3.8179548607164	0.90685063727789
3.8179565195794	0.9134388008186
3.8179581784424	0.92741633985562
3.8179598373054	0.93568178691896
3.8179614961684	0.93559260782204
3.8179631550314	0.93650427773809
3.8179648138944	0.93892428087942
3.8179664727574	0.94044422673285
3.8179681316204	0.94056730045595
3.8179697904834	0.93969834867444
3.8179714493465	0.93724423214934
3.8179731082095	0.93698568514671
3.8179747670725	0.94033852430256
3.8179764259355	0.93986463619934
3.8179780847985	0.93291494005414
3.8179797436615	0.92799091519542
3.8179814025245	0.92659293594474
3.8179830613875	0.92436637793232
3.8179847202505	0.92065655077799
3.8179863791135	0.9176587152705
3.8179880379765	0.91597094561714
3.8179896968395	0.91392826650138
3.8179913557025	0.91121449349228
3.8179930145655	0.90554574337254
3.8179946734285	0.89413706065414
3.8179963322915	0.89091898150618
3.8179979911545	0.90403871547355
3.8179996500175	0.91410963058257
3.8180013088805	0.9179367261103
3.8180029677435	0.91800110649542
3.8180046266066	0.91015692811236
3.8180062854696	0.906292536468
3.8180079443326	0.91100973167091
3.8180096031956	0.91037960092998
3.8180112620586	0.89792481790835
3.8180129209216	0.89078286372549
3.8180145797846	0.89568661585608
3.8180162386476	0.90044956777287
3.8180178975106	0.90488533540425
3.8180195563736	0.90880702590553
3.8180212152366	0.91150487613881
3.8180228740996	0.91369902920755
3.8180245329626	0.91466519364411
3.8180261918256	0.91559727546077
3.8180278506886	0.91644428501256
3.8180295095516	0.91550468293762
3.8180311684146	0.91000124502004
3.8180328272776	0.9076268350803
3.8180344861406	0.91342886690739
3.8180361450037	0.91697606752921
3.8180378038667	0.91449744051899
3.8180394627297	0.91521932546485
3.8180411215927	0.92468444540766
3.8180427804557	0.93234068745826
3.8180444393187	0.93494788709533
3.8180460981817	0.93642196533924
3.8180477570447	0.93466595189941
3.8180494159077	0.93264790617666
3.8180510747707	0.92986723983507
3.8180527336337	0.92747472856319
3.8180543924967	0.92623502294711
3.8180560513597	0.92667552546002
3.8180577102227	0.93220566313942
3.8180593690857	0.93895222235801
3.8180610279487	0.94945499051963
3.8180626868117	0.9577019826866
3.8180643456747	0.95885056623056
3.8180660045377	0.96134720130816
3.8180676634008	0.96816428599083
3.8180693222638	0.97284967104501
3.8180709811268	0.97058069636308
3.8180726399898	0.96977863483408
3.8180742988528	0.97384608921303
3.8180759577158	0.97684912895119
3.8180776165788	0.97625896637806
3.8180792754418	0.97494011080533
3.8180809343048	0.97112127240233
3.8180825931678	0.96973063887942
3.8180842520308	0.97680105866564
3.8180859108938	0.98344071866419
3.8180875697568	0.98855689100979
3.8180892286198	0.99100137785118
3.8180908874828	0.98385923014103
3.8180925463458	0.97570660935707
3.8180942052088	0.96387788095269
3.8180958640718	0.95503019681328
3.8180975229348	0.95717297962212
3.8180991817979	0.95935736824364
3.8181008406609	0.96169705833556
3.8181024995239	0.96317987309237
3.8181041583869	0.96142598652517
3.8181058172499	0.95951805789771
3.8181074761129	0.95702173585621
3.8181091349759	0.95675110341974
3.8181107938389	0.96507290339511
3.8181124527019	0.97103979477901
3.8181141115649	0.96782510251034
3.8181157704279	0.96533177894045
3.8181174292909	0.96567604128883
3.8181190881539	0.96781793519495
3.8181207470169	0.9770918423145
3.8181224058799	0.98432040639201
3.8181240647429	0.98337293283839
3.8181257236059	0.98228810890772
3.8181273824689	0.98065040857916
3.8181290413319	0.97821402588528
3.8181307001949	0.97254291312932
3.818132359058	0.96803868492113
3.818134017921	0.96828559761066
3.818135676784	0.96847113532245
3.818137335647	0.96840565537033
3.81813899451	0.96840400806814
3.818140653373	0.96866444586741
3.818142312236	0.96940054954889
3.818143971099	0.97209558736131
3.818145629962	0.97408149536331
3.818147288825	0.97314061208875
3.818148947688	0.9716976832266
3.818150606551	0.96817938280726
3.818152265414	0.96553025981792
3.818153924277	0.96647676985535
3.81815558314	0.9671580983083
3.818157242003	0.96674256592396
3.818158900866	0.96533356015442
3.818160559729	0.95981936886171
3.818162218592	0.95564258806282
3.8181638774551	0.95698337310013
3.8181655363181	0.95885260310017
3.8181671951811	0.9628960740278
3.8181688540441	0.96591622528118
3.8181705129071	0.96473883987231
3.8181721717701	0.96323977153747
3.8181738306331	0.96042666129902
3.8181754894961	0.95748581674899
3.8181771483591	0.95402578710134
3.8181788072221	0.95100603934431
3.8181804660851	0.9497659076075
3.8181821249481	0.94932761017223
3.8181837838111	0.95210965931142
3.8181854426741	0.95476467956818
3.8181871015371	0.95691306322748
3.8181887604001	0.95865576049142
3.8181904192631	0.95879335563391
3.8181920781261	0.9585770211693
3.8181937369891	0.95697230353955
3.8181953958522	0.95462640604015
3.8181970547152	0.94940008860952
3.8181987135782	0.94670464261615
3.8182003724412	0.95374579313683
3.8182020313042	0.96034513476822
3.8182036901672	0.96526276137388
3.8182053490302	0.96902233144554
3.8182070078932	0.96842372797557
3.8182086667562	0.96791051867818
3.8182103256192	0.96771480820391
3.8182119844822	0.96675185126018
3.8182136433452	0.96297260774232
3.8182153022082	0.96102536989469
3.8182169610712	0.96571395002286
3.8182186199342	0.96735405309451
3.8182202787972	0.95810542334733
3.8182219376602	0.95137033390615
3.8182235965232	0.95348263218972
3.8182252553862	0.95620948905359
3.8182269142492	0.96106665388224
3.8182285731123	0.9658476327191
3.8182302319753	0.97036864054375
3.8182318908383	0.97436022797036
3.8182335497013	0.97657456444571
3.8182352085643	0.97873991077376
3.8182368674273	0.9807435646388
3.8182385262903	0.9811284495535
3.8182401851533	0.97626356133983
3.8182418440163	0.97127782936133
3.8182435028793	0.96590715278433
3.8182451617423	0.96157569220701
3.8182468206053	0.96049329146437
3.8182484794683	0.95923871777322
3.8182501383313	0.95745600275159
3.8182517971943	0.95740089264936
3.8182534560573	0.962543615599
3.8182551149203	0.965706284931
3.8182567737833	0.96303009843379
3.8182584326463	0.96062051442565
3.8182600915094	0.9589812271559
3.8182617503724	0.95699611665942
3.8182634092354	0.95403247424696
3.8182650680984	0.95051213707689
3.8182667269614	0.94544990524447
3.8182683858244	0.94072183223216
3.8182700446874	0.93689947172615
3.8182717035504	0.9295175434559
3.8182733624134	0.91269862447854
3.8182750212764	0.89809917191482
3.8182766801394	0.88925263181992
3.8182783390024	0.8849392784625
3.8182799978654	0.89210890742283
3.8182816567284	0.90036433258634
3.8182833155914	0.91130649299651
3.8182849744544	0.9242302148016
3.8182866333174	0.94194256227002
3.8182882921804	0.95618278371495
3.8182899510434	0.96223183603273
3.8182916099065	0.9680825505958
3.8182932687695	0.97347667465092
3.8182949276325	0.97679414011121
3.8182965864955	0.97544752352192
3.8182982453585	0.97265409852961
3.8182999042215	0.96669168426996
3.8183015630845	0.96221758731529
3.8183032219475	0.96092143186746
3.8183048808105	0.96003444356311
3.8183065396735	0.95999884076038
3.8183081985365	0.95907441549066
3.8183098573995	0.95634841504821
3.8183115162625	0.95078809840856
3.8183131751255	0.93963260819219
3.8183148339885	0.93236520405962
3.8183164928515	0.93257033368259
3.8183181517145	0.9282109438644
3.8183198105775	0.9153139906131
3.8183214694405	0.90865964264719
3.8183231283035	0.91336462340814
3.8183247871666	0.91472661123843
3.8183264460296	0.91017180227966
3.8183281048926	0.90354469636471
3.8183297637556	0.8933513694364
3.8183314226186	0.87904904281221
3.8183330814816	0.85787384801118
3.8183347403446	0.84178558292193
3.8183363992076	0.83396423099333
3.8183380580706	0.82447414095256
3.8183397169336	0.81234970044608
3.8183413757966	0.81092688759164
3.8183430346596	0.82590883810548
3.8183446935226	0.84431527595621
3.8183463523856	0.86781720335069
3.8183480112486	0.89078973718012
3.8183496701116	0.91299795551953
3.8183513289746	0.93199960408377
3.8183529878376	0.94651101486495
3.8183546467006	0.9563948961448
3.8183563055637	0.95999513741042
3.8183579644267	0.96188908406412
3.8183596232897	0.96153721741174
3.8183612821527	0.9619566407665
3.8183629410157	0.96335965652866
3.8183645998787	0.95920077224387
3.8183662587417	0.94817145102441
3.8183679176047	0.94674021321895
3.8183695764677	0.95678656008434
3.8183712353307	0.9608496807462
3.8183728941937	0.95798841179197
3.8183745530567	0.95550010967084
3.8183762119197	0.95342941208247
3.8183778707827	0.95415484221792
3.8183795296457	0.95790735627261
3.8183811885087	0.96047683037281
3.8183828473717	0.96180857672632
3.8183845062347	0.96085280116471
3.8183861650977	0.95758498114074
3.8183878239608	0.95365114364178
3.8183894828238	0.94906733977976
3.8183911416868	0.94575457907562
3.8183928005498	0.94363902397015
3.8183944594128	0.93978079180476
3.8183961182758	0.9343394578972
3.8183977771388	0.93189112302647
3.8183994360018	0.93206392329294
3.8184010948648	0.93103131991183
3.8184027537278	0.92898168995024
3.8184044125908	0.92646380802598
3.8184060714538	0.92356555369649
3.8184077303168	0.92546026684613
3.8184093891798	0.93110153015478
3.8184110480428	0.93440956759882
3.8184127069058	0.93596415425148
3.8184143657688	0.93920214516298
3.8184160246318	0.94365567854536
3.8184176834948	0.95327355853527
3.8184193423579	0.96647147854757
3.8184210012209	0.96785400415874
3.8184226600839	0.96137859724432
3.8184243189469	0.95634472703515
3.8184259778099	0.95222961999031
3.8184276366729	0.9474804193139
3.8184292955359	0.94234422974558
3.8184309543989	0.9363299824249
3.8184326132619	0.92980312774986
3.8184342721249	0.92575453531379
3.8184359309879	0.92308837556451
3.8184375898509	0.92249233862904
3.8184392487139	0.92299857127794
3.8184409075769	0.91946464298637
3.8184425664399	0.9138802340096
3.8184442253029	0.90491299652475
3.8184458841659	0.89431126483332
3.8184475430289	0.89633454150169
3.8184492018919	0.90415769271593
3.8184508607549	0.92484939756048
3.818452519618	0.95115190358904
3.818454178481	0.95628914825951
3.818455837344	0.95268153378755
3.818457496207	0.94238072023734
3.81845915507	0.92946480552494
3.818460813933	0.92676724633395
3.818462472796	0.92783796592108
3.818464131659	0.93538886510517
3.818465790522	0.94519065522384
3.818467449385	0.95446602077711
3.818469108248	0.96356962521627
3.818470767111	0.95726587716011
3.818472425974	0.94625218060605
3.818474084837	0.9523126568915
3.8184757437	0.96324811802878
3.818477402563	0.96502411162177
3.818479061426	0.96436606809366
3.818480720289	0.9626188973416
3.818482379152	0.9606034173226
3.8184840380151	0.96092031965777
