3.8159144929281	0.988168
3.8159161517911	0.98721248322953
3.8159178106541	0.98626635871779
3.8159194695171	0.98539547988976
3.8159211283801	0.98385007189608
3.8159227872431	0.97994177634557
3.8159244461061	0.97597654044467
3.8159261049691	0.97189739158371
3.8159277638321	0.96752874972131
3.8159294226951	0.96279852970442
3.8159310815581	0.96001219781785
3.8159327404211	0.95877726514097
3.8159343992841	0.95722259328863
3.8159360581471	0.95550885389431
3.8159377170101	0.95570776255967
3.8159393758731	0.95644766183972
3.8159410347362	0.95853609732035
3.8159426935992	0.96078219827543
3.8159443524622	0.96112862821273
3.8159460113252	0.96171780986192
3.8159476701882	0.96416359936156
3.8159493290512	0.96650077733161
3.8159509879142	0.96846998583526
3.8159526467772	0.96981606298194
3.8159543056402	0.96995434648995
3.8159559645032	0.97034148570487
3.8159576233662	0.97102922859753
3.8159592822292	0.97191600636544
3.8159609410922	0.97295566404952
3.8159625999552	0.97466479166652
3.8159642588182	0.97669126079689
3.8159659176812	0.97573666989933
3.8159675765442	0.97399627902433
3.8159692354072	0.97375617675802
3.8159708942702	0.97369411625884
3.8159725531332	0.97471763694438
3.8159742119963	0.97556433978717
3.8159758708593	0.97523887480756
3.8159775297223	0.97477235677991
3.8159791885853	0.97387008908421
3.8159808474483	0.97044921950286
3.8159825063113	0.96251538152695
3.8159841651743	0.95651761180482
3.8159858240373	0.95268595849716
3.8159874829003	0.95146212297205
3.8159891417633	0.95208196729584
3.8159908006263	0.95647430379093
3.8159924594893	0.96248440912467
3.8159941183523	0.96896184415605
3.8159957772153	0.97554603071782
3.8159974360783	0.9818107648097
3.8159990949413	0.9877060495275
3.8160007538043	0.98588311659626
3.8160024126673	0.98423483814837
3.8160040715303	0.98352196545587
3.8160057303934	0.98209455331184
3.8160073892564	0.9787547767886
3.8160090481194	0.97447585034117
3.8160107069824	0.96870840236835
3.8160123658454	0.96151642659292
3.8160140247084	0.95291008417607
3.8160156835714	0.93781934031135
3.8160173424344	0.9187017406345
3.8160190012974	0.89111156971876
3.8160206601604	0.86042171481748
3.8160223190234	0.81784034061146
3.8160239778864	0.7731189183134
3.8160256367494	0.73491363153411
3.8160272956124	0.69905326372988
3.8160289544754	0.68774620548367
3.8160306133384	0.68237810233387
3.8160322722014	0.70162455173897
3.8160339310644	0.72704057470921
3.8160355899274	0.76617020608433
3.8160372487905	0.80656590323348
3.8160389076535	0.84866545066677
3.8160405665165	0.88305463197145
3.8160422253795	0.91094089664951
3.8160438842425	0.93251821462552
3.8160455431055	0.95082789595993
3.8160472019685	0.96030618277127
3.8160488608315	0.96722338593737
3.8160505196945	0.97233587321716
3.8160521785575	0.97717981250757
3.8160538374205	0.97621069324378
3.8160554962835	0.97542308518909
3.8160571551465	0.97590263408809
3.8160588140095	0.97586159106935
3.8160604728725	0.97419238060834
3.8160621317355	0.97085725507201
3.8160637905985	0.96455212517735
3.8160654494615	0.95834829785164
3.8160671083245	0.95225572198469
3.8160687671876	0.94588593832907
3.8160704260506	0.93932666512138
3.8160720849136	0.9342436477882
3.8160737437766	0.92975936468602
3.8160754026396	0.92727156229993
3.8160770615026	0.92519528920144
3.8160787203656	0.9249853878839
3.8160803792286	0.92495592114015
3.8160820380916	0.92602024175718
3.8160836969546	0.92688154861347
3.8160853558176	0.92683531673047
3.8160870146806	0.92546340008379
3.8160886735436	0.92101269597086
3.8160903324066	0.91690742525728
3.8160919912696	0.91328063065288
3.8160936501326	0.90862681666739
3.8160953089956	0.90309003477855
3.8160969678586	0.89791098820887
3.8160986267216	0.89291929170325
3.8161002855846	0.89481405416242
3.8161019444477	0.89870847865676
3.8161036033107	0.90005097195016
3.8161052621737	0.90110002811728
3.8161069210367	0.90289914394687
3.8161085798997	0.90400642051492
3.8161102387627	0.90055939228451
3.8161118976257	0.89805037513143
3.8161135564887	0.89833857841413
3.8161152153517	0.89704819947781
3.8161168742147	0.89307581699511
3.8161185330777	0.89301672824217
3.8161201919407	0.89703025713048
3.8161218508037	0.90060985923904
3.8161235096667	0.90391160636442
3.8161251685297	0.90780362843349
3.8161268273927	0.91191461664692
3.8161284862557	0.91519456676759
3.8161301451187	0.91832709723998
3.8161318039817	0.92230762223364
3.8161334628448	0.92602209036239
3.8161351217078	0.92675996508052
3.8161367805708	0.92831789968782
3.8161384394338	0.93296369384811
3.8161400982968	0.93693069772686
3.8161417571598	0.93952139604489
3.8161434160228	0.9423137112731
3.8161450748858	0.94535157260009
3.8161467337488	0.94176545377691
3.8161483926118	0.93321477561784
3.8161500514748	0.92561850326251
3.8161517103378	0.91844613133362
3.8161533692008	0.91551743340925
3.8161550280638	0.91356205721586
3.8161566869268	0.92122395201403
3.8161583457898	0.92953387950546
3.8161600046528	0.9374045692778
3.8161616635158	0.94437589998364
3.8161633223788	0.94716964497614
3.8161649812419	0.95041851662744
3.8161666401049	0.95473613878978
3.8161682989679	0.95920360147903
3.8161699578309	0.96387771950878
3.8161716166939	0.9678009623221
3.8161732755569	0.97108995627274
3.8161749344199	0.97565307842313
3.8161765932829	0.98086088897336
3.8161782521459	0.98291352007457
3.8161799110089	0.9841074608408
3.8161815698719	0.98796140195904
3.8161832287349	0.9919154358429
3.8161848875979	0.99052319470597
3.8161865464609	0.98922402041786
3.8161882053239	0.98843996358534
3.8161898641869	0.9878562910188
3.8161915230499	0.98779929370766
3.8161931819129	0.98735779148738
3.8161948407759	0.98633549604771
3.8161964996389	0.98506965140253
3.816198158502	0.98358005204719
3.816199817365	0.98078378357426
3.816201476228	0.97726571364883
3.816203135091	0.97603530153741
3.816204793954	0.97549873510038
3.816206452817	0.97191983637609
3.81620811168	0.96800453692323
3.816209770543	0.96675006131342
3.816211429406	0.96598722299005
3.816213088269	0.96830986944961
3.816214747132	0.97097868656508
3.816216405995	0.97462699000442
3.816218064858	0.9766274624092
3.816219723721	0.97599476058034
3.816221382584	0.97577513727827
3.816223041447	0.97595424673659
3.81622470031	0.97762127008281
3.816226359173	0.98015137103906
3.816228018036	0.98091292293213
3.8162296768991	0.98110698990464
3.8162313357621	0.980063191089
3.8162329946251	0.97886500771084
3.8162346534881	0.97971601961388
3.8162363123511	0.98004266344202
3.8162379712141	0.9768746050333
3.8162396300771	0.97441456341745
3.8162412889401	0.97402098603927
3.8162429478031	0.97370078164731
3.8162446066661	0.97350024985422
3.8162462655291	0.9740588546737
3.8162479243921	0.97536136505988
3.8162495832551	0.97659533854964
3.8162512421181	0.9777890991616
3.8162529009811	0.97745714914003
3.8162545598441	0.97663137931837
3.8162562187071	0.97717821931114
3.8162578775701	0.97791594705474
3.8162595364331	0.97946475250024
3.8162611952962	0.98088644745736
3.8162628541592	0.9814728389723
3.8162645130222	0.98192396324873
3.8162661718852	0.98198586024964
3.8162678307482	0.98144680928558
3.8162694896112	0.97994299999167
3.8162711484742	0.97925797582428
3.8162728073372	0.97935990693986
3.8162744662002	0.97811947033028
3.8162761250632	0.97611108152939
3.8162777839262	0.97957661067048
3.8162794427892	0.98474754877301
3.8162811016522	0.98296470655696
3.8162827605152	0.98030663538646
3.8162844193782	0.97725737523342
3.8162860782412	0.97384027562817
3.8162877371042	0.96820591022344
3.8162893959672	0.96189573352367
3.8162910548302	0.95375040186828
3.8162927136933	0.94636805444875
3.8162943725563	0.940148627619
3.8162960314193	0.93624001869074
3.8162976902823	0.93443621381634
3.8162993491453	0.93788910522773
3.8163010080083	0.9441648220218
3.8163026668713	0.95041439839212
3.8163043257343	0.95665651588416
3.8163059845973	0.96482981252711
3.8163076434603	0.9730149919642
3.8163093023233	0.97569102390614
3.8163109611863	0.97830289680471
3.8163126200493	0.98058062386301
3.8163142789123	0.98293143300904
3.8163159377753	0.98546200553822
3.8163175966383	0.98679460016689
3.8163192555013	0.98645322029461
3.8163209143643	0.98558883826223
3.8163225732273	0.98428837579615
3.8163242320903	0.98263004808618
3.8163258909534	0.98079837069176
3.8163275498164	0.97820702131302
3.8163292086794	0.97542831631821
3.8163308675424	0.97129495830279
3.8163325264054	0.96700219504514
3.8163341852684	0.96178271851022
3.8163358441314	0.95738209193244
3.8163375029944	0.95650714731455
3.8163391618574	0.95624517944545
3.8163408207204	0.9573008536665
3.8163424795834	0.96086264210001
3.8163441384464	0.96752909828949
3.8163457973094	0.97309785455712
3.8163474561724	0.97785842075903
3.8163491150354	0.9829197883587
3.8163507738984	0.98810679605199
3.8163524327614	0.98634784871373
3.8163540916244	0.98321567957405
3.8163557504874	0.9811547060675
3.8163574093505	0.97916175804801
3.8163590682135	0.97744468509768
3.8163607270765	0.97539688760862
3.8163623859395	0.97220629089369
3.8163640448025	0.96883510524948
3.8163657036655	0.96513519758282
3.8163673625285	0.96081206402521
3.8163690213915	0.95582662071221
3.8163706802545	0.95060265863805
3.8163723391175	0.94522947794419
3.8163739979805	0.94146404405057
3.8163756568435	0.93824692898158
3.8163773157065	0.93594983456558
3.8163789745695	0.93373277959298
3.8163806334325	0.92455354592614
3.8163822922955	0.91507250079154
3.8163839511585	0.90370614720803
3.8163856100215	0.89255942282848
3.8163872688845	0.88200935921462
3.8163889277476	0.87496018908748
3.8163905866106	0.8731568066282
3.8163922454736	0.87896177602314
3.8163939043366	0.89147209502917
3.8163955631996	0.90941684421522
3.8163972220626	0.93012381881131
3.8163988809256	0.9462119546454
3.8164005397886	0.96110615558255
3.8164021986516	0.96958898507306
3.8164038575146	0.97727943065728
3.8164055163776	0.98039933716992
3.8164071752406	0.98289881960228
3.8164088341036	0.98275587615027
3.8164104929666	0.98133485886493
3.8164121518296	0.97722614622779
3.8164138106926	0.97236817617664
3.8164154695556	0.96661107053456
3.8164171284186	0.96305220198333
3.8164187872816	0.9610403913014
3.8164204461446	0.96166422457668
3.8164221050077	0.96331577279279
3.8164237638707	0.96881044845697
3.8164254227337	0.97497206242282
3.8164270815967	0.97596389284421
3.8164287404597	0.97649202222502
3.8164303993227	0.97414165113966
3.8164320581857	0.97128346203186
3.8164337170487	0.96690914584296
3.8164353759117	0.96244499554694
3.8164370347747	0.95783679665084
3.8164386936377	0.95665478269255
3.8164403525007	0.95866817697756
3.8164420113637	0.95958478933079
3.8164436702267	0.95991322795073
3.8164453290897	0.95879141889446
3.8164469879527	0.9572712772189
3.8164486468157	0.95133175276324
3.8164503056787	0.94513131550741
3.8164519645417	0.94134033316624
3.8164536234048	0.93860635337105
3.8164552822678	0.94049394067716
3.8164569411308	0.94339197073675
3.8164585999938	0.94843457975875
3.8164602588568	0.95357018679601
3.8164619177198	0.95881738308181
3.8164635765828	0.96191457573548
3.8164652354458	0.96351148845594
3.8164668943088	0.96511238723666
3.8164685531718	0.96671480920401
3.8164702120348	0.96467176594057
3.8164718708978	0.96202648491173
3.8164735297608	0.96168534370186
3.8164751886238	0.96130345600406
3.8164768474868	0.96053344236775
3.8164785063498	0.96057206427392
3.8164801652128	0.96287583498495
3.8164818240758	0.9648536887312
3.8164834829388	0.96633920170803
3.8164851418019	0.96348076648983
3.8164868006649	0.95682590874102
3.8164884595279	0.95307030942518
3.8164901183909	0.95074834487024
3.8164917772539	0.9546528338387
3.8164934361169	0.96006791952608
3.8164950949799	0.96126487881849
3.8164967538429	0.96230361050946
3.8164984127059	0.96465396996933
3.8165000715689	0.96676568202682
3.8165017304319	0.9679927205948
3.8165033892949	0.96992871975847
3.8165050481579	0.97318943070521
3.8165067070209	0.97264395511468
3.8165083658839	0.96805535408353
3.8165100247469	0.96783022679326
3.8165116836099	0.97026390074377
3.8165133424729	0.97180077641373
3.8165150013359	0.97305124286334
3.8165166601989	0.97369823029104
3.816518319062	0.97415863847124
3.816519977925	0.97106798844512
3.816521636788	0.96845956704053
3.816523295651	0.96823142878042
3.816524954514	0.96860382548338
3.816526613377	0.97034105839268
3.81652827224	0.96804315233384
3.816529931103	0.96066813323801
3.816531589966	0.9559243964672
3.816533248829	0.95308461342074
3.816534907692	0.95207527605794
3.816536566555	0.95178585415626
3.816538225418	0.95415779140034
3.816539884281	0.95697966181873
3.816541543144	0.96068449897466
3.816543202007	0.96360620985606
3.81654486087	0.96129624604025
3.816546519733	0.95598881730487
3.816548178596	0.94254191036882
3.8165498374591	0.92474460767991
3.8165514963221	0.90061677989508
3.8165531551851	0.8757224034612
3.8165548140481	0.85018970773
3.8165564729111	0.83437814360687
3.8165581317741	0.82305549344819
3.8165597906371	0.82315418213959
3.8165614495001	0.8257142639802
3.8165631083631	0.84520452249571
3.8165647672261	0.86598345338502
3.8165664260891	0.89223005944548
3.8165680849521	0.91558256366421
3.8165697438151	0.92973485410367
3.8165714026781	0.94225028459462
3.8165730615411	0.95207757648085
3.8165747204041	0.95949634964477
3.8165763792671	0.96467155252439
3.8165780381301	0.96669077017555
3.8165796969931	0.96706325662836
3.8165813558562	0.9641541636491
3.8165830147192	0.96040745083555
3.8165846735822	0.96065927520429
3.8165863324452	0.96104228315169
3.8165879913082	0.95971972476838
3.8165896501712	0.95768718021058
3.8165913090342	0.9530795002809
3.8165929678972	0.9486103286944
3.8165946267602	0.94439151668261
3.8165962856232	0.94047900694275
3.8165979444862	0.93687721951485
3.8165996033492	0.93572960573252
3.8166012622122	0.93598181876052
3.8166029210752	0.93708847698842
3.8166045799382	0.9384400127985
3.8166062388012	0.94304602712544
3.8166078976642	0.94743243226852
3.8166095565272	0.94362037302413
3.8166112153902	0.93968535148759
3.8166128742533	0.93525708607304
3.8166145331163	0.93140897826105
3.8166161919793	0.92868415207
3.8166178508423	0.92701774028453
3.8166195097053	0.92648995237364
3.8166211685683	0.92632921603859
3.8166228274313	0.92639055357935
3.8166244862943	0.93157326486309
3.8166261451573	0.93833379128939
3.8166278040203	0.93741805841055
3.8166294628833	0.93526098789177
3.8166311217463	0.92422162704547
3.8166327806093	0.9119486383142
3.8166344394723	0.8944017783455
3.8166360983353	0.87654320249918
3.8166377571983	0.85805623285018
3.8166394160613	0.84477703314673
3.8166410749243	0.83728455689568
3.8166427337873	0.83879071326449
3.8166443926503	0.8459078186777
3.8166460515134	0.86058410975421
3.8166477103764	0.87766976767945
3.8166493692394	0.89427264418495
3.8166510281024	0.91052740200448
3.8166526869654	0.92029103321129
3.8166543458284	0.92871544842937
3.8166560046914	0.9312894019309
3.8166576635544	0.93072673552283
3.8166593224174	0.92377279377489
3.8166609812804	0.92030596456201
3.8166626401434	0.9207357270918
3.8166642990064	0.91804172690745
3.8166659578694	0.91339576601791
3.8166676167324	0.90985958222309
3.8166692755954	0.90667623011573
3.8166709344584	0.89183131347875
3.8166725933214	0.87544246381518
3.8166742521844	0.85321889734812
3.8166759110474	0.83125601010033
3.8166775699105	0.81040730762769
3.8166792287735	0.79420097510434
3.8166808876365	0.78727371869441
3.8166825464995	0.7924391428009
3.8166842053625	0.81083861153378
3.8166858642255	0.83710619962581
3.8166875230885	0.86816355068178
3.8166891819515	0.89161302434399
3.8166908408145	0.91273715578128
3.8166924996775	0.92565707275227
3.8166941585405	0.93730853285209
3.8166958174035	0.94103615743488
3.8166974762665	0.94394309807771
3.8166991351295	0.94355768744774
3.8167007939925	0.943545398794
3.8167024528555	0.94424348521025
3.8167041117185	0.94320509723647
3.8167057705815	0.94035426714501
3.8167074294445	0.93915500493875
3.8167090883076	0.93890753429047
3.8167107471706	0.9376763822029
3.8167124060336	0.93616718833022
3.8167140648966	0.93390023652331
3.8167157237596	0.93133311233815
3.8167173826226	0.92561849278784
3.8167190414856	0.91726748533995
3.8167207003486	0.89935496491069
3.8167223592116	0.88505103150477
3.8167240180746	0.87710971588681
3.8167256769376	0.86813825095732
3.8167273358006	0.85816828351129
3.8167289946636	0.85794455020827
3.8167306535266	0.86288091018967
3.8167323123896	0.87258436551634
3.8167339712526	0.88347931978747
3.8167356301156	0.89666532847937
3.8167372889786	0.9098556949478
3.8167389478416	0.92181805754601
3.8167406067046	0.93127954672951
3.8167422655677	0.9327941394958
3.8167439244307	0.93431920337085
3.8167455832937	0.93586091874798
3.8167472421567	0.93701845016665
3.8167489010197	0.93783928224755
3.8167505598827	0.93958564106394
3.8167522187457	0.94176766743333
3.8167538776087	0.94469705345591
3.8167555364717	0.94778270041081
3.8167571953347	0.94548804201349
3.8167588541977	0.94371820233872
3.8167605130607	0.94676009314352
3.8167621719237	0.94904462805736
3.8167638307867	0.94927352853994
3.8167654896497	0.94833987393577
3.8167671485127	0.94578021582924
3.8167688073757	0.94324512055725
3.8167704662387	0.94072895948932
3.8167721251017	0.93747999873567
3.8167737839648	0.93393559741757
3.8167754428278	0.93456498462142
3.8167771016908	0.9358626527779
3.8167787605538	0.93638327539661
3.8167804194168	0.93688470100525
3.8167820782798	0.93728328894926
3.8167837371428	0.93789197210959
3.8167853960058	0.93897765846968
3.8167870548688	0.94025949014535
3.8167887137318	0.94177682650132
3.8167903725948	0.94102193020621
3.8167920314578	0.93877191391752
3.8167936903208	0.93673264393111
3.8167953491838	0.9347628604587
3.8167970080468	0.93219802046492
3.8167986669098	0.92957574265442
3.8168003257728	0.92710262328399
3.8168019846358	0.9244613636995
3.8168036434988	0.92114562200278
3.8168053023619	0.91678612708795
3.8168069612249	0.91047949682155
3.8168086200879	0.90447279646224
3.8168102789509	0.89876777775688
3.8168119378139	0.89072097036884
3.8168135966769	0.88140343738309
3.8168152555399	0.88071046303348
3.8168169144029	0.88219962402717
3.8168185732659	0.88238052348614
3.8168202321289	0.88277728685075
3.8168218909919	0.88581550342392
3.8168235498549	0.89051056901503
3.8168252087179	0.90021863157742
3.8168268675809	0.91001766969271
3.8168285264439	0.91995384850791
3.8168301853069	0.92558091557472
3.8168318441699	0.92767248271394
3.8168335030329	0.93064045252585
3.8168351618959	0.93398406379935
3.816836820759	0.93416506183786
3.816838479622	0.93378169992916
3.816840138485	0.92777174588085
3.816841797348	0.92238539531597
3.816843456211	0.92045711731082
3.816845115074	0.92164627795683
3.816846773937	0.9299733590053
3.8168484328	0.93587799685944
3.816850091663	0.93888470345165
3.816851750526	0.94174184864275
3.816853409389	0.94450207158279
3.816855068252	0.94396266365031
3.816856727115	0.94237198578367
3.816858385978	0.93915162815949
3.816860044841	0.93576697745321
3.816861703704	0.93233191820274
3.816863362567	0.92895620464626
3.81686502143	0.92579844724928
3.816866680293	0.92375676987876
3.816868339156	0.92364690578806
3.8168699980191	0.92509441630709
3.8168716568821	0.92798849610962
3.8168733157451	0.9312607453346
3.8168749746081	0.93471851800156
3.8168766334711	0.93665156083086
3.8168782923341	0.93825768933116
3.8168799511971	0.93998441860884
3.8168816100601	0.94181026853056
3.8168832689231	0.94428558877821
3.8168849277861	0.94642403969693
3.8168865866491	0.94770456314469
3.8168882455121	0.94765132070542
3.8168899043751	0.94586603981449
3.8168915632381	0.94393252369724
3.8168932221011	0.94189526112053
3.8168948809641	0.94214703215925
3.8168965398271	0.94319604226777
3.8168981986901	0.93773382399176
3.8168998575531	0.93128297297982
3.8169015164162	0.92042389520376
3.8169031752792	0.90857874235708
3.8169048341422	0.89285285669897
3.8169064930052	0.87435229568109
3.8169081518682	0.85084435150962
3.8169098107312	0.83228420668375
3.8169114695942	0.81846688470241
3.8169131284572	0.81649386819867
3.8169147873202	0.82049350772496
3.8169164461832	0.83303718813537
3.8169181050462	0.84746770302034
3.8169197639092	0.86125348345327
3.8169214227722	0.87444327350126
3.8169230816352	0.88369829703318
3.8169247404982	0.89164900757419
3.8169263993612	0.89629365314673
3.8169280582242	0.90164083755455
3.8169297170872	0.90789028613015
3.8169313759502	0.91205031988813
3.8169330348133	0.91477517318419
3.8169346936763	0.91694515068658
3.8169363525393	0.91892813180877
3.8169380114023	0.91998083514483
3.8169396702653	0.92080519651449
3.8169413291283	0.9195636218132
3.8169429879913	0.91792899333171
3.8169446468543	0.91485248601046
3.8169463057173	0.91089453876451
3.8169479645803	0.90543516184686
3.8169496234433	0.89647422280108
3.8169512823063	0.88435459674301
3.8169529411693	0.87796856092188
3.8169546000323	0.87425957672818
3.8169562588953	0.8691749047336
3.8169579177583	0.86382390726501
3.8169595766213	0.86441312638848
3.8169612354843	0.86585048640282
3.8169628943473	0.87187759890517
3.8169645532103	0.87631822271176
3.8169662120734	0.87717590942469
3.8169678709364	0.87595097266523
3.8169695297994	0.87231606422621
3.8169711886624	0.86122849153859
3.8169728475254	0.84557955924088
3.8169745063884	0.8293349316283
3.8169761652514	0.81291960043706
3.8169778241144	0.80513647743137
3.8169794829774	0.79870240267794
3.8169811418404	0.79963583232054
3.8169828007034	0.80225951127558
3.8169844595664	0.80998582594473
3.8169861184294	0.81825749973276
3.8169877772924	0.82732609774578
3.8169894361554	0.83627875180828
3.8169910950184	0.84514173550066
3.8169927538814	0.85522150379389
3.8169944127444	0.86577066878176
3.8169960716074	0.86872078966717
3.8169977304705	0.87066892192525
3.8169993893335	0.87362515501594
3.8170010481965	0.87608554355663
3.8170027070595	0.87650743672964
3.8170043659225	0.8755391732197
3.8170060247855	0.87203353678504
3.8170076836485	0.87049511288581
3.8170093425115	0.87082909188694
3.8170110013745	0.87075244299263
3.8170126602375	0.87047437865545
3.8170143191005	0.86932125107912
3.8170159779635	0.86798840138307
3.8170176368265	0.86640096797663
3.8170192956895	0.86480629756017
3.8170209545525	0.86318698317286
3.8170226134155	0.86147089058192
3.8170242722785	0.85953583071466
3.8170259311415	0.8573433740429
3.8170275900045	0.85485564871325
3.8170292488676	0.85442295356241
3.8170309077306	0.85522275154519
3.8170325665936	0.85580855551247
3.8170342254566	0.85633562285919
3.8170358843196	0.85394969337417
3.8170375431826	0.85164312656624
3.8170392020456	0.85150020007755
3.8170408609086	0.85023125345211
3.8170425197716	0.84582240026963
3.8170441786346	0.84235857739912
3.8170458374976	0.84017845106493
3.8170474963606	0.83912020227719
3.8170491552236	0.83886037293061
3.8170508140866	0.83297450864029
3.8170524729496	0.825158408927
3.8170541318126	0.81852804893175
3.8170557906756	0.81220634957069
3.8170574495386	0.80850806539573
3.8170591084016	0.80380421344085
3.8170607672646	0.79566398947713
3.8170624261277	0.78741214604336
3.8170640849907	0.77898367972688
3.8170657438537	0.77133233749505
3.8170674027167	0.76432137100121
3.8170690615797	0.75563096978581
3.8170707204427	0.74625260920475
3.8170723793057	0.73518462886262
3.8170740381687	0.72391629666699
3.8170756970317	0.7141726869842
3.8170773558947	0.70335430899818
3.8170790147577	0.68806085731394
3.8170806736207	0.671920660565
3.8170823324837	0.65424438987838
3.8170839913467	0.63615073865961
3.8170856502097	0.6176674424363
3.8170873090727	0.59979158359194
3.8170889679357	0.58220270111732
3.8170906267987	0.56661261910877
3.8170922856617	0.55140468516309
3.8170939445248	0.53763019919568
3.8170956033878	0.52414046061423
3.8170972622508	0.51208227954149
3.8170989211138	0.50025018641256
3.8171005799768	0.48888045916712
3.8171022388398	0.47871740698588
3.8171038977028	0.46980494422449
3.8171055565658	0.46311660101661
3.8171072154288	0.45760565170765
3.8171088742918	0.45093384472025
3.8171105331548	0.44400165460755
3.8171121920178	0.43705403753251
3.8171138508808	0.43021958788745
3.8171155097438	0.42406497911926
3.8171171686068	0.41757642168913
3.8171188274698	0.41033181979105
3.8171204863328	0.40518411148969
3.8171221451958	0.40240253303236
3.8171238040588	0.40010797092586
3.8171254629219	0.39809520022491
3.8171271217849	0.39351585383373
3.8171287806479	0.3882835745925
3.8171304395109	0.38344354195729
3.8171320983739	0.37880581889595
3.8171337572369	0.37547164531122
3.8171354160999	0.37176234196318
3.8171370749629	0.36713142282723
3.8171387338259	0.36343144737783
3.8171403926889	0.36085295980991
3.8171420515519	0.35805246607033
3.8171437104149	0.35511475027389
3.8171453692779	0.35558463167289
3.8171470281409	0.35700128831518
3.8171486870039	0.35474182876439
3.8171503458669	0.35260410477226
3.8171520047299	0.35305096101542
3.8171536635929	0.35397532518278
3.8171553224559	0.35614550658702
3.817156981319	0.35845338197257
3.817158640182	0.36093493636516
3.817160299045	0.36423839444727
3.817161957908	0.36807292477057
3.817163616771	0.3725118549755
3.817165275634	0.37712844191854
3.817166934497	0.38404732999831
3.81716859336	0.39150334104284
3.817170252223	0.40228316517466
3.817171911086	0.4140125928083
3.817173569949	0.42831135691072
3.817175228812	0.44240669367865
3.817176887675	0.45623864619747
3.817178546538	0.46976550136146
3.817180205401	0.48309051147147
3.817181864264	0.49290550615018
3.817183523127	0.50166059174187
3.81718518199	0.51189791302814
3.817186840853	0.522088168402
3.817188499716	0.53093143527041
3.8171901585791	0.53859901388845
3.8171918174421	0.54304742276464
3.8171934763051	0.54696269507211
3.8171951351681	0.5501834558477
3.8171967940311	0.55239977320511
3.8171984528941	0.55394971268744
3.8172001117571	0.55288100512954
3.8172017706201	0.55102210318782
3.8172034294831	0.54613294910093
3.8172050883461	0.54165437473177
3.8172067472091	0.54259296399042
3.8172084060721	0.54346581579128
3.8172100649351	0.54416106179957
3.8172117237981	0.54677098046613
3.8172133826611	0.55184064109171
3.8172150415241	0.56154570588011
3.8172167003871	0.57427180700335
3.8172183592501	0.58492949890318
3.8172200181131	0.59498076711438
3.8172216769762	0.60325331602159
3.8172233358392	0.61107261368603
3.8172249947022	0.61610552575817
3.8172266535652	0.62115509334743
3.8172283124282	0.62624799073793
3.8172299712912	0.63219349120609
3.8172316301542	0.63919767108231
3.8172332890172	0.64388786208763
3.8172349478802	0.64712708135558
3.8172366067432	0.64758731973726
3.8172382656062	0.64727878106569
3.8172399244692	0.65118772302327
3.8172415833322	0.6554333436797
3.8172432421952	0.66058270082881
3.8172449010582	0.66511852467231
3.8172465599212	0.66815330383304
3.8172482187842	0.67151866262951
3.8172498776472	0.67527308057358
3.8172515365102	0.67886182109573
3.8172531953733	0.68235272593816
3.8172548542363	0.68634661170773
3.8172565130993	0.69046761744707
3.8172581719623	0.69478572512572
3.8172598308253	0.69906609729249
3.8172614896883	0.70306912753522
3.8172631485513	0.70684369981848
3.8172648074143	0.71010391371603
3.8172664662773	0.71371348393143
3.8172681251403	0.71770515767384
3.8172697840033	0.72130897414832
3.8172714428663	0.72470192375795
3.8172731017293	0.72985292671019
3.8172747605923	0.73539474466238
3.8172764194553	0.73909432702082
3.8172780783183	0.74296284334968
3.8172797371813	0.74783580089556
3.8172813960443	0.75163401212613
3.8172830549073	0.7532495194033
3.8172847137703	0.75608656074114
3.8172863726334	0.76014129185603
3.8172880314964	0.76330430990141
3.8172896903594	0.76603171860856
3.8172913492224	0.76512596708787
3.8172930080854	0.76348844407374
3.8172946669484	0.75805033671795
3.8172963258114	0.75279413935454
3.8172979846744	0.74833570602624
3.8172996435374	0.74500613734002
3.8173013024004	0.74370767228556
3.8173029612634	0.74251069558305
3.8173046201264	0.74140410657098
3.8173062789894	0.74323319016006
3.8173079378524	0.74631571346228
3.8173095967154	0.75753823797841
3.8173112555784	0.77015120767596
3.8173129144414	0.78709632583502
3.8173145733044	0.80328268079243
3.8173162321674	0.81673248078776
3.8173178910305	0.8265975846615
3.8173195498935	0.83084332556265
3.8173212087565	0.83518709271632
3.8173228676195	0.83960726047273
3.8173245264825	0.83966262227582
3.8173261853455	0.83814172738927
3.8173278442085	0.83531148995287
3.8173295030715	0.8329126775787
3.8173311619345	0.83697637176729
3.8173328207975	0.84038124817522
3.8173344796605	0.84450656691251
3.8173361385235	0.84868327553172
3.8173377973865	0.85319539359841
3.8173394562495	0.85772506596777
3.8173411151125	0.86451952123075
3.8173427739755	0.87151183615363
3.8173444328385	0.87460402628918
3.8173460917015	0.87720994293801
3.8173477505645	0.88038444427382
3.8173494094276	0.88365245979193
3.8173510682906	0.88532383404152
3.8173527271536	0.88666464881174
3.8173543860166	0.89113564631555
3.8173560448796	0.89639718787497
3.8173577037426	0.89809822821309
3.8173593626056	0.89872583978727
3.8173610214686	0.89768761462666
3.8173626803316	0.89605932946085
3.8173643391946	0.89760774730313
3.8173659980576	0.90046193781817
3.8173676569206	0.89891979554875
3.8173693157836	0.89529971337538
3.8173709746466	0.89633831115358
3.8173726335096	0.89989056377452
3.8173742923726	0.90364591909582
3.8173759512356	0.90752569429248
3.8173776100986	0.90810517450039
3.8173792689616	0.90639953069817
3.8173809278246	0.90540034851649
3.8173825866877	0.90495235569461
3.8173842455507	0.90602791852885
3.8173859044137	0.90844009254479
3.8173875632767	0.90955306468672
3.8173892221397	0.90938646207601
3.8173908810027	0.90973172622282
3.8173925398657	0.9106426793611
3.8173941987287	0.91172134070199
3.8173958575917	0.91300799994766
3.8173975164547	0.91157783273669
3.8173991753177	0.90636292012668
3.8174008341807	0.90526120379088
3.8174024930437	0.91060760999122
3.8174041519067	0.91315608613741
3.8174058107697	0.91075586097597
3.8174074696327	0.91124694321269
3.8174091284957	0.91752835389719
3.8174107873587	0.92152989171128
3.8174124462217	0.92033605311706
3.8174141050848	0.92031894362856
3.8174157639478	0.92337204064168
3.8174174228108	0.92581977867125
3.8174190816738	0.92644464250881
3.8174207405368	0.92783893160624
3.8174223993998	0.93193501559523
3.8174240582628	0.93468461119199
3.8174257171258	0.93184404264803
3.8174273759888	0.92892540707152
3.8174290348518	0.92561653307917
3.8174306937148	0.92276026502595
3.8174323525778	0.92269761519882
3.8174340114408	0.92261635286443
3.8174356703038	0.92238794156243
3.8174373291668	0.92243759053681
3.8174389880298	0.92547127267639
3.8174406468928	0.92845762395263
3.8174423057558	0.93067987412305
3.8174439646188	0.9328370602727
3.8174456234819	0.93299742113088
3.8174472823449	0.93314050253923
3.8174489412079	0.92975740276319
3.8174506000709	0.92637430298716
3.8174522589339	0.92899256195614
3.8174539177969	0.93174373468118
3.8174555766599	0.93707413000415
3.8174572355229	0.9425347864041
3.8174588943859	0.94430876409066
3.8174605532489	0.94578645214153
3.8174622121119	0.94445130071045
3.8174638709749	0.94280177967135
3.8174655298379	0.94243477517006
3.8174671887009	0.94225362177797
3.8174688475639	0.94431822821979
3.8174705064269	0.9467868679277
3.8174721652899	0.94822367586925
3.8174738241529	0.94943660382848
3.8174754830159	0.94764591201595
3.817477141879	0.94508560905059
3.817478800742	0.9328539159587
3.817480459605	0.9177413925831
3.817482118468	0.92276096911384
3.817483777331	0.93466827668348
3.817485436194	0.94025192535268
3.817487095057	0.94337362983283
3.81748875392	0.94711494657149
3.817490412783	0.95112869355253
3.817492071646	0.94869868069869
3.817493730509	0.94308854158414
3.817495389372	0.94320234036654
3.817497048235	0.94647128929398
3.817498707098	0.94750980130585
3.817500365961	0.94718036565747
3.817502024824	0.94755175960935
3.817503683687	0.94839985374356
3.81750534255	0.95122134207311
3.817507001413	0.95552770954298
3.817508660276	0.95411661617612
3.8175103191391	0.94795500695004
3.8175119780021	0.9504356429671
3.8175136368651	0.96083396045241
3.8175152957281	0.96381491826042
3.8175169545911	0.9593100630552
3.8175186134541	0.9472339774664
3.8175202723171	0.92674476473922
3.8175219311801	0.91698351124827
3.8175235900431	0.92034894930505
3.8175252489061	0.92075407002344
3.8175269077691	0.91716900405313
3.8175285666321	0.91401340810517
3.8175302254951	0.91149603440526
3.8175318843581	0.90915510603131
3.8175335432211	0.9071036512603
3.8175352020841	0.90450923981331
3.8175368609471	0.90092945669723
3.8175385198101	0.89489418990627
3.8175401786731	0.88391736599253
3.8175418375362	0.86617854693996
3.8175434963992	0.83330287321895
3.8175451552622	0.80065212144057
3.8175468141252	0.76856369539902
3.8175484729882	0.74161152960969
3.8175501318512	0.72907004051632
3.8175517907142	0.72298920893327
3.8175534495772	0.73737167737805
3.8175551084402	0.75643573316691
3.8175567673032	0.79236368654745
3.8175584261662	0.82747866930726
3.8175600850292	0.85923139771023
3.8175617438922	0.88799138703241
3.8175634027552	0.90237200568016
3.8175650616182	0.91629556204055
3.8175667204812	0.92762843687513
3.8175683793442	0.93921083478387
3.8175700382072	0.95249619936832
3.8175716970702	0.96376350794841
3.8175733559333	0.9579606638992
3.8175750147963	0.95207867885595
3.8175766736593	0.94533124081977
3.8175783325223	0.93873565046834
3.8175799913853	0.93443821162774
3.8175816502483	0.93008240136601
3.8175833091113	0.92433687819612
3.8175849679743	0.91863055305381
3.8175866268373	0.91497721466301
3.8175882857003	0.91132387627221
3.8175899445633	0.8999661896272
3.8175916034263	0.88858761893342
3.8175932622893	0.88343222684951
3.8175949211523	0.87843016992008
3.8175965800153	0.88257194592887
3.8175982388783	0.88714674306249
3.8175998977413	0.88927959444924
3.8176015566043	0.89123908050294
3.8176032154673	0.89454652441814
3.8176048743303	0.89798278225917
3.8176065331934	0.8976742211501
3.8176081920564	0.89691211190298
3.8176098509194	0.89706064407849
3.8176115097824	0.89734373215802
3.8176131686454	0.89834260869281
3.8176148275084	0.89946711766456
3.8176164863714	0.90074250945445
3.8176181452344	0.90204874961947
3.8176198040974	0.8966159002354
3.8176214629604	0.88960176758232
3.8176231218234	0.89693662608632
3.8176247806864	0.9080916745809
3.8176264395494	0.90666620361682
3.8176280984124	0.90147594218063
3.8176297572754	0.9018610660226
3.8176314161384	0.90410728185817
3.8176330750014	0.90500094598451
3.8176347338644	0.90539408018459
3.8176363927274	0.90011686848589
3.8176380515905	0.89252614862448
3.8176397104535	0.88535857411547
3.8176413693165	0.8783805264879
3.8176430281795	0.87285956809848
3.8176446870425	0.86805245934322
3.8176463459055	0.86347538689667
3.8176480047685	0.85902116048663
3.8176496636315	0.8554785890326
3.8176513224945	0.85246532166763
3.8176529813575	0.85372630800859
3.8176546402205	0.8576788856764
3.8176562990835	0.86414474459005
3.8176579579465	0.87232369717656
3.8176596168095	0.871636125075
3.8176612756725	0.8644171417896
3.8176629345355	0.86589015261714
3.8176645933985	0.87427281854732
3.8176662522615	0.88214696927024
3.8176679111245	0.88958540488483
3.8176695699876	0.89832898727363
3.8176712288506	0.90827676651433
3.8176728877136	0.9108479465486
3.8176745465766	0.90609471250523
3.8176762054396	0.90262832404311
3.8176778643026	0.90053622591858
3.8176795231656	0.9020371580151
3.8176811820286	0.90766370278937
3.8176828408916	0.91288269004186
3.8176844997546	0.91759862512173
3.8176861586176	0.92172219187703
3.8176878174806	0.92505964801518
3.8176894763436	0.92781885411243
3.8176911352066	0.92975286445071
3.8176927940696	0.93135590754073
3.8176944529326	0.93245086265133
3.8176961117956	0.93478117187863
3.8176977706586	0.93915277210543
3.8176994295216	0.93737168424446
3.8177010883847	0.92463722626322
3.8177027472477	0.92131571344883
3.8177044061107	0.93606632447041
3.8177060649737	0.94403513748289
3.8177077238367	0.9379447049892
3.8177093826997	0.93578954204839
3.8177110415627	0.94245641123838
3.8177127004257	0.94688284107185
3.8177143592887	0.94586732252596
3.8177160181517	0.94437829275064
3.8177176770147	0.94164047373888
3.8177193358777	0.93842522721626
3.8177209947407	0.93383949861055
3.8177226536037	0.92992884281429
3.8177243124667	0.92813396976313
3.8177259713297	0.92773532702764
3.8177276301927	0.93212972494779
3.8177292890557	0.93562902935455
3.8177309479187	0.93574856658966
3.8177326067817	0.93504847209561
3.8177342656448	0.93092730409109
3.8177359245078	0.92925929158136
3.8177375833708	0.93897088471005
3.8177392422338	0.94615812351255
3.8177409010968	0.94023959326745
3.8177425599598	0.93489124728557
3.8177442188228	0.93288337667675
3.8177458776858	0.93123638143323
3.8177475365488	0.93199947775927
3.8177491954118	0.93239955617673
3.8177508542748	0.92999941498379
3.8177525131378	0.92826379027613
3.8177541720008	0.93254466410619
3.8177558308638	0.93684692668496
3.8177574897268	0.94138176140356
3.8177591485898	0.94589091137329
3.8177608074528	0.95005432539268
3.8177624663158	0.95371372112053
3.8177641251788	0.94858129795393
3.8177657840419	0.94324294985675
3.8177674429049	0.93288161996249
3.8177691017679	0.92255626460416
3.8177707606309	0.91365261776491
3.8177724194939	0.90473223192833
3.8177740783569	0.89417314075795
3.8177757372199	0.88361404958758
3.8177773960829	0.86882473365764
3.8177790549459	0.8540168883512
3.8177807138089	0.82193179203324
3.8177823726719	0.78951747654819
3.8177840315349	0.76775703383956
3.8177856903979	0.74635904372252
3.8177873492609	0.74117745294605
3.8177890081239	0.7367950694074
3.8177906669869	0.75775872749695
3.8177923258499	0.78036725450822
3.8177939847129	0.81102092662387
3.8177956435759	0.84232445722474
3.817797302439	0.87297654409182
3.817798961302	0.90356542610128
3.817800620165	0.92538694175151
3.817802279028	0.94621207355964
3.817803937891	0.96177095731086
3.817805596754	0.97664228416785
3.817807255617	0.97986096115335
3.81780891448	0.98135658811809
3.817810573343	0.97877991914079
3.817812232206	0.97552915892474
3.817813891069	0.96456903756257
3.817815549932	0.95219380610115
3.817817208795	0.95624058351344
3.817818867658	0.96360481436291
3.817820526521	0.95737110433049
3.817822185384	0.94813427000125
3.817823844247	0.95000982868495
3.81782550311	0.95455327854769
3.817827161973	0.95523715417943
3.817828820836	0.95491864050774
3.8178304796991	0.95558597704968
3.8178321385621	0.95652917744268
3.8178337974251	0.96252812949207
3.8178354562881	0.97004526517048
3.8178371151511	0.97091193254652
3.8178387740141	0.96964211967242
3.8178404328771	0.96446215617926
3.8178420917401	0.95794205749692
3.8178437506031	0.95891951073846
3.8178454094661	0.96263054580374
3.8178470683291	0.95763424990376
3.8178487271921	0.94926820260118
3.8178503860551	0.93820402164531
3.8178520449181	0.92603391223662
3.8178537037811	0.92364845906039
3.8178553626441	0.92550232465339
3.8178570215071	0.93246017507183
3.8178586803701	0.94175168757494
3.8178603392331	0.94373838433729
3.8178619980962	0.94220696248279
3.8178636569592	0.93769659773282
3.8178653158222	0.93167702969127
3.8178669746852	0.93308681160906
3.8178686335482	0.93845098825759
3.8178702924112	0.92229910433589
3.8178719512742	0.89413323439254
3.8178736101372	0.86687353571604
3.8178752690002	0.84014407893878
3.8178769278632	0.80349107480354
3.8178785867262	0.76075986946778
3.8178802455892	0.74507060329482
3.8178819044522	0.74670056793551
3.8178835633152	0.74926491579648
3.8178852221782	0.75245449211531
3.8178868810412	0.77445736442663
3.8178885399042	0.8095980892158
3.8178901987672	0.83675993456578
3.8178918576302	0.85811094945892
3.8178935164933	0.88317282409244
3.8178951753563	0.91105080613739
3.8178968342193	0.92831486979034
3.8178984930823	0.93719088347469
3.8179001519453	0.94517804233649
3.8179018108083	0.95243433642693
3.8179034696713	0.95667198731177
3.8179051285343	0.95832852888041
3.8179067873973	0.95899101197537
3.8179084462603	0.95877005421075
3.8179101051233	0.95751258086778
3.8179117639863	0.95529841960792
3.8179134228493	0.93767204917999
3.8179150817123	0.90527847743305
3.8179167405753	0.89259079130989
3.8179183994383	0.89948937233873
3.8179200583013	0.89817283849708
3.8179217171643	0.88838804785047
3.8179233760273	0.87374498986229
3.8179250348903	0.85391164428654
3.8179266937534	0.82743637066725
3.8179283526164	0.79360941618786
3.8179300114794	0.76608707591854
3.8179316703424	0.74579004244233
3.8179333292054	0.72917304647391
3.8179349880684	0.71692145856273
3.8179366469314	0.71967328504721
3.8179383057944	0.74084193851418
3.8179399646574	0.76619946584597
3.8179416235204	0.79687462639862
3.8179432823834	0.82276700566667
3.8179449412464	0.84238186164512
3.8179466001094	0.86082328054355
3.8179482589724	0.87767292987213
3.8179499178354	0.88944766415532
3.8179515766984	0.89411038642996
3.8179532355614	0.89922909331453
3.8179548944244	0.9050078304352
3.8179565532874	0.90669960977651
3.8179582121505	0.90228332600499
3.8179598710135	0.9026116505267
3.8179615298765	0.91025872086277
3.8179631887395	0.91638926043242
3.8179648476025	0.9201061924916
3.8179665064655	0.92354254507273
3.8179681653285	0.92651832393653
3.8179698241915	0.9298655298389
3.8179714830545	0.93384147333038
3.8179731419175	0.93500743302989
3.8179748007805	0.9312698947389
3.8179764596435	0.92904215294405
3.8179781185065	0.92952948603217
3.8179797773695	0.92965368075901
3.8179814362325	0.92910500957128
3.8179830950955	0.92545243331568
3.8179847539585	0.91587689533699
3.8179864128215	0.90754238547649
3.8179880716845	0.90164636043366
3.8179897305476	0.89985936500009
3.8179913894106	0.90638317951558
3.8179930482736	0.90710236682647
3.8179947071366	0.89573840714012
3.8179963659996	0.89116762459432
3.8179980248626	0.90114333867383
3.8179996837256	0.90819640775189
3.8180013425886	0.90881257860726
3.8180030014516	0.90731251856331
3.8180046603146	0.90102027344127
3.8180063191776	0.89508963925443
3.8180079780406	0.89000066156694
3.8180096369036	0.8855932003231
3.8180112957666	0.88281588344354
3.8180129546296	0.88160306203985
3.8180146134926	0.88423390904583
3.8180162723556	0.8875130675179
3.8180179312186	0.89242793790128
3.8180195900816	0.89710208734372
3.8180212489447	0.90115262030561
3.8180229078077	0.90490520623975
3.8180245666707	0.9078656965741
3.8180262255337	0.91011080854671
3.8180278843967	0.91040458314599
3.8180295432597	0.91227451803286
3.8180312021227	0.91855393576684
3.8180328609857	0.92374517911897
3.8180345198487	0.92581534636772
3.8180361787117	0.92383939852102
3.8180378375747	0.90997061634426
3.8180394964377	0.90036810158278
3.8180411553007	0.90361389717202
3.8180428141637	0.90693328403541
3.8180444730267	0.91047965142376
3.8180461318897	0.91383969078628
3.8180477907527	0.91661141214692
3.8180494496157	0.91798072321019
3.8180511084787	0.91481916450997
3.8180527673417	0.91282866412448
3.8180544262048	0.91470849825189
3.8180560850678	0.91672523953341
3.8180577439308	0.91920452237003
3.8180594027938	0.92219784722388
3.8180610616568	0.92696600152837
3.8180627205198	0.93270745981295
3.8180643793828	0.94188223982035
3.8180660382458	0.94977225467364
3.8180676971088	0.95303564027761
3.8180693559718	0.95666711459068
3.8180710148348	0.96165137534546
3.8180726736978	0.96476358082084
3.8180743325608	0.96085827341218
3.8180759914238	0.95703471771787
3.8180776502868	0.95352354879855
3.8180793091498	0.9538158209278
3.8180809680128	0.96891411349061
3.8180826268758	0.98055318637943
3.8180842857388	0.97847905613529
3.8180859446019	0.97432588700172
3.8180876034649	0.96178714045046
3.8180892623279	0.95429340609017
3.8180909211909	0.96749439431167
3.8180925800539	0.97722743150266
3.8180942389169	0.97249911218336
3.8180958977799	0.96659017145593
3.8180975566429	0.95568125989969
3.8180992155059	0.94577299882675
3.8181008743689	0.94016659077388
3.8181025332319	0.93561848542937
3.8181041920949	0.93568541720913
3.8181058509579	0.93680153152797
3.8181075098209	0.94255505476052
3.8181091686839	0.94706115551379
3.8181108275469	0.94598313052935
3.8181124864099	0.9465578327574
3.8181141452729	0.95462158262106
3.8181158041359	0.96131223263911
3.818117462999	0.96170992651496
3.818119121862	0.96178741642118
3.818120780725	0.96038190365552
3.818122439588	0.96011307593047
3.818124098451	0.96515977057441
3.818125757314	0.96867450139636
3.818127416177	0.96496011010239
3.81812907504	0.96256947593743
3.818130733903	0.96647494404667
3.818132392766	0.96925171030873
3.818134051629	0.96662095419601
3.818135710492	0.96170485792671
3.818137369355	0.94576700336159
3.818139028218	0.93199649334192
3.818140687081	0.92873559600407
3.818142345944	0.92848821435577
3.818144004807	0.94292359234065
3.81814566367	0.95459277199147
3.818147322533	0.9527361867007
3.818148981396	0.95127298747146
3.8181506402591	0.95173942397056
3.8181522991221	0.95177502025244
3.8181539579851	0.94969316350068
3.8181556168481	0.9487663412997
3.8181572757111	0.95352173965785
3.8181589345741	0.95814469199968
3.8181605934371	0.96211587449956
3.8181622523001	0.96519410194669
3.8181639111631	0.96388095318765
3.8181655700261	0.96211381986279
3.8181672288891	0.95811767762409
3.8181688877521	0.9558574665385
3.8181705466151	0.96210101454312
3.8181722054781	0.96735094526715
3.8181738643411	0.96775056330006
3.8181755232041	0.96668440188936
3.8181771820671	0.95849293094815
3.8181788409301	0.95230281100248
3.8181804997931	0.9557918113013
3.8181821586562	0.95598039740405
3.8181838175192	0.94030341270182
3.8181854763822	0.93122233971698
3.8181871352452	0.95363755042354
3.8181887941082	0.97340600106504
3.8181904529712	0.98063142351475
3.8181921118342	0.98684509720269
3.8181937706972	0.98830458875727
3.8181954295602	0.98442659838606
3.8181970884232	0.95570164953322
3.8181987472862	0.93291663297186
3.8182004061492	0.93750177410313
3.8182020650122	0.94513035051384
3.8182037238752	0.96663187250241
3.8182053827382	0.98320208993725
3.8182070416012	0.97755384420342
3.8182087004642	0.97265748925497
3.8182103593272	0.97110694484266
3.8182120181902	0.96887586236694
3.8182136770533	0.96365631214596
3.8182153359163	0.95900787086019
3.8182169947793	0.95683245448675
3.8182186536423	0.95479556044806
3.8182203125053	0.95334985731165
3.8182219713683	0.95331943583303
3.8182236302313	0.95923780639936
3.8182252890943	0.96374113156109
3.8182269479573	0.96239085909604
3.8182286068203	0.95899580123548
3.8182302656833	0.9472818693686
3.8182319245463	0.94145467517967
3.8182335834093	0.9591709630054
3.8182352422723	0.96903511763556
3.8182369011353	0.94804774835037
3.8182385599983	0.93281845175818
3.8182402188613	0.93980085806821
3.8182418777243	0.94533143130994
3.8182435365873	0.94536698924321
3.8182451954504	0.94603356396759
3.8182468543134	0.94904210828703
3.8182485131764	0.95386557739488
3.8182501720394	0.96529200458101
3.8182518309024	0.97317165935079
3.8182534897654	0.96840953396953
3.8182551486284	0.96344160842425
3.8182568074914	0.95775542673464
3.8182584663544	0.95115606241172
3.8182601252174	0.94143765211471
3.8182617840804	0.93227299450212
3.8182634429434	0.92495841496843
3.8182651018064	0.91792434517045
3.8182667606694	0.91180673984414
3.8182684195324	0.90410126288272
3.8182700783954	0.89132507793335
3.8182717372584	0.88280122586473
3.8182733961214	0.8875441368608
3.8182750549844	0.89155139649412
3.8182767138474	0.89331735657713
3.8182783727105	0.89269429002309
3.8182800315735	0.88496493728811
3.8182816904365	0.88655018239734
3.8182833492995	0.9151747232033
3.8182850081625	0.9376776179348
3.8182866670255	0.94284524909997
3.8182883258885	0.94802749892407
3.8182899847515	0.95325011583974
3.8182916436145	0.95919303213146
3.8182933024775	0.96707470086551
3.8182949613405	0.97332090108147
3.8182966202035	0.97527703831633
3.8182982790665	0.97641423902278
3.8182999379295	0.97545866519971
3.8183015967925	0.97507808986059
3.8183032556555	0.97612848975541
3.8183049145185	0.97532660749042
3.8183065733815	0.97003714879319
3.8183082322445	0.96059731497308
3.8183098911076	0.94137203467397
3.8183115499706	0.92309843008762
3.8183132088336	0.90700808164482
3.8183148676966	0.89413025445741
3.8183165265596	0.88842107024545
3.8183181854226	0.88514827411091
3.8183198442856	0.88716197062969
3.8183215031486	0.89031529476612
3.8183231620116	0.89587226837064
3.8183248208746	0.89787628953701
3.8183264797376	0.89259844362463
3.8183281386006	0.88927449906103
3.8183297974636	0.88984134645837
3.8183314563266	0.88538653748255
3.8183331151896	0.87121941295784
3.8183347740526	0.85698972086825
3.8183364329156	0.84264253247612
3.8183380917786	0.82674341195129
3.8183397506416	0.80801547006187
3.8183414095047	0.79567064568617
3.8183430683677	0.79461745086724
3.8183447272307	0.80026106975258
3.8183463860937	0.81739784144624
3.8183480449567	0.841225498885
3.8183497038197	0.87618986358648
3.8183513626827	0.90319687699954
3.8183530215457	0.91736293232652
3.8183546804087	0.92516346085674
3.8183563392717	0.9230083204737
3.8183579981347	0.92408941459963
3.8183596569977	0.93007430411462
3.8183613158607	0.94120459714738
3.8183629747237	0.95988730641087
3.8183646335867	0.95856600637181
3.8183662924497	0.9288132139883
3.8183679513127	0.91625008412561
3.8183696101757	0.92733549660537
3.8183712690387	0.93375170869379
3.8183729279017	0.93395152665178
3.8183745867648	0.93536281904077
3.8183762456278	0.93833412281326
3.8183779044908	0.94452216511971
3.8183795633538	0.95471555997306
3.8183812222168	0.95962099782379
3.8183828810798	0.95816226123229
3.8183845399428	0.95590334173391
3.8183861988058	0.95271399175494
3.8183878576688	0.95105042001844
3.8183895165318	0.95110013827746
3.8183911753948	0.94873729334817
3.8183928342578	0.94375910482822
3.8183944931208	0.93940600246238
3.8183961519838	0.93570676572159
3.8183978108468	0.93216368392189
3.8183994697098	0.92877813883811
3.8184011285728	0.91745980235807
3.8184027874358	0.8984271323702
3.8184044462988	0.89266543165116
3.8184061051619	0.89933682837938
3.8184077640249	0.90705673886653
3.8184094228879	0.91572260445439
3.8184110817509	0.92929058083059
3.8184127406139	0.94711486132715
3.8184143994769	0.9432488619146
3.8184160583399	0.92126999321744
3.8184177172029	0.91443416044876
3.8184193760659	0.91975211758255
3.8184210349289	0.92723345367404
3.8184226937919	0.93638240325653
3.8184243526549	0.9446059605701
3.8184260115179	0.95214483044292
3.8184276703809	0.95088340444777
3.8184293292439	0.94337719627885
3.8184309881069	0.93671378687351
3.8184326469699	0.93062347085519
3.8184343058329	0.92823874508484
3.8184359646959	0.92826639136813
3.818437623559	0.92599539503105
3.818439282422	0.92229313021998
3.818440941285	0.91758017889991
3.818442600148	0.91226584509822
3.818444259011	0.91189297294069
3.818445917874	0.91432629046425
3.818447576737	0.90965071651368
3.8184492356	0.9011261582817
3.818450894463	0.90312534609054
3.818452553326	0.91055098463273
3.818454212189	0.92301458126735
3.818455871052	0.93794832437049
3.818457529915	0.93787569607478
3.818459188778	0.93081730851139
3.818460847641	0.93987998736742
3.818462506504	0.95605764184359
3.818464165367	0.95269847158981
3.81846582423	0.94117900987635
3.818467483093	0.93827814788204
3.818469141956	0.93877759644688
3.8184708008191	0.94183771446103
3.8184724596821	0.94585025245244
3.8184741185451	0.94435162222558
3.8184757774081	0.94092543479367
3.8184774362711	0.941660819901
3.8184790951341	0.94376164591974
3.8184807539971	0.94298618158018
3.8184824128601	0.94132794625701
3.8184840717231	0.94541548486376
