3.8159147297469	0.956495
3.8159163886099	0.96084489709121
3.8159180474729	0.96495189065161
3.8159197063359	0.96706697732973
3.8159213651989	0.96908961712351
3.8159230240619	0.97077969082484
3.8159246829249	0.97259171179845
3.8159263417879	0.97465531418464
3.8159280006509	0.97604831123676
3.815929659514	0.97657243508569
3.815931318377	0.97933769801435
3.81593297724	0.98397527901009
3.815934636103	0.98519281989962
3.815936294966	0.98460250212259
3.815937953829	0.98410102922651
3.815939612692	0.98362704883063
3.815941271555	0.98677565844654
3.815942930418	0.9904497952566
3.815944589281	0.99052032181413
3.815946248144	0.9903858968974
3.815947907007	0.98885730332956
3.81594956587	0.98761719497902
3.815951224733	0.98750977614751
3.815952883596	0.9859466988291
3.815954542459	0.98119146016932
3.815956201322	0.97525341043565
3.815957860185	0.96770513918942
3.815959519048	0.96401236649004
3.8159611779111	0.96368528512316
3.8159628367741	0.96452686038181
3.8159644956371	0.96601312160468
3.8159661545001	0.9698974860056
3.8159678133631	0.97455931947928
3.8159694722261	0.97645664296656
3.8159711310891	0.97792620571305
3.8159727899521	0.97422143776233
3.8159744488151	0.97031663320258
3.8159761076781	0.96560192476299
3.8159777665411	0.96098414279873
3.8159794254041	0.95675569527495
3.8159810842671	0.95393428202154
3.8159827431301	0.95423451985812
3.8159844019931	0.94863575714126
3.8159860608561	0.93496364270135
3.8159877197191	0.92912263556046
3.8159893785821	0.93012041353346
3.8159910374451	0.9251865121593
3.8159926963082	0.91699680638536
3.8159943551712	0.91265493229163
3.8159960140342	0.90954471078311
3.8159976728972	0.90659228713265
3.8159993317602	0.90366353515484
3.8160009906232	0.90613235194167
3.8160026494862	0.90816260798075
3.8160043083492	0.90500086701129
3.8160059672122	0.90325990325721
3.8160076260752	0.90697870863843
3.8160092849382	0.90885794000982
3.8160109438012	0.90681110114781
3.8160126026642	0.90720034581559
3.8160142615272	0.91079575844939
3.8160159203902	0.91148835566669
3.8160175792532	0.909753887111
3.8160192381162	0.91221396355872
3.8160208969792	0.91685808940125
3.8160225558422	0.91967617577799
3.8160242147052	0.92195096742434
3.8160258735683	0.91677017688936
3.8160275324313	0.91061039459197
3.8160291912943	0.91387229246571
3.8160308501573	0.91719144132066
3.8160325090203	0.92076816065039
3.8160341678833	0.92333397223449
3.8160358267463	0.92240723729475
3.8160374856093	0.92223019227411
3.8160391444723	0.92351962658825
3.8160408033353	0.92571492459171
3.8160424621983	0.92900766888624
3.8160441210613	0.93086356339529
3.8160457799243	0.93161868406537
3.8160474387873	0.92771110958
3.8160490976503	0.92161363188493
3.8160507565133	0.92368755594241
3.8160524153763	0.92787206861099
3.8160540742393	0.9267257519345
3.8160557331023	0.92529272060949
3.8160573919654	0.93394565161175
3.8160590508284	0.94248350250036
3.8160607096914	0.95030563529861
3.8160623685544	0.95903983368566
3.8160640274174	0.97046193267959
3.8160656862804	0.97778916657308
3.8160673451434	0.97809369903229
3.8160690040064	0.97650491201731
3.8160706628694	0.97289331736484
3.8160723217324	0.96631403550513
3.8160739805954	0.9577455912806
3.8160756394584	0.9509749235025
3.8160772983214	0.9449239686425
3.8160789571844	0.92865114218486
3.8160806160474	0.91027902130126
3.8160822749104	0.87461761143571
3.8160839337734	0.83670646787983
3.8160855926364	0.77960161047491
3.8160872514994	0.72528002492324
3.8160889103625	0.68389879827251
3.8160905692255	0.65343105882365
3.8160922280885	0.64928577679552
3.8160938869515	0.6562315378281
3.8160955458145	0.6791863793887
3.8160972046775	0.70898925827872
3.8160988635405	0.74497292148782
3.8161005224035	0.78617404450132
3.8161021812665	0.83028351126291
3.8161038401295	0.86818098530261
3.8161054989925	0.90410231357424
3.8161071578555	0.9298959273691
3.8161088167185	0.95424805447305
3.8161104755815	0.96384963286128
3.8161121344445	0.9725411566685
3.8161137933075	0.97474844418399
3.8161154521705	0.97570791257986
3.8161171110335	0.97240365146397
3.8161187698965	0.97095993580903
3.8161204287596	0.97306926730443
3.8161220876226	0.97571726483125
3.8161237464856	0.97899483262898
3.8161254053486	0.97799498357246
3.8161270642116	0.97387984910041
3.8161287230746	0.9759138809645
3.8161303819376	0.9806302041248
3.8161320408006	0.97761875415279
3.8161336996636	0.97284258704145
3.8161353585266	0.96993967433115
3.8161370173896	0.96662852900363
3.8161386762526	0.9529920166371
3.8161403351156	0.94078217329416
3.8161419939786	0.93562086283442
3.8161436528416	0.92459333466029
3.8161453117046	0.898966703002
3.8161469705676	0.87799739764448
3.8161486294306	0.86386685592996
3.8161502882936	0.86082298949531
3.8161519471566	0.867860854612
3.8161536060197	0.8867256792428
3.8161552648827	0.91217170558912
3.8161569237457	0.92850126642243
3.8161585826087	0.94197346024115
3.8161602414717	0.94527334752076
3.8161619003347	0.94719109547279
3.8161635591977	0.94289079558859
3.8161652180607	0.93989649945255
3.8161668769237	0.94660664521223
3.8161685357867	0.95264346143933
3.8161701946497	0.95652763470653
3.8161718535127	0.95791962747364
3.8161735123757	0.95483876596015
3.8161751712387	0.95184617870791
3.8161768301017	0.9489501867452
3.8161784889647	0.94341581270046
3.8161801478277	0.93610271456489
3.8161818066907	0.93688667015874
3.8161834655537	0.94086246019203
3.8161851244168	0.9458919437201
3.8161867832798	0.95112605433946
3.8161884421428	0.95365939410065
3.8161901010058	0.95603495864708
3.8161917598688	0.95795885650643
3.8161934187318	0.96025190916487
3.8161950775948	0.9640362078248
3.8161967364578	0.96710675751539
3.8161983953208	0.96865418266587
3.8162000541838	0.97027189110613
3.8162017130468	0.97197911185059
3.8162033719098	0.96981567534274
3.8162050307728	0.964620314487
3.8162066896358	0.96338066723686
3.8162083484988	0.96398742117116
3.8162100073618	0.96330351427974
3.8162116662248	0.96230281018699
3.8162133250878	0.95754080182333
3.8162149839508	0.95238284336547
3.8162166428139	0.94539289074563
3.8162183016769	0.93959755502251
3.8162199605399	0.9397503513804
3.8162216194029	0.94217812399281
3.8162232782659	0.95020466653713
3.8162249371289	0.95553552364762
3.8162265959919	0.95699983938549
3.8162282548549	0.9628732826117
3.8162299137179	0.9726133304164
3.8162315725809	0.97362617581178
3.8162332314439	0.97003942396278
3.8162348903069	0.97355807833521
3.8162365491699	0.97911460992575
3.8162382080329	0.98215524008422
3.8162398668959	0.98493667155215
3.8162415257589	0.9886892349256
3.8162431846219	0.99202398227657
3.8162448434849	0.99288803051368
3.8162465023479	0.99387547890296
3.8162481612109	0.99520094422662
3.816249820074	0.9967350470593
3.816251478937	0.99859498605718
3.8162531378	0.99957468148508
3.816254796663	0.99972014107459
3.816256455526	0.99757247547793
3.816258114389	0.99411583294937
3.816259773252	0.99320905699273
3.816261432115	0.99310780699223
3.816263090978	0.9912975969805
3.816264749841	0.98926164835388
3.816266408704	0.98720491524025
3.816268067567	0.98467492912445
3.81626972643	0.97899732397434
3.816271385293	0.97583669001914
3.816273044156	0.98004668934247
3.816274703019	0.98049871462282
3.816276361882	0.97478138716172
3.816278020745	0.97207574455226
3.816279679608	0.97234976928112
3.8162813384711	0.97737555187152
3.8162829973341	0.98522899779087
3.8162846561971	0.98803930592899
3.8162863150601	0.98918037363176
3.8162879739231	0.98970358141242
3.8162896327861	0.99013622699466
3.8162912916491	0.98499600212226
3.8162929505121	0.98026090904157
3.8162946093751	0.97835321284326
3.8162962682381	0.97640958305217
3.8162979271011	0.97435832084759
3.8162995859641	0.97323216372983
3.8163012448271	0.97364554780336
3.8163029036901	0.97305039944674
3.8163045625531	0.97144905649744
3.8163062214161	0.97372190628374
3.8163078802791	0.97831032197069
3.8163095391421	0.97764747201363
3.8163111980051	0.97524724991839
3.8163128568682	0.97291140601692
3.8163145157312	0.97059882781801
3.8163161745942	0.97344119324028
3.8163178334572	0.97662036028814
3.8163194923202	0.98208149362044
3.8163211511832	0.98694697228764
3.8163228100462	0.99006890923107
3.8163244689092	0.99289725469326
3.8163261277722	0.99524821376654
3.8163277866352	0.99407883164096
3.8163294454982	0.98948769489887
3.8163311043612	0.98662149757634
3.8163327632242	0.98475327336746
3.8163344220872	0.98181909776253
3.8163360809502	0.97854840514029
3.8163377398132	0.97943439149458
3.8163393986762	0.9808356976344
3.8163410575392	0.98110798270615
3.8163427164022	0.98125472824936
3.8163443752652	0.9806337673212
3.8163460341283	0.97828157132225
3.8163476929913	0.97119207435316
3.8163493518543	0.9644762374203
3.8163510107173	0.95833302904628
3.8163526695803	0.95384706510542
3.8163543284433	0.95087724476228
3.8163559873063	0.94494904167787
3.8163576461693	0.93742595825711
3.8163593050323	0.93478231205491
3.8163609638953	0.93353618273729
3.8163626227583	0.93929396141932
3.8163642816213	0.94583374001419
3.8163659404843	0.95378204784872
3.8163675993473	0.96084026993693
3.8163692582103	0.96326302295617
3.8163709170733	0.96468271892804
3.8163725759363	0.96363765972875
3.8163742347993	0.96414861232349
3.8163758936623	0.96682978230028
3.8163775525254	0.96939759033559
3.8163792113884	0.97187114245572
3.8163808702514	0.97416380424254
3.8163825291144	0.97636921761881
3.8163841879774	0.98631067428373
3.8163858468404	0.99814629473789
3.8163875057034	0.99283540601888
3.8163891645664	0.98637243713038
3.8163908234294	0.9813747484362
3.8163924822924	0.97599374088223
3.8163941411554	0.9689815109845
3.8163958000184	0.96211466414193
3.8163974588814	0.95555740403091
3.8163991177444	0.94897887595112
3.8164007766074	0.94237424273509
3.8164024354704	0.94268240906233
3.8164040943334	0.94802851902479
3.8164057531964	0.94841033188025
3.8164074120594	0.94674580284196
3.8164090709225	0.92698518352938
3.8164107297855	0.90372396560662
3.8164123886485	0.8784177264692
3.8164140475115	0.85502110320784
3.8164157063745	0.84984407619968
3.8164173652375	0.85275266218877
3.8164190241005	0.88302117327074
3.8164206829635	0.90885475392918
3.8164223418265	0.92675067090532
3.8164240006895	0.94271382108691
3.8164256595525	0.95665656511844
3.8164273184155	0.96164347724793
3.8164289772785	0.96113097666716
3.8164306361415	0.95883939708127
3.8164322950045	0.95595570711253
3.8164339538675	0.95487375230617
3.8164356127305	0.9540409993417
3.8164372715935	0.95371191584464
3.8164389304565	0.95289908816115
3.8164405893196	0.94919497494779
3.8164422481826	0.94428263854756
3.8164439070456	0.93617853801429
3.8164455659086	0.9247461692226
3.8164472247716	0.90844510527892
3.8164488836346	0.89418498240193
3.8164505424976	0.88168052552971
3.8164522013606	0.87575014788339
3.8164538602236	0.87306836571007
3.8164555190866	0.88143100306088
3.8164571779496	0.89253552717459
3.8164588368126	0.90943742420256
3.8164604956756	0.92700987365022
3.8164621545386	0.94823475037013
3.8164638134016	0.96717107196651
3.8164654722646	0.97680200504424
3.8164671311276	0.98309825357362
3.8164687899906	0.98261685999789
3.8164704488536	0.98199731641295
3.8164721077166	0.98121707118719
3.8164737665797	0.98196099805137
3.8164754254427	0.98374278322283
3.8164770843057	0.98359311555457
3.8164787431687	0.98272063733018
3.8164804020317	0.98039102921995
3.8164820608947	0.97782536392316
3.8164837197577	0.96702186509724
3.8164853786207	0.95639497180731
3.8164870374837	0.94734850605635
3.8164886963467	0.94005162105054
3.8164903552097	0.93773179933254
3.8164920140727	0.93539021239182
3.8164936729357	0.93301508925169
3.8164953317987	0.93521515472369
3.8164969906617	0.94151921865947
3.8164986495247	0.94646287381913
3.8165003083877	0.95070848307562
3.8165019672507	0.95014130996861
3.8165036261137	0.94833101104574
3.8165052849768	0.95257366635226
3.8165069438398	0.95688126496379
3.8165086027028	0.95523043120713
3.8165102615658	0.95325203530447
3.8165119204288	0.94993941171617
3.8165135792918	0.9445824999087
3.8165152381548	0.93510352759663
3.8165168970178	0.92862467889966
3.8165185558808	0.92558338504476
3.8165202147438	0.93109712902025
3.8165218736068	0.94229758814041
3.8165235324698	0.94686229644545
3.8165251913328	0.94904078065025
3.8165268501958	0.9502560307696
3.8165285090588	0.95135236716186
3.8165301679218	0.95684734984013
3.8165318267848	0.96122921357154
3.8165334856478	0.95881483102038
3.8165351445108	0.95623782295669
3.8165368033739	0.95323437837256
3.8165384622369	0.95522984648998
3.8165401210999	0.96437296585158
3.8165417799629	0.96269867009858
3.8165434388259	0.95207300412824
3.8165450976889	0.95230712812567
3.8165467565519	0.95758305757434
3.8165484154149	0.95926733791708
3.8165500742779	0.96015684509496
3.8165517331409	0.94704265242561
3.8165533920039	0.93471618374879
3.8165550508669	0.93687212482932
3.8165567097299	0.94025819536572
3.8165583685929	0.94782583021018
3.8165600274559	0.95388434045451
3.8165616863189	0.95730278405335
3.8165633451819	0.95998189872665
3.8165650040449	0.9619225541318
3.8165666629079	0.96344857735078
3.8165683217709	0.96473832514747
3.816569980634	0.96421711266209
3.816571639497	0.96316666874499
3.81657329836	0.96208779831834
3.816574957223	0.9608711282318
3.816576616086	0.9569731399576
3.816578274949	0.95330347141739
3.816579933812	0.95063841203616
3.816581592675	0.95115095771258
3.816583251538	0.9583370381241
3.816584910401	0.96121946111025
3.816586569264	0.95905124040126
3.816588228127	0.95597458475944
3.81658988699	0.95228652040594
3.816591545853	0.94790025551713
3.816593204716	0.94326289465245
3.816594863579	0.93641446822578
3.816596522442	0.92926181011349
3.816598181305	0.92349852184579
3.816599840168	0.91932772943895
3.8166014990311	0.92420232933913
3.8166031578941	0.92846530740815
3.8166048167571	0.93121628766023
3.8166064756201	0.93373293622378
3.8166081344831	0.93593447517538
3.8166097933461	0.9348026635243
3.8166114522091	0.93110515275292
3.8166131110721	0.9096990383592
3.8166147699351	0.88084059578092
3.8166164287981	0.85596705444696
3.8166180876611	0.83183737407923
3.8166197465241	0.81088348310201
3.8166214053871	0.79277347826962
3.8166230642501	0.79492049657463
3.8166247231131	0.80035149359311
3.8166263819761	0.81512263825194
3.8166280408391	0.83256064509391
3.8166296997021	0.8540064858044
3.8166313585651	0.87074558713183
3.8166330174282	0.8834605972629
3.8166346762912	0.89960613088022
3.8166363351542	0.91737514693365
3.8166379940172	0.93036179678354
3.8166396528802	0.94228886386943
3.8166413117432	0.93997622989316
3.8166429706062	0.93767557896899
3.8166446294692	0.94110776260031
3.8166462883322	0.9443014291687
3.8166479471952	0.9467352127494
3.8166496060582	0.94690298274434
3.8166512649212	0.94336167576529
3.8166529237842	0.93781231005357
3.8166545826472	0.93040757168684
3.8166562415102	0.92379850670506
3.8166579003732	0.9175985847846
3.8166595592362	0.9147443269411
3.8166612180992	0.9127202552764
3.8166628769622	0.912329848355
3.8166645358253	0.91214323649148
3.8166661946883	0.91309653047704
3.8166678535513	0.91538214779124
3.8166695124143	0.92227534126544
3.8166711712773	0.92764646661485
3.8166728301403	0.93037708700483
3.8166744890033	0.93287395837124
3.8166761478663	0.93514362950054
3.8166778067293	0.92928480336643
3.8166794655923	0.91902373506016
3.8166811244553	0.91607329130715
3.8166827833183	0.91506151222564
3.8166844421813	0.91831115749652
3.8166861010443	0.92197799663217
3.8166877599073	0.92698702001243
3.8166894187703	0.93110969114228
3.8166910776333	0.93202315969936
3.8166927364963	0.92996958036558
3.8166943953593	0.9226105482993
3.8166960542223	0.90955075502421
3.8166977130854	0.89081483639007
3.8166993719484	0.8681209119238
3.8167010308114	0.84323553069181
3.8167026896744	0.82949331447649
3.8167043485374	0.8187792347373
3.8167060074004	0.81995127212778
3.8167076662634	0.82271088541059
3.8167093251264	0.83423698280941
3.8167109839894	0.84240900550227
3.8167126428524	0.83834714263455
3.8167143017154	0.83644613481739
3.8167159605784	0.83841365636872
3.8167176194414	0.84555126392465
3.8167192783044	0.85782316468634
3.8167209371674	0.87065192290751
3.8167225960304	0.88378687532315
3.8167242548934	0.89560872621196
3.8167259137564	0.90707915316872
3.8167275726194	0.91050905767894
3.8167292314825	0.91297156940146
3.8167308903455	0.91077112161561
3.8167325492085	0.90711487104213
3.8167342080715	0.89831387661951
3.8167358669345	0.88512021722541
3.8167375257975	0.86427610716481
3.8167391846605	0.84058542988806
3.8167408435235	0.81414956182578
3.8167425023865	0.7979138607787
3.8167441612495	0.78708609005711
3.8167458201125	0.79582569088809
3.8167474789755	0.80951525898304
3.8167491378385	0.83739370785859
3.8167507967015	0.86552814572011
3.8167524555645	0.88737216813991
3.8167541144275	0.90906388691617
3.8167557732905	0.93025328527872
3.8167574321535	0.94604030677695
3.8167590910165	0.95293072448874
3.8167607498796	0.95604157456188
3.8167624087426	0.95570619530138
3.8167640676056	0.95610648984692
3.8167657264686	0.95687167878944
3.8167673853316	0.9520724040972
3.8167690441946	0.94600168579023
3.8167707030576	0.94612085415557
3.8167723619206	0.94627158140362
3.8167740207836	0.94448521723849
3.8167756796466	0.93997906299191
3.8167773385096	0.92737544672062
3.8167789973726	0.91860495677209
3.8167806562356	0.91564397889913
3.8167823150986	0.91417977279002
3.8167839739616	0.9139715346055
3.8167856328246	0.9046918127434
3.8167872916876	0.89133825622461
3.8167889505506	0.88665986974974
3.8167906094136	0.88367613325556
3.8167922682766	0.87710992865663
3.8167939271397	0.87324834105508
3.8167955860027	0.88789826777984
3.8167972448657	0.90197381162232
3.8167989037287	0.91454921575511
3.8168005625917	0.92677095988993
3.8168022214547	0.93851204878481
3.8168038803177	0.94957763153167
3.8168055391807	0.9601358695871
3.8168071980437	0.96022619650152
3.8168088569067	0.9562134221233
3.8168105157697	0.94687473020143
3.8168121746327	0.93688472507909
3.8168138334957	0.93969747786564
3.8168154923587	0.94383316520698
3.8168171512217	0.95485605964522
3.8168188100847	0.962258444203
3.8168204689477	0.96156406434832
3.8168221278107	0.96088742872505
3.8168237866737	0.96023187847869
3.8168254455368	0.95596375783865
3.8168271043998	0.94933797828794
3.8168287632628	0.95121906523874
3.8168304221258	0.95588472521843
3.8168320809888	0.94861177453274
3.8168337398518	0.94075113322416
3.8168353987148	0.94633625272356
3.8168370575778	0.94961908685754
3.8168387164408	0.94363424030776
3.8168403753038	0.93870527034155
3.8168420341668	0.9357561849269
3.8168436930298	0.9344727414967
3.8168453518928	0.93487686711818
3.8168470107558	0.93524088270185
3.8168486696188	0.93558290125483
3.8168503284818	0.93551380830807
3.8168519873448	0.93533873411453
3.8168536462078	0.92844545971049
3.8168553050708	0.92176438201239
3.8168569639339	0.9209483326783
3.8168586227969	0.91976532852902
3.8168602816599	0.91744234344566
3.8168619405229	0.91685272523427
3.8168635993859	0.9189369225969
3.8168652582489	0.91462279998558
3.8168669171119	0.90492789081215
3.8168685759749	0.90063633692415
3.8168702348379	0.89873563926869
3.8168718937009	0.88857526089898
3.8168735525639	0.87688131060965
3.8168752114269	0.87003566899206
3.8168768702899	0.86349285659621
3.8168785291529	0.85856641728391
3.8168801880159	0.85314722499257
3.8168818468789	0.84654896693393
3.8168835057419	0.8438699946711
3.8168851646049	0.84606993250019
3.8168868234679	0.85647974071209
3.8168884823309	0.87244720115676
3.816890141194	0.88416110448146
3.816891800057	0.89443674969404
3.81689345892	0.8990389127478
3.816895117783	0.90290804669018
3.816896776646	0.90502044235088
3.816898435509	0.90543162603793
3.816900094372	0.89908519105474
3.816901753235	0.89455225454768
3.816903412098	0.89334790887148
3.816905070961	0.89228161823845
3.816906729824	0.89135098991529
3.816908388687	0.89258969365985
3.81691004755	0.89496518208032
3.816911706413	0.90585181334372
3.816913365276	0.91875938071209
3.816915024139	0.91094499045919
3.816916683002	0.90350714154646
3.816918341865	0.90582090058391
3.816920000728	0.90578607799556
3.8169216595911	0.89923022693881
3.8169233184541	0.89402534484589
3.8169249773171	0.89070705528418
3.8169266361801	0.88176929363008
3.8169282950431	0.86859128662986
3.8169299539061	0.86090156017845
3.8169316127691	0.85531770721455
3.8169332716321	0.85165245015133
3.8169349304951	0.84839002473565
3.8169365893581	0.84954282567237
3.8169382482211	0.85415753574106
3.8169399070841	0.87434843545471
3.8169415659471	0.88965368456844
3.8169432248101	0.89526784486474
3.8169448836731	0.89784712987479
3.8169465425361	0.89724975379549
3.8169482013991	0.89799740629527
3.8169498602621	0.89949450682232
3.8169515191251	0.90386520645871
3.8169531779882	0.90897261263163
3.8169548368512	0.90714778439487
3.8169564957142	0.9046348156235
3.8169581545772	0.89934356416596
3.8169598134402	0.89496662644396
3.8169614723032	0.8932204097469
3.8169631311662	0.88662430817419
3.8169647900292	0.87311250634798
3.8169664488922	0.85919349017903
3.8169681077552	0.84496303799305
3.8169697666182	0.81943964751433
3.8169714254812	0.7895497593133
3.8169730843442	0.77386634677848
3.8169747432072	0.76047602826775
3.8169764020702	0.75591352780516
3.8169780609332	0.75500967253333
3.8169797197962	0.77015568358975
3.8169813786592	0.78583012255029
3.8169830375222	0.80252700522905
3.8169846963853	0.81669676869279
3.8169863552483	0.82829818171682
3.8169880141113	0.8397410665669
3.8169896729743	0.85109909604515
3.8169913318373	0.85164461544489
3.8169929907003	0.84960160541402
3.8169946495633	0.84969409791335
3.8169963084263	0.8500483124789
3.8169979672893	0.85173313421739
3.8169996261523	0.85370081942806
3.8170012850153	0.85641728611209
3.8170029438783	0.85821281489143
3.8170046027413	0.8587887971681
3.8170062616043	0.85289404879964
3.8170079204673	0.84243612647856
3.8170095793303	0.83730360762547
3.8170112381933	0.83401537113622
3.8170128970563	0.82348229852844
3.8170145559193	0.81226039731297
3.8170162147823	0.80311906424816
3.8170178736454	0.79469230083021
3.8170195325084	0.78891237565913
3.8170211913714	0.78409702726097
3.8170228502344	0.78092775641469
3.8170245090974	0.78273405901424
3.8170261679604	0.7890156742777
3.8170278268234	0.78910649096606
3.8170294856864	0.78633230911813
3.8170311445494	0.78103825710641
3.8170328034124	0.77526752170535
3.8170344622754	0.75911156847855
3.8170361211384	0.74278822521522
3.8170377800014	0.72565156345032
3.8170394388644	0.71011914865215
3.8170410977274	0.69809803112315
3.8170427565904	0.68894896508935
3.8170444154534	0.68302009075212
3.8170460743164	0.6844664648989
3.8170477331794	0.69025502284848
3.8170493920425	0.69383762251509
3.8170510509055	0.69682501976993
3.8170527097685	0.7000452643092
3.8170543686315	0.70362181747104
3.8170560274945	0.71014757618849
3.8170576863575	0.71380551775723
3.8170593452205	0.70941469145186
3.8170610040835	0.70954630438508
3.8170626629465	0.71588834176024
3.8170643218095	0.71029015623509
3.8170659806725	0.69605118330529
3.8170676395355	0.69396075090326
3.8170692983985	0.69615908296372
3.8170709572615	0.69401074758284
3.8170726161245	0.69134716556703
3.8170742749875	0.68831730032801
3.8170759338505	0.68517151906946
3.8170775927135	0.68160673350145
3.8170792515765	0.67754247219677
3.8170809104396	0.67264997986628
3.8170825693026	0.66795563843069
3.8170842281656	0.66343295236539
3.8170858870286	0.65721392065418
3.8170875458916	0.65025236355066
3.8170892047546	0.64983646095855
3.8170908636176	0.65042624656385
3.8170925224806	0.64463824437793
3.8170941813436	0.63946061131222
3.8170958402066	0.63714720039495
3.8170974990696	0.63403104729812
3.8170991579326	0.62932822904698
3.8171008167956	0.62458939947938
3.8171024756586	0.61981403969674
3.8171041345216	0.61785595191095
3.8171057933846	0.61736880213625
3.8171074522476	0.61616267881086
3.8171091111106	0.61479627742416
3.8171107699736	0.60902967011791
3.8171124288366	0.60338782719175
3.8171140876997	0.5991091179039
3.8171157465627	0.5946994887836
3.8171174054257	0.58998539036594
3.8171190642887	0.58761206350257
3.8171207231517	0.58796504809977
3.8171223820147	0.58224878560253
3.8171240408777	0.57286525935186
3.8171256997407	0.56705082066858
3.8171273586037	0.56221439737285
3.8171290174667	0.55359160322169
3.8171306763297	0.5443482277322
3.8171323351927	0.5317584385201
3.8171339940557	0.52068270646793
3.8171356529187	0.51369376836511
3.8171373117817	0.50727638355248
3.8171389706447	0.50160919469418
3.8171406295077	0.49183421476982
3.8171422883707	0.47925911253598
3.8171439472337	0.46999888506328
3.8171456060968	0.46180245238021
3.8171472649598	0.45431513726336
3.8171489238228	0.44595021548303
3.8171505826858	0.42708946663264
3.8171522415488	0.41079603030103
3.8171539004118	0.40241547169769
3.8171555592748	0.39311093828303
3.8171572181378	0.38246495306298
3.8171588770008	0.37245074491306
3.8171605358638	0.36291134965126
3.8171621947268	0.35546707838742
3.8171638535898	0.34878161512186
3.8171655124528	0.3442223760408
3.8171671713158	0.33983381538602
3.8171688301788	0.3343306763543
3.8171704890418	0.32990344823044
3.8171721479048	0.32919275450678
3.8171738067678	0.32852603019571
3.8171754656308	0.32792858164942
3.8171771244939	0.32416504486304
3.8171787833569	0.31783323850626
3.8171804422199	0.31940637791482
3.8171821010829	0.32411257727258
3.8171837599459	0.33211787369105
3.8171854188089	0.34065454464976
3.8171870776719	0.35096359608207
3.8171887365349	0.3598415437698
3.8171903953979	0.36330338608353
3.8171920542609	0.3688404579807
3.8171937131239	0.37785748111003
3.8171953719869	0.38626634531661
3.8171970308499	0.39415350787462
3.8171986897129	0.39876027971037
3.8172003485759	0.40198200547502
3.8172020074389	0.40518223118687
3.8172036663019	0.40848217229768
3.8172053251649	0.41477953448075
3.8172069840279	0.42111117387216
3.817208642891	0.4275812351285
3.817210301754	0.43401834124665
3.817211960617	0.44039783541713
3.81721361948	0.44703385699073
3.817215278343	0.45389791005022
3.817216937206	0.4640394318176
3.817218596069	0.47561882611836
3.817220254932	0.48433156173874
3.817221913795	0.49270417218102
3.817223572658	0.5055538254872
3.817225231521	0.51774926933814
3.817226890384	0.52720717900223
3.817228549247	0.53786445111264
3.81723020811	0.55066251552131
3.817231866973	0.56666583893297
3.817233525836	0.58556407786462
3.817235184699	0.60366654884078
3.817236843562	0.62141472287332
3.817238502425	0.64442709337409
3.817240161288	0.66803743384242
3.8172418201511	0.68128408636454
3.8172434790141	0.69542502969591
3.8172451378771	0.71332326219197
3.8172467967401	0.72863197786584
3.8172484556031	0.73932271290105
3.8172501144661	0.75308376707149
3.8172517733291	0.76960629956134
3.8172534321921	0.7789288587921
3.8172550910551	0.7850733458244
3.8172567499181	0.79189877735654
3.8172584087811	0.79879662160611
3.8172600676441	0.80443770510004
3.8172617265071	0.80876691480776
3.8172633853701	0.80773369663434
3.8172650442331	0.80341566490166
3.8172667030961	0.79336854257304
3.8172683619591	0.7899022270432
3.8172700208221	0.79221461218046
3.8172716796851	0.79569674788754
3.8172733385482	0.79967883568562
3.8172749974112	0.81205686239763
3.8172766562742	0.82541563170518
3.8172783151372	0.8313840371446
3.8172799740002	0.83726253208787
3.8172816328632	0.84279410612689
3.8172832917262	0.84839950541596
3.8172849505892	0.85412819957194
3.8172866094522	0.86007101769494
3.8172882683152	0.86619376665194
3.8172899271782	0.87461971913513
3.8172915860412	0.88397573337239
3.8172932449042	0.8875573312544
3.8172949037672	0.89035064763167
3.8172965626302	0.89292739399925
3.8172982214932	0.89617173794141
3.8172998803562	0.90178164810027
3.8173015392192	0.90742475584325
3.8173031980822	0.91311987785299
3.8173048569453	0.91359370158626
3.8173065158083	0.90995258120502
3.8173081746713	0.91046987586512
3.8173098335343	0.91253267950063
3.8173114923973	0.91003700229844
3.8173131512603	0.90763905274202
3.8173148101233	0.91346000670818
3.8173164689863	0.91838003004779
3.8173181278493	0.92043614283756
3.8173197867123	0.92408558926069
3.8173214455753	0.92859522000977
3.8173231044383	0.92725236030863
3.8173247633013	0.9222643342264
3.8173264221643	0.92247569171352
3.8173280810273	0.92640392838474
3.8173297398903	0.92735421680992
3.8173313987533	0.92586959273141
3.8173330576163	0.92376421802117
3.8173347164793	0.92107966722338
3.8173363753423	0.91978802572055
3.8173380342054	0.91997793335439
3.8173396930684	0.9226638001681
3.8173413519314	0.92837556527081
3.8173430107944	0.93466792345698
3.8173446696574	0.94176355922696
3.8173463285204	0.94341829362009
3.8173479873834	0.9364608117652
3.8173496462464	0.93163377341168
3.8173513051094	0.93067811425591
3.8173529639724	0.93044490989331
3.8173546228354	0.93172691708052
3.8173562816984	0.93004831363856
3.8173579405614	0.92115258654149
3.8173595994244	0.91253462355081
3.8173612582874	0.90471127621019
3.8173629171504	0.89703089340951
3.8173645760134	0.88983657672699
3.8173662348764	0.88403295144464
3.8173678937394	0.88394582405597
3.8173695526025	0.88434875892944
3.8173712114655	0.88724679913061
3.8173728703285	0.89092976202315
3.8173745291915	0.89973867807984
3.8173761880545	0.90823890245819
3.8173778469175	0.91400818414795
3.8173795057805	0.92036008562125
3.8173811646435	0.93439893719217
3.8173828235065	0.94790025756976
3.8173844823695	0.94831239595902
3.8173861412325	0.94867339924837
3.8173878000955	0.94312270205542
3.8173894589585	0.93757200486247
3.8173911178215	0.9392475613962
3.8173927766845	0.94108688261881
3.8173944355475	0.94147881826465
3.8173960944105	0.94179007087361
3.8173977532735	0.93869845257541
3.8173994121365	0.93529759415068
3.8174010709996	0.9398252894336
3.8174027298626	0.94536986054691
3.8174043887256	0.94698182462192
3.8174060475886	0.9479324984782
3.8174077064516	0.95265108257465
3.8174093653146	0.95816388069437
3.8174110241776	0.95853148108875
3.8174126830406	0.95757971387731
3.8174143419036	0.95920617158639
3.8174160007666	0.961620234868
3.8174176596296	0.96369743296046
3.8174193184926	0.96565393998786
3.8174209773556	0.96465153627419
3.8174226362186	0.9624204472531
3.8174242950816	0.96005616561952
3.8174259539446	0.95762836247222
3.8174276128076	0.9595609409724
3.8174292716706	0.96386544159652
3.8174309305336	0.96524498805655
3.8174325893966	0.9648196839061
3.8174342482597	0.96672440366239
3.8174359071227	0.97025316491765
3.8174375659857	0.96915033020705
3.8174392248487	0.96441181440449
3.8174408837117	0.96107217977102
3.8174425425747	0.95896647043659
3.8174442014377	0.96014581577
3.8174458603007	0.96457678760679
3.8174475191637	0.96628146418602
3.8174491780267	0.96495933056974
3.8174508368897	0.96300638065479
3.8174524957527	0.96026777435031
3.8174541546157	0.96042134321178
3.8174558134787	0.9646194223926
3.8174574723417	0.96555933964765
3.8174591312047	0.96137371759819
3.8174607900677	0.96077866618013
3.8174624489307	0.96655309931657
3.8174641077937	0.96985066296706
3.8174657666568	0.9681740539438
3.8174674255198	0.96701205459877
3.8174690843828	0.96702536947342
3.8174707432458	0.96624963564058
3.8174724021088	0.96341140542643
3.8174740609718	0.9614401669882
3.8174757198348	0.96208331192755
3.8174773786978	0.96168551809132
3.8174790375608	0.9576291738432
3.8174806964238	0.95300571619996
3.8174823552868	0.94602699689309
3.8174840141498	0.93967945535646
3.8174856730128	0.93648584187816
3.8174873318758	0.93396799328012
3.8174889907388	0.93561571969214
3.8174906496018	0.93741437286727
3.8174923084648	0.94040311431408
3.8174939673278	0.94303104060825
3.8174956261908	0.94180497290796
3.8174972850539	0.94073931665105
3.8174989439169	0.94224125860487
3.8175006027799	0.94366171342439
3.8175022616429	0.94262449506484
3.8175039205059	0.94160882316139
3.8175055793689	0.94447641505348
3.8175072382319	0.94734400694556
3.8175088970949	0.94850904338446
3.8175105559579	0.94963769944715
3.8175122148209	0.94980761826289
3.8175138736839	0.94993001677038
3.8175155325469	0.94848008157453
3.8175171914099	0.94690560729576
3.8175188502729	0.94017583257121
3.8175205091359	0.93287664077768
3.8175221679989	0.93149950379891
3.8175238268619	0.93097181172355
3.8175254857249	0.93590648497013
3.8175271445879	0.94181454494649
3.817528803451	0.94247927097346
3.817530462314	0.94201668559808
3.817532121177	0.94363493523857
3.81753378004	0.94578163267155
3.817535438903	0.94782243770836
3.817537097766	0.94983197542016
3.817538756629	0.94809524183713
3.817540415492	0.94508764688593
3.817542074355	0.94961341805171
3.817543733218	0.9570472314741
3.817545392081	0.95715625402224
3.817547050944	0.95407226630404
3.817548709807	0.95287496042799
3.81755036867	0.95260086475492
3.817552027533	0.95066482699568
3.817553686396	0.94782046232285
3.817555345259	0.9485708119079
3.817557004122	0.95150668617486
3.817558662985	0.95102173436861
3.817560321848	0.94823033799205
3.8175619807111	0.94555800189896
3.8175636395741	0.94297444311425
3.8175652984371	0.94585442162429
3.8175669573001	0.95323149630635
3.8175686161631	0.95727483467133
3.8175702750261	0.95829308055489
3.8175719338891	0.95910054212566
3.8175735927521	0.95969738781749
3.8175752516151	0.96202631761384
3.8175769104781	0.96626026766447
3.8175785693411	0.96867377448321
3.8175802282041	0.96888329135685
3.8175818870671	0.97009917803821
3.8175835459301	0.97265649148569
3.8175852047931	0.9738689391964
3.8175868636561	0.97310589460778
3.8175885225191	0.96952316389078
3.8175901813821	0.9613702983045
3.8175918402451	0.95561657202357
3.8175934991082	0.9541609876132
3.8175951579712	0.95083019144811
3.8175968168342	0.94377668471308
3.8175984756972	0.93691620276385
3.8176001345602	0.93048161047421
3.8176017934232	0.92183724156754
3.8176034522862	0.90775383234826
3.8176051111492	0.89013416952188
3.8176067700122	0.86275795773467
3.8176084288752	0.83544505113647
3.8176100877382	0.80832904808122
3.8176117466012	0.78210432437421
3.8176134054642	0.7590271106539
3.8176150643272	0.74431494218932
3.8176167231902	0.76344096139657
3.8176183820532	0.78403239081896
3.8176200409162	0.8114925240824
3.8176216997792	0.83911161231903
3.8176233586422	0.86760666245418
3.8176250175053	0.89503758277425
3.8176266763683	0.91543955618995
3.8176283352313	0.93475935742951
3.8176299940943	0.94527632734538
3.8176316529573	0.95544997242378
3.8176333118203	0.96204775453908
3.8176349706833	0.96890055826069
3.8176366295463	0.97937045789736
3.8176382884093	0.98932671263216
3.8176399472723	0.98819043307356
3.8176416061353	0.98694558254103
3.8176432649983	0.98103623700656
3.8176449238613	0.97513618394459
3.8176465827243	0.97599902091453
3.8176482415873	0.97686185788447
3.8176499004503	0.97235014874563
3.8176515593133	0.96772949831452
3.8176532181763	0.96209594739546
3.8176548770393	0.95641907976548
3.8176565359023	0.94659146504592
3.8176581947654	0.93648939919345
3.8176598536284	0.9284145021721
3.8176615124914	0.92052283349633
3.8176631713544	0.92105622078813
3.8176648302174	0.92256366144759
3.8176664890804	0.93161959343727
3.8176681479434	0.94174674819916
3.8176698068064	0.94930084264405
3.8176714656694	0.95641932958468
3.8176731245324	0.96005207504877
3.8176747833954	0.96299523450395
3.8176764422584	0.96124823805109
3.8176781011214	0.95843353002919
3.8176797599844	0.95912492909831
3.8176814188474	0.96072340633576
3.8176830777104	0.96599608978259
3.8176847365734	0.9723390640943
3.8176863954364	0.97925906648471
3.8176880542994	0.98636678064385
3.8176897131625	0.98250636212356
3.8176913720255	0.97468666038555
3.8176930308885	0.96533365440345
3.8176946897515	0.9553698372867
3.8176963486145	0.93872454339042
3.8176980074775	0.91915558900111
3.8176996663405	0.89942325212786
3.8177013252035	0.87961269446664
3.8177029840665	0.8709012276544
3.8177046429295	0.86798513718531
3.8177063017925	0.87490019821562
3.8177079606555	0.88739768153765
3.8177096195185	0.89854173178933
3.8177112783815	0.90885194669914
3.8177129372445	0.91509161380604
3.8177145961075	0.91861652134605
3.8177162549705	0.9231514548395
3.8177179138335	0.92841440079672
3.8177195726965	0.93296021495415
3.8177212315596	0.93694823394498
3.8177228904226	0.94261747949781
3.8177245492856	0.94969631530696
3.8177262081486	0.95526125348176
3.8177278670116	0.95945939104751
3.8177295258746	0.96046932246204
3.8177311847376	0.95838225309163
3.8177328436006	0.9542008122678
3.8177345024636	0.94783177894213
3.8177361613266	0.94351963434776
3.8177378201896	0.94151702839863
3.8177394790526	0.93798465728446
3.8177411379156	0.93260656367747
3.8177427967786	0.93317711452682
3.8177444556416	0.94146203940943
3.8177461145046	0.94888515859228
3.8177477733676	0.95510707591878
3.8177494322306	0.96085743202337
3.8177510910936	0.96590102690153
3.8177527499567	0.97176543879554
3.8177544088197	0.97895335243185
3.8177560676827	0.98348355791399
3.8177577265457	0.98340027168433
3.8177593854087	0.98317484064556
3.8177610442717	0.98268352785265
3.8177627031347	0.98146118349402
3.8177643619977	0.97876349239805
3.8177660208607	0.97789677834602
3.8177676797237	0.98102249924123
3.8177693385867	0.98300460930447
3.8177709974497	0.98228757499213
3.8177726563127	0.98128894852412
3.8177743151757	0.97956967099219
3.8177759740387	0.97890008007365
3.8177776329017	0.98115061479077
3.8177792917647	0.9834896131515
3.8177809506277	0.98609684530957
3.8177826094907	0.98803461101641
3.8177842683537	0.98775238850368
3.8177859272168	0.98651120707879
3.8177875860798	0.98178016065892
3.8177892449428	0.97810562242711
3.8177909038058	0.97867012075163
3.8177925626688	0.97810337021698
3.8177942215318	0.97250502566219
3.8177958803948	0.96819827162166
3.8177975392578	0.97029781196999
3.8177991981208	0.97165569015352
3.8178008569838	0.96887926890543
3.8178025158468	0.96710700633727
3.8178041747098	0.97168374418049
3.8178058335728	0.9750643839877
3.8178074924358	0.96976843541096
3.8178091512988	0.96489665692404
3.8178108101618	0.96360843398265
3.8178124690248	0.96285082773672
3.8178141278878	0.9674154919821
3.8178157867508	0.97191559425994
3.8178174456139	0.97562643150934
3.8178191044769	0.9794368578932
3.8178207633399	0.98478822031705
3.8178224222029	0.98971509663583
3.8178240810659	0.98581670891932
3.8178257399289	0.98215925445022
3.8178273987919	0.98597997009365
3.8178290576549	0.98958178712721
3.8178307165179	0.98027005928424
3.8178323753809	0.97096900552357
3.8178340342439	0.9664662317394
3.8178356931069	0.96196345795523
3.8178373519699	0.94896731020164
3.8178390108329	0.93586718336987
3.8178406696959	0.91448873857882
3.8178423285589	0.89288692658795
3.8178439874219	0.86240554458546
3.8178456462849	0.83155112238414
3.8178473051479	0.8004853911741
3.817848964011	0.76940754447111
3.817850622874	0.76186233505867
3.817852281737	0.75603518968725
3.8178539406	0.77555420506147
3.817855599463	0.79732881384193
3.817857258326	0.82743132686641
3.817858917189	0.85841112202978
3.817860576052	0.88812212428731
3.817862234915	0.9176783694649
3.817863893778	0.93701342375741
3.817865552641	0.95492787663987
3.817867211504	0.96628670205392
3.817868870367	0.97662059842752
3.81787052923	0.97701098697889
3.817872188093	0.97567014153341
3.817873846956	0.97138462145493
3.817875505819	0.96653320444682
3.817877164682	0.95492503224129
3.817878823545	0.94189340602712
3.817880482408	0.90965236738778
3.8178821412711	0.87300074856158
3.8178838001341	0.85035054104506
3.8178854589971	0.83118483808684
3.8178871178601	0.83724802870113
3.8178887767231	0.85008747566262
3.8178904355861	0.87251596076182
3.8178920944491	0.89771302116929
3.8178937533121	0.91817816505072
3.8178954121751	0.93717985621155
3.8178970710381	0.94398992392539
3.8178987299011	0.9467728525163
3.8179003887641	0.95119408227568
3.8179020476271	0.95619156157637
3.8179037064901	0.95824795623068
3.8179053653531	0.95920534633541
3.8179070242161	0.95815098529701
3.8179086830791	0.95629967146702
3.8179103419421	0.95601506192817
3.8179120008051	0.9563869330905
3.8179136596682	0.95638415307022
3.8179153185312	0.95621560657375
3.8179169773942	0.95616369539281
3.8179186362572	0.95616618149608
3.8179202951202	0.96160263027966
3.8179219539832	0.96970621838119
3.8179236128462	0.96974253068114
3.8179252717092	0.96561711640319
3.8179269305722	0.96408024664238
3.8179285894352	0.96394497808433
3.8179302482982	0.96128839344735
3.8179319071612	0.95720072115739
3.8179335660242	0.94558324632092
3.8179352248872	0.92949091262095
3.8179368837502	0.90697049111726
3.8179385426132	0.88045403723068
3.8179402014762	0.84977303905868
3.8179418603392	0.81638672800298
3.8179435192022	0.79246548020715
3.8179451780653	0.77496306806597
3.8179468369283	0.77782804306575
3.8179484957913	0.79509945193426
3.8179501546543	0.81617475892213
3.8179518135173	0.84005445581811
3.8179534723803	0.86895314397502
3.8179551312433	0.90170540787343
3.8179567901063	0.92797536312166
3.8179584489693	0.94906586104722
3.8179601078323	0.96479283767932
3.8179617666953	0.97606254993735
3.8179634255583	0.98326319743502
3.8179650844213	0.98694977743801
3.8179667432843	0.99120941013867
3.8179684021473	0.99598308023189
3.8179700610103	0.99797548892735
3.8179717198733	0.99737773286112
3.8179733787363	0.99398337355076
3.8179750375993	0.9878870682754
3.8179766964623	0.98491283224976
3.8179783553254	0.98506664387413
3.8179800141884	0.98385264627052
3.8179816730514	0.98121825871293
3.8179833319144	0.97542897841946
3.8179849907774	0.9662458387758
3.8179866496404	0.95211056650259
3.8179883085034	0.93245943054503
3.8179899673664	0.90417288621108
3.8179916262294	0.86593048592325
3.8179932850924	0.83000284055279
3.8179949439554	0.79683625556244
3.8179966028184	0.77251045440116
3.8179982616814	0.75909012190468
3.8179999205444	0.75888499109618
3.8180015794074	0.77553350709201
3.8180032382704	0.79915386286549
3.8180048971334	0.83196142285144
3.8180065559964	0.86173005592854
3.8180082148594	0.88736186379059
3.8180098737225	0.91027199804625
3.8180115325855	0.92935569580911
3.8180131914485	0.94733308404289
3.8180148503115	0.96370497584631
3.8180165091745	0.97403815969117
3.8180181680375	0.97532735591429
3.8180198269005	0.97852881188077
3.8180214857635	0.98468478855284
3.8180231446265	0.9891159405561
3.8180248034895	0.99079886306378
3.8180264623525	0.99294184451481
3.8180281212155	0.99584062929284
3.8180297800785	0.99591453068808
3.8180314389415	0.99120590009375
3.8180330978045	0.98890876618972
3.8180347566675	0.99081821873271
3.8180364155305	0.99495729530696
3.8180380743935	1.0031030748026
3.8180397332565	1.0087347420486
3.8180413921196	1.0097145145068
3.8180430509826	1.0107759776709
3.8180447098456	1.0119930504461
3.8180463687086	1.0101096828874
3.8180480275716	1.002148335845
3.8180496864346	0.99455328743402
3.8180513452976	0.98769698705781
3.8180530041606	0.98336028152257
3.8180546630236	0.9842495740698
3.8180563218866	0.98379902161477
3.8180579807496	0.98049087035048
3.8180596396126	0.97987753568199
3.8180612984756	0.98517212987953
3.8180629573386	0.98969152636541
3.8180646162016	0.99246458920275
3.8180662750646	0.99454090545239
3.8180679339276	0.99500461867149
3.8180695927906	0.99344532908488
3.8180712516536	0.98707819522813
3.8180729105167	0.97891967199243
3.8180745693797	0.96639025064057
3.8180762282427	0.95813982606635
3.8180778871057	0.96060643089614
3.8180795459687	0.96197289194707
3.8180812048317	0.96051260869193
3.8180828636947	0.95838183548606
3.8180845225577	0.95448399372582
3.8180861814207	0.95471139416013
3.8180878402837	0.9660859761224
3.8180894991467	0.97462085786164
3.8180911580097	0.97529128698615
3.8180928168727	0.97529337760821
3.8180944757357	0.9733992258513
3.8180961345987	0.97235451713734
3.8180977934617	0.97377834450587
3.8180994523247	0.97500515052688
3.8181011111877	0.97564576623969
3.8181027700507	0.97618166104455
3.8181044289137	0.97639870665966
3.8181060877768	0.97828510985663
3.8181077466398	0.98537061270531
3.8181094055028	0.99250953034307
3.8181110643658	0.99981856822416
3.8181127232288	1.0036594415086
3.8181143820918	0.99621017925483
3.8181160409548	0.9892195311866
3.8181176998178	0.98375410905171
3.8181193586808	0.97874857686633
3.8181210175438	0.97530476356322
3.8181226764068	0.97281292948892
3.8181243352698	0.97362103219443
3.8181259941328	0.97501750473206
3.8181276529958	0.9784947264779
3.8181293118588	0.98314763409442
3.8181309707218	0.99203995630315
3.8181326295848	0.99937794347242
3.8181342884478	1.001004427422
3.8181359473108	1.0021281081165
3.8181376061739	1.0013697151215
3.8181392650369	1.0022223211605
3.8181409238999	1.0092124495965
3.8181425827629	1.0149965400963
3.8181442416259	1.0161060259153
3.8181459004889	1.0171499503742
3.8181475593519	1.0179354468947
3.8181492182149	1.0186089998951
3.8181508770779	1.0188342228581
3.8181525359409	1.0180886710092
3.8181541948039	1.013394628806
3.8181558536669	1.0086137404458
3.8181575125299	1.003474369905
3.8181591713929	0.99880754370107
3.8181608302559	0.9961188077577
3.8181624891189	0.99233953507231
3.8181641479819	0.98393427697674
3.8181658068449	0.97759692715118
3.8181674657079	0.98014410101664
3.818169124571	0.98274726061536
3.818170783434	0.98559385274102
3.818172442297	0.9885816407298
3.81817410116	0.9921902594813
3.818175760023	0.99585446367854
3.818177418886	0.99976568202055
3.818179077749	1.0034854947634
3.818180736612	1.0063465956847
3.818182395475	1.0081041840671
3.818184054338	1.0048666150236
3.818185713201	1.0025986883221
3.818187372064	1.0047555042684
3.818189030927	1.0056860251301
3.81819068979	1.000978698753
3.818192348653	0.99766637038048
3.818194007516	1.0008080687236
3.818195666379	1.0034910845231
3.818197325242	1.0040398940941
3.818198984105	1.0047789596974
3.818200642968	1.0064075042646
3.8182023018311	1.0079723173691
3.8182039606941	1.0092380234428
3.8182056195571	1.0098124914685
3.8182072784201	1.0071323800905
3.8182089372831	1.0038532982271
3.8182105961461	0.99774839389222
3.8182122550091	0.99347539794062
3.8182139138721	0.99785667825305
3.8182155727351	1.0004041646051
3.8182172315981	0.99428243764613
3.8182188904611	0.99031846814129
3.8182205493241	0.99654999471176
3.8182222081871	1.001657288262
3.8182238670501	1.0014587541709
3.8182255259131	1.0006126990484
3.8182271847761	0.99671792303454
3.8182288436391	0.99363477258406
3.8182305025021	0.99436248103991
3.8182321613651	0.99555699790899
3.8182338202282	0.99893469283644
3.8182354790912	1.0014541999595
3.8182371379542	0.99997960836736
3.8182387968172	0.99827970327071
3.8182404556802	0.99553691826804
3.8182421145432	0.992558591153
3.8182437734062	0.98849699569109
3.8182454322692	0.98423995680407
3.8182470911322	0.97909035095583
3.8182487499952	0.97538311517387
3.8182504088582	0.97820945381647
3.8182520677212	0.97996598190126
3.8182537265842	0.97691879449169
3.8182553854472	0.97412381840419
3.8182570443102	0.97245050460044
3.8182587031732	0.97197136843334
3.8182603620362	0.9767479402436
3.8182620208992	0.98165200874412
3.8182636797622	0.98711092102693
3.8182653386253	0.99182986076694
3.8182669974883	0.99336634680404
3.8182686563513	0.99281997444323
3.8182703152143	0.98342775851808
3.8182719740773	0.9736229735379
3.8182736329403	0.96208926611718
3.8182752918033	0.95277022610378
3.8182769506663	0.95260203282126
3.8182786095293	0.95143222433298
3.8182802683923	0.94618373533294
3.8182819272553	0.94433246225309
3.8182835861183	0.95610157094584
3.8182852449813	0.96655141889473
3.8182869038443	0.97179590013902
3.8182885627073	0.97659406792801
3.8182902215703	0.97965991634994
3.8182918804333	0.98310258877235
3.8182935392963	0.98798274181392
3.8182951981593	0.99242555726933
3.8182968570224	0.99522935557492
3.8182985158854	0.99675036847024
3.8183001747484	0.99355124886645
3.8183018336114	0.99021336417367
3.8183034924744	0.98637446241364
3.8183051513374	0.9843941414297
3.8183068102004	0.98899453107824
3.8183084690634	0.99162829520129
3.8183101279264	0.98743573950961
3.8183117867894	0.98459285482839
3.8183134456524	0.98633908458481
3.8183151045154	0.98652890141415
3.8183167633784	0.98153633145859
3.8183184222414	0.97808853216899
3.8183200811044	0.97967514864609
3.8183217399674	0.9802700217496
3.8183233988304	0.97770230541929
3.8183250576934	0.97493332259219
3.8183267165564	0.97153662611188
3.8183283754194	0.96769343797353
3.8183300342825	0.96248926896126
3.8183316931455	0.95802626936514
3.8183333520085	0.95577123312904
3.8183350108715	0.95109701084566
3.8183366697345	0.93938406404743
3.8183383285975	0.92980515652553
3.8183399874605	0.92628789807052
3.8183416463235	0.92677263620431
3.8183433051865	0.93835260471538
3.8183449640495	0.94931044126956
3.8183466229125	0.9585854666715
3.8183482817755	0.96606703801642
3.8183499406385	0.96881749638426
3.8183515995015	0.97176533403736
3.8183532583645	0.97522087735378
3.8183549172275	0.97875667163649
3.8183565760905	0.98249362846351
3.8183582349535	0.98468970505801
3.8183598938165	0.98312242374293
3.8183615526796	0.98240883100735
3.8183632115426	0.983725991469
3.8183648704056	0.98638926683044
3.8183665292686	0.99217083797735
3.8183681881316	0.99571993574898
3.8183698469946	0.99423561106341
3.8183715058576	0.99226908212294
3.8183731647206	0.9892445665652
3.8183748235836	0.98417155109931
3.8183764824466	0.97472626108599
3.8183781413096	0.96732216640868
3.8183798001726	0.96415479900003
3.8183814590356	0.96007405591845
3.8183831178986	0.95415032092616
3.8183847767616	0.94844395350621
3.8183864356246	0.94316389919798
3.8183880944876	0.9389411824787
3.8183897533506	0.93673340299187
3.8183914122136	0.93491991227219
3.8183930710767	0.93383626640471
3.8183947299397	0.92814282644064
3.8183963888027	0.91416385492282
3.8183980476657	0.89833646621762
3.8183997065287	0.87928418237061
3.8184013653917	0.86081923048634
3.8184030242547	0.84334877513076
3.8184046831177	0.82918030377004
3.8184063419807	0.82043620667187
3.8184080008437	0.82166715856371
3.8184096597067	0.83879068641782
3.8184113185697	0.86094339203032
3.8184129774327	0.89086444154881
3.8184146362957	0.91718407951281
3.8184162951587	0.93811142258418
3.8184179540217	0.95678732732778
3.8184196128847	0.97219735011316
3.8184212717477	0.98208641899333
3.8184229306107	0.98421829692535
3.8184245894737	0.98475581614683
3.8184262483368	0.98312432741403
3.8184279071998	0.98115648356039
3.8184295660628	0.97874568534941
3.8184312249258	0.97720866559932
3.8184328837888	0.97678492332047
3.8184345426518	0.97420576789079
3.8184362015148	0.96897038989243
3.8184378603778	0.96676694170957
3.8184395192408	0.9681759243965
3.8184411781038	0.96881889857674
3.8184428369668	0.96857987233039
3.8184444958298	0.97422012435498
3.8184461546928	0.98640048107359
3.8184478135558	0.99153284385959
3.8184494724188	0.98909555178774
3.8184511312818	0.98815414361996
3.8184527901448	0.98876338221829
3.8184544490078	0.98523047287993
3.8184561078708	0.97755545687282
3.8184577667339	0.96888746276882
3.8184594255969	0.95926209296632
3.8184610844599	0.95708622402382
3.8184627433229	0.96183251628295
3.8184644021859	0.96084659901581
3.8184660610489	0.95473108637242
3.8184677199119	0.95419174969229
3.8184693787749	0.95845576524176
3.8184710376379	0.96308092688882
3.8184726965009	0.96800535296294
3.8184743553639	0.97342335199749
3.8184760142269	0.97923459292348
3.8184776730899	0.9833432073118
3.8184793319529	0.98614871542445
3.8184809908159	0.9899375366981
