6545.055286 0.981715
6545.102512 0.985717
6545.149735 0.980622
6545.196955 0.978041
6545.244172 0.971069
6545.291386 0.965571
6545.338597 0.967914
6545.385805 0.982253
6545.43301 0.975336
6545.480212 0.979171
6545.527411 0.97654
6545.574607 0.96759
6545.621801 0.948136
6545.668991 0.918619
6545.716178 0.86605
6545.763362 0.792152
6545.810543 0.72333
6545.857721 0.697846
6545.904896 0.708788
6545.952069 0.764686
6545.999238 0.846653
6546.046404 0.911676
6546.093567 0.951672
6546.140727 0.966403
6546.187884 0.978839
6546.235039 0.964861
6546.28219 0.976327
6546.329338 0.976443
6546.376483 0.964647
6546.423625 0.949578
6546.470765 0.951515
6546.517901 0.931363
6546.565034 0.937777
6546.612164 0.925846
6546.659291 0.934512
6546.706416 0.930116
6546.753537 0.934632
6546.800655 0.923934
6546.84777 0.923398
6546.894882 0.898918
6546.941992 0.907149
6546.989098 0.910707
6547.036201 0.917502
6547.083301 0.912988
6547.130398 0.918321
6547.177493 0.910064
6547.224584 0.91517
6547.271672 0.916053
6547.318757 0.922602
6547.365839 0.926192
6547.412919 0.937817
6547.459995 0.930097
6547.507068 0.939805
6547.554138 0.932207
6547.601205 0.923349
6547.648269 0.888878
6547.69533 0.871756
6547.742389 0.874098
6547.789444 0.907779
6547.836496 0.932425
6547.883545 0.936619
6547.930591 0.957526
6547.977634 0.960027
6548.024674 0.967812
6548.071711 0.984985
6548.118746 0.982432
6548.165777 0.986351
6548.212805 0.992328
6548.25983 0.989915
6548.306852 0.974788
6548.353871 0.977493
6548.400887 0.970898
6548.4479 0.963629
6548.49491 0.944869
6548.541917 0.909081
6548.588921 0.841248
6548.635922 0.8496
6548.68292 0.883039
6548.729915 0.943906
6548.776907 0.972032
6548.823896 0.98497
6548.870882 0.982897
6548.917865 0.992428
6548.964844 0.977337
6549.011821 0.980716
6549.058795 0.967271
6549.105766 0.969708
6549.152734 0.969446
6549.199699 0.970349
6549.246661 0.976563
6549.293619 0.981354
6549.340575 0.981722
6549.387528 0.983406
6549.434478 0.982499
6549.481424 0.982107
6549.528368 0.98641
6549.575309 0.979258
6549.622247 0.977703
6549.669181 0.979651
6549.716113 0.971761
6549.763042 0.960964
6549.809967 0.964712
6549.85689 0.947672
6549.903809 0.947092
6549.950726 0.952079
6549.99764 0.962579
6550.04455 0.97003
6550.091458 0.982746
6550.138362 0.984591
6550.185264 0.985806
6550.232162 0.986957
6550.279057 0.985785
6550.32595 0.990516
6550.372839 0.981909
6550.419726 0.972662
6550.466609 0.969459
6550.513489 0.960968
6550.560367 0.969029
6550.607241 0.965205
6550.654112 0.979991
6550.70098 0.983908
6550.747845 0.985223
6550.794708 0.988527
6550.841567 0.97058
6550.888423 0.971951
6550.935276 0.971747
6550.982126 0.957158
6551.028973 0.949809
6551.075817 0.946826
6551.122658 0.943883
6551.169496 0.934646
6551.216331 0.91734
6551.263163 0.893502
6551.309992 0.888505
6551.356818 0.900417
6551.403641 0.932449
6551.450461 0.970869
6551.497277 0.978412
6551.544091 0.981849
6551.590902 0.982762
6551.63771 0.978491
6551.684514 0.973811
6551.731316 0.970048
6551.778115 0.976264
6551.82491 0.976252
6551.871703 0.969424
6551.918492 0.964734
6551.965279 0.9502
6552.012062 0.94102
6552.058843 0.941976
6552.10562 0.94791
6552.152395 0.94671
6552.199166 0.947105
6552.245934 0.941517
6552.292699 0.945519
6552.339462 0.951481
6552.386221 0.948027
6552.432977 0.954733
6552.47973 0.940462
6552.52648 0.900158
6552.573228 0.835516
6552.619972 0.803598
6552.666713 0.830966
6552.713451 0.864451
6552.760185 0.913992
6552.806917 0.933731
6552.853646 0.941876
6552.900372 0.955511
6552.947095 0.968608
6552.993815 0.97779
6553.040531 0.969156
6553.087245 0.965587
6553.133956 0.967741
6553.180663 0.982083
6553.227368 0.984438
6553.274069 0.982631
6553.320768 0.980121
6553.367463 0.971633
6553.414156 0.958974
6553.460845 0.953976
6553.507532 0.953745
6553.554215 0.961746
6553.600895 0.961901
6553.647572 0.954869
6553.694247 0.917625
6553.740918 0.86661
6553.787586 0.815794
6553.834251 0.80605
6553.880913 0.844524
6553.927572 0.874483
6553.974228 0.909175
6554.020881 0.931722
6554.067531 0.948509
6554.114177 0.959059
6554.160821 0.9768
6554.207462 0.957736
6554.254099 0.969454
6554.300734 0.963293
6554.347366 0.956983
6554.393994 0.949057
6554.44062 0.943139
6554.487242 0.939955
6554.533862 0.944669
6554.580478 0.944744
6554.627091 0.940774
6554.673701 0.928262
6554.720309 0.930076
6554.766913 0.926977
6554.813514 0.93227
6554.860112 0.931736
6554.906707 0.939187
6554.953299 0.923465
6554.999888 0.888896
6555.046474 0.842167
6555.093057 0.849206
6555.139637 0.860348
6555.186213 0.874793
6555.232787 0.910924
6555.279358 0.928538
6555.325925 0.931008
6555.37249 0.921723
6555.419051 0.920537
6555.46561 0.907757
6555.512165 0.90021
6555.558717 0.882282
6555.605267 0.855809
6555.651813 0.811057
6555.698356 0.798537
6555.744896 0.833095
6555.791433 0.877115
6555.837967 0.912505
6555.884498 0.92636
6555.931026 0.939281
6555.977551 0.942334
6556.024073 0.952102
6556.070591 0.949922
6556.117107 0.950844
6556.16362 0.94934
6556.210129 0.941469
6556.256636 0.93356
6556.303139 0.907949
6556.34964 0.887087
6556.396137 0.865871
6556.442631 0.872934
6556.489123 0.892171
6556.535611 0.921478
6556.582096 0.937194
6556.628578 0.942708
6556.675057 0.947894
6556.721533 0.940105
6556.768006 0.942359
6556.814476 0.947322
6556.860942 0.951257
6556.907406 0.948175
6556.953867 0.953883
6557.000324 0.937108
6557.046779 0.931685
6557.09323 0.893103
6557.139679 0.859661
6557.186124 0.83715
6557.232566 0.871728
6557.279005 0.903784
6557.325442 0.931017
6557.371875 0.932908
6557.418305 0.931435
6557.464732 0.93536
6557.511156 0.932364
6557.557576 0.932889
6557.603994 0.921266
6557.650409 0.906887
6557.696821 0.898507
6557.743229 0.886586
6557.789635 0.887086
6557.836037 0.8929
6557.882437 0.903764
6557.928833 0.917135
6557.975226 0.927191
6558.021616 0.921404
6558.068003 0.91712
6558.114388 0.896057
6558.160769 0.886157
6558.207146 0.910223
6558.253521 0.934495
6558.299893 0.947442
6558.346262 0.939464
6558.392627 0.931813
6558.43899 0.934212
6558.48535 0.936753
6558.531706 0.929905
6558.578059 0.935059
6558.62441 0.937154
6558.670757 0.936166
6558.717101 0.935901
6558.763442 0.940702
6558.80978 0.950578
6558.856115 0.943367
6558.902447 0.945433
6558.948776 0.939251
6558.995102 0.937631
6559.041424 0.924538
6559.087744 0.898844
6559.13406 0.862593
6559.180374 0.842081
6559.226684 0.838532
6559.272991 0.855096
6559.319296 0.87486
6559.365597 0.901698
6559.411895 0.906609
6559.45819 0.916387
6559.504482 0.923597
6559.550771 0.929269
6559.597056 0.926161
6559.643339 0.92788
6559.689619 0.917899
6559.735895 0.900066
6559.782169 0.888827
6559.828439 0.87746
6559.874706 0.868371
6559.920971 0.875954
6559.967232 0.878332
6560.01349 0.879448
6560.059745 0.868901
6560.105997 0.852244
6560.152246 0.82436
6560.198491 0.797898
6560.244734 0.808057
6560.290974 0.822416
6560.33721 0.843348
6560.383444 0.848956
6560.429674 0.847738
6560.475901 0.83272
6560.522126 0.836926
6560.568347 0.851457
6560.614565 0.868776
6560.66078 0.871925
6560.706992 0.871527
6560.7532 0.869399
6560.799406 0.867243
6560.845609 0.867514
6560.891808 0.864538
6560.938005 0.875294
6560.984198 0.865766
6561.030388 0.850295
6561.076576 0.845532
6561.12276 0.837877
6561.168941 0.835674
6561.215119 0.844439
6561.261294 0.839806
6561.307465 0.83263
6561.353634 0.829218
6561.3998 0.825604
6561.445962 0.804946
6561.492122 0.790753
6561.538278 0.776738
6561.584431 0.764814
6561.630581 0.736023
6561.676728 0.712903
6561.722872 0.684469
6561.769013 0.651499
6561.815151 0.622442
6561.861286 0.591157
6561.907418 0.560956
6561.953546 0.528682
6561.999672 0.507771
6562.045794 0.488434
6562.091913 0.47184
6562.138029 0.459664
6562.184143 0.444993
6562.230253 0.434515
6562.276359 0.427802
6562.322463 0.410231
6562.368564 0.401699
6562.414662 0.38908
6562.460756 0.377777
6562.506848 0.37385
6562.552936 0.371674
6562.599021 0.3673
6562.645103 0.361044
6562.691183 0.359112
6562.737259 0.353939
6562.783331 0.356806
6562.829401 0.357989
6562.875468 0.362684
6562.921532 0.373199
6562.967592 0.377974
6563.013649 0.389099
6563.059704 0.407551
6563.105755 0.43327
6563.151803 0.457397
6563.197848 0.485691
6563.24389 0.508052
6563.289929 0.528314
6563.335965 0.539295
6563.381997 0.559316
6563.428027 0.557352
6563.474053 0.546754
6563.520077 0.546205
6563.566097 0.542993
6563.612114 0.551501
6563.658128 0.554177
6563.704139 0.561903
6563.750147 0.582458
6563.796152 0.59306
6563.842153 0.609507
6563.888152 0.622633
6563.934147 0.630375
6563.98014 0.628963
6564.026129 0.628605
6564.072115 0.630155
6564.118098 0.617913
6564.164078 0.597535
6564.210055 0.590815
6564.256028 0.617455
6564.301999 0.666678
6564.347967 0.691738
6564.393931 0.710682
6564.439892 0.710435
6564.48585 0.72883
6564.531806 0.73978
6564.577758 0.747818
6564.623706 0.759911
6564.669652 0.768476
6564.715595 0.765192
6564.761534 0.766918
6564.807471 0.777254
6564.853404 0.78255
6564.899335 0.786322
6564.945262 0.783411
6564.991186 0.768939
6565.037107 0.762415
6565.083024 0.760728
6565.128939 0.765955
6565.174851 0.771368
6565.220759 0.796411
6565.266665 0.823077
6565.312567 0.834142
6565.358466 0.851584
6565.404362 0.864218
6565.450255 0.847761
6565.496145 0.849108
6565.542032 0.855091
6565.587915 0.865421
6565.633796 0.873421
6565.679673 0.880861
6565.725547 0.888582
6565.771419 0.890898
6565.817287 0.891063
6565.863152 0.89408
6565.909013 0.899956
6565.954872 0.910814
6566.000728 0.907709
6566.04658 0.909978
6566.092429 0.916783
6566.138276 0.912924
6566.184119 0.912053
6566.229959 0.906068
6566.275796 0.914108
6566.32163 0.911054
6566.3627 0.913641
6566.41364 0.921155
6566.464578 0.911796
6566.515513 0.916201
6566.566445 0.912867
6566.617374 0.920019
6566.668301 0.928218
6566.719225 0.932742
6566.770146 0.939765
6566.821065 0.93834
6566.871981 0.936599
6566.922894 0.932387
6566.973805 0.933498
6567.024712 0.92939
6567.075618 0.933644
6567.12652 0.940545
6567.17742 0.955769
6567.228317 0.957053
6567.279211 0.9517
6567.330102 0.952538
6567.380991 0.965272
6567.431877 0.956011
6567.482761 0.956413
6567.533642 0.961554
6567.58452 0.964977
6567.635395 0.960394
6567.686268 0.959358
6567.737137 0.960567
6567.788005 0.960484
6567.838869 0.963459
6567.889731 0.962745
6567.94059 0.964823
6567.991446 0.965425
6568.0423 0.963293
6568.093151 0.963132
6568.143999 0.969125
6568.194844 0.969385
6568.245687 0.969203
6568.296527 0.967331
6568.347365 0.963465
6568.398199 0.962138
6568.449031 0.955272
6568.49986 0.941226
6568.550687 0.924674
6568.601511 0.911167
6568.652332 0.903496
6568.70315 0.853734
6568.753966 0.78968
6568.804778 0.735256
6568.855589 0.722883
6568.906396 0.766954
6568.957201 0.841068
6569.008003 0.905191
6569.058802 0.9387
6569.109599 0.943384
6569.160393 0.953894
6569.211184 0.957083
6569.261972 0.952187
6569.312758 0.945054
6569.363541 0.930755
6569.414321 0.920443
6569.465099 0.905744
6569.515874 0.895685
6569.566646 0.894954
6569.617415 0.903329
6569.668182 0.915826
6569.718946 0.914534
6569.769707 0.917401
6569.820466 0.920798
6569.871221 0.920766
6569.921975 0.92454
6569.972725 0.930881
6570.023473 0.928392
6570.074217 0.926881
6570.12496 0.909124
6570.175699 0.8974
6570.226436 0.886946
6570.27717 0.879665
6570.327901 0.880245
6570.37863 0.876991
6570.429355 0.882147
6570.480079 0.9044
6570.530799 0.92402
6570.581517 0.93737
6570.632231 0.927682
6570.682944 0.922034
6570.733653 0.92384
6570.78436 0.921377
6570.835064 0.930918
6570.885765 0.953563
6570.936464 0.971987
6570.987159 0.97358
6571.037853 0.973574
6571.088543 0.978957
6571.139231 0.974871
6571.189915 0.980356
6571.240598 0.978874
6571.291277 0.977916
6571.341954 0.976463
6571.392628 0.970447
6571.443299 0.971829
6571.493967 0.975408
6571.544633 0.972279
6571.595296 0.971148
6571.645957 0.972089
6571.696614 0.967838
6571.747269 0.958449
6571.797921 0.955594
6571.848571 0.953624
6571.899217 0.950137
6571.949861 0.947216
6572.000502 0.908312
6572.051141 0.861127
6572.101776 0.845048
6572.152409 0.866036
6572.20304 0.896521
6572.253667 0.900813
6572.304292 0.860443
6572.354914 0.796309
6572.405533 0.758993
6572.45615 0.770198
6572.506764 0.815909
6572.557375 0.879405
6572.607983 0.929865
6572.658589 0.962361
6572.709191 0.97792
6572.759792 0.984778
6572.810389 0.983879
6572.860984 0.983288
6572.911575 0.985522
6572.962165 0.977011
6573.012751 0.968292
6573.063335 0.969787
6573.113916 0.966989
6573.164494 0.969189
6573.215069 0.974611
6573.265642 0.970976
6573.316212 0.969403
6573.366779 0.967569
6573.417344 0.95927
6573.467905 0.95385
6573.518464 0.96862
6573.569021 0.966573
6573.619574 0.965939
6573.670125 0.948805
6573.720673 0.905638
6573.771218 0.83626
6573.821761 0.781352
6573.8723 0.775893
6573.922837 0.818452
6573.973372 0.880094
6574.023903 0.935038
6574.074432 0.970223
6574.124958 0.988279
6574.175481 0.996854
6574.226002 0.990053
6574.27652 0.987627
6574.327035 0.976937
6574.377547 0.969711
6574.428057 0.953819
6574.478563 0.91829
6574.529067 0.861926
6574.579569 0.787951
6574.630067 0.737154
6574.680563 0.730333
6574.731056 0.752163
6574.781546 0.746891
6574.832034 0.739121
6574.882519 0.759
6574.933001 0.833442
6574.98348 0.895057
6575.033957 0.931154
6575.08443 0.950652
6575.134901 0.963532
6575.18537 0.961474
6575.235835 0.965746
6575.286298 0.958659
6575.336758 0.953147
6575.387215 0.950551
6575.43767 0.941354
6575.488122 0.939236
6575.538571 0.940268
6575.589017 0.945872
6575.63946 0.950975
6575.689901 0.955828
6575.740339 0.951063
6575.790774 0.935808
6575.841207 0.932668
6575.891636 0.927413
6575.942063 0.931976
6575.992487 0.929674
6576.042909 0.938704
6576.093328 0.943118
6576.143743 0.945467
6576.194157 0.93874
6576.244567 0.952199
6576.294975 0.963959
6576.345379 0.968197
6576.395782 0.956519
6576.446181 0.961883
6576.496578 0.954049
6576.546971 0.956232
6576.597362 0.966066
6576.647751 0.986125
6576.698136 0.99306
6576.748519 0.991849
6576.798899 0.993868
6576.849276 0.999757
6576.899651 1.001529
6576.950022 1.001287
6577.000391 0.996762
6577.050758 0.990854
6577.101121 0.995869
6577.151482 0.986959
6577.20184 0.99191
6577.252195 0.993637
6577.302547 0.994857
6577.352897 0.986097
6577.403244 1.002699
6577.453588 1.001392
6577.503929 1.006932
6577.554267 1.005646
6577.604603 0.999413
6577.654936 1.002584
6577.705266 1.00585
6577.755594 1.006392
6577.805919 1.006592
6577.856241 1.004785
6577.90656 1.008718
6577.956876 1.007736
6578.00719 1.0111
6578.057501 0.99654
6578.107809 0.996707
6578.158114 0.996523
6578.208416 0.998465
6578.258716 0.998317
6578.309013 0.997076
6578.359307 0.99127
6578.409599 0.988194
6578.459888 0.983122
6578.510173 0.987641
6578.560457 0.993778
6578.610737 0.990192
6578.661015 0.991036
6578.711289 0.985518
6578.761561 0.991846
6578.811831 0.995746
6578.862097 0.984778
6578.912361 0.98874
6578.962622 0.987428
6579.01288 0.97766
6579.063135 0.983789
6579.113388 0.977346
6579.163638 0.987025
6579.213885 0.990907
6579.264129 0.996316
6579.314371 1.00012
6579.364609 0.999352
6579.414845 0.982938
6579.465078 0.990196
6579.515309 0.985774
6579.565536 0.993441
6579.615761 0.982984
6579.665983 0.982967
6579.716203 0.969423
6579.766419 0.950345
6579.816633 0.935536
6579.866844 0.939388
6579.917052 0.953816
6579.967257 0.967235
6580.01746 0.981237
6580.06766 0.990905
6580.117857 1.001065
6580.168051 0.996812
6580.218242 0.997544
6580.268431 0.991005
6580.318617 0.987698
6580.3688 0.98167
6580.41898 0.964415
6580.469158 0.955379
6580.519333 0.947298
6580.569504 0.932794
6580.619674 0.921123
6580.66984 0.897439
6580.720004 0.845748
6580.770164 0.786391
6580.820323 0.772348
6580.870478 0.811787
6580.92063 0.880886
6580.97078 0.926993
6581.020927 0.9635
6581.071071 0.975102
6581.121212 0.982574
6581.171351 0.981265
6581.221487 0.973024
6581.271619 0.972968
6581.32175 0.974239
6581.371877 0.977912
6581.422002 0.978205
6581.472123 0.97401
6581.522242 0.970583
6581.572359 0.973009
6581.622472 0.97565
6581.672583 0.96627
6581.72269 0.957249
6581.772795 0.95234
6581.822898 0.952205
6581.872997 0.964716
6581.923094 0.973379
6581.973188 0.980058
6582.023279 0.990344
6582.073367 0.998245
6582.123453 1.002477
6582.173535 0.977131
6582.223615 0.95965
6582.273692 0.947284
6582.323767 0.939336
6582.373838 0.938874
6582.423907 0.950537
6582.473973 0.953954
6582.524036 0.958523
6582.574096 0.964284
6582.624154 0.980322
6582.674209 0.990286
6582.724261 0.990411
6582.77431 0.981925
6582.824356 0.977053
6582.8744 0.980293
6582.92444 0.992253
6582.974478 0.996523
6583.024513 0.993364
6583.074546 1.003182
6583.124575 0.991935
6583.174602 0.983343
6583.224626 0.957849
6583.274647 0.941422
6583.324666 0.924626
6583.374681 0.935854
6583.424694 0.952859
6583.474704 0.950532
6583.524711 0.961708
6583.574715 0.971619
6583.624717 0.983141
6583.674716 1.002891
6583.724712 1.007082
6583.774705 1.010842
6583.824695 1.00466
6583.874683 0.996347
6583.924667 0.988048
