3.8159147871434	0.990426
3.8159164460064	0.98851545408172
3.8159181048695	0.98616229781852
3.8159197637325	0.98026467063594
3.8159214225955	0.97526786555047
3.8159230814585	0.97342587891583
3.8159247403215	0.97105037230643
3.8159263991845	0.96760811810843
3.8159280580475	0.96479914119016
3.8159297169105	0.96278060196401
3.8159313757735	0.9621460214819
3.8159330346365	0.96261522142552
3.8159346934995	0.96383088372086
3.8159363523625	0.96541755722511
3.8159380112255	0.96615893588957
3.8159396700885	0.96666156993882
3.8159413289515	0.96685438807158
3.8159429878145	0.96701425475955
3.8159446466775	0.96841536671373
3.8159463055405	0.96967814264002
3.8159479644035	0.96988633330263
3.8159496232665	0.97090069599031
3.8159512821296	0.97464052563195
3.8159529409926	0.97725566608763
3.8159545998556	0.97769488871453
3.8159562587186	0.97859219992555
3.8159579175816	0.98004192687548
3.8159595764446	0.97914269641328
3.8159612353076	0.97644286997156
3.8159628941706	0.9749776835323
3.8159645530336	0.97409640203635
3.8159662118966	0.97568115192084
3.8159678707596	0.97791397242937
3.8159695296226	0.97893042389125
3.8159711884856	0.97976592222485
3.8159728473486	0.97773791818353
3.8159745062116	0.97575269539175
3.8159761650746	0.97404953276163
3.8159778239376	0.97173226548837
3.8159794828006	0.96752468409393
3.8159811416636	0.96336776124901
3.8159828005267	0.95930134837669
3.8159844593897	0.95680614943956
3.8159861182527	0.95606387297669
3.8159877771157	0.9561429814242
3.8159894359787	0.95680100308775
3.8159910948417	0.96253266381944
3.8159927537047	0.97043230192639
3.8159944125677	0.97862091415202
3.8159960714307	0.98687519141174
3.8159977302937	0.99018010702156
3.8159993891567	0.99281575848108
3.8160010480197	0.98904835202377
3.8160027068827	0.9853223724838
3.8160043657457	0.98181680794421
3.8160060246087	0.97780706570356
3.8160076834717	0.97245418965447
3.8160093423347	0.96532270997394
3.8160110011977	0.95538308864183
3.8160126600607	0.93728047971376
3.8160143189238	0.91110544569484
3.8160159777868	0.88132693926464
3.8160176366498	0.84932011263039
3.8160192955128	0.8107825240198
3.8160209543758	0.76986785139664
3.8160226132388	0.73499705473278
3.8160242721018	0.70120483608454
3.8160259309648	0.68847231025229
3.8160275898278	0.67931280776497
3.8160292486908	0.70233931170163
3.8160309075538	0.72850410427293
3.8160325664168	0.76758275725481
3.8160342252798	0.80624540250882
3.8160358841428	0.84398838268706
3.8160375430058	0.87963448380704
3.8160392018688	0.91247255633663
3.8160408607318	0.93633581315388
3.8160425195948	0.95266656095359
3.8160441784578	0.96406943950033
3.8160458373208	0.97293372926825
3.8160474961839	0.97499456927647
3.8160491550469	0.97509704249636
3.8160508139099	0.97606590078852
3.8160524727729	0.97713086286161
3.8160541316359	0.97742346363547
3.8160557904989	0.97740244944799
3.8160574493619	0.97521925249426
3.8160591082249	0.97202666219954
3.8160607670879	0.96570073111643
3.8160624259509	0.96037794996648
3.8160640848139	0.95683260666528
3.8160657436769	0.95207694102959
3.8160674025399	0.94599963607141
3.8160690614029	0.93962545701729
3.8160707202659	0.93304957247871
3.8160723791289	0.92842736767098
3.8160740379919	0.92459173851032
3.8160756968549	0.92268299852471
3.8160773557179	0.92116723313853
3.816079014581	0.92634078478488
3.816080673444	0.93149799189773
3.816082332307	0.93130191872184
3.81608399117	0.93032743822423
3.816085650033	0.925909899127
3.816087308896	0.92094956343489
3.816088967759	0.91473810433441
3.816090626622	0.90846600544022
3.816092285485	0.90211047193814
3.816093944348	0.89732037893558
3.816095603211	0.89386712981626
3.816097262074	0.89422871652867
3.816098920937	0.89657339292257
3.8161005798	0.89980258011892
3.816102238663	0.90328608828594
3.816103897526	0.90580482916179
3.816105556389	0.90811288552946
3.816107215252	0.90377715523713
3.816108874115	0.89958587918258
3.8161105329781	0.89633079342284
3.8161121918411	0.89387384974426
3.8161138507041	0.89377441211362
3.8161155095671	0.89381872591251
3.8161171684301	0.89410535450602
3.8161188272931	0.89683753028622
3.8161204861561	0.90209612894447
3.8161221450191	0.90663357739377
3.8161238038821	0.91071289721075
3.8161254627451	0.9136558867061
3.8161271216081	0.91618136221454
3.8161287804711	0.91850272703272
3.8161304393341	0.92078842790898
3.8161320981971	0.92796336009196
3.8161337570601	0.93498806298158
3.8161354159231	0.93908724853527
3.8161370747861	0.94241820458038
3.8161387336491	0.94289119058302
3.8161403925121	0.94363471333406
3.8161420513752	0.94492181611277
3.8161437102382	0.94330664114394
3.8161453691012	0.93818542570198
3.8161470279642	0.93188724137017
3.8161486868272	0.92471430957445
3.8161503456902	0.92056628357675
3.8161520045532	0.91774884925032
3.8161536634162	0.92039313694666
3.8161553222792	0.92427318828393
3.8161569811422	0.93140595239509
3.8161586400052	0.93877216906088
3.8161602988682	0.94635717651676
3.8161619577312	0.95342159667728
3.8161636165942	0.95810357145804
3.8161652754572	0.96297015571859
3.8161669343202	0.96826576809599
3.8161685931832	0.97176602860002
3.8161702520462	0.9728122575062
3.8161719109092	0.9753418615348
3.8161735697722	0.97911326508608
3.8161752286353	0.98227893785291
3.8161768874983	0.98514116651435
3.8161785463613	0.98633684054726
3.8161802052243	0.98708505102836
3.8161818640873	0.9887862087338
3.8161835229503	0.99058821514043
3.8161851818133	0.99260201286734
3.8161868406763	0.99442239364455
3.8161884995393	0.99519102058502
3.8161901584023	0.99540707864182
3.8161918172653	0.99418776151654
3.8161934761283	0.99197668280821
3.8161951349913	0.98828216764853
3.8161967938543	0.98378588479574
3.8161984527173	0.97856003006047
3.8162001115803	0.97575427458585
3.8162017704433	0.97427146318615
3.8162034293063	0.97029128447707
3.8162050881693	0.9655639551716
3.8162067470324	0.96434422113248
3.8162084058954	0.96363074485204
3.8162100647584	0.96806670999693
3.8162117236214	0.97224150880517
3.8162133824844	0.97481091818141
3.8162150413474	0.97776674241765
3.8162167002104	0.98180199790219
3.8162183590734	0.98499075522828
3.8162200179364	0.98684092903282
3.8162216767994	0.98763432726626
3.8162233356624	0.9874178985814
3.8162249945254	0.98889492909343
3.8162266533884	0.99134346711499
3.8162283122514	0.98795082428438
3.8162299711144	0.98270994622514
3.8162316299774	0.98231787320925
3.8162332888404	0.98255140963097
3.8162349477034	0.98153989919372
3.8162366065664	0.98040879755493
3.8162382654295	0.97849864191254
3.8162399242925	0.97719898068962
3.8162415831555	0.9776565546948
3.8162432420185	0.97796410711276
3.8162449008815	0.97802970665268
3.8162465597445	0.9796261817175
3.8162482186075	0.98270697820009
3.8162498774705	0.98275366452656
3.8162515363335	0.98104032967706
3.8162531951965	0.98127797549026
3.8162548540595	0.98213790457459
3.8162565129225	0.9850441507784
3.8162581717855	0.98817295166318
3.8162598306485	0.9861940864454
3.8162614895115	0.98453616519433
3.8162631483745	0.98493794236014
3.8162648072375	0.98481122430953
3.8162664661005	0.98318532508683
3.8162681249635	0.98352363454743
3.8162697838265	0.98697844925991
3.8162714426896	0.9877779466998
3.8162731015526	0.98605361853879
3.8162747604156	0.98382657023045
3.8162764192786	0.98131541540506
3.8162780781416	0.98035021076521
3.8162797370046	0.97985916346696
3.8162813958676	0.98039814985756
3.8162830547306	0.98089057312657
3.8162847135936	0.97220775634665
3.8162863724566	0.96341312923963
3.8162880313196	0.95395985053698
3.8162896901826	0.94607750136375
3.8162913490456	0.94239939260831
3.8162930079086	0.94026570422684
3.8162946667716	0.94045792565119
3.8162963256346	0.943892148781
3.8162979844976	0.95024551903018
3.8162996433606	0.95678807657839
3.8163013022236	0.96343094803444
3.8163029610867	0.9662657059397
3.8163046199497	0.96803238444912
3.8163062788127	0.97312307804537
3.8163079376757	0.97852939299323
3.8163095965387	0.98342797688261
3.8163112554017	0.98707987535416
3.8163129142647	0.98437854481796
3.8163145731277	0.98271043646871
3.8163162319907	0.9835475506327
3.8163178908537	0.98543414846412
3.8163195497167	0.98876948721917
3.8163212085797	0.98844846959014
3.8163228674427	0.98511549363292
3.8163245263057	0.98014151246422
3.8163261851687	0.97438358692675
3.8163278440317	0.97000350959378
3.8163295028947	0.96595675056712
3.8163311617577	0.96190265490993
3.8163328206207	0.9580199532917
3.8163344794838	0.95671003395076
3.8163361383468	0.95663721052466
3.8163377972098	0.96178639932168
3.8163394560728	0.96690678358168
3.8163411149358	0.97196611349892
3.8163427737988	0.97677119458628
3.8163444326618	0.98126521547308
3.8163460915248	0.98373555670346
3.8163477503878	0.98473471494659
3.8163494092508	0.98556879091233
3.8163510681138	0.98633493663197
3.8163527269768	0.98676459804891
3.8163543858398	0.98712924385566
3.8163560447028	0.98512540977825
3.8163577035658	0.98281912106253
3.8163593624288	0.97844649108457
3.8163610212918	0.97336151600605
3.8163626801548	0.96585884904329
3.8163643390178	0.96025234117166
3.8163659978809	0.95805042507802
3.8163676567439	0.95594815808891
3.8163693156069	0.95395044934908
3.8163709744699	0.95104635461966
3.8163726333329	0.94758280378495
3.8163742921959	0.94292806276874
3.8163759510589	0.93787386039081
3.8163776099219	0.92930458001726
3.8163792687849	0.92021493235432
3.8163809276479	0.90738234083894
3.8163825865109	0.89466674288421
3.8163842453739	0.88266258564291
3.8163859042369	0.87435492418411
3.8163875630999	0.87592651869835
3.8163892219629	0.88279736759961
3.8163908808259	0.89750270378463
3.8163925396889	0.91440477932291
3.8163941985519	0.93321790117856
3.8163958574149	0.94857022143575
3.8163975162779	0.96218880343677
3.816399175141	0.97131052212537
3.816400834004	0.97929277377087
3.816402492867	0.98299080997786
3.81640415173	0.9860243429397
3.816405810593	0.98386481801845
3.816407469456	0.98258578266204
3.816409128319	0.9849783471255
3.816410787182	0.98484198209471
3.816412446045	0.97946649313047
3.816414104908	0.97444137398355
3.816415763771	0.96983118866615
3.816417422634	0.96545563446209
3.816419081497	0.96124298469962
3.81642074036	0.9654425386437
3.816422399223	0.97286915534065
3.816424058086	0.97477725660106
3.816425716949	0.97575253227069
3.816427375812	0.97316037123986
3.816429034675	0.97048868103996
3.8164306935381	0.96754803704762
3.8164323524011	0.96475768889462
3.8164340112641	0.962408219931
3.8164356701271	0.95978718543601
3.8164373289901	0.95673677116544
3.8164389878531	0.95585591326285
3.8164406467161	0.95697134699446
3.8164423055791	0.95564283940487
3.8164439644421	0.95302282974869
3.8164456233051	0.95173286056728
3.8164472821681	0.95080103655537
3.8164489410311	0.94727885039952
3.8164505998941	0.94387503335578
3.8164522587571	0.94623681282671
3.8164539176201	0.94886411606318
3.8164555764831	0.95262696651282
3.8164572353461	0.95597811315718
3.8164588942091	0.95846886780213
3.8164605530721	0.96090177269059
3.8164622119352	0.96326620196812
3.8164638707982	0.96398771139702
3.8164655296612	0.96357869991147
3.8164671885242	0.96198264237158
3.8164688473872	0.95994061181639
3.8164705062502	0.95860569178898
3.8164721651132	0.95738435347253
3.8164738239762	0.96095847750239
3.8164754828392	0.96463665113368
3.8164771417022	0.96888942425876
3.8164788005652	0.97139127688551
3.8164804594282	0.96907302562804
3.8164821182912	0.96657331811993
3.8164837771542	0.96380333833617
3.8164854360172	0.96122393751703
3.8164870948802	0.95880881466473
3.8164887537432	0.95726296562748
3.8164904126062	0.95614033337005
3.8164920714692	0.95887815878763
3.8164937303322	0.96253220417711
3.8164953891953	0.96887033735027
3.8164970480583	0.97492940984076
3.8164987069213	0.97593640085588
3.8165003657843	0.97643040933654
3.8165020246473	0.97506119005116
3.8165036835103	0.97364867905938
3.8165053423733	0.97215648831276
3.8165070012363	0.97052038136663
3.8165086600993	0.96873348813074
3.8165103189623	0.96746786393832
3.8165119778253	0.96651530236533
3.8165136366883	0.96937591990555
3.8165152955513	0.97343162000754
3.8165169544143	0.97498303520979
3.8165186132773	0.97608167202029
3.8165202721403	0.97251967011966
3.8165219310033	0.96972364427237
3.8165235898663	0.97061741004972
3.8165252487293	0.96941409991203
3.8165269075924	0.96352126635063
3.8165285664554	0.95936103232224
3.8165302253184	0.95735093681553
3.8165318841814	0.95697933861507
3.8165335430444	0.95777665194214
3.8165352019074	0.95917614263108
3.8165368607704	0.96080850471952
3.8165385196334	0.96322634520353
3.8165401784964	0.9657733342358
3.8165418373594	0.96016080188964
3.8165434962224	0.95391062865008
3.8165451550854	0.94373625441128
3.8165468139484	0.93071092067815
3.8165484728114	0.9100765841445
3.8165501316744	0.88796268641678
3.8165517905374	0.86372633767241
3.8165534494004	0.84307526028457
3.8165551082634	0.82536835357855
3.8165567671264	0.82459237288466
3.8165584259895	0.83151013405797
3.8165600848525	0.85090187738553
3.8165617437155	0.87291913311317
3.8165634025785	0.89239401389365
3.8165650614415	0.91172531692448
3.8165667203045	0.93061622276197
3.8165683791675	0.94684525651891
3.8165700380305	0.95476914720418
3.8165716968935	0.9622960596776
3.8165733557565	0.96918043530389
3.8165750146195	0.9727579392411
3.8165766734825	0.97329701203549
3.8165783323455	0.97145517746728
3.8165799912085	0.96838982154855
3.8165816500715	0.96432953000161
3.8165833089345	0.96002063113654
3.8165849677975	0.95848639265644
3.8165866266605	0.95672039250186
3.8165882855235	0.95021633624027
3.8165899443865	0.9446553939842
3.8165916032496	0.94244774490429
3.8165932621126	0.94004050661909
3.8165949209756	0.93727784984564
3.8165965798386	0.9371879727991
3.8165982387016	0.93977289421907
3.8165998975646	0.94284916956228
3.8166015564276	0.9462016153221
3.8166032152906	0.94909961398033
3.8166048741536	0.95186991465025
3.8166065330166	0.9479355840617
3.8166081918796	0.94361492213025
3.8166098507426	0.94211476523481
3.8166115096056	0.93982094873135
3.8166131684686	0.93440933798339
3.8166148273316	0.93032703756555
3.8166164861946	0.92878036816675
3.8166181450576	0.92944790982742
3.8166198039206	0.93246561050013
3.8166214627836	0.93605809632648
3.8166231216467	0.93999338642558
3.8166247805097	0.93872259378381
3.8166264393727	0.9358777253524
3.8166280982357	0.92578795695531
3.8166297570987	0.91476698975805
3.8166314159617	0.89985660439858
3.8166330748247	0.88364282302352
3.8166347336877	0.86197692268644
3.8166363925507	0.84518037389154
3.8166380514137	0.83805405599237
3.8166397102767	0.83768729315073
3.8166413691397	0.84473191574324
3.8166430280027	0.85962318521884
3.8166446868657	0.87933856544233
3.8166463457287	0.89617167396312
3.8166480045917	0.91210273824735
3.8166496634547	0.92093479800541
3.8166513223177	0.92861969538608
3.8166529811807	0.92827132844357
3.8166546400438	0.92740307067027
3.8166562989068	0.92431217047747
3.8166579577698	0.92050213006329
3.8166596166328	0.91524841350373
3.8166612754958	0.91244715765809
3.8166629343588	0.91235075515389
3.8166645932218	0.9080004212692
3.8166662520848	0.90102878230241
3.8166679109478	0.890946746401
3.8166695698108	0.8798935810838
3.8166712286738	0.85835634322402
3.8166728875368	0.83561849567397
3.8166745463998	0.81081979235007
3.8166762052628	0.790850164927
3.8166778641258	0.79109475940782
3.8166795229888	0.79712794671906
3.8166811818518	0.8145649031084
3.8166828407148	0.83716796987838
3.8166844995778	0.8653520929834
3.8166861584409	0.88901524777109
3.8166878173039	0.9099638249311
3.8166894761669	0.92428243637248
3.8166911350299	0.93661051311672
3.8166927938929	0.94200018734368
3.8166944527559	0.94650090519628
3.8166961116189	0.94723985497975
3.8166977704819	0.94748402004035
3.8166994293449	0.94578231936666
3.8167010882079	0.94439773236967
3.8167027470709	0.94360852681691
3.8167044059339	0.94279832694189
3.8167060647969	0.94196649277538
3.8167077236599	0.94266975201047
3.8167093825229	0.94424569359291
3.8167110413859	0.94095317317184
3.8167127002489	0.93630976249588
3.8167143591119	0.92882177768234
3.8167160179749	0.92058969777139
3.8167176768379	0.90576683732797
3.816719335701	0.89088710359655
3.816720994564	0.87580485274853
3.816722653427	0.86289557680634
3.81672431229	0.85376627468682
3.816725971153	0.85278081502781
3.816727630016	0.85959215633472
3.816729288879	0.87053668247585
3.816730947742	0.88363979882552
3.816732606605	0.8988803761505
3.816734265468	0.91464505532626
3.816735924331	0.92091231157172
3.816737583194	0.92675723473167
3.816739242057	0.93339464002264
3.81674090092	0.93828984071012
3.816742559783	0.93774055091219
3.816744218646	0.93791208882503
3.816745877509	0.93921526169999
3.816747536372	0.94014336342718
3.816749195235	0.94074671048669
3.8167508540981	0.94178500871899
3.8167525129611	0.94302522437501
3.8167541718241	0.94652659152432
3.8167558306871	0.95049092456267
3.8167574895501	0.95018008639637
3.8167591484131	0.94993084220775
3.8167608072761	0.95081183051298
3.8167624661391	0.95067075758193
3.8167641250021	0.94779714479669
3.8167657838651	0.94496784737393
3.8167674427281	0.94219978665755
3.8167691015911	0.9390926325705
3.8167707604541	0.93572720245617
3.8167724193171	0.93410385490982
3.8167740781801	0.93317293596642
3.8167757370431	0.93545672283901
3.8167773959061	0.93825463774461
3.8167790547691	0.94160135036088
3.8167807136321	0.94419667702286
3.8167823724952	0.9428523869769
3.8167840313582	0.94205619861013
3.8167856902212	0.94248776342392
3.8167873490842	0.94305888990157
3.8167890079472	0.94379568170255
3.8167906668102	0.94275954876464
3.8167923256732	0.94057057587625
3.8167939845362	0.93651493543022
3.8167956433992	0.93185313994212
3.8167973022622	0.92966257306184
3.8167989611252	0.9277565292336
3.8168006199882	0.92623818314094
3.8168022788512	0.92334950753383
3.8168039377142	0.91505744588655
3.8168055965772	0.90678614647884
3.8168072554402	0.89855311275454
3.8168089143032	0.89185791788489
3.8168105731662	0.88669280798215
3.8168122320292	0.88164813811324
3.8168138908922	0.87666804610184
3.8168155497553	0.87997728689426
3.8168172086183	0.88534854013122
3.8168188674813	0.89239256606842
3.8168205263443	0.899445350162
3.8168221852073	0.90580398489167
3.8168238440703	0.91238469146554
3.8168255029333	0.91962774081852
3.8168271617963	0.92571752383247
3.8168288206593	0.93008788825357
3.8168304795223	0.93188184878753
3.8168321383853	0.93158445016666
3.8168337972483	0.92894170664459
3.8168354561113	0.9253061529667
3.8168371149743	0.92671362376666
3.8168387738373	0.92898978984138
3.8168404327003	0.93174050859996
3.8168420915633	0.93440389842224
3.8168437504263	0.93659234667442
3.8168454092893	0.93851985871748
3.8168470681524	0.93985701044352
3.8168487270154	0.94229953288495
3.8168503858784	0.94605115651648
3.8168520447414	0.94683896286178
3.8168537036044	0.94572610861242
3.8168553624674	0.94194605544446
3.8168570213304	0.93732777580999
3.8168586801934	0.93293624069243
3.8168603390564	0.928689108134
3.8168619979194	0.92622320147601
3.8168636567824	0.92378267282645
3.8168653156454	0.92143402154105
3.8168669745084	0.922792086813
3.8168686333714	0.93050060450065
3.8168702922344	0.93621589873587
3.8168719510974	0.94009768400596
3.8168736099604	0.94112730153369
3.8168752688234	0.94077276276065
3.8168769276864	0.94214279994811
3.8168785865495	0.94387664621744
3.8168802454125	0.94405013466365
3.8168819042755	0.9442059005314
3.8168835631385	0.94447172660158
3.8168852220015	0.94444593916794
3.8168868808645	0.94368574630418
3.8168885397275	0.94366056394526
3.8168901985905	0.94458109155961
3.8168918574535	0.94446711918429
3.8168935163165	0.94363589510709
3.8168951751795	0.94153077671088
3.8168968340425	0.93898704734773
3.8168984929055	0.92372929989446
3.8169001517685	0.90703428704196
3.8169018106315	0.89065014084579
3.8169034694945	0.87364903314688
3.8169051283575	0.85425195957721
3.8169067872205	0.83747799056058
3.8169084460835	0.82539437369889
3.8169101049466	0.82155447144418
3.8169117638096	0.82554994723635
3.8169134226726	0.83585489355415
3.8169150815356	0.84931183116254
3.8169167403986	0.86425992077458
3.8169183992616	0.87953269037562
3.8169200581246	0.88993455514684
3.8169217169876	0.89926469873516
3.8169233758506	0.90224956823533
3.8169250347136	0.90510681617614
3.8169266935766	0.90764375905666
3.8169283524396	0.9118619639611
3.8169300113026	0.91822185056859
3.8169316701656	0.92274430291575
3.8169333290286	0.92601492558538
3.8169349878916	0.92497085633035
3.8169366467546	0.92248757418182
3.8169383056176	0.92070238802348
3.8169399644806	0.91881418990007
3.8169416233436	0.91419172528264
3.8169432822067	0.90930255799004
3.8169449410697	0.90344571355352
3.8169465999327	0.89688035632393
3.8169482587957	0.88911749454932
3.8169499176587	0.8799826556536
3.8169515765217	0.86961918002354
3.8169532353847	0.86610066151167
3.8169548942477	0.86575195163808
3.8169565531107	0.86705793134477
3.8169582119737	0.86868015353863
3.8169598708367	0.87482584475153
3.8169615296997	0.88010844594879
3.8169631885627	0.88047296960278
3.8169648474257	0.87842558615885
3.8169665062887	0.87097455523045
3.8169681651517	0.86069512359595
3.8169698240147	0.84716457474349
3.8169714828777	0.8348844329361
3.8169731417407	0.82336419131482
3.8169748006038	0.81188767980855
3.8169764594668	0.80042358202618
3.8169781183298	0.8025219017356
3.8169797771928	0.80614571446682
3.8169814360558	0.81558563768729
3.8169830949188	0.8248342681975
3.8169847537818	0.83351017958667
3.8169864126448	0.84154932841669
3.8169880715078	0.84866380580746
3.8169897303708	0.85692150295149
3.8169913892338	0.86605806846645
3.8169930480968	0.86917796381298
3.8169947069598	0.86999384721804
3.8169963658228	0.87347695444146
3.8169980246858	0.87714262089814
3.8169996835488	0.87641347053835
3.8170013424118	0.8761099237522
3.8170030012748	0.87754063826228
3.8170046601378	0.87767158895739
3.8170063190009	0.87544423165029
3.8170079778639	0.87341983917949
3.8170096367269	0.87158760911086
3.8170112955899	0.86976879750669
3.8170129544529	0.8679565295164
3.8170146133159	0.8659207430125
3.8170162721789	0.86383945390433
3.8170179310419	0.86596502407121
3.8170195899049	0.86751870994828
3.8170212487679	0.86554526290761
3.8170229076309	0.86410428578394
3.8170245664939	0.86386145244797
3.8170262253569	0.86226000348521
3.8170278842199	0.85910735729816
3.8170295430829	0.85826346629375
3.8170312019459	0.85879755929889
3.8170328608089	0.85766533363453
3.8170345196719	0.85607869684224
3.8170361785349	0.85328888982031
3.8170378373979	0.85079841232549
3.817039496261	0.85144946194065
3.817041155124	0.85133424673529
3.817042813987	0.84909345287839
3.81704447285	0.84655090544423
3.817046131713	0.84360010584624
3.817047790576	0.83762558000844
3.817049449439	0.82950744244804
3.817051108302	0.82312397597598
3.817052767165	0.81733283907502
3.817054426028	0.81186894772856
3.817056084891	0.80634102506783
3.817057743754	0.79943665521851
3.817059402617	0.79190056268026
3.81706106148	0.78221579733971
3.817062720343	0.77297947513271
3.817064379206	0.76445040524141
3.817066038069	0.75623031170655
3.817067696932	0.74826401560664
3.817069355795	0.73724561613261
3.8170710146581	0.72498150251511
3.8170726735211	0.71300880164943
3.8170743323841	0.70095830888163
3.8170759912471	0.68534155589963
3.8170776501101	0.66941114570948
3.8170793089731	0.65218002589246
3.8170809678361	0.63533068975074
3.8170826266991	0.61917202828438
3.8170842855621	0.60251049812944
3.8170859444251	0.58538063537769
3.8170876032881	0.56841425227067
3.8170892621511	0.55152490563931
3.8170909210141	0.53953683377467
3.8170925798771	0.5284654782581
3.8170942387401	0.5162982352841
3.8170958976031	0.5044769413526
3.8170975564661	0.49438935750131
3.8170992153291	0.4849791879246
3.8171008741921	0.47695160015919
3.8171025330552	0.47051863661199
3.8171041919182	0.46573592237783
3.8171058507812	0.45857354732415
3.8171075096442	0.45015325085485
3.8171091685072	0.44476373945991
3.8171108273702	0.44005273654634
3.8171124862332	0.43304365563239
3.8171141450962	0.42657660344561
3.8171158039592	0.42362894325902
3.8171174628222	0.42014185321263
3.8171191216852	0.41543473066271
3.8171207805482	0.41049372732534
3.8171224394112	0.40528899604029
3.8171240982742	0.40046358003429
3.8171257571372	0.39585751236329
3.8171274160002	0.39207239350737
3.8171290748632	0.38849594839611
3.8171307337262	0.38569029483996
3.8171323925892	0.38294876405068
3.8171340514522	0.3804377010405
3.8171357103153	0.37778807837242
3.8171373691783	0.37479800896299
3.8171390280413	0.37254632904194
3.8171406869043	0.37118438456398
3.8171423457673	0.36968130234043
3.8171440046303	0.3680909465871
3.8171456634933	0.36738858390731
3.8171473223563	0.36693308390059
3.8171489812193	0.36777810643133
3.8171506400823	0.36883715077786
3.8171522989453	0.37101798130001
3.8171539578083	0.37328125541987
3.8171556166713	0.37575985340474
3.8171572755343	0.37831007240865
3.8171589343973	0.38095072205109
3.8171605932603	0.38489241700743
3.8171622521233	0.38967580426762
3.8171639109863	0.39689347384848
3.8171655698493	0.40482801442583
3.8171672287124	0.41844182967419
3.8171688875754	0.43242809152012
3.8171705464384	0.44638859826874
3.8171722053014	0.46001799602037
3.8171738641644	0.47274948912389
3.8171755230274	0.48463936358107
3.8171771818904	0.49543742175968
3.8171788407534	0.5063246743048
3.8171804996164	0.51727105448762
3.8171821584794	0.52530628486091
3.8171838173424	0.53245967565152
3.8171854762054	0.53977739636321
3.8171871350684	0.54697636606048
3.8171887939314	0.55300502015875
3.8171904527944	0.55769791072189
3.8171921116574	0.55872066864498
3.8171937705204	0.55936669617572
3.8171954293834	0.55952053008435
3.8171970882464	0.55796121981366
3.8171987471095	0.5552617809626
3.8172004059725	0.55264095437982
3.8172020648355	0.55004394991831
3.8172037236985	0.54770988991183
3.8172053825615	0.54609011559994
3.8172070414245	0.55060943674285
3.8172087002875	0.55549172009225
3.8172103591505	0.56135916709736
3.8172120180135	0.56862627130273
3.8172136768765	0.57769842027211
3.8172153357395	0.58539065453263
3.8172169946025	0.5921798393864
3.8172186534655	0.60080769272849
3.8172203123285	0.60997776687062
3.8172219711915	0.61397293280242
3.8172236300545	0.61816556692842
3.8172252889175	0.62669333148883
3.8172269477805	0.63374391575762
3.8172286066435	0.6369296393336
3.8172302655066	0.63943453154246
3.8172319243696	0.64108999034091
3.8172335832326	0.64547122269039
3.8172352420956	0.65157043512721
3.8172369009586	0.65454028113616
3.8172385598216	0.65663779944778
3.8172402186846	0.6588881232506
3.8172418775476	0.66127309324661
3.8172435364106	0.6645899564426
3.8172451952736	0.66808354553574
3.8172468541366	0.67201239829679
3.8172485129996	0.67682218495369
3.8172501718626	0.68267464896058
3.8172518307256	0.68788075812051
3.8172534895886	0.69270280750628
3.8172551484516	0.69677298700287
3.8172568073146	0.70065133810962
3.8172584661776	0.70493868895676
3.8172601250406	0.70948738205087
3.8172617839036	0.71560490603714
3.8172634427667	0.72025337193435
3.8172651016297	0.72156868692286
3.8172667604927	0.72405863350651
3.8172684193557	0.72784200891939
3.8172700782187	0.73247195921784
3.8172717370817	0.73756564846516
3.8172733959447	0.74173956216936
3.8172750548077	0.74570658708158
3.8172767136707	0.75103315905708
3.8172783725337	0.75603266923959
3.8172800313967	0.75918302389928
3.8172816902597	0.76275863432616
3.8172833491227	0.7672054223946
3.8172850079857	0.76985919250552
3.8172866668487	0.7707115647181
3.8172883257117	0.77001878436298
3.8172899845747	0.76856434291167
3.8172916434377	0.76627386001656
3.8172933023007	0.76374584046868
3.8172949611638	0.75476309057924
3.8172966200268	0.74727652862439
3.8172982788898	0.7464457855934
3.8172999377528	0.74670910318688
3.8173015966158	0.74895976487209
3.8173032554788	0.75313787033785
3.8173049143418	0.75904799438336
3.8173065732048	0.7679311855895
3.8173082320678	0.77809777562981
3.8173098909308	0.79021334387888
3.8173115497938	0.80272414496958
3.8173132086568	0.81760447688679
3.8173148675198	0.83136641365295
3.8173165263828	0.84103764165093
3.8173181852458	0.8459478163978
3.8173198441088	0.84331692441269
3.8173215029718	0.84258235416707
3.8173231618348	0.84334081515351
3.8173248206978	0.842891322975
3.8173264795609	0.84199982048714
3.8173281384239	0.84447784946227
3.8173297972869	0.8475544338827
3.8173314561499	0.85352887954589
3.8173331150129	0.85690977086146
3.8173347738759	0.86072558035521
3.8173364327389	0.86536821411969
3.8173380916019	0.86967398485331
3.8173397504649	0.87393272316427
3.8173414093279	0.87798657703181
3.8173430681909	0.88200337480507
3.8173447270539	0.88451254411953
3.8173463859169	0.88668258375745
3.8173480447799	0.88876756639069
3.8173497036429	0.89082938924866
3.8173513625059	0.89489256161107
3.8173530213689	0.89960256576444
3.8173546802319	0.90071377666777
3.8173563390949	0.90046401948122
3.8173579979579	0.90167927113285
3.817359656821	0.90353554202463
3.817361315684	0.90696590106989
3.817362974547	0.91118655412792
3.81736463341	0.91134521573188
3.817366292273	0.90917878483378
3.817367951136	0.90804485397008
3.817369609999	0.90758119525512
3.817371268862	0.90688187365192
3.817372927725	0.90600968379785
3.817374586588	0.90597814464068
3.817376245451	0.90664144737169
3.817377904314	0.90727514005723
3.817379563177	0.90788130702634
3.81738122204	0.90720726742381
3.817382880903	0.90519594028123
3.817384539766	0.90595772238177
3.817386198629	0.90997374458138
3.817387857492	0.9118830637791
3.817389516355	0.91101357476758
3.8173911752181	0.91101256849158
3.8173928340811	0.91230114022868
3.8173944929441	0.91362364403164
3.8173961518071	0.91500298349749
3.8173978106701	0.91626930272782
3.8173994695331	0.91732135738212
3.8174011283961	0.91714202227838
3.8174027872591	0.91430852636851
3.8174044461221	0.91373913913542
3.8174061049851	0.91874865247068
3.8174077638481	0.92210022200699
3.8174094227111	0.9207461825031
3.8174110815741	0.92090525582602
3.8174127404371	0.92605834348205
3.8174143993001	0.9292678712656
3.8174160581631	0.92492262941868
3.8174177170261	0.92142756695526
3.8174193758891	0.92188869422086
3.8174210347521	0.92253252803288
3.8174226936152	0.92421785103275
3.8174243524782	0.92591765523445
3.8174260113412	0.92772192848446
3.8174276702042	0.92912013062761
3.8174293290672	0.92661972838174
3.8174309879302	0.92460622682338
3.8174326467932	0.92936663161443
3.8174343056562	0.93403064594952
3.8174359645192	0.93637647345372
3.8174376233822	0.93860603003095
3.8174392822452	0.93195044117112
3.8174409411082	0.92529485231129
3.8174425999712	0.93112917443985
3.8174442588342	0.93714020899538
3.8174459176972	0.93618651825054
3.8174475765602	0.93493715804808
3.8174492354232	0.93551340434791
3.8174508942862	0.93622150714939
3.8174525531492	0.93916588049483
3.8174542120123	0.94234200835559
3.8174558708753	0.94838069899987
3.8174575297383	0.95481073601392
3.8174591886013	0.95807689783436
3.8174608474643	0.96079981458323
3.8174625063273	0.95787420593958
3.8174641651903	0.95376964877775
3.8174658240533	0.95381108757497
3.8174674829163	0.95488073273785
3.8174691417793	0.95657164702546
3.8174708006423	0.95844254034497
3.8174724595053	0.95541615360956
3.8174741183683	0.95075391187209
3.8174757772313	0.95042169165936
3.8174774360943	0.95174037856649
3.8174790949573	0.94984436654547
3.8174807538203	0.9465605778324
3.8174824126833	0.94664319261811
3.8174840715463	0.948360989007
3.8174857304093	0.94536295170452
3.8174873892724	0.93980095981116
3.8174890481354	0.94142729514286
3.8174907069984	0.94741050895469
3.8174923658614	0.94844826485849
3.8174940247244	0.94615630355377
3.8174956835874	0.9460937437829
3.8174973424504	0.94769442093978
3.8174990013134	0.9488688926328
3.8175006601764	0.94969175787476
3.8175023190394	0.95084473441133
3.8175039779024	0.95229839976541
3.8175056367654	0.95102807162074
3.8175072956284	0.94702046892116
3.8175089544914	0.94592333441681
3.8175106133544	0.94805101810719
3.8175122722174	0.94922033289047
3.8175139310804	0.94921885080276
3.8175155899434	0.94885834690163
3.8175172488064	0.94801397791045
3.8175189076695	0.94767959723432
3.8175205665325	0.94810402504879
3.8175222253955	0.94728624643921
3.8175238842585	0.94442480607431
3.8175255431215	0.93847414805578
3.8175272019845	0.92689199631386
3.8175288608475	0.91668631676051
3.8175305197105	0.90926761830642
3.8175321785735	0.90151034117326
3.8175338374365	0.89298904186221
3.8175354962995	0.88377580831956
3.8175371551625	0.87281530722064
3.8175388140255	0.85880444282647
3.8175404728885	0.83613012280862
3.8175421317515	0.81091002203367
3.8175437906145	0.77750476107118
3.8175454494775	0.74892681873845
3.8175471083405	0.73805776643024
3.8175487672035	0.73149307063569
3.8175504260666	0.74312418369467
3.8175520849296	0.75887789743943
3.8175537437926	0.79496981449862
3.8175554026556	0.82896331999478
3.8175570615186	0.85066975599818
3.8175587203816	0.87305970976667
3.8175603792446	0.90030804736565
3.8175620381076	0.92499387342733
3.8175636969706	0.92685515417147
3.8175653558336	0.92904399061319
3.8175670146966	0.93506871222764
3.8175686735596	0.94107076508072
3.8175703324226	0.94669431336942
3.8175719912856	0.95217961683243
3.8175736501486	0.95379295257858
3.8175753090116	0.95532852708385
3.8175769678746	0.95075825766327
3.8175786267376	0.94618798824268
3.8175802856006	0.94461003655432
3.8175819444636	0.94305983097053
3.8175836033267	0.93422774651011
3.8175852621897	0.92516382950213
3.8175869210527	0.91903303377648
3.8175885799157	0.91306438944551
3.8175902387787	0.90068854670972
3.8175918976417	0.88780229651057
3.8175935565047	0.88012345299817
3.8175952153677	0.87299178747933
3.8175968742307	0.87586514246315
3.8175985330937	0.88005409258797
3.8176001919567	0.88630902664635
3.8176018508197	0.89289260913834
3.8176035096827	0.89683843486701
3.8176051685457	0.90028861988677
3.8176068274087	0.90505910732904
3.8176084862717	0.91011734083431
3.8176101451347	0.90875021978455
3.8176118039977	0.90578070303319
3.8176134628607	0.90631740786074
3.8176151217238	0.90784384155258
3.8176167805868	0.90903200406527
3.8176184394498	0.91011303143336
3.8176200983128	0.9118168636402
3.8176217571758	0.91374046864394
3.8176234160388	0.89848706485259
3.8176250749018	0.87652056095063
3.8176267337648	0.87520557365145
3.8176283926278	0.88278468037697
3.8176300514908	0.88443968384361
3.8176317103538	0.88329501591945
3.8176333692168	0.87735702271293
3.8176350280798	0.86894176428281
3.8176366869428	0.86502695428121
3.8176383458058	0.8636479202372
3.8176400046688	0.8620170371593
3.8176416635318	0.8602318485322
3.8176433223948	0.86166437630867
3.8176449812578	0.86523591243356
3.8176466401209	0.86706586844816
3.8176482989839	0.86764184937233
3.8176499578469	0.86808641763295
3.8176516167099	0.86842866135519
3.8176532755729	0.87125161144735
3.8176549344359	0.87616073517914
3.8176565932989	0.8803653886124
3.8176582521619	0.8839308754237
3.8176599110249	0.8879382138454
3.8176615698879	0.89237778471085
3.8176632287509	0.90043479325884
3.8176648876139	0.91230482633933
3.8176665464769	0.91785682615711
3.8176682053399	0.91623573485972
3.8176698642029	0.91241038641905
3.8176715230659	0.90589004163244
3.8176731819289	0.90215812207652
3.8176748407919	0.90209816656561
3.8176764996549	0.90551995759639
3.8176781585179	0.91388109020745
3.817679817381	0.92407291259232
3.817681476244	0.93706369081677
3.817683135107	0.94588924130916
3.81768479397	0.94784731665248
3.817686452833	0.94841082436313
3.817688111696	0.946492267785
3.817689770559	0.94484732292309
3.817691429422	0.94372862696044
3.817693088285	0.94276450689967
3.817694747148	0.94212209350673
3.817696406011	0.94240876244911
3.817698064874	0.94479115789229
3.817699723737	0.94558174313468
3.8177013826	0.94247242465225
3.817703041463	0.93875426088738
3.817704700326	0.93341224083052
3.817706359189	0.9296367885307
3.817708018052	0.93042213973353
3.817709676915	0.931805659878
3.8177113357781	0.93509658658737
3.8177129946411	0.93958359000384
3.8177146535041	0.94826278383916
3.8177163123671	0.95464745493235
3.8177179712301	0.95215108359441
3.8177196300931	0.94947118432699
3.8177212889561	0.94600268106089
3.8177229478191	0.94258464690317
3.8177246066821	0.93940896023997
3.8177262655451	0.93711736188402
3.8177279244081	0.93960525762207
3.8177295832711	0.94127362418193
3.8177312421341	0.93790518365207
3.8177329009971	0.93499732080906
3.8177345598601	0.93534704199234
3.8177362187231	0.9360600585058
3.8177378775861	0.93977422324238
3.8177395364491	0.94301186199959
3.8177411953121	0.94155675650069
3.8177428541752	0.93975861402022
3.8177445130382	0.93382071113433
3.8177461719012	0.92830683216227
3.8177478307642	0.92932053104755
3.8177494896272	0.9304214010399
3.8177511484902	0.93334652935379
3.8177528073532	0.93630443680495
3.8177544662162	0.94031106415971
3.8177561250792	0.94428031149315
3.8177577839422	0.94581924929896
3.8177594428052	0.94735742102851
3.8177611016682	0.94259537730471
3.8177627605312	0.93783333358091
3.8177644193942	0.93493561601063
3.8177660782572	0.93206584661498
3.8177677371202	0.92740738989588
3.8177693959832	0.92269443828532
3.8177710548462	0.90429451732918
3.8177727137092	0.88526125638366
3.8177743725723	0.86416189446246
3.8177760314353	0.84293356631089
3.8177776902983	0.81120340127155
3.8177793491613	0.77864398604239
3.8177810080243	0.76071921087714
3.8177826668873	0.74419669790108
3.8177843257503	0.74156697578924
3.8177859846133	0.74050839955507
3.8177876434763	0.76180051635134
3.8177893023393	0.7860148538603
3.8177909612023	0.81542361985728
3.8177926200653	0.8456055287742
3.8177942789283	0.87250087920109
3.8177959377913	0.89884642789775
3.8177975966543	0.92008973944935
3.8177992555173	0.94038299733896
3.8178009143803	0.95156768733904
3.8178025732433	0.96088015068372
3.8178042321063	0.95678882288979
3.8178058909693	0.94967646344852
3.8178075498324	0.94978139763879
3.8178092086954	0.95165904196744
3.8178108675584	0.95289816794242
3.8178125264214	0.95396720537381
3.8178141852844	0.96034449843583
3.8178158441474	0.96824855320071
3.8178175030104	0.96519010758627
3.8178191618734	0.95874037230017
3.8178208207364	0.95446515865476
3.8178224795994	0.95091115697298
3.8178241384624	0.95126421322726
3.8178257973254	0.95300232751142
3.8178274561884	0.95541600920577
3.8178291150514	0.95808497370409
3.8178307739144	0.95693994527658
3.8178324327774	0.95426240656225
3.8178340916404	0.95690363972965
3.8178357505034	0.96181278989616
3.8178374093664	0.96156297569919
3.8178390682295	0.95898348612203
3.8178407270925	0.95810256204275
3.8178423859555	0.95803247872422
3.8178440448185	0.95440268634169
3.8178457036815	0.94897956373759
3.8178473625445	0.94065682328641
3.8178490214075	0.93079482367779
3.8178506802705	0.92761148019341
3.8178523391335	0.92815932295419
3.8178539979965	0.9281433595011
3.8178556568595	0.92779633600096
3.8178573157225	0.92977345054745
3.8178589745855	0.93318319221923
3.8178606334485	0.93527185036454
3.8178622923115	0.93650646053083
3.8178639511745	0.93245309196054
3.8178656100375	0.92481818411339
3.8178672689005	0.91207620671063
3.8178689277635	0.89571381082938
3.8178705866266	0.87196250480089
3.8178722454896	0.84273370348695
3.8178739043526	0.81307559438483
3.8178755632156	0.78308496455313
3.8178772220786	0.76461997900384
3.8178788809416	0.75547660261089
3.8178805398046	0.75642402645619
3.8178821986676	0.76588685973106
3.8178838575306	0.78804571669545
3.8178855163936	0.82137578924891
3.8178871752566	0.84991196252423
3.8178888341196	0.87405280798523
3.8178904929826	0.89347985922565
3.8178921518456	0.90840553168747
3.8178938107086	0.92555214254204
3.8178954695716	0.94490641819851
3.8178971284346	0.9556681800316
3.8178987872976	0.95754402877762
3.8179004461606	0.95772117354733
3.8179021050236	0.956071642316
3.8179037638867	0.9538466057195
3.8179054227497	0.95097826901418
3.8179070816127	0.94719920738838
3.8179087404757	0.94236242119454
3.8179103993387	0.93704137104689
3.8179120582017	0.93113620380942
3.8179137170647	0.92016956790929
3.8179153759277	0.90286499723224
3.8179170347907	0.89350681303895
3.8179186936537	0.89447444547623
3.8179203525167	0.88624201814974
3.8179220113797	0.86560626938032
3.8179236702427	0.84011764976051
3.8179253291057	0.80784347184845
3.8179269879687	0.77657910905222
3.8179286468317	0.74677868293006
3.8179303056947	0.72686808400332
3.8179319645577	0.72182010781168
3.8179336234207	0.7254817618561
3.8179352822838	0.74270781696055
3.8179369411468	0.76506844655812
3.8179386000098	0.79571230805873
3.8179402588728	0.82556801658723
3.8179419177358	0.85410660494019
3.8179435765988	0.87626161243215
3.8179452354618	0.88737052059259
3.8179468943248	0.89557632159962
3.8179485531878	0.89858096335683
3.8179502120508	0.90020897895414
3.8179518709138	0.89928406689393
3.8179535297768	0.89971567003534
3.8179551886398	0.9027506014676
3.8179568475028	0.90600147726044
3.8179585063658	0.90968112597394
3.8179601652288	0.91392768013647
3.8179618240918	0.91933878364225
3.8179634829548	0.92199176603741
3.8179651418178	0.9187854034294
3.8179668006809	0.9173955013579
3.8179684595439	0.91999618580366
3.8179701184069	0.92351188117285
3.8179717772699	0.92910633054814
3.8179734361329	0.93194397140048
3.8179750949959	0.92830750681593
3.8179767538589	0.92610011805149
3.8179784127219	0.92736185371786
3.8179800715849	0.92671973536792
3.8179817304479	0.92130118340267
3.8179833893109	0.91637184981896
3.8179850481739	0.91271072988222
3.8179867070369	0.91052361205153
3.8179883658999	0.91228398339124
3.8179900247629	0.91376596585451
3.8179916836259	0.91447773798911
3.8179933424889	0.91345193544213
3.8179950013519	0.90746078409866
3.8179966602149	0.90448833780365
3.817998319078	0.9104240589698
3.817999977941	0.91545463326573
3.818001636804	0.91772743365437
3.818003295667	0.91475435636398
3.81800495453	0.89527945067746
3.818006613393	0.87890375347345
3.818008272256	0.87259150945966
3.818009931119	0.8692118885713
3.818011589982	0.87565968581763
3.818013248845	0.88143726019583
3.818014907708	0.88489749314138
3.818016566571	0.88917951710634
3.818018225434	0.89639254200233
3.818019884297	0.90283227717693
3.81802154316	0.90642706272287
3.818023202023	0.9098034209799
3.818024860886	0.91235106233192
3.818026519749	0.91365562869389
3.818028178612	0.91009783963086
3.818029837475	0.90631608071476
3.8180314963381	0.90163114244211
3.8180331552011	0.90068989606599
3.8180348140641	0.91530408401895
3.8180364729271	0.92763513511544
3.8180381317901	0.93019189196601
3.8180397906531	0.93095313994783
3.8180414495161	0.92379723183576
3.8180431083791	0.91816877833768
3.8180447672421	0.91947499426048
3.8180464261051	0.92011895314016
3.8180480849681	0.91766751298374
3.8180497438311	0.91519225416801
3.8180514026941	0.91260242515764
3.8180530615571	0.91108915221391
3.8180547204201	0.91490279463638
3.8180563792831	0.91975842506943
3.8180580381461	0.92991551353281
3.8180596970091	0.9396249475537
3.8180613558721	0.94699357765379
3.8180630147352	0.95421473458401
3.8180646735982	0.96064350311093
3.8180663324612	0.96655772685543
3.8180679913242	0.96963256206823
3.8180696501872	0.97281724226039
3.8180713090502	0.97662410434975
3.8180729679132	0.97879513596619
3.8180746267762	0.97146111270658
3.8180762856392	0.96671903377466
3.8180779445022	0.97742200609522
3.8180796033652	0.98544767491637
3.8180812622282	0.97712308020956
3.8180829210912	0.96820509934388
3.8180845799542	0.95557581019607
3.8180862388172	0.9481400704022
3.8180878976802	0.97394713959772
3.8180895565432	0.99501187485384
3.8180912154062	0.98503582450292
3.8180928742692	0.97395667524388
3.8180945331323	0.9554974681117
3.8180961919953	0.93942866814363
3.8180978508583	0.9396923745751
3.8180995097213	0.94032300635531
3.8181011685843	0.94351167137754
3.8181028274473	0.94628642033435
3.8181044863103	0.94611958690608
3.8181061451733	0.94663020753454
3.8181078040363	0.95204566531337
3.8181094628993	0.95667335572358
3.8181111217623	0.95549637231812
3.8181127806253	0.95539586477872
3.8181144394883	0.96335952268228
3.8181160983513	0.97041140847542
3.8181177572143	0.97052682433354
3.8181194160773	0.97099223408134
3.8181210749403	0.97415857595089
3.8181227338033	0.97718056086606
3.8181243926663	0.97907339820962
3.8181260515293	0.97952392589891
3.8181277103924	0.9685534256266
3.8181293692554	0.95846112802889
3.8181310281184	0.95540009596098
3.8181326869814	0.95312759831292
3.8181343458444	0.95723032547474
3.8181360047074	0.96087184491387
3.8181376635704	0.96075138645699
3.8181393224334	0.96083336313624
3.8181409812964	0.96257834411728
3.8181426401594	0.96272975084117
3.8181442990224	0.94970900598259
3.8181459578854	0.9414871105022
3.8181476167484	0.97313845879881
3.8181492756114	1.0004929816021
3.8181509344744	0.99202395831676
3.8181525933374	0.98339482621427
3.8181542522004	0.97342760628245
3.8181559110634	0.96461541587862
3.8181575699264	0.96546191540273
3.8181592287895	0.96608356749971
3.8181608876525	0.96482495842381
3.8181625465155	0.96394800990212
3.8181642053785	0.96625686544652
3.8181658642415	0.96820172604436
3.8181675231045	0.96711800776045
3.8181691819675	0.96592197989618
3.8181708408305	0.96379540838784
3.8181724996935	0.96206762803498
3.8181741585565	0.96362565163973
3.8181758174195	0.96542822069136
3.8181774762825	0.96923175500614
3.8181791351455	0.97237043537102
3.8181807940085	0.97011391809569
3.8181824528715	0.96629140472429
3.8181841117345	0.94987740003718
3.8181857705975	0.93585864880803
3.8181874294605	0.94089809917317
3.8181890883235	0.94545502480514
3.8181907471866	0.946217522541
3.8181924060496	0.94766776846697
3.8181940649126	0.95445652188347
3.8181957237756	0.95973567857998
3.8181973826386	0.95345723494109
3.8181990415016	0.9478553422466
3.8182007003646	0.94735442407224
3.8182023592276	0.94748509721474
3.8182040180906	0.95230194261856
3.8182056769536	0.95691485876046
3.8182073358166	0.9600403887615
3.8182089946796	0.96344217887376
3.8182106535426	0.96882265000099
3.8182123124056	0.97259115142595
3.8182139712686	0.96502895282404
3.8182156301316	0.95810416774325
3.8182172889946	0.95557225234174
3.8182189478576	0.95420999991356
3.8182206067206	0.96074396327648
3.8182222655836	0.96666684980907
3.8182239244467	0.9685522745912
3.8182255833097	0.96846138230872
3.8182272421727	0.95560123363767
3.8182289010357	0.94542245482364
3.8182305598987	0.9521780522772
3.8182322187617	0.95845556979032
3.8182338776247	0.96178495756828
3.8182355364877	0.96431852284494
3.8182371953507	0.96206210329864
3.8182388542137	0.96455281141402
3.8182405130767	0.99492198295921
3.8182421719397	1.0165277914973
3.8182438308027	0.98796716464492
3.8182454896657	0.96274621469816
3.8182471485287	0.95615589677643
3.8182488073917	0.95144093885292
3.8182504662547	0.95691520849134
3.8182521251177	0.96204479499489
3.8182537839807	0.96535141865162
3.8182554428438	0.96757564478586
3.8182571017068	0.96423022417337
3.8182587605698	0.96028775256601
3.8182604194328	0.95335762364468
3.8182620782958	0.94728646224823
3.8182637371588	0.94539461441147
3.8182653960218	0.94304225802276
3.8182670548848	0.93851223960392
3.8182687137478	0.93266042098981
3.8182703726108	0.92073606337571
3.8182720314738	0.90849772198453
3.8182736903368	0.89485849938467
3.8182753491998	0.89032191621975
3.8182770080628	0.92522310047942
3.8182786669258	0.95525336228508
3.8182803257888	0.96479748480024
3.8182819846518	0.97432982066721
3.8182836435148	0.9838140620069
3.8182853023778	0.98831672900063
3.8182869612409	0.97309440198502
3.8182886201039	0.96394589537133
3.8182902789669	0.97812257770979
3.8182919378299	0.98823077802127
3.8182935966929	0.98318967304071
3.8182952555559	0.97819612313496
3.8182969144189	0.9733742637386
3.8182985732819	0.96987403356834
3.8183002321449	0.97099910971264
3.8183018910079	0.97185018944188
3.8183035498709	0.97177197187632
3.8183052087339	0.96787796489475
3.8183068675969	0.95144181450396
3.8183085264599	0.93906128326725
3.8183101853229	0.93959383623193
3.8183118441859	0.9405263097301
3.8183135030489	0.94269227152999
3.8183151619119	0.94166078840772
3.8183168207749	0.93107800454416
3.818318479638	0.92390490504932
3.818320138501	0.92659423652797
3.818321797364	0.92325623872424
3.818323456227	0.90303683744551
3.81832511509	0.89131279893536
3.818326773953	0.90261934726175
3.818328432816	0.90548714651907
3.818330091679	0.88621154186368
3.818331750542	0.86845253037258
3.818333409405	0.85454470265551
3.818335068268	0.8384173434078
3.818336727131	0.81683665897654
3.818338385994	0.80101028222817
3.818340044857	0.79886330727192
3.81834170372	0.80303160390632
3.818343362583	0.82172280836713
3.818345021446	0.84286551256268
3.818346680309	0.86945968035549
3.818348339172	0.89293022207487
3.818349998035	0.90968409963034
3.8183516568981	0.92568233802544
3.8183533157611	0.94010944861666
3.8183549746241	0.95011554993214
3.8183566334871	0.95123680844562
3.8183582923501	0.94586587006385
3.8183599512131	0.92788436758987
3.8183616100761	0.91536347985692
3.8183632689391	0.91309204753278
3.8183649278021	0.91197542194814
3.8183665866651	0.91295283129689
3.8183682455281	0.91403919785174
3.8183699043911	0.91531639212983
3.8183715632541	0.91728444113787
3.8183732221171	0.92042084523182
3.8183748809801	0.92500248693913
3.8183765398431	0.93194401315922
3.8183781987061	0.93652333271994
3.8183798575691	0.93737947025016
3.8183815164321	0.94208730194959
3.8183831752952	0.95265340528074
3.8183848341582	0.95767117672389
3.8183864930212	0.95454804942948
3.8183881518842	0.95097773377807
3.8183898107472	0.94677452754847
3.8183914696102	0.94054175298707
3.8183931284732	0.9315397637456
3.8183947873362	0.92287639593178
3.8183964461992	0.91465838036977
3.8183981050622	0.91017245472771
3.8183997639252	0.91041608328001
3.8184014227882	0.91483054851381
3.8184030816512	0.92433603042527
3.8184047405142	0.92495670162959
3.8184063993772	0.9151340752866
3.8184080582402	0.91565738453113
3.8184097171032	0.92788599689664
3.8184113759662	0.94899670883875
3.8184130348292	0.97977433085492
3.8184146936923	0.99262768963266
3.8184163525553	0.98671794529209
3.8184180114183	0.9729844871554
3.8184196702813	0.951379120823
3.8184213291443	0.94267094227779
3.8184229880073	0.94642896934139
3.8184246468703	0.94837405841936
3.8184263057333	0.94863640432256
3.8184279645963	0.94516846558938
3.8184296234593	0.93837767059318
3.8184312823223	0.93318049584998
3.8184329411853	0.92934480211441
3.8184346000483	0.92852866274865
3.8184362589113	0.9301849941434
3.8184379177743	0.93396689963087
3.8184395766373	0.93941571001816
3.8184412355003	0.93902466317641
3.8184428943633	0.93425015914808
3.8184445532263	0.92432848801154
3.8184462120893	0.91071191106617
3.8184478709524	0.90595786024042
3.8184495298154	0.90728275427367
3.8184511886784	0.91072386623413
3.8184528475414	0.91555062804197
3.8184545064044	0.92117714218325
3.8184561652674	0.92730303140752
3.8184578241304	0.93207615903059
3.8184594829934	0.9360445270483
3.8184611418564	0.93827733847778
3.8184628007194	0.93952762738084
3.8184644595824	0.9402812281513
3.8184661184454	0.94076759625124
3.8184677773084	0.93938500155571
3.8184694361714	0.93704806365804
3.8184710950344	0.94113932495474
3.8184727538974	0.94834111842562
3.8184744127604	0.95283520300936
3.8184760716234	0.9560894847446
3.8184777304864	0.95594429319099
3.8184793893495	0.95432886497517
3.8184810482125	0.95576670566895
3.8184827070755	0.95844937325505
3.8184843659385	0.95819468285794
