6545.075756 0.987407
6545.122985 0.983614
6545.170211 0.978373
6545.217433 0.972252
6545.264653 0.962346
6545.31187 0.959142
6545.359084 0.961329
6545.406294 0.959955
6545.453502 0.962638
6545.500707 0.964102
6545.547909 0.9652
6545.595107 0.96426
6545.642303 0.971098
6545.689496 0.978305
6545.736686 0.969179
6545.783873 0.966312
6545.831056 0.96709
6545.878237 0.964832
6545.925415 0.968891
6545.97259 0.972698
6546.019762 0.978414
6546.06693 0.971763
6546.114096 0.956553
6546.161259 0.954859
6546.208419 0.956282
6546.255576 0.965519
6546.302729 0.976557
6546.34988 0.987779
6546.397028 0.989296
6546.444173 0.979886
6546.491315 0.977709
6546.538453 0.955391
6546.585589 0.916802
6546.632722 0.853917
6546.679852 0.778901
6546.726979 0.704601
6546.774103 0.681105
6546.821223 0.708308
6546.868341 0.775493
6546.915456 0.85785
6546.962568 0.918029
6547.009676 0.955517
6547.056782 0.966251
6547.103885 0.976972
6547.150985 0.979432
6547.198082 0.971423
6547.245175 0.972955
6547.292266 0.967533
6547.339354 0.955972
6547.386439 0.944756
6547.43352 0.932027
6547.480599 0.926087
6547.527675 0.926693
6547.574747 0.92699
6547.621817 0.923431
6547.668884 0.9167
6547.715948 0.89888
6547.763008 0.884683
6547.810066 0.880501
6547.857121 0.88741
6547.904172 0.897835
6547.951221 0.908153
6547.998267 0.902333
6548.045309 0.893377
6548.092349 0.891099
6548.139385 0.893167
6548.186419 0.898924
6548.23345 0.908113
6548.280477 0.912826
6548.327502 0.918207
6548.374523 0.924
6548.421542 0.937312
6548.468557 0.946362
6548.51557 0.940106
6548.562579 0.928838
6548.609586 0.905328
6548.656589 0.892379
6548.70359 0.904147
6548.750587 0.922821
6548.797581 0.940589
6548.844573 0.953716
6548.891561 0.963897
6548.938547 0.970206
6548.985529 0.983061
6549.032508 0.98376
6549.079485 0.983133
6549.126458 0.987032
6549.173428 0.991274
6549.220395 0.990298
6549.26736 0.992071
6549.314321 0.990801
6549.361279 0.982506
6549.408234 0.973578
6549.455186 0.967974
6549.502136 0.965027
6549.549082 0.966869
6549.596025 0.974774
6549.642965 0.98189
6549.689902 0.985621
6549.736836 0.988649
6549.783767 0.990757
6549.830695 0.98327
6549.87762 0.983203
6549.924542 0.976953
6549.971461 0.978742
6550.018377 0.975075
6550.06529 0.976155
6550.112199 0.979505
6550.159106 0.98022
6550.20601 0.984114
6550.252911 0.987662
6550.299808 0.983027
6550.346703 0.984638
6550.393595 0.983525
6550.440484 0.977172
6550.487369 0.976512
6550.534252 0.980608
6550.581131 0.982159
6550.628008 0.975681
6550.674882 0.965435
6550.721752 0.955359
6550.76862 0.941726
6550.815484 0.941115
6550.862345 0.949416
6550.909204 0.959389
6550.956059 0.968003
6551.002911 0.976852
6551.049761 0.982087
6551.096607 0.986556
6551.14345 0.983707
6551.19029 0.985741
6551.237128 0.986194
6551.283962 0.975076
6551.330793 0.965268
6551.377621 0.958859
6551.424446 0.953694
6551.471268 0.961053
6551.518087 0.970979
6551.564903 0.979168
6551.611716 0.985891
6551.658526 0.986107
6551.705333 0.981506
6551.752136 0.982403
6551.798937 0.972818
6551.845735 0.960333
6551.89253 0.955361
6551.939321 0.945009
6551.98611 0.940807
6552.032895 0.933134
6552.079678 0.916981
6552.126458 0.893562
6552.173234 0.876773
6552.220007 0.875631
6552.266778 0.899074
6552.313545 0.927596
6552.36031 0.958668
6552.407071 0.972147
6552.453829 0.979398
6552.500584 0.97886
6552.547336 0.972873
6552.594086 0.960633
6552.640832 0.940343
6552.687575 0.934468
6552.734315 0.946624
6552.781052 0.956373
6552.827786 0.966419
6552.874516 0.964374
6552.921244 0.955159
6552.967969 0.956139
6553.014691 0.958858
6553.06141 0.951831
6553.108125 0.943138
6553.154838 0.939798
6553.201547 0.947128
6553.248254 0.956372
6553.294957 0.96007
6553.341658 0.965596
6553.388355 0.955523
6553.43505 0.958837
6553.481741 0.961059
6553.528429 0.959944
6553.575114 0.962649
6553.621796 0.966347
6553.668476 0.961487
6553.715152 0.95699
6553.761825 0.949841
6553.808495 0.949583
6553.855162 0.95901
6553.901825 0.971048
6553.948486 0.974716
6553.995144 0.969527
6554.041799 0.96781
6554.08845 0.968971
6554.135099 0.970094
6554.181745 0.973759
6554.228387 0.974219
6554.275026 0.960767
6554.321663 0.958448
6554.368296 0.957616
6554.414927 0.949781
6554.461554 0.956146
6554.508178 0.961853
6554.554799 0.963653
6554.601417 0.940812
6554.648032 0.904631
6554.694644 0.857915
6554.741253 0.820418
6554.787859 0.826271
6554.834462 0.865159
6554.881062 0.908395
6554.927658 0.938358
6554.974252 0.953692
6555.020843 0.969543
6555.06743 0.968458
6555.114015 0.965712
6555.160596 0.965253
6555.207174 0.95792
6555.25375 0.948955
6555.300322 0.943405
6555.346891 0.936343
6555.393457 0.934437
6555.44002 0.93953
6555.48658 0.948636
6555.533137 0.946517
6555.579691 0.938529
6555.626242 0.928611
6555.67279 0.927304
6555.719335 0.931773
6555.765876 0.93767
6555.812415 0.937681
6555.85895 0.918837
6555.905483 0.887539
6555.952012 0.853059
6555.998538 0.83557
6556.045062 0.846214
6556.091582 0.875297
6556.138099 0.905234
6556.184613 0.930759
6556.231124 0.931763
6556.277632 0.92125
6556.324137 0.91506
6556.370639 0.909426
6556.417138 0.907836
6556.463633 0.884654
6556.510126 0.841196
6556.556615 0.799208
6556.603102 0.791165
6556.649585 0.812091
6556.696066 0.865421
6556.742543 0.90365
6556.789017 0.929999
6556.835488 0.946887
6556.881957 0.944321
6556.928422 0.94022
6556.974883 0.946042
6557.021342 0.947466
6557.067798 0.938672
6557.114251 0.931061
6557.160701 0.916583
6557.207147 0.883419
6557.253591 0.856649
6557.300031 0.844135
6557.346468 0.852974
6557.392903 0.876861
6557.439334 0.911812
6557.485762 0.925296
6557.532187 0.928834
6557.578609 0.936609
6557.625028 0.937589
6557.671444 0.943218
6557.717857 0.94497
6557.764267 0.948596
6557.810673 0.949861
6557.857077 0.948781
6557.903477 0.947379
6557.949875 0.94332
6557.996269 0.935844
6558.04266 0.935532
6558.089049 0.93268
6558.135434 0.93352
6558.181816 0.935229
6558.228195 0.932657
6558.274571 0.935672
6558.320943 0.937678
6558.367313 0.934903
6558.41368 0.927783
6558.460043 0.924949
6558.506404 0.910244
6558.552761 0.902897
6558.599115 0.88824
6558.645467 0.880283
6558.691815 0.883098
6558.73816 0.891865
6558.784502 0.904521
6558.830841 0.924775
6558.877177 0.928581
6558.923509 0.932662
6558.969839 0.929211
6559.016166 0.927758
6559.062489 0.92788
6559.10881 0.935781
6559.155127 0.943883
6559.201441 0.947104
6559.247752 0.942502
6559.29406 0.938326
6559.340365 0.930986
6559.386667 0.929584
6559.432966 0.928449
6559.479262 0.926609
6559.525555 0.932387
6559.571844 0.939758
6559.618131 0.940821
6559.664414 0.939652
6559.710694 0.944434
6559.756972 0.941221
6559.803246 0.941882
6559.849517 0.942478
6559.895785 0.931205
6559.94205 0.908144
6559.988311 0.883942
6560.03457 0.848626
6560.080826 0.816258
6560.127078 0.822399
6560.173328 0.85081
6560.219574 0.875341
6560.265817 0.891311
6560.312057 0.901236
6560.358294 0.906995
6560.404528 0.914673
6560.450759 0.918888
6560.496987 0.92093
6560.543212 0.912914
6560.589433 0.907495
6560.635652 0.898989
6560.681867 0.881991
6560.72808 0.866598
6560.774289 0.863921
6560.820495 0.869936
6560.866698 0.87073
6560.912898 0.873279
6560.959095 0.869599
6561.005288 0.842267
6561.051479 0.817594
6561.097667 0.7987
6561.143851 0.789976
6561.190032 0.815102
6561.236211 0.832046
6561.282386 0.851433
6561.328558 0.866134
6561.374727 0.870314
6561.420893 0.873571
6561.467055 0.87682
6561.513215 0.877033
6561.559372 0.878437
6561.605525 0.871832
6561.651676 0.869427
6561.697823 0.869508
6561.743967 0.867904
6561.790108 0.858185
6561.836246 0.855926
6561.882381 0.857457
6561.928513 0.857447
6561.974641 0.854418
6562.020767 0.853185
6562.066889 0.851407
6562.113009 0.848447
6562.159125 0.838442
6562.205238 0.831893
6562.251348 0.824526
6562.297455 0.805876
6562.343559 0.792452
6562.389659 0.782569
6562.435757 0.762981
6562.481852 0.74807
6562.527943 0.729246
6562.574031 0.701366
6562.620117 0.676082
6562.666199 0.646119
6562.712278 0.620418
6562.758353 0.585728
6562.804426 0.555877
6562.850496 0.529984
6562.896562 0.510723
6562.942626 0.494158
6562.988686 0.476686
6563.034743 0.462375
6563.080797 0.452801
6563.126848 0.439663
6563.172896 0.427974
6563.218941 0.421495
6563.264983 0.410377
6563.311021 0.403611
6563.357057 0.397429
6563.403089 0.392736
6563.449118 0.384523
6563.495144 0.376892
6563.541167 0.369536
6563.587187 0.366567
6563.633204 0.364465
6563.679218 0.365716
6563.725228 0.36831
6563.771236 0.374495
6563.81724 0.374273
6563.863241 0.380772
6563.909239 0.388528
6563.955234 0.404106
6564.001226 0.422155
6564.047215 0.442618
6564.093201 0.471765
6564.139183 0.489893
6564.185162 0.503189
6564.231139 0.518003
6564.277112 0.52617
6564.323082 0.545175
6564.369049 0.555746
6564.415013 0.55803
6564.460973 0.55053
6564.506931 0.546141
6564.552885 0.542139
6564.598837 0.548851
6564.644785 0.555742
6564.69073 0.569987
6564.736672 0.58882
6564.782611 0.601025
6564.828546 0.613941
6564.874479 0.61962
6564.920408 0.630843
6564.966335 0.639044
6565.012258 0.640393
6565.058178 0.65057
6565.104095 0.65896
6565.150009 0.667343
6565.19592 0.662901
6565.241827 0.67829
6565.287732 0.688112
6565.333633 0.691748
6565.379531 0.700072
6565.425427 0.704717
6565.471318 0.712108
6565.517207 0.724686
6565.563093 0.73105
6565.608976 0.737756
6565.654855 0.744719
6565.700732 0.753138
6565.746605 0.760454
6565.792475 0.769348
6565.838342 0.759151
6565.884206 0.75293
6565.930066 0.750373
6565.975924 0.740857
6566.021778 0.740751
6566.06763 0.747153
6566.113478 0.771613
6566.159323 0.79004
6566.205165 0.814905
6566.251004 0.830186
6566.296839 0.840126
6566.342672 0.842354
6566.388501 0.835098
6566.434328 0.836366
6566.480151 0.850075
6566.488652 0.849637
6566.539572 0.857486
6566.59049 0.864439
6566.641405 0.868655
6566.692317 0.87734
6566.743227 0.881095
6566.794134 0.891085
6566.845038 0.892716
6566.89594 0.892936
6566.946839 0.898627
6566.997735 0.910186
6567.048629 0.904352
6567.09952 0.904231
6567.150408 0.902216
6567.201294 0.901802
6567.252176 0.898828
6567.303057 0.904417
6567.353934 0.913003
6567.404809 0.907961
6567.455681 0.915377
6567.506551 0.910249
6567.557418 0.909068
6567.608282 0.90268
6567.659143 0.908051
6567.710002 0.915741
6567.760858 0.925934
6567.811711 0.925063
6567.862562 0.918491
6567.91341 0.920061
6567.964256 0.921108
6568.015098 0.927007
6568.065938 0.933719
6568.116776 0.942671
6568.16761 0.948843
6568.218442 0.942411
6568.269272 0.934729
6568.320098 0.953048
6568.370922 0.951443
6568.421743 0.943033
6568.472562 0.942476
6568.523378 0.945776
6568.574191 0.949326
6568.625001 0.953708
6568.675809 0.947816
6568.726614 0.944073
6568.777417 0.941385
6568.828217 0.944665
6568.879014 0.941213
6568.929808 0.939313
6568.9806 0.942783
6569.031389 0.952338
6569.082175 0.948996
6569.132959 0.95176
6569.18374 0.952061
6569.234518 0.951812
6569.285293 0.946279
6569.336066 0.944496
6569.386836 0.926201
6569.437604 0.904598
6569.488369 0.906405
6569.539131 0.906694
6569.58989 0.876194
6569.640647 0.836067
6569.691401 0.778807
6569.742152 0.732507
6569.792901 0.756368
6569.843647 0.819662
6569.89439 0.872866
6569.945131 0.903983
6569.995869 0.93481
6570.046604 0.946942
6570.097336 0.960774
6570.148066 0.954234
6570.198793 0.943659
6570.249517 0.945059
6570.300239 0.93262
6570.350958 0.906584
6570.401674 0.896516
6570.452388 0.880488
6570.503099 0.889433
6570.553807 0.874675
6570.604513 0.907639
6570.655216 0.903905
6570.705916 0.905141
6570.756613 0.907152
6570.807308 0.908425
6570.858 0.906569
6570.908689 0.89899
6570.959376 0.895738
6571.01006 0.887207
6571.060741 0.879123
6571.111419 0.874069
6571.162095 0.867939
6571.212768 0.868097
6571.263439 0.859195
6571.314106 0.869607
6571.364771 0.885749
6571.415434 0.896795
6571.466093 0.910237
6571.51675 0.919243
6571.567404 0.915564
6571.618056 0.912672
6571.668705 0.894834
6571.719351 0.907995
6571.769994 0.927008
6571.820635 0.951255
6571.871273 0.955496
6571.921908 0.962731
6571.972541 0.952086
6572.02317 0.937617
6572.073798 0.925069
6572.124422 0.923674
6572.175044 0.937202
6572.225663 0.94829
6572.276279 0.949921
6572.326893 0.946475
6572.377504 0.947146
6572.428112 0.943077
6572.478717 0.933445
6572.52932 0.93255
6572.57992 0.932714
6572.630517 0.942666
6572.681112 0.950838
6572.731704 0.934753
6572.782293 0.931422
6572.83288 0.939251
6572.883463 0.951712
6572.934044 0.952928
6572.984623 0.958971
6573.035198 0.937965
6573.085771 0.926401
6573.136341 0.903525
6573.186909 0.863499
6573.237474 0.798879
6573.288036 0.750354
6573.338595 0.738425
6573.389152 0.779176
6573.439706 0.843524
6573.490257 0.901941
6573.540805 0.945987
6573.591351 0.963854
6573.641894 0.944328
6573.692435 0.936969
6573.742972 0.953428
6573.793507 0.970144
6573.844039 0.954543
6573.894569 0.972068
6573.945095 0.973152
6573.995619 0.965858
6574.046141 0.964075
6574.096659 0.955007
6574.147175 0.960636
6574.197688 0.960272
6574.248199 0.932726
6574.298707 0.931337
6574.349211 0.951736
6574.399714 0.940329
6574.450213 0.938114
6574.50071 0.938466
6574.551204 0.936391
6574.601696 0.908833
6574.652184 0.848043
6574.70267 0.781636
6574.753153 0.748876
6574.803634 0.765365
6574.854112 0.799193
6574.904587 0.855426
6574.955059 0.911717
6575.005528 0.936601
6575.055995 0.947254
6575.106459 0.961149
6575.156921 0.961233
6575.207379 0.946534
6575.257835 0.947368
6575.308289 0.932286
6575.358739 0.913294
6575.409187 0.870052
6575.459632 0.811993
6575.510074 0.744684
6575.560514 0.719619
6575.610951 0.751885
6575.661385 0.808198
6575.711816 0.866947
6575.762245 0.896383
6575.812671 0.908857
6575.863094 0.912405
6575.913514 0.917542
6575.963932 0.935491
6576.014347 0.933886
6576.064759 0.94014
6576.115169 0.937233
6576.165575 0.934025
6576.215979 0.934787
6576.266381 0.934383
6576.316779 0.925773
6576.367175 0.914639
6576.417568 0.91569
6576.467959 0.911974
6576.518346 0.924045
6576.568731 0.912632
6576.619113 0.882975
6576.669493 0.894463
6576.71987 0.893175
6576.770244 0.900681
6576.820615 0.884926
6576.870983 0.895904
6576.921349 0.907343
6576.971712 0.918079
6577.022072 0.9156
6577.07243 0.911646
6577.122785 0.913151
6577.173137 0.912862
6577.223486 0.92065
6577.273833 0.929915
6577.324176 0.937156
6577.374518 0.953791
6577.424856 0.947035
6577.475192 0.943279
6577.525524 0.960366
6577.575855 0.970885
6577.626182 0.97922
6577.676507 0.976806
6577.726829 0.975748
6577.777148 0.966165
6577.827464 0.940262
6577.877778 0.949629
6577.928089 0.961399
6577.978397 0.955488
6578.028702 0.951016
6578.079005 0.949967
6578.129305 0.950285
6578.179602 0.952573
6578.229897 0.954229
6578.280188 0.973537
6578.330477 0.978248
6578.380763 0.989649
6578.431047 0.979206
6578.481328 0.974914
6578.531606 0.983943
6578.581881 0.983395
6578.632153 0.981408
6578.682423 0.981581
6578.73269 0.976
6578.782954 0.960716
6578.833216 0.960211
6578.883474 0.966599
6578.93373 0.974338
6578.983984 0.970311
6579.034234 0.968495
6579.084482 0.976655
6579.134727 0.977768
6579.184969 0.970397
6579.235209 0.971138
6579.285445 0.963526
6579.335679 0.956387
6579.38591 0.957949
6579.436139 0.950506
6579.486365 0.932771
6579.536587 0.967198
6579.586808 0.965184
6579.637025 0.969217
6579.68724 0.972963
6579.737452 0.975296
6579.787661 0.97395
6579.837867 0.968342
6579.888071 0.961471
6579.938272 0.975505
6579.98847 0.962292
6580.038665 0.967728
6580.088858 0.963463
6580.139048 0.967764
6580.189235 0.964881
6580.239419 0.966942
6580.289601 0.966742
6580.33978 0.973831
6580.389956 0.968223
6580.440129 0.968095
6580.4903 0.963692
6580.540467 0.955905
6580.590632 0.951105
6580.640795 0.935945
6580.690954 0.911023
6580.741111 0.904342
6580.791265 0.907615
6580.841416 0.930249
6580.891565 0.942681
6580.94171 0.97283
6580.991853 0.967263
6581.041993 0.969253
6581.092131 0.981105
6581.142265 0.979314
6581.192397 0.974834
6581.242526 0.960655
6581.292653 0.951108
6581.342776 0.930609
6581.392897 0.918647
6581.443015 0.910974
6581.49313 0.902619
6581.543243 0.894864
6581.593353 0.868851
6581.643459 0.843425
6581.693564 0.811363
6581.743665 0.800765
6581.793764 0.833376
6581.84386 0.88635
6581.893953 0.918271
6581.944043 0.931223
6581.994131 0.936992
6582.044216 0.931852
6582.094298 0.926388
6582.144377 0.930868
6582.194453 0.93281
6582.244527 0.932509
6582.294598 0.953654
6582.344666 0.96222
6582.394732 0.957732
6582.444794 0.953104
6582.494854 0.945918
6582.544911 0.936212
6582.594965 0.922469
6582.645017 0.911169
6582.695066 0.932628
6582.745112 0.917339
6582.795155 0.92013
6582.845195 0.920929
6582.895233 0.949078
6582.945268 0.941523
6582.9953 0.946859
6583.045329 0.948519
6583.095356 0.944099
6583.14538 0.931752
6583.195401 0.929804
6583.245419 0.931596
6583.295434 0.922162
6583.345447 0.91932
6583.395457 0.920883
6583.445464 0.936631
6583.495468 0.948305
6583.54547 0.94512
6583.595469 0.947629
6583.645465 0.949429
6583.695458 0.958051
6583.745448 0.950416
6583.795436 0.960778
6583.845421 0.960242
6583.895403 0.966686
6583.945382 0.971061
