3.8159130900608	0.981016
3.8159147489238	0.97615690852942
3.8159164077868	0.97132979498314
3.8159180666498	0.96675888707205
3.8159197255128	0.96321828399866
3.8159213843758	0.96328711189626
3.8159230432388	0.96520797993872
3.8159247021018	0.97083361581116
3.8159263609648	0.9742977306354
3.8159280198278	0.97506182841173
3.8159296786908	0.97535505878323
3.8159313375538	0.97527244777323
3.8159329964168	0.9773770685152
3.8159346552798	0.98056999814956
3.8159363141429	0.97808097799458
3.8159379730059	0.97398479864773
3.8159396318689	0.97214053551842
3.8159412907319	0.97056576757788
3.8159429495949	0.96759470018619
3.8159446084579	0.96315278425077
3.8159462673209	0.94745484581153
3.8159479261839	0.93023580234907
3.8159495850469	0.90786255088346
3.8159512439099	0.88404780475169
3.8159529027729	0.8574386469348
3.8159545616359	0.82842738571234
3.8159562204989	0.7965140586999
3.8159578793619	0.76455000453424
3.8159595382249	0.73254698567387
3.8159611970879	0.71751532853315
3.8159628559509	0.71052884410181
3.8159645148139	0.72264643619759
3.8159661736769	0.73980157163599
3.81596783254	0.77473094742369
3.815969491403	0.81147028358543
3.815971150266	0.84442319683644
3.815972809129	0.87687816915033
3.815974467992	0.90603113192008
3.815976126855	0.93177560834602
3.815977785718	0.94699026901638
3.815979444581	0.95917246316959
3.815981103444	0.96591978223248
3.815982762307	0.97079306011317
3.81598442117	0.97356916324404
3.815986080033	0.97271087228374
3.815987738896	0.96928291624511
3.815989397759	0.96833564190903
3.815991056622	0.9684522989465
3.815992715485	0.96843903571544
3.815994374348	0.96839608076216
3.815996033211	0.96804690689032
3.815997692074	0.96732410453711
3.8159993509371	0.95875841592808
3.8160010098001	0.95053026647883
3.8160026686631	0.94411058392849
3.8160043275261	0.93819535160723
3.8160059863891	0.9336303239387
3.8160076452521	0.93099002235304
3.8160093041151	0.93140115669528
3.8160109629781	0.93263406765526
3.8160126218411	0.93468298807517
3.8160142807041	0.93587547736126
3.8160159395671	0.93653603838241
3.8160175984301	0.93905692260558
3.8160192572931	0.94225854754236
3.8160209161561	0.94032767417307
3.8160225750191	0.93747279710305
3.8160242338821	0.93205190576822
3.8160258927451	0.92623683902247
3.8160275516081	0.91695770417947
3.8160292104711	0.90929611505539
3.8160308693341	0.90833968711989
3.8160325281972	0.90751877709119
3.8160341870602	0.90699913811428
3.8160358459232	0.90717391056402
3.8160375047862	0.90828335437721
3.8160391636492	0.91080183953798
3.8160408225122	0.91450891862249
3.8160424813752	0.91397008806574
3.8160441402382	0.91123165625533
3.8160457991012	0.90723405288085
3.8160474579642	0.90287125929676
3.8160491168272	0.90523951042934
3.8160507756902	0.90841521918082
3.8160524345532	0.91046018697797
3.8160540934162	0.91243113490004
3.8160557522792	0.91388517769557
3.8160574111422	0.91559693270561
3.8160590700052	0.91811486757525
3.8160607288682	0.91939743072051
3.8160623877312	0.91847750403335
3.8160640465943	0.9217871566093
3.8160657054573	0.92974200590776
3.8160673643203	0.93195256291766
3.8160690231833	0.93023622072192
3.8160706820463	0.93395296337954
3.8160723409093	0.93987307094474
3.8160739997723	0.94343754090988
3.8160756586353	0.94651634432349
3.8160773174983	0.9433319958324
3.8160789763613	0.93962790513622
3.8160806352243	0.93349546152069
3.8160822940873	0.92810545593218
3.8160839529503	0.92603459310346
3.8160856118133	0.92224377465285
3.8160872706763	0.9144582235921
3.8160889295393	0.91492408745606
3.8160905884023	0.92681848972004
3.8160922472653	0.93165192866416
3.8160939061283	0.9304150994584
3.8160955649914	0.93683579979578
3.8160972238544	0.94726671618359
3.8160988827174	0.95510176998688
3.8161005415804	0.96218305051059
3.8161022004434	0.96064609144732
3.8161038593064	0.95820738647882
3.8161055181694	0.9651971625424
3.8161071770324	0.97142777259805
3.8161088358954	0.97266185044473
3.8161104947584	0.97524138290955
3.8161121536214	0.98183281529275
3.8161138124844	0.98495644326537
3.8161154713474	0.98218854714328
3.8161171302104	0.98087811445786
3.8161187890734	0.98108445834146
3.8161204479364	0.98338842031301
3.8161221067994	0.98703532864108
3.8161237656624	0.98934891500536
3.8161254245254	0.99116797753242
3.8161270833884	0.98704826283227
3.8161287422515	0.9818752690406
3.8161304011145	0.98099709741002
3.8161320599775	0.97979537927409
3.8161337188405	0.97392791924095
3.8161353777035	0.96883850084232
3.8161370365665	0.96667788367104
3.8161386954295	0.96357669400916
3.8161403542925	0.95856877168357
3.8161420131555	0.95583699546565
3.8161436720185	0.95587690418233
3.8161453308815	0.95526979476601
3.8161469897445	0.95417781474962
3.8161486486075	0.95646302518015
3.8161503074705	0.96024805372476
3.8161519663335	0.96070721088623
3.8161536251965	0.96040384002492
3.8161552840595	0.96860299849549
3.8161569429225	0.97714536447459
3.8161586017855	0.98143148575916
3.8161602606486	0.98528160124205
3.8161619195116	0.98710753766892
3.8161635783746	0.98633270483914
3.8161652372376	0.97945274787856
3.8161668961006	0.97817500192466
3.8161685549636	0.98462152638953
3.8161702138266	0.9869503108135
3.8161718726896	0.98580177786162
3.8161735315526	0.98088556811323
3.8161751904156	0.97406378432623
3.8161768492786	0.97079892528174
3.8161785081416	0.9685015819161
3.8161801670046	0.97116400804204
3.8161818258676	0.97432647626119
3.8161834847306	0.97747425503976
3.8161851435936	0.97991658945495
3.8161868024566	0.97845767320074
3.8161884613196	0.9779474960753
3.8161901201826	0.97992961111803
3.8161917790457	0.98141342546543
3.8161934379087	0.98214486735953
3.8161950967717	0.97870032586261
3.8161967556347	0.97142123779413
3.8161984144977	0.97288918212625
3.8162000733607	0.97918630981248
3.8162017322237	0.97652593591565
3.8162033910867	0.97115058336117
3.8162050499497	0.97298548118273
3.8162067088127	0.975739926406
3.8162083676757	0.98092354783079
3.8162100265387	0.98484589342301
3.8162116854017	0.98086201866496
3.8162133442647	0.97713584735143
3.8162150031277	0.9741383320474
3.8162166619907	0.97059907229728
3.8162183208537	0.96619459907848
3.8162199797167	0.95906207952844
3.8162216385797	0.94929798027645
3.8162232974427	0.94450073341257
3.8162249563058	0.94258259860155
3.8162266151688	0.94032041636069
3.8162282740318	0.93794795253018
3.8162299328948	0.94034015145146
3.8162315917578	0.94336476379745
3.8162332506208	0.94513983238895
3.8162349094838	0.94775699096543
3.8162365683468	0.95597777393307
3.8162382272098	0.96243828179501
3.8162398860728	0.9637667344798
3.8162415449358	0.96547528774839
3.8162432037988	0.9678032623459
3.8162448626618	0.96846047667639
3.8162465215248	0.96748173022424
3.8162481803878	0.96967129976304
3.8162498392508	0.97371831745644
3.8162514981138	0.97184201115006
3.8162531569768	0.96805084373412
3.8162548158398	0.97036341332265
3.8162564747029	0.97346486847109
3.8162581335659	0.97133448885064
3.8162597924289	0.96897478719397
3.8162614512919	0.96511131431611
3.8162631101549	0.96161960078326
3.8162647690179	0.95919650278819
3.8162664278809	0.9559176875418
3.8162680867439	0.95126645991454
3.8162697456069	0.95081289600123
3.8162714044699	0.95439015586207
3.8162730633329	0.95393712155763
3.8162747221959	0.9511809997783
3.8162763810589	0.95823180089955
3.8162780399219	0.96833367393751
3.8162796987849	0.96732800135196
3.8162813576479	0.96509466426483
3.8162830165109	0.9725976777378
3.8162846753739	0.97950396579315
3.8162863342369	0.98282143599626
3.8162879931	0.98547144166277
3.816289651963	0.98631181335894
3.816291310826	0.98316915731874
3.816292969689	0.97396338881948
3.816294628552	0.96962525376421
3.816296287415	0.96971549711492
3.816297946278	0.96677222670543
3.816299605141	0.96220206358466
3.816301264004	0.9593259414599
3.816302922867	0.95693228299031
3.81630458173	0.9482989876113
3.816306240593	0.93929665340887
3.816307899456	0.93833307136833
3.816309558319	0.93690912010185
3.816311217182	0.93309297809319
3.816312876045	0.92848304451134
3.816314534908	0.92192344989917
3.816316193771	0.91333572872582
3.816317852634	0.90191748365581
3.8163195114971	0.89513957804856
3.8163211703601	0.89222503415914
3.8163228292231	0.89615150886309
3.8163244880861	0.90338629059491
3.8163261469491	0.91392846118622
3.8163278058121	0.92528448618786
3.8163294646751	0.93172449898775
3.8163311235381	0.93843112764376
3.8163327824011	0.95501856466356
3.8163344412641	0.9701972296928
3.8163361001271	0.97932365007496
3.8163377589901	0.98489620535876
3.8163394178531	0.98284259156094
3.8163410767161	0.97998548918546
3.8163427355791	0.9761344731427
3.8163443944421	0.97616188602562
3.8163460533051	0.97904013482974
3.8163477121681	0.97768260881597
3.8163493710311	0.97455922720381
3.8163510298941	0.97349428999697
3.8163526887572	0.97283504288933
3.8163543476202	0.97378368166293
3.8163560064832	0.97446002873148
3.8163576653462	0.97198415764221
3.8163593242092	0.96940578060656
3.8163609830722	0.96647403493687
3.8163626419352	0.96353234265229
3.8163643007982	0.96057257676122
3.8163659596612	0.95744790095926
3.8163676185242	0.95414828099244
3.8163692773872	0.95030291264339
3.8163709362502	0.94611680239523
3.8163725951132	0.9446385048954
3.8163742539762	0.94408162469103
3.8163759128392	0.94312554056713
3.8163775717022	0.9421072723775
3.8163792305652	0.9402914022144
3.8163808894282	0.93868883994564
3.8163825482912	0.93841328314214
3.8163842071543	0.93825238467494
3.8163858660173	0.93840221264532
3.8163875248803	0.93925371239099
3.8163891837433	0.94115452270456
3.8163908426063	0.94300699890142
3.8163925014693	0.9448169647692
3.8163941603323	0.9493880752054
3.8163958191953	0.95535946161734
3.8163974780583	0.95527647202227
3.8163991369213	0.95363324684637
3.8164007957843	0.95204399011053
3.8164024546473	0.95050148882875
3.8164041135103	0.94964068006815
3.8164057723733	0.94766017303522
3.8164074312363	0.94092686222975
3.8164090900993	0.93571994810005
3.8164107489623	0.93371539110324
3.8164124078253	0.93163935814516
3.8164140666883	0.92947772704673
3.8164157255514	0.92776148063338
3.8164173844144	0.92635798349376
3.8164190432774	0.92873611009018
3.8164207021404	0.93258489046151
3.8164223610034	0.93401644676562
3.8164240198664	0.93503027963097
3.8164256787294	0.93740646460336
3.8164273375924	0.94053945278091
3.8164289964554	0.94915799376467
3.8164306553184	0.95678739485144
3.8164323141814	0.96147292265186
3.8164339730444	0.96379545124943
3.8164356319074	0.96233828678151
3.8164372907704	0.96302787523892
3.8164389496334	0.96571465639357
3.8164406084964	0.96483686884927
3.8164422673594	0.96205232312654
3.8164439262224	0.96218726463269
3.8164455850854	0.96312120836748
3.8164472439484	0.96555652171161
3.8164489028115	0.96791254364226
3.8164505616745	0.96646289794872
3.8164522205375	0.96581021902605
3.8164538794005	0.96862771671369
3.8164555382635	0.96825016322379
3.8164571971265	0.96111200294869
3.8164588559895	0.95653690012525
3.8164605148525	0.95502958903541
3.8164621737155	0.951430471151
3.8164638325785	0.94637536515325
3.8164654914415	0.94763144131244
3.8164671503045	0.95129142773167
3.8164688091675	0.95074937615702
3.8164704680305	0.94951678359925
3.8164721268935	0.94591423012477
3.8164737857565	0.94390785015512
3.8164754446195	0.95281499163277
3.8164771034825	0.96018396206657
3.8164787623455	0.96325886396459
3.8164804212086	0.95713608993553
3.8164820800716	0.93715691768002
3.8164837389346	0.91648724338435
3.8164853977976	0.89521576853263
3.8164870566606	0.87484503875833
3.8164887155236	0.8549182597571
3.8164903743866	0.84351844347296
3.8164920332496	0.83417792022026
3.8164936921126	0.84148527123723
3.8164953509756	0.85101099903449
3.8164970098386	0.87463630031346
3.8164986687016	0.89651743433177
3.8165003275646	0.91196133069753
3.8165019864276	0.92557509819595
3.8165036452906	0.93578023070033
3.8165053041536	0.94540001209899
3.8165069630166	0.95439990896005
3.8165086218796	0.95734229062792
3.8165102807426	0.95660493034614
3.8165119396057	0.95939448850001
3.8165135984687	0.96330580610596
3.8165152573317	0.96286678067557
3.8165169161947	0.96191697682042
3.8165185750577	0.96089282475035
3.8165202339207	0.95966779337761
3.8165218927837	0.9574566907795
3.8165235516467	0.95582974636888
3.8165252105097	0.95552536232896
3.8165268693727	0.95178366524183
3.8165285282357	0.94373042937457
3.8165301870987	0.94068728316942
3.8165318459617	0.94125749300954
3.8165335048247	0.9427621682929
3.8165351636877	0.94463293386857
3.8165368225507	0.94590934048849
3.8165384814137	0.94708590199359
3.8165401402767	0.94379414061248
3.8165417991397	0.94081198651203
3.8165434580028	0.94004611863227
3.8165451168658	0.93880551969561
3.8165467757288	0.93628109031003
3.8165484345918	0.93247405229949
3.8165500934548	0.92680710897849
3.8165517523178	0.92510801056195
3.8165534111808	0.92670188577148
3.8165550700438	0.92821964241558
3.8165567289068	0.92970239120043
3.8165583877698	0.93008435283342
3.8165600466328	0.93023048924666
3.8165617054958	0.92875722510405
3.8165633643588	0.92613107476375
3.8165650232218	0.91382806833229
3.8165666820848	0.90019363947592
3.8165683409478	0.88234720096329
3.8165699998108	0.86705274598777
3.8165716586738	0.85593436465268
3.8165733175368	0.84878946786469
3.8165749763998	0.84533299922552
3.8165766352629	0.85300316437456
3.8165782941259	0.86645563305397
3.8165799529889	0.87873996953874
3.8165816118519	0.89072779913165
3.8165832707149	0.90450511144535
3.8165849295779	0.91791792233636
3.8165865884409	0.92553212218437
3.8165882473039	0.93112577199107
3.8165899061669	0.92942891048668
3.8165915650299	0.92664732181881
3.8165932238929	0.92191286864002
3.8165948827559	0.9174569128596
3.8165965416189	0.91328244505033
3.8165982004819	0.90869557758329
3.8165998593449	0.90387440264496
3.8166015182079	0.89720267800524
3.8166031770709	0.89000347392634
3.8166048359339	0.87853499885391
3.8166064947969	0.86615784206603
3.81660815366	0.84539141122779
3.816609812523	0.82615485298978
3.816611471386	0.81301990038536
3.816613130249	0.80477668862848
3.816614789112	0.80596452609603
3.816616447975	0.81536367261007
3.816618106838	0.83356288150489
3.816619765701	0.85429598527199
3.816621424564	0.87655600034878
3.816623083427	0.89263208541309
3.81662474229	0.90681332528642
3.816626401153	0.91863825991864
3.816628060016	0.92981958875312
3.816629718879	0.93315511925784
3.816631377742	0.93735596230518
3.816633036605	0.94523216371397
3.816634695468	0.94909834352485
3.816636354331	0.94491676135686
3.816638013194	0.94249158000151
3.8166396720571	0.94201034915832
3.8166413309201	0.94123086569957
3.8166429897831	0.9402661818009
3.8166446486461	0.9355180792497
3.8166463075091	0.92957074333248
3.8166479663721	0.927618207567
3.8166496252351	0.92562278746133
3.8166512840981	0.9133737317083
3.8166529429611	0.90137928672255
3.8166546018241	0.89048956008914
3.8166562606871	0.8791359514875
3.8166579195501	0.86684152132825
3.8166595784131	0.86158568780582
3.8166612372761	0.86416269441998
3.8166628961391	0.86457391324299
3.8166645550021	0.86363783001664
3.8166662138651	0.87418160455849
3.8166678727281	0.88835420857744
3.8166695315911	0.89928638055924
3.8166711904541	0.90962228846907
3.8166728493172	0.914893601784
3.8166745081802	0.91969973640378
3.8166761670432	0.92253094044758
3.8166778259062	0.92625585090085
3.8166794847692	0.93175852188923
3.8166811436322	0.93470329266073
3.8166828024952	0.93486063424529
3.8166844613582	0.93536225553454
3.8166861202212	0.9360724836254
3.8166877790842	0.93833562480865
3.8166894379472	0.94107063494104
3.8166910968102	0.94327434874702
3.8166927556732	0.94520401306321
3.8166944145362	0.94338113034548
3.8166960733992	0.94165242985005
3.8166977322622	0.94029894434853
3.8166993911252	0.93811080169531
3.8167010499882	0.93434106610249
3.8167027088512	0.93128343491129
3.8167043677143	0.92896579517586
3.8167060265773	0.92963335212666
3.8167076854403	0.93201316020614
3.8167093443033	0.92851941067992
3.8167110031663	0.92337597955586
3.8167126620293	0.92277127406543
3.8167143208923	0.92247180903122
3.8167159797553	0.92143587917857
3.8167176386183	0.92093805492184
3.8167192974813	0.92237907677344
3.8167209563443	0.92418059437191
3.8167226152073	0.9266147028496
3.8167242740703	0.92861569324038
3.8167259329333	0.93019877914187
3.8167275917963	0.93354356003511
3.8167292506593	0.93781640245027
3.8167309095223	0.93325362206436
3.8167325683853	0.92649797386526
3.8167342272483	0.92436518150712
3.8167358861114	0.92222306910866
3.8167375449744	0.91751766895655
3.8167392038374	0.91324837860467
3.8167408627004	0.9103561926932
3.8167425215634	0.90520608981215
3.8167441804264	0.89648322962324
3.8167458392894	0.88854216215901
3.8167474981524	0.88128313743374
3.8167491570154	0.88154947428162
3.8167508158784	0.88533980859406
3.8167524747414	0.88753989794893
3.8167541336044	0.88941010303903
3.8167557924674	0.89380253499733
3.8167574513304	0.89913874220151
3.8167591101934	0.91076021952591
3.8167607690564	0.92081305508036
3.8167624279194	0.92663380276779
3.8167640867824	0.92968828708097
3.8167657456454	0.92889247947818
3.8167674045084	0.93063263539193
3.8167690633715	0.93431831348053
3.8167707222345	0.93120197911002
3.8167723810975	0.92535891960285
3.8167740399605	0.92374863722997
3.8167756988235	0.92284547648491
3.8167773576865	0.92476752001145
3.8167790165495	0.9265521447305
3.8167806754125	0.92760696386406
3.8167823342755	0.92984030838207
3.8167839931385	0.93473452345061
3.8167856520015	0.93651255319353
3.8167873108645	0.93456682669671
3.8167889697275	0.93565888040377
3.8167906285905	0.93873967864454
3.8167922874535	0.93716425030127
3.8167939463165	0.93406317499717
3.8167956051795	0.93093362537961
3.8167972640425	0.92809291934866
3.8167989229055	0.9306401114981
3.8168005817686	0.93264530288552
3.8168022406316	0.93249237722307
3.8168038994946	0.93233017541313
3.8168055583576	0.93215075857715
3.8168072172206	0.93478902134687
3.8168088760836	0.94024811641435
3.8168105349466	0.94250037273214
3.8168121938096	0.94302141609513
3.8168138526726	0.94097749699877
3.8168155115356	0.93828944848089
3.8168171703986	0.9410686535786
3.8168188292616	0.94333330574942
3.8168204881246	0.93828458461153
3.8168221469876	0.93557097430558
3.8168238058506	0.93987784533561
3.8168254647136	0.9427451028951
3.8168271235766	0.94345287329872
3.8168287824396	0.94244034115218
3.8168304413026	0.94002325871472
3.8168321001657	0.93202486842584
3.8168337590287	0.92164797223034
3.8168354178917	0.9129443888142
3.8168370767547	0.90450422003137
3.8168387356177	0.88671130887924
3.8168403944807	0.86918228698745
3.8168420533437	0.85310325898168
3.8168437122067	0.83955428067628
3.8168453710697	0.83176599140071
3.8168470299327	0.83204819212389
3.8168486887957	0.84193924025356
3.8168503476587	0.85047474083231
3.8168520065217	0.85813609611943
3.8168536653847	0.86761299759778
3.8168553242477	0.87766453426789
3.8168569831107	0.88480612104489
3.8168586419737	0.89175708585169
3.8168603008367	0.90008009710299
3.8168619596997	0.90764034437617
3.8168636185628	0.91241890609334
3.8168652774258	0.91619493707034
3.8168669362888	0.91824450826625
3.8168685951518	0.92066795910184
3.8168702540148	0.9234370005039
3.8168719128778	0.92463458088803
3.8168735717408	0.92506544784789
3.8168752306038	0.91820204230644
3.8168768894668	0.90978762348446
3.8168785483298	0.90781339174784
3.8168802071928	0.90500358278935
3.8168818660558	0.89561288051159
3.8168835249188	0.88767835046741
3.8168851837818	0.88343070820397
3.8168868426448	0.87809471337894
3.8168885015078	0.87135214566767
3.8168901603708	0.87084942810036
3.8168918192338	0.87469270447971
3.8168934780968	0.87605352997091
3.8168951369598	0.87655501691897
3.8168967958229	0.87745608831934
3.8168984546859	0.87832279339457
3.8169001135489	0.87765874219213
3.8169017724119	0.87503416983816
3.8169034312749	0.86474853892683
3.8169050901379	0.85338894876517
3.8169067490009	0.84010085188961
3.8169084078639	0.82596054536393
3.8169100667269	0.81100717842642
3.8169117255899	0.80812097423608
3.8169133844529	0.81128784194286
3.8169150433159	0.81263970243022
3.8169167021789	0.8135938949246
3.8169183610419	0.81733914546166
3.8169200199049	0.82236928338612
3.8169216787679	0.83556244529674
3.8169233376309	0.8474844159356
3.8169249964939	0.85620244709222
3.8169266553569	0.86218904708591
3.81692831422	0.86468394029896
3.816929973083	0.8622782770564
3.816931631946	0.85652233443522
3.816933290809	0.85395522834164
3.816934949672	0.85245634231966
3.816936608535	0.8523963486472
3.816938267398	0.85278048030514
3.816939926261	0.85775533014199
3.816941585124	0.86176068756367
3.816943243987	0.86223295214063
3.81694490285	0.86419337091793
3.816946561713	0.86867668263432
3.816948220576	0.87063058003184
3.816949879439	0.8703127994645
3.816951538302	0.86932068412734
3.816953197165	0.86801530379705
3.816954856028	0.86778998540654
3.816956514891	0.86777208733789
3.816958173754	0.86457339432623
3.8169598326171	0.86123152969923
3.8169614914801	0.85717504719384
3.8169631503431	0.85431118943718
3.8169648092061	0.85412674527102
3.8169664680691	0.85467760803532
3.8169681269321	0.8560757172199
3.8169697857951	0.85567442895227
3.8169714446581	0.85417696073305
3.8169731035211	0.85426267929317
3.8169747623841	0.85479932232186
3.8169764212471	0.85038704846763
3.8169780801101	0.84557603217281
3.8169797389731	0.84020774370711
3.8169813978361	0.83520991790357
3.8169830566991	0.83132406259828
3.8169847155621	0.82819238788703
3.8169863744251	0.8261580932122
3.8169880332881	0.82432331741642
3.8169896921511	0.82264220728439
3.8169913510141	0.81711332297074
3.8169930098772	0.81010789231788
3.8169946687402	0.80214547852723
3.8169963276032	0.79422276263831
3.8169979864662	0.79053087650346
3.8169996453292	0.78487509584201
3.8170013041922	0.77119646206713
3.8170029630552	0.75849216782146
3.8170046219182	0.74755857261469
3.8170062807812	0.73734646511159
3.8170079396442	0.72781825432458
3.8170095985072	0.71412190704855
3.8170112573702	0.69839014219344
3.8170129162332	0.68148948887026
3.8170145750962	0.66435042245012
3.8170162339592	0.6499182000663
3.8170178928222	0.63460765264998
3.8170195516852	0.61408952274785
3.8170212105482	0.5960558453828
3.8170228694112	0.58361815521085
3.8170245282743	0.57048456798626
3.8170261871373	0.55655574166125
3.8170278460003	0.54143406838718
3.8170295048633	0.52559987547155
3.8170311637263	0.51429161260717
3.8170328225893	0.50421900680944
3.8170344814523	0.49365232701617
3.8170361403153	0.48342130455639
3.8170377991783	0.47629713001076
3.8170394580413	0.46924987766164
3.8170411169043	0.46241610810868
3.8170427757673	0.4553721350179
3.8170444346303	0.44804365126899
3.8170460934933	0.4416101427489
3.8170477523563	0.43581129231724
3.8170494112193	0.43161557941882
3.8170510700823	0.4279673894365
3.8170527289453	0.42112473058049
3.8170543878083	0.41417791395152
3.8170560466714	0.41043024599323
3.8170577055344	0.40651387783716
3.8170593643974	0.40202364937223
3.8170610232604	0.39791339399079
3.8170626821234	0.39440226940846
3.8170643409864	0.38970709734435
3.8170659998494	0.38403951501755
3.8170676587124	0.37928463816572
3.8170693175754	0.37490221035239
3.8170709764384	0.37372802711373
3.8170726353014	0.37304561954389
3.8170742941644	0.3729123545043
3.8170759530274	0.3724138813455
3.8170776118904	0.37040225007702
3.8170792707534	0.36894116264712
3.8170809296164	0.36847548374809
3.8170825884794	0.37027228225918
3.8170842473424	0.37417480058684
3.8170859062054	0.37501818641903
3.8170875650685	0.37442131322421
3.8170892239315	0.37732608376588
3.8170908827945	0.38088197888861
3.8170925416575	0.38301518884562
3.8170942005205	0.38553030837599
3.8170958593835	0.38995585386856
3.8170975182465	0.39547178877362
3.8170991771095	0.40321068915933
3.8171008359725	0.41211568517601
3.8171024948355	0.42222591274282
3.8171041536985	0.43618913592025
3.8171058125615	0.45218629660536
3.8171074714245	0.46577833359935
3.8171091302875	0.47883317211724
3.8171107891505	0.49097721277204
3.8171124480135	0.50333846125506
3.8171141068765	0.51710243920163
3.8171157657395	0.5299505360842
3.8171174246025	0.54073110048261
3.8171190834655	0.55012842373766
3.8171207423286	0.55796870706972
3.8171224011916	0.56328983711722
3.8171240600546	0.56715689300133
3.8171257189176	0.57517568977984
3.8171273777806	0.58424705038705
3.8171290366436	0.58111300174868
3.8171306955066	0.57741488525662
3.8171323543696	0.57317922931865
3.8171340132326	0.56837301970539
3.8171356720956	0.56216847289881
3.8171373309586	0.55799392614726
3.8171389898216	0.55626041232425
3.8171406486846	0.55586081112945
3.8171423075476	0.55628414158133
3.8171439664106	0.5623062367652
3.8171456252736	0.56987987664455
3.8171472841366	0.57866087422256
3.8171489429996	0.5873095035416
3.8171506018626	0.59438849135903
3.8171522607257	0.60161322030256
3.8171539195887	0.60921738531124
3.8171555784517	0.61526686583733
3.8171572373147	0.61935835796394
3.8171588961777	0.62649309224544
3.8171605550407	0.63559148099335
3.8171622139037	0.63971857597531
3.8171638727667	0.64238745501994
3.8171655316297	0.64553749262012
3.8171671904927	0.64882249840031
3.8171688493557	0.65299649558184
3.8171705082187	0.656702077146
3.8171721670817	0.65914199183031
3.8171738259447	0.66040934292626
3.8171754848077	0.66016015374833
3.8171771436707	0.66198106693016
3.8171788025337	0.66517004636766
3.8171804613967	0.66737127665695
3.8171821202597	0.66927459138168
3.8171837791228	0.67200683475828
3.8171854379858	0.67543307078643
3.8171870968488	0.68451521233154
3.8171887557118	0.69396502379452
3.8171904145748	0.70442056896795
3.8171920734378	0.71094589698799
3.8171937323008	0.71235442975496
3.8171953911638	0.71468877934772
3.8171970500268	0.71763698276312
3.8171987088898	0.72305233439807
3.8172003677528	0.72921160049617
3.8172020266158	0.73461277899602
3.8172036854788	0.73988511186209
3.8172053443418	0.74448899538604
3.8172070032048	0.74938121809862
3.8172086620678	0.75505231164535
3.8172103209308	0.75754078695074
3.8172119797938	0.75594113927126
3.8172136386568	0.761169259758
3.8172152975198	0.77084677127559
3.8172169563829	0.76933551695791
3.8172186152459	0.76454352181231
3.8172202741089	0.76763359377833
3.8172219329719	0.77075810609095
3.8172235918349	0.77015540330525
3.8172252506979	0.76922518812991
3.8172269095609	0.76744260941715
3.8172285684239	0.76568140119393
3.8172302272869	0.76394674204229
3.8172318861499	0.76175400073881
3.8172335450129	0.75927386486113
3.8172352038759	0.75493619771722
3.8172368627389	0.75008413233122
3.8172385216019	0.75319125268123
3.8172401804649	0.75744276809802
3.8172418393279	0.76709620587895
3.8172434981909	0.77690208527195
3.8172451570539	0.78708134405629
3.8172468159169	0.79778737376109
3.81724847478	0.80911395671957
3.817250133643	0.82197335952907
3.817251792506	0.83573887125498
3.817253451369	0.84221594045683
3.817255110232	0.84684765366141
3.817256769095	0.84339427814253
3.817258427958	0.84020147976139
3.817260086821	0.84035065359971
3.817261745684	0.84084380473424
3.817263404547	0.84211266616089
3.81726506341	0.8455986095328
3.817266722273	0.85151328696845
3.817268381136	0.85523963381836
3.817270039999	0.85777395349373
3.817271698862	0.86207774274861
3.817273357725	0.86677606359775
3.817275016588	0.87211647730754
3.817276675451	0.87747553188065
3.817278334314	0.88289240202319
3.8172799931771	0.8863830978665
3.8172816520401	0.88595229731662
3.8172833109031	0.88570609438049
3.8172849697661	0.88564431267226
3.8172866286291	0.88745721088496
3.8172882874921	0.89018837878795
3.8172899463551	0.89115469326189
3.8172916052181	0.89179322042944
3.8172932640811	0.89261733775027
3.8172949229441	0.89414673568439
3.8172965818071	0.89878334651702
3.8172982406701	0.90154256815707
3.8172998995331	0.90091302794882
3.8173015583961	0.90213711539341
3.8173032172591	0.90501701913945
3.8173048761221	0.90735408963945
3.8173065349851	0.90945851357423
3.8173081938481	0.90765680799008
3.8173098527111	0.90539137086517
3.8173115115741	0.90551337619759
3.8173131704372	0.90496739731239
3.8173148293002	0.90200020969471
3.8173164881632	0.90296867457726
3.8173181470262	0.9101298850265
3.8173198058892	0.91055872156155
3.8173214647522	0.90572122597867
3.8173231236152	0.90687047867928
3.8173247824782	0.91017802725324
3.8173264413412	0.91331450033313
3.8173281002042	0.91632963105589
3.8173297590672	0.91692840742712
3.8173314179302	0.91744734186118
3.8173330767932	0.91335165515162
3.8173347356562	0.90925596844207
3.8173363945192	0.90984750552089
3.8173380533822	0.91050398193352
3.8173397122452	0.91717175559005
3.8173413711082	0.92411753371351
3.8173430299712	0.92654518779554
3.8173446888343	0.92860838235652
3.8173463476973	0.93200487798078
3.8173480065603	0.93555778005182
3.8173496654233	0.93567716759161
3.8173513242863	0.93525994180652
3.8173529831493	0.93362670178401
3.8173546420123	0.93175275525925
3.8173563008753	0.93091833518945
3.8173579597383	0.93033601329627
3.8173596186013	0.9288395554531
3.8173612774643	0.92707772716302
3.8173629363273	0.92621734325564
3.8173645951903	0.92566501070253
3.8173662540533	0.92720154336911
3.8173679129163	0.92956771445596
3.8173695717793	0.93361135701526
3.8173712306423	0.93842177949328
3.8173728895053	0.94063888001228
3.8173745483683	0.94150177813658
3.8173762072314	0.94375039472801
3.8173778660944	0.94682076242861
3.8173795249574	0.94886057605973
3.8173811838204	0.95020953139764
3.8173828426834	0.94921077362257
3.8173845015464	0.94643869473941
3.8173861604094	0.94607249821205
3.8173878192724	0.94774844267346
3.8173894781354	0.94952617643244
3.8173911369984	0.95140085780703
3.8173927958614	0.95214348244248
3.8173944547244	0.95167712249546
3.8173961135874	0.95418384149684
3.8173977724504	0.96025037633653
3.8173994313134	0.96113723284178
3.8174010901764	0.95506634892301
3.8174027490394	0.95192417188393
3.8174044079024	0.95320174108937
3.8174060667654	0.9546117779998
3.8174077256285	0.95624690684943
3.8174093844915	0.95688032597631
3.8174110433545	0.95559077615034
3.8174127022175	0.95391186341646
3.8174143610805	0.95138491722821
3.8174160199435	0.95068306854327
3.8174176788065	0.9545171416154
3.8174193376695	0.95652527765249
3.8174209965325	0.95331783735206
3.8174226553955	0.95124440902204
3.8174243142585	0.95292839055237
3.8174259731215	0.95398625527256
3.8174276319845	0.95260852188154
3.8174292908475	0.95186342102343
3.8174309497105	0.95405472074916
3.8174326085735	0.95654182506125
3.8174342674365	0.96070320433661
3.8174359262995	0.96399003772978
3.8174375851625	0.96105146877324
3.8174392440255	0.95820980866014
3.8174409028886	0.95627714975149
3.8174425617516	0.95450619896936
3.8174442206146	0.95489700009809
3.8174458794776	0.95526009566017
3.8174475383406	0.95500645773474
3.8174491972036	0.95472499519082
3.8174508560666	0.9527830662188
3.8174525149296	0.95084113724677
3.8174541737926	0.95743896279825
3.8174558326556	0.96412178319734
3.8174574915186	0.95852944145974
3.8174591503816	0.95247743539812
3.8174608092446	0.94402096196613
3.8174624681076	0.93540501089119
3.8174641269706	0.92740918524825
3.8174657858336	0.91947335268968
3.8174674446966	0.91694900552696
3.8174691035596	0.91512152443165
3.8174707624226	0.90904614465448
3.8174724212857	0.90228026117482
3.8174740801487	0.88374526332678
3.8174757390117	0.86287741726199
3.8174773978747	0.83062371189742
3.8174790567377	0.79568299225002
3.8174807156007	0.7706180466103
3.8174823744637	0.74827894424872
3.8174840333267	0.74311595037093
3.8174856921897	0.74342308922585
3.8174873510527	0.7642885666785
3.8174890099157	0.79263068480614
3.8174906687787	0.82240168252873
3.8174923276417	0.85276112926496
3.8174939865047	0.8806136986259
3.8174956453677	0.90730506663977
3.8174973042307	0.92312705639471
3.8174989630937	0.93331700794818
3.8175006219567	0.93908172496422
3.8175022808197	0.94229238411728
3.8175039396828	0.94564499382766
3.8175055985458	0.94908853227523
3.8175072574088	0.95104659166097
3.8175089162718	0.95195160666884
3.8175105751348	0.95232212085601
3.8175122339978	0.95227419928406
3.8175138928608	0.95571519378272
3.8175155517238	0.96216725165309
3.8175172105868	0.96039656462343
3.8175188694498	0.95081214659209
3.8175205283128	0.94242519269376
3.8175221871758	0.93529036525223
3.8175238460388	0.92838843632154
3.8175255049018	0.92175435006415
3.8175271637648	0.91552264148219
3.8175288226278	0.90980000918675
3.8175304814908	0.90413706901251
3.8175321403538	0.89855726693949
3.8175337992168	0.89814877487977
3.8175354580798	0.90567568452485
3.8175371169429	0.91140835135096
3.8175387758059	0.91410267967706
3.8175404346689	0.91628302506626
3.8175420935319	0.91750099201659
3.8175437523949	0.91850846111407
3.8175454112579	0.91907893817451
3.8175470701209	0.91957919894159
3.8175487289839	0.91991734859407
3.8175503878469	0.92004881258401
3.8175520467099	0.91964736454541
3.8175537055729	0.91887835519947
3.8175553644359	0.91704547753694
3.8175570232989	0.91558141547057
3.8175586821619	0.91532281277332
3.8175603410249	0.9157726466224
3.8175619998879	0.91885779015725
3.8175636587509	0.92077369504835
3.8175653176139	0.91769186770905
3.8175669764769	0.91357939472131
3.81756863534	0.9043415199892
3.817570294203	0.8956304054959
3.817571953066	0.89001491355255
3.817573611929	0.88495218574381
3.817575270792	0.8838120964163
3.817576929655	0.88224660713005
3.817578588518	0.87692527993315
3.817580247381	0.87205582277257
3.817581906244	0.87237834901241
3.817583565107	0.87262872885556
3.81758522397	0.87171847125083
3.817586882833	0.87111221708636
3.817588541696	0.8783922911222
3.817590200559	0.88572660222652
3.817591859422	0.89642928565936
3.817593518285	0.90713196909219
3.817595177148	0.91532043638804
3.817596836011	0.92349543452093
3.817598494874	0.92402174793358
3.8176001537371	0.92434091185986
3.8176018126001	0.92497315011095
3.8176034714631	0.9256209230067
3.8176051303261	0.91849732968857
3.8176067891891	0.91080633404896
3.8176084480521	0.91087267488033
3.8176101069151	0.91169423762318
3.8176117657781	0.91895157314935
3.8176134246411	0.9269983183131
3.8176150835041	0.93562550389448
3.8176167423671	0.94433919376591
3.8176184012301	0.95454359987733
3.8176200600931	0.96501101501806
3.8176217189561	0.96708737316927
3.8176233778191	0.96744330691048
3.8176250366821	0.96711049097016
3.8176266955451	0.96661592271083
3.8176283544081	0.97044108488041
3.8176300132711	0.9754154169252
3.8176316721342	0.975083365702
3.8176333309972	0.97316721430904
3.8176349898602	0.96996528321714
3.8176366487232	0.96633574075254
3.8176383075862	0.96917986613251
3.8176399664492	0.974407545162
3.8176416253122	0.97855313702557
3.8176432841752	0.98225985251695
3.8176449430382	0.98292830060189
3.8176466019012	0.98224534767449
3.8176482607642	0.97979281537138
3.8176499196272	0.97648034633803
3.8176515784902	0.97304275076705
3.8176532373532	0.96953893625634
3.8176548962162	0.96790834883603
3.8176565550792	0.96735455653364
3.8176582139422	0.96476814654716
3.8176598728052	0.96091561439913
3.8176615316682	0.95989101023282
3.8176631905312	0.96077135069378
3.8176648493943	0.96167007298356
3.8176665082573	0.96258216260773
3.8176681671203	0.96305965130887
3.8176698259833	0.96319639958915
3.8176714848463	0.96520954188706
3.8176731437093	0.96880685696435
3.8176748025723	0.9698859054647
3.8176764614353	0.96867782446898
3.8176781202983	0.96451644873767
3.8176797791613	0.95747150696623
3.8176814380243	0.95447357556613
3.8176830968873	0.95572047413185
3.8176847557503	0.95517999796748
3.8176864146133	0.95262611420383
3.8176880734763	0.95272437242659
3.8176897323393	0.95603088038238
3.8176913912023	0.96062863834347
3.8176930500653	0.96690341870673
3.8176947089283	0.96853108579073
3.8176963677914	0.96367708762548
3.8176980266544	0.95756457043729
3.8176996855174	0.94956639815635
3.8177013443804	0.94252492666489
3.8177030032434	0.93702428110247
3.8177046621064	0.93175455752814
3.8177063209694	0.92688480618996
3.8177079798324	0.91798455397778
3.8177096386954	0.90156882008522
3.8177112975584	0.88014155606553
3.8177129564214	0.84864161881595
3.8177146152844	0.81963137764888
3.8177162741474	0.79602105388537
3.8177179330104	0.77579259353583
3.8177195918734	0.76349319731952
3.8177212507364	0.75850723524677
3.8177229095994	0.77209148681721
3.8177245684624	0.79000590006509
3.8177262273254	0.81985397811736
3.8177278861885	0.84966723289711
3.8177295450515	0.87937603720782
3.8177312039145	0.90739872247296
3.8177328627775	0.9299018704643
3.8177345216405	0.95036165333647
3.8177361805035	0.96349411155096
3.8177378393665	0.9744020797088
3.8177394982295	0.97653387693612
3.8177411570925	0.97877842042834
3.8177428159555	0.98151461240142
3.8177444748185	0.98407430513793
3.8177461336815	0.98577815149676
3.8177477925445	0.98724478210057
3.8177494514075	0.9874234115872
3.8177511102705	0.98780829763473
3.8177527691335	0.9894582499503
3.8177544279965	0.99039962909138
3.8177560868595	0.98637984763809
3.8177577457225	0.98261774673066
3.8177594045855	0.98094179922604
3.8177610634486	0.97925791986899
3.8177627223116	0.9774984441703
3.8177643811746	0.97572165529019
3.8177660400376	0.97374618447108
3.8177676989006	0.97169000930843
3.8177693577636	0.96848139146269
3.8177710166266	0.96562221782254
3.8177726754896	0.96928278921722
3.8177743343526	0.97277348416125
3.8177759932156	0.97177117296233
3.8177776520786	0.97072885622816
3.8177793109416	0.96791528983562
3.8177809698046	0.96512291108209
3.8177826286676	0.96498537892922
3.8177842875306	0.96484784677635
3.8177859463936	0.96455634480022
3.8177876052566	0.96426388896928
3.8177892641196	0.96465358417938
3.8177909229826	0.96505729764163
3.8177925818457	0.96675776978093
3.8177942407087	0.96850380126952
3.8177958995717	0.96577617022658
3.8177975584347	0.96282470245598
3.8177992172977	0.96015186920006
3.8178008761607	0.95749720779755
3.8178025350237	0.94575059469369
3.8178041938867	0.93327036475354
3.8178058527497	0.91299906427421
3.8178075116127	0.89197591538232
3.8178091704757	0.8534841578131
3.8178108293387	0.81302514638098
3.8178124882017	0.79010638005979
3.8178141470647	0.76945101450307
3.8178158059277	0.76996789769946
3.8178174647907	0.77357125636416
3.8178191236537	0.79985053223332
3.8178207825167	0.82982356314766
3.8178224413797	0.8622285029202
3.8178241002428	0.8950720089319
3.8178257591058	0.91765418241339
3.8178274179688	0.938203371857
3.8178290768318	0.95056667026013
3.8178307356948	0.96115978764655
3.8178323945578	0.97172731969987
3.8178340534208	0.98228884465861
3.8178357122838	0.98274355023771
3.8178373711468	0.98063428438597
3.8178390300098	0.9800828243359
3.8178406888728	0.97995657799824
3.8178423477358	0.97994568880315
3.8178440065988	0.97996855339396
3.8178456654618	0.97647123553733
3.8178473243248	0.97187315618414
3.8178489831878	0.96693515039019
3.8178506420508	0.96188388357174
3.8178523009138	0.95171737725051
3.8178539597768	0.93973962651339
3.8178556186398	0.92605173072347
3.8178572775029	0.91172172930176
3.8178589363659	0.88660780486242
3.8178605952289	0.85721057137364
3.8178622540919	0.82393304198796
3.8178639129549	0.78902801913673
3.8178655718179	0.76545072314365
3.8178672306809	0.74688229096937
3.8178688895439	0.74632830335022
3.8178705484069	0.75415635670038
3.8178722072699	0.7765779688155
3.8178738661329	0.80613519213388
3.8178755249959	0.83535942528169
3.8178771838589	0.86441280629886
3.8178788427219	0.88306385960959
3.8178805015849	0.89612169738027
3.8178821604479	0.90298491767846
3.8178838193109	0.90636195002543
3.8178854781739	0.91047038176599
3.8178871370369	0.9150092108629
3.8178887959	0.9246361086829
3.817890454763	0.93739035794375
3.817892113626	0.94760062236137
3.817893772489	0.95617931417195
3.817895431352	0.96277551830819
3.817897090215	0.96804607337779
3.817898749078	0.97008241819383
3.817900407941	0.9698659690926
3.817902066804	0.96904601318602
3.817903725667	0.96778853366858
3.81790538453	0.96737653117089
3.817907043393	0.96760196704587
3.817908702256	0.96670758788941
3.817910361119	0.96493586673883
3.817912019982	0.96280459541523
3.817913678845	0.96038075800396
3.817915337708	0.95704474068451
3.817916996571	0.95293837497627
3.817918655434	0.9497882082296
3.8179203142971	0.94747559275003
3.8179219731601	0.94262493880854
3.8179236320231	0.93546958656198
3.8179252908861	0.93430698641247
3.8179269497491	0.93878249325742
3.8179286086121	0.94165399704335
3.8179302674751	0.94296288441506
3.8179319263381	0.94721626646455
3.8179335852011	0.95443828474807
3.8179352440641	0.95593888256938
3.8179369029271	0.951473019272
3.8179385617901	0.94601146631019
3.8179402206531	0.93947629790019
3.8179418795161	0.93221737790791
3.8179435383791	0.92415194853675
3.8179451972421	0.91888145313112
3.8179468561051	0.91682814743562
3.8179485149681	0.91588981600207
3.8179501738311	0.9162768054042
3.8179518326942	0.91759723939248
3.8179534915572	0.92006273257688
3.8179551504202	0.9233030427397
3.8179568092832	0.92752396760698
3.8179584681462	0.93072624021211
3.8179601270092	0.93259877230109
3.8179617858722	0.93642865037133
3.8179634447352	0.9428924050626
3.8179651035982	0.94610528799079
3.8179667624612	0.94480995920138
3.8179684213242	0.94562934190302
3.8179700801872	0.94946975151547
3.8179717390502	0.95379420913146
3.8179733979132	0.9588307254875
3.8179750567762	0.96162101515952
3.8179767156392	0.96101010683245
3.8179783745022	0.96078078405797
3.8179800333652	0.96114605802797
3.8179816922282	0.96001104754507
3.8179833510912	0.95647119035358
3.8179850099543	0.95349376139131
3.8179866688173	0.95144336706028
3.8179883276803	0.95035490295274
3.8179899865433	0.9508961848374
3.8179916454063	0.95298913446275
3.8179933042693	0.95778373878226
3.8179949631323	0.96451224629407
3.8179966219953	0.97469978271059
3.8179982808583	0.98182268721886
3.8179999397213	0.9833167469313
3.8180015985843	0.98593271229435
3.8180032574473	0.99066387615376
3.8180049163103	0.99362858031102
3.8180065751733	0.99317537515127
3.8180082340363	0.99534152873268
3.8180098928993	1.0027069814826
3.8180115517623	1.0082102676527
3.8180132106253	1.0099231048188
3.8180148694883	1.0088183127842
3.8180165283514	1.0018344930991
3.8180181872144	0.99670114114511
3.8180198460774	0.99552470858625
3.8180215049404	0.99518579081102
3.8180231638034	0.99668149169938
3.8180248226664	0.99879593065855
3.8180264815294	1.0022982706534
3.8180281403924	1.0025822600852
3.8180297992554	0.99547699143932
3.8180314581184	0.9901372139304
3.8180331169814	0.98894549999638
3.8180347758444	0.98770143280486
3.8180364347074	0.9863315703172
3.8180380935704	0.98450894782141
3.8180397524334	0.98157403056529
3.8180414112964	0.97998782981582
3.8180430701594	0.9817884483595
3.8180447290224	0.98522668235738
3.8180463878854	0.99286557843556
3.8180480467485	0.99948487575092
3.8180497056115	1.0034333178862
3.8180513644745	1.0056099142779
3.8180530233375	1.0030489680369
3.8180546822005	0.99993377558249
3.8180563410635	0.99530668699751
3.8180579999265	0.99233318082519
3.8180596587895	0.99396018932844
3.8180613176525	0.99588937561298
3.8180629765155	0.99867538537202
3.8180646353785	1.0005352779701
3.8180662942415	0.99971968389832
3.8180679531045	0.99882569356695
3.8180696119675	0.9977010788052
3.8180712708305	0.99773017516042
3.8180729296935	1.0012141388866
3.8180745885565	1.0040120913477
3.8180762474195	1.00472049926
3.8180779062825	1.0048359498847
3.8180795651455	1.0031149870044
3.8180812240086	1.002145739929
3.8180828828716	1.0035422474173
3.8180845417346	1.0045818472891
3.8180862005976	1.0044804830685
3.8180878594606	1.0045566466153
3.8180895183236	1.0052088039885
3.8180911771866	1.0054403151684
3.8180928360496	1.0042872273572
3.8180944949126	1.0039914037067
3.8180961537756	1.006556435081
3.8180978126386	1.0077642329067
3.8180994715016	1.0043829857146
3.8181011303646	1.0013174511791
3.8181027892276	0.99933298056804
3.8181044480906	0.99639256062762
3.8181061069536	0.99014015785563
3.8181077658166	0.98474139444567
3.8181094246796	0.98233362820035
3.8181110835426	0.98019838764786
3.8181127424057	0.97902837102342
3.8181144012687	0.97871832158301
3.8181160601317	0.98148412821464
3.8181177189947	0.98381180690115
3.8181193778577	0.98455776557156
3.8181210367207	0.98517023775614
3.8181226955837	0.98529665453129
3.8181243544467	0.9849023701915
3.8181260133097	0.98259723251146
3.8181276721727	0.98085664458816
3.8181293310357	0.98120245662269
3.8181309898987	0.98205092915662
3.8181326487617	0.98476918879148
3.8181343076247	0.98766534901147
3.8181359664877	0.99122689281517
3.8181376253507	0.99376344554132
3.8181392842137	0.99244742118618
3.8181409430767	0.99147242613099
3.8181426019397	0.99178484046997
3.8181442608028	0.99207397388373
3.8181459196658	0.99227492831687
3.8181475785288	0.99162233684572
3.8181492373918	0.98772795767843
3.8181508962548	0.98399468279331
3.8181525551178	0.98087447011698
3.8181542139808	0.97887308674462
3.8181558728438	0.98113403077919
3.8181575317068	0.98359112371899
3.8181591905698	0.98679569639956
3.8181608494328	0.98990237858129
3.8181625082958	0.99263612464298
3.8181641671588	0.99483336339904
3.8181658260218	0.99498888786873
3.8181674848848	0.9954059194518
3.8181691437478	0.99681623629693
3.8181708026108	0.99837029915562
3.8181724614738	1.0004688701572
3.8181741203368	1.001735765021
3.8181757791999	0.99986262925269
3.8181774380629	0.99794459686223
3.8181790969259	0.99585774806643
3.8181807557889	0.99431565228384
3.8181824146519	0.99481188752709
3.8181840735149	0.99454201725776
3.8181857323779	0.99142182806576
3.8181873912409	0.988256014909
3.8181890501039	0.98492155158785
3.8181907089669	0.98176764576798
3.8181923678299	0.97927651130293
3.8181940266929	0.97667680163982
3.8181956855559	0.97368163485373
3.8181973444189	0.970780833073
3.8181990032819	0.96822080875756
3.8182006621449	0.96550848576916
3.8182023210079	0.96225125569735
3.8182039798709	0.95657291042646
3.8182056387339	0.94231650170259
3.8182072975969	0.931144138926
3.81820895646	0.93078428887213
3.818210615323	0.93062949165986
3.818212274186	0.93118557002841
3.818213933049	0.93458641062014
3.818215591912	0.94773246844207
3.818217250775	0.96054572746285
3.818218909638	0.97223322419951
3.818220568501	0.98276029063365
3.818222227364	0.98941292084361
3.818223886227	0.99492903933298
3.81822554509	0.99670232582016
3.818227203953	0.99800140276214
3.818228862816	0.99776107671011
3.818230521679	0.99724772718075
3.818232180542	0.99586128045368
3.818233839405	0.99348407237491
3.818235498268	0.9879869839021
3.818237157131	0.98351298847846
3.818238815994	0.98220948276572
3.8182404748571	0.98058069396037
3.8182421337201	0.97796048590267
3.8182437925831	0.97697426001494
3.8182454514461	0.98088330099209
3.8182471103091	0.9820844552881
3.8182487691721	0.97531580851826
3.8182504280351	0.96885167187269
3.8182520868981	0.96326768779617
3.8182537457611	0.95813844899605
3.8182554046241	0.95429932637253
3.8182570634871	0.95121280897206
3.8182587223501	0.95022090196995
3.8182603812131	0.94726327302082
3.8182620400761	0.93894137925991
3.8182636989391	0.92783686382482
3.8182653578021	0.90928907752087
3.8182670166651	0.89253498348307
3.8182686755281	0.88048161688096
3.8182703343911	0.86550342004301
3.8182719932542	0.84301908843161
3.8182736521172	0.82385958943574
3.8182753109802	0.81305189005785
3.8182769698432	0.81050571948722
3.8182786287062	0.82826282064855
3.8182802875692	0.84756397290461
3.8182819464322	0.87057663903061
3.8182836052952	0.89545798276908
3.8182852641582	0.92473085324071
3.8182869230212	0.94880193512447
3.8182885818842	0.96092660498914
3.8182902407472	0.97000540567597
3.8182918996102	0.9722511448369
3.8182935584732	0.97418345420268
3.8182952173362	0.97542919681968
3.8182968761992	0.97630547613208
3.8182985350622	0.97639170638669
3.8183001939252	0.97607364206903
3.8183018527882	0.97491196197054
3.8183035116512	0.97485849757334
3.8183051705143	0.97706063024204
3.8183068293773	0.97833634331358
3.8183084882403	0.97777322602173
3.8183101471033	0.97843156352221
3.8183118059663	0.98145288399206
3.8183134648293	0.98361959432763
3.8183151236923	0.9841752539009
3.8183167825553	0.98327226307916
3.8183184414183	0.97969082560237
3.8183201002813	0.97667024390664
3.8183217591443	0.97465244596435
3.8183234180073	0.9725883028378
3.8183250768703	0.9704435069105
3.8183267357333	0.96798578171094
3.8183283945963	0.96499811414464
3.8183300534593	0.96197720887672
3.8183317123223	0.95890154972648
3.8183333711853	0.95588809217951
3.8183350300483	0.95297427162596
3.8183366889114	0.95041495317596
3.8183383477744	0.94840759261776
3.8183400066374	0.95051694211556
3.8183416655004	0.95885516627298
3.8183433243634	0.96516940840581
3.8183449832264	0.96850927228482
3.8183466420894	0.97365759731793
3.8183483009524	0.9813865719869
3.8183499598154	0.98660301093343
3.8183516186784	0.98833937786801
3.8183532775414	0.98853531103452
3.8183549364044	0.98666077411878
3.8183565952674	0.98643929405832
3.8183582541304	0.98837264331116
3.8183599129934	0.98637014694776
3.8183615718564	0.97939315610834
3.8183632307194	0.97163194196793
3.8183648895824	0.9629101146635
3.8183665484454	0.95714732610465
3.8183682073085	0.95489581322228
3.8183698661715	0.95199971523275
3.8183715250345	0.9483629850712
3.8183731838975	0.94539952811216
3.8183748427605	0.94318490914248
3.8183765016235	0.94431736410572
3.8183781604865	0.94905167654716
3.8183798193495	0.95210995175957
3.8183814782125	0.95342403938757
3.8183831370755	0.9527761624217
3.8183847959385	0.95015484006341
3.8183864548015	0.94855710265021
3.8183881136645	0.94795396896019
3.8183897725275	0.95402511363575
3.8183914313905	0.96635880007014
3.8183930902535	0.97347541718311
3.8183947491165	0.97586768511135
3.8183964079795	0.98097123415956
3.8183980668425	0.98844286731632
3.8183997257055	0.98787349749824
3.8184013845686	0.9805344767825
3.8184030434316	0.97789072353815
3.8184047022946	0.97905467424138
3.8184063611576	0.97992526561618
3.8184080200206	0.98056681306744
3.8184096788836	0.98174031814157
3.8184113377466	0.9833133962565
3.8184129966096	0.98433479646647
3.8184146554726	0.98495783978466
3.8184163143356	0.98835676998984
3.8184179731986	0.99368102889414
3.8184196320616	0.9949643048972
3.8184212909246	0.99355724279702
3.8184229497876	0.99319886944251
3.8184246086506	0.99350994546927
3.8184262675136	0.99203757005028
3.8184279263766	0.98947441185405
3.8184295852396	0.98502868722461
3.8184312441026	0.97948094483151
3.8184329029657	0.97190394027607
3.8184345618287	0.96319104059477
3.8184362206917	0.95251178493669
3.8184378795547	0.94078143411715
3.8184395384177	0.93816473667025
3.8184411972807	0.94019516555837
3.8184428561437	0.94559756942347
3.8184445150067	0.95263793774233
3.8184461738697	0.96199153760058
3.8184478327327	0.97241403819456
3.8184494915957	0.9780457657908
3.8184511504587	0.98157497349684
3.8184528093217	0.98543949441944
3.8184544681847	0.98944354319499
3.8184561270477	0.99192715401131
3.8184577859107	0.99381189457624
3.8184594447737	0.99952322750149
3.8184611036367	1.0066583679949
3.8184627624997	1.0088401551418
3.8184644213628	1.0092847484985
3.8184660802258	1.0071619137272
3.8184677390888	1.004192452063
3.8184693979518	1.001581617348
3.8184710568148	0.99908169910063
3.8184727156778	0.99766762492015
3.8184743745408	0.99656750792845
3.8184760334038	0.99334048951305
3.8184776922668	0.98954037722348
3.8184793511298	0.98697031780432
3.8184810099928	0.98470795105113
3.8184826688558	0.98258190331893
