6545.057758 0.990387
6545.104985 0.985904
6545.152209 0.980797
6545.19943 0.978648
6545.246648 0.970256
6545.293863 0.975419
6545.341075 0.976771
6545.388284 0.985582
6545.43549 0.984958
6545.482693 0.980702
6545.529893 0.982856
6545.57709 0.982399
6545.624283 0.932009
6545.671474 0.903011
6545.718662 0.848854
6545.765847 0.786888
6545.813029 0.733669
6545.860208 0.721376
6545.907384 0.757565
6545.954557 0.830538
6546.001727 0.899909
6546.048894 0.949184
6546.096058 0.967008
6546.143219 0.982276
6546.190377 0.98575
6546.237532 0.979777
6546.284683 0.980627
6546.331832 0.975146
6546.378978 0.97525
6546.426121 0.955205
6546.473261 0.953024
6546.520398 0.943434
6546.567532 0.938873
6546.614663 0.945368
6546.661791 0.949032
6546.708915 0.951252
6546.756037 0.942425
6546.803156 0.932889
6546.850272 0.929153
6546.897385 0.919572
6546.944495 0.925055
6546.991601 0.928528
6547.038705 0.929798
6547.085806 0.921112
6547.132904 0.922876
6547.179998 0.9229
6547.22709 0.91639
6547.274179 0.920891
6547.321265 0.926243
6547.368347 0.939907
6547.415427 0.937149
6547.462504 0.948493
6547.509578 0.951814
6547.556648 0.957585
6547.603716 0.954948
6547.650781 0.942535
6547.697842 0.930685
6547.744901 0.92772
6547.791957 0.932867
6547.839009 0.950307
6547.886059 0.969906
6547.933105 0.970661
6547.980149 0.977355
6548.027189 0.989553
6548.074227 0.993519
6548.121261 0.996943
6548.168293 0.994424
6548.215321 1.004631
6548.262347 1.001351
6548.309369 0.997438
6548.356389 0.998056
6548.403405 0.994147
6548.450419 0.99503
6548.497429 0.978785
6548.544436 0.966147
6548.591441 0.949887
6548.638442 0.949292
6548.68544 0.971482
6548.732436 0.98331
6548.779428 1.003309
6548.826417 1.003848
6548.873403 0.994907
6548.920387 0.990912
6548.967367 0.982989
6549.014344 0.98942
6549.061318 0.984912
6549.108289 0.988966
6549.155257 0.989532
6549.202223 0.988785
6549.249185 0.989246
6549.296144 0.996255
6549.3431 1.00088
6549.390053 0.993275
6549.437003 0.996495
6549.48395 0.990418
6549.530894 0.997015
6549.577834 0.994111
6549.624772 0.992659
6549.671707 0.985918
6549.718639 0.980018
6549.765568 0.968654
6549.812494 0.95923
6549.859416 0.959684
6549.906336 0.942478
6549.953253 0.975342
6550.000166 0.980629
6550.047077 0.998127
6550.093985 0.98537
6550.140889 0.991063
6550.187791 0.998681
6550.234689 0.989063
6550.281585 0.987018
6550.328477 0.991981
6550.375367 0.984801
6550.422253 0.984443
6550.469137 0.976932
6550.516017 0.968111
6550.562894 0.978331
6550.609769 0.981086
6550.65664 0.996376
6550.703508 1.008212
6550.750373 0.996962
6550.797236 1.000767
6550.844095 0.985827
6550.890951 0.990324
6550.937804 0.975825
6550.984654 0.967751
6551.031501 0.962167
6551.078345 0.956838
6551.125186 0.950803
6551.172024 0.936776
6551.218859 0.919625
6551.265691 0.896674
6551.31252 0.91515
6551.359345 0.928544
6551.406168 0.968564
6551.452988 0.987127
6551.499805 0.992299
6551.546618 0.98905
6551.593429 0.995581
6551.640236 0.992883
6551.687041 0.99558
6551.733842 1.001886
6551.780641 0.992191
6551.827436 0.991222
6551.874229 0.993291
6551.921018 0.984374
6551.967804 0.97251
6552.014588 0.974209
6552.061368 0.967851
6552.108145 0.967053
6552.154919 0.960016
6552.20169 0.954463
6552.248458 0.957917
6552.295223 0.960472
6552.341985 0.97427
6552.388744 0.962749
6552.4355 0.972578
6552.482253 0.972783
6552.529003 0.961413
6552.57575 0.951512
6552.622494 0.945892
6552.669234 0.94974
6552.715972 0.958634
6552.762707 0.969183
6552.809438 0.971713
6552.856167 0.976912
6552.902892 0.986522
6552.949615 0.985568
6552.996334 0.988058
6553.043051 0.986619
6553.089764 0.982452
6553.136474 0.987932
6553.183181 0.985652
6553.229886 0.994872
6553.276587 0.986519
6553.323285 0.982389
6553.36998 0.984031
6553.416672 0.970259
6553.463361 0.966132
6553.510047 0.968485
6553.55673 0.969259
6553.603409 0.971715
6553.650086 0.962671
6553.69676 0.939427
6553.74343 0.898331
6553.790098 0.854798
6553.836763 0.833671
6553.883424 0.871531
6553.930083 0.913476
6553.976738 0.939184
6554.02339 0.970089
6554.07004 0.977881
6554.116686 0.980622
6554.163329 0.979526
6554.209969 0.974985
6554.256607 0.973275
6554.303241 0.969715
6554.349872 0.961551
6554.3965 0.954663
6554.443125 0.954221
6554.489746 0.961654
6554.536365 0.96616
6554.582981 0.967209
6554.629594 0.955328
6554.676203 0.948099
6554.72281 0.946698
6554.769413 0.944657
6554.816014 0.950072
6554.862611 0.950125
6554.909206 0.946221
6554.955797 0.925291
6555.002385 0.891738
6555.04897 0.864025
6555.095553 0.855653
6555.142132 0.880011
6555.188708 0.909468
6555.235281 0.942605
6555.281851 0.944945
6555.328417 0.94611
6555.374981 0.932651
6555.421542 0.924542
6555.4681 0.924353
6555.514654 0.909021
6555.561206 0.886144
6555.607754 0.841094
6555.6543 0.803484
6555.700842 0.806739
6555.747382 0.839278
6555.793918 0.907868
6555.840451 0.932024
6555.886981 0.945557
6555.933508 0.951827
6555.980032 0.955844
6556.026553 0.954261
6556.073071 0.949632
6556.119586 0.958339
6556.166098 0.951715
6556.212607 0.941974
6556.259112 0.933979
6556.305615 0.913073
6556.352114 0.89148
6556.398611 0.887837
6556.445104 0.889163
6556.491594 0.917787
6556.538082 0.939433
6556.584566 0.950788
6556.631047 0.958298
6556.677525 0.96481
6556.724 0.964687
6556.770472 0.961594
6556.816941 0.96454
6556.863407 0.973338
6556.90987 0.970658
6556.956329 0.963861
6557.002786 0.95137
6557.049239 0.953091
6557.09569 0.941308
6557.142137 0.935719
6557.188582 0.941987
6557.235023 0.946339
6557.281461 0.961374
6557.327896 0.960077
6557.374328 0.949401
6557.420757 0.95074
6557.467183 0.95497
6557.513606 0.941534
6557.560026 0.934982
6557.606443 0.922543
6557.652856 0.921853
6557.699267 0.91462
6557.745674 0.901555
6557.792079 0.905564
6557.83848 0.9186
6557.884878 0.935867
6557.931274 0.941174
6557.977666 0.944666
6558.024055 0.94632
6558.070441 0.953423
6558.116824 0.946451
6558.163203 0.947721
6558.20958 0.951349
6558.255954 0.955468
6558.302325 0.961562
6558.348692 0.958112
6558.395057 0.948099
6558.441418 0.940325
6558.487776 0.943035
6558.534132 0.9392
6558.580484 0.954089
6558.626833 0.958858
6558.673179 0.950537
6558.719522 0.955049
6558.765862 0.963159
6558.812198 0.962352
6558.858532 0.966892
6558.904863 0.952498
6558.95119 0.949301
6558.997515 0.945745
6559.043836 0.923736
6559.090154 0.881791
6559.13647 0.851192
6559.182782 0.839716
6559.229091 0.859334
6559.275397 0.88879
6559.3217 0.919333
6559.368 0.921223
6559.414296 0.929964
6559.46059 0.932726
6559.506881 0.946212
6559.553168 0.939956
6559.599453 0.945855
6559.645734 0.932828
6559.692012 0.92068
6559.738287 0.90878
6559.784559 0.892843
6559.830828 0.886728
6559.877094 0.887379
6559.923357 0.891455
6559.969617 0.890931
6560.015874 0.890243
6560.062127 0.879905
6560.108378 0.855025
6560.154625 0.828774
6560.20087 0.826644
6560.247111 0.828968
6560.293349 0.848673
6560.339584 0.864793
6560.385816 0.878566
6560.432045 0.883354
6560.478271 0.889756
6560.524493 0.890255
6560.570713 0.893855
6560.61693 0.886368
6560.663143 0.882
6560.709354 0.871403
6560.755561 0.890116
6560.801765 0.887163
6560.847966 0.885485
6560.894164 0.885178
6560.940359 0.880319
6560.986551 0.87813
6561.03274 0.876429
6561.078925 0.862079
6561.125108 0.858908
6561.171287 0.854929
6561.217464 0.845392
6561.263637 0.845767
6561.309807 0.835101
6561.355974 0.828505
6561.402138 0.815078
6561.448299 0.795578
6561.494457 0.78263
6561.540612 0.766335
6561.586764 0.746065
6561.632912 0.737323
6561.679058 0.698992
6561.7252 0.669802
6561.771339 0.640192
6561.817476 0.60399
6561.863609 0.566703
6561.909739 0.540771
6561.955866 0.515988
6562.001989 0.49626
6562.04811 0.476342
6562.094228 0.458286
6562.140342 0.445866
6562.186454 0.432327
6562.232562 0.421093
6562.278667 0.409372
6562.324769 0.398641
6562.370868 0.387724
6562.416964 0.375481
6562.463057 0.370376
6562.509147 0.364782
6562.555233 0.362249
6562.601317 0.358161
6562.647397 0.353662
6562.693475 0.348502
6562.739549 0.346715
6562.78562 0.349916
6562.831688 0.35464
6562.877753 0.359942
6562.923815 0.369225
6562.969874 0.375775
6563.015929 0.38893
6563.061982 0.415808
6563.108031 0.442661
6563.154078 0.470922
6563.200121 0.499617
6563.246161 0.517545
6563.292198 0.538736
6563.338232 0.554179
6563.384263 0.557832
6563.430291 0.571603
6563.476315 0.568794
6563.522337 0.564031
6563.568355 0.559792
6563.61437 0.557089
6563.660383 0.559186
6563.706392 0.570309
6563.752398 0.586765
6563.798401 0.601127
6563.8444 0.618318
6563.890397 0.628505
6563.936391 0.638855
6563.982381 0.648872
6564.028369 0.652737
6564.074353 0.65786
6564.120334 0.663198
6564.166312 0.65827
6564.212287 0.672674
6564.258259 0.686116
6564.304227 0.708674
6564.350193 0.709627
6564.396156 0.714027
6564.442115 0.71974
6564.488071 0.729272
6564.534024 0.735203
6564.579974 0.741485
6564.625921 0.755016
6564.671865 0.762448
6564.717806 0.768558
6564.763744 0.77926
6564.809678 0.778053
6564.855609 0.77771
6564.901538 0.779594
6564.947463 0.77616
6564.993385 0.767941
6565.039304 0.765738
6565.08522 0.759375
6565.131132 0.770962
6565.177042 0.788704
6565.222949 0.810765
6565.268852 0.829829
6565.314752 0.848081
6565.360649 0.855879
6565.406543 0.857099
6565.452434 0.859624
6565.498322 0.863434
6565.544207 0.866771
6565.590088 0.878721
6565.635967 0.886945
6565.681842 0.890874
6565.727714 0.898709
6565.773584 0.907962
6565.81945 0.910095
6565.865313 0.907982
6565.911172 0.914013
6565.957029 0.917341
6566.002882 0.917207
6566.048733 0.926098
6566.09458 0.924658
6566.140424 0.922149
6566.186265 0.926471
6566.232103 0.929513
6566.277938 0.924749
6566.32377 0.921077
6566.36582 0.926901
6566.41675 0.933464
6566.467678 0.934494
6566.518602 0.934664
6566.569524 0.936256
6566.620443 0.944002
6566.67136 0.946955
6566.722274 0.945245
6566.773185 0.951925
6566.824094 0.953285
6566.875 0.950361
6566.925903 0.950314
6566.976804 0.942676
6567.027702 0.944314
6567.078597 0.957859
6567.129489 0.962732
6567.180379 0.963963
6567.231267 0.961815
6567.282151 0.975266
6567.333033 0.967603
6567.383912 0.961432
6567.434789 0.970185
6567.485663 0.966243
6567.536534 0.967264
6567.587403 0.961184
6567.638268 0.966718
6567.689132 0.97669
6567.739992 0.973565
6567.79085 0.977713
6567.841705 0.977707
6567.892558 0.973636
6567.943408 0.970254
6567.994255 0.973266
6568.045099 0.976779
6568.095941 0.977315
6568.14678 0.978703
6568.197617 0.979145
6568.24845 0.97723
6568.299281 0.976926
6568.35011 0.977105
6568.400936 0.971117
6568.451759 0.959149
6568.502579 0.950442
6568.553397 0.93915
6568.604212 0.925489
6568.655024 0.910195
6568.705834 0.863645
6568.756641 0.800025
6568.807445 0.757955
6568.858247 0.761363
6568.909046 0.812178
6568.959842 0.88452
6569.010635 0.927107
6569.061426 0.955211
6569.112215 0.978914
6569.163 0.966347
6569.213783 0.971009
6569.264563 0.961732
6569.31534 0.966754
6569.366115 0.949264
6569.416887 0.934529
6569.467657 0.92176
6569.518423 0.908315
6569.569187 0.901799
6569.619949 0.90605
6569.670707 0.921405
6569.721463 0.926906
6569.772217 0.924762
6569.822967 0.928698
6569.873715 0.937321
6569.92446 0.932821
6569.975203 0.940382
6570.025943 0.935962
6570.07668 0.936631
6570.127414 0.918935
6570.178146 0.902967
6570.228875 0.893443
6570.279602 0.887762
6570.330325 0.890252
6570.381046 0.886634
6570.431765 0.901952
6570.48248 0.921161
6570.533193 0.933995
6570.583903 0.942616
6570.634611 0.934076
6570.685316 0.935265
6570.736018 0.925648
6570.786717 0.943737
6570.837414 0.959388
6570.888108 0.976321
6570.938799 0.982963
6570.989488 0.990789
6571.040174 0.988688
6571.090857 0.988159
6571.141538 0.984944
6571.192216 0.988963
6571.242891 0.989469
6571.293563 0.98895
6571.344233 0.99127
6571.3949 0.999863
6571.445564 0.98651
6571.496226 0.998006
6571.546885 0.99513
6571.597541 0.993833
6571.648195 0.986997
6571.698846 0.980918
6571.749494 0.980492
6571.800139 0.976985
6571.850782 0.96693
6571.901422 0.971375
6571.952059 0.969741
6572.002694 0.973064
6572.053326 0.962732
6572.103955 0.958318
6572.154582 0.947331
6572.205205 0.943766
6572.255826 0.902236
6572.306445 0.835335
6572.357061 0.776017
6572.407674 0.762254
6572.458284 0.791841
6572.508891 0.856715
6572.559496 0.911075
6572.610098 0.96489
6572.660698 0.990682
6572.711295 1.00042
6572.761889 1.000389
6572.81248 1.004721
6572.863068 0.998934
6572.913654 0.999818
6572.964238 0.995513
6573.014818 0.993346
6573.065396 0.989489
6573.115971 0.990021
6573.166543 1.000326
6573.217113 0.992929
6573.26768 0.984965
6573.318244 0.976301
6573.368805 0.977255
6573.419364 0.984193
6573.46992 0.970723
6573.520473 0.971727
6573.571024 0.974786
6573.621572 0.972519
6573.672117 0.943634
6573.72266 0.889068
6573.773199 0.817425
6573.823736 0.776568
6573.874271 0.796195
6573.924802 0.854579
6573.975331 0.92029
6574.025857 0.964497
6574.076381 0.981153
6574.126902 0.99174
6574.17742 0.99238
6574.227935 0.996554
6574.278447 0.990332
6574.328957 0.975765
6574.379464 0.975674
6574.429969 0.955258
6574.48047 0.908463
6574.530969 0.844467
6574.581466 0.781305
6574.631959 0.741527
6574.68245 0.766264
6574.732938 0.826144
6574.783423 0.869041
6574.833906 0.889002
6574.884386 0.903963
6574.934863 0.932398
6574.985337 0.96028
6575.035809 0.981803
6575.086278 0.974101
6575.136744 0.975315
6575.187208 0.976037
6575.237669 0.988298
6575.288127 0.969847
6575.338582 0.973051
6575.389035 0.960313
6575.439485 0.953526
6575.489932 0.951969
6575.540376 0.956052
6575.590818 0.962861
6575.641257 0.961714
6575.691693 0.957343
6575.742127 0.945185
6575.792557 0.932968
6575.842986 0.924625
6575.893411 0.927727
6575.943833 0.933576
6575.994253 0.943894
6576.04467 0.949491
6576.095085 0.951648
6576.145496 0.952295
6576.195905 0.956308
6576.246312 0.968316
6576.296715 0.979302
6576.347116 0.984668
6576.397514 0.977201
6576.447909 0.965367
6576.498301 0.961235
6576.548691 0.970646
6576.599078 0.992676
6576.649463 0.99545
6576.699844 1.007186
6576.750223 1.007317
6576.800599 1.005688
6576.850972 1.012217
6576.901343 1.018512
6576.951711 1.018442
6577.002076 1.018797
6577.052438 1.004333
6577.102798 1.00753
6577.153155 0.998457
6577.203509 0.997057
6577.253861 0.99986
6577.304209 1.00574
6577.354555 1.012202
6577.404898 1.017614
6577.455239 1.011738
6577.505577 1.011221
6577.555912 1.009163
6577.606244 1.009917
6577.656573 1.013157
6577.7069 1.011829
6577.757224 1.015652
6577.807545 1.012406
6577.857864 1.009287
6577.90818 1.004686
6577.958493 1.013009
6578.008803 1.012513
6578.05911 1.003711
6578.109415 1.008587
6578.159717 1.006215
6578.210016 1.002381
6578.260313 1.005041
6578.310607 0.998795
6578.360898 0.997282
6578.411186 0.990653
6578.461472 0.98193
6578.511754 0.990493
6578.562034 0.990922
6578.612312 0.993182
6578.662586 0.998803
6578.712858 1.004862
6578.763127 1.009339
6578.813393 0.999428
6578.863657 1.001305
6578.913918 1.001688
6578.964176 0.990864
6579.014431 0.995385
6579.064683 0.99623
6579.114933 1.000549
6579.16518 1.011326
6579.215424 1.009047
6579.265666 1.005287
6579.315905 1.003974
6579.366141 0.999796
6579.416374 0.998794
6579.466604 0.987441
6579.516832 0.985571
6579.567057 0.98278
6579.617279 0.981601
6579.667499 0.979273
6579.717715 0.972764
6579.767929 0.94968
6579.81814 0.936301
6579.868349 0.951614
6579.918554 0.975593
6579.968757 0.983684
6580.018957 0.986861
6580.069155 0.999344
6580.119349 0.995112
6580.169541 1.001642
6580.21973 0.997503
6580.269916 0.994818
6580.3201 0.991242
6580.370281 0.976937
6580.420459 0.978786
6580.470634 0.96543
6580.520807 0.956095
6580.570976 0.946728
6580.621143 0.929548
6580.671307 0.907584
6580.721469 0.850347
6580.771628 0.825973
6580.821783 0.821081
6580.871937 0.861943
6580.922087 0.904847
6580.972235 0.956536
6581.022379 0.98062
6581.072521 0.989351
6581.122661 0.981222
6581.172797 0.981111
6581.222931 0.974595
6581.273062 0.981987
6581.32319 0.989488
6581.373316 0.990167
6581.423438 0.98823
6581.473558 0.983706
6581.523675 0.978887
6581.57379 0.965463
6581.623901 0.974178
6581.67401 0.956572
6581.724116 0.947404
6581.77422 0.95973
6581.82432 0.969269
6581.874418 0.977521
6581.924513 0.985546
6581.974605 0.991604
6582.024694 0.989134
6582.074781 0.989162
6582.124865 0.976817
6582.174946 0.974786
6582.225024 0.961748
6582.2751 0.955821
6582.325172 0.955626
6582.375242 0.95912
6582.42531 0.959765
6582.475374 0.961543
6582.525436 0.966878
6582.575495 0.96877
6582.625551 0.974196
6582.675604 0.984776
6582.725654 0.97419
6582.775702 0.971671
6582.825747 0.974649
6582.875789 0.981268
6582.925829 0.984518
6582.975865 0.990557
6583.025899 0.991934
6583.07593 0.997909
6583.125959 0.992915
6583.175984 0.977353
6583.226007 0.958721
6583.276027 0.947032
6583.326044 0.954458
6583.376058 0.961923
6583.42607 0.977337
6583.476079 0.985875
6583.526085 0.993804
6583.576088 0.999718
6583.626088 1.01197
6583.676086 1.017202
6583.726081 1.013969
6583.776073 1.001637
6583.826062 1.004655
6583.876049 0.991035
6583.926033 0.985526
