3.815913906421	0.991177
3.815915565284	0.99005158011272
3.815917224147	0.98854709444811
3.81591888301	0.98400442900793
3.815920541873	0.98035942574346
3.815922200736	0.9798612272677
3.815923859599	0.9763677391722
3.815925518462	0.96687853110864
3.815927177325	0.96155710541354
3.8159288361881	0.96144484927888
3.8159304950511	0.95783844070332
3.8159321539141	0.95144097692545
3.8159338127771	0.94211309528237
3.8159354716401	0.93132567719846
3.8159371305031	0.92345892515388
3.8159387893661	0.91641971274025
3.8159404482291	0.91628496685203
3.8159421070921	0.91700060458364
3.8159437659551	0.91979793680176
3.8159454248181	0.92207923842558
3.8159470836811	0.92039736563813
3.8159487425441	0.91779868142969
3.8159504014071	0.91208561554447
3.8159520602701	0.908379715832
3.8159537191331	0.90857309645577
3.8159553779961	0.90595886945241
3.8159570368591	0.89994563095889
3.8159586957221	0.89667283915749
3.8159603545852	0.8955097663675
3.8159620134482	0.89906971127613
3.8159636723112	0.90487501171658
3.8159653311742	0.90739825824957
3.8159669900372	0.90905279326432
3.8159686489002	0.91364743455438
3.8159703077632	0.91852557590204
3.8159719666262	0.9216893548916
3.8159736254892	0.92484694850848
3.8159752843522	0.92796324498567
3.8159769432152	0.93036870919145
3.8159786020782	0.93056855645344
3.8159802609412	0.93145561590022
3.8159819198042	0.93357885710189
3.8159835786672	0.93502565023452
3.8159852375302	0.93571277020103
3.8159868963932	0.9366731221474
3.8159885552562	0.93782739250478
3.8159902141192	0.93637698051907
3.8159918729822	0.9338041577375
3.8159935318453	0.93385630027175
3.8159951907083	0.93451227867157
3.8159968495713	0.93604850890583
3.8159985084343	0.93788048821658
3.8160001672973	0.94493338763918
3.8160018261603	0.95238498668004
3.8160034850233	0.96199125152849
3.8160051438863	0.97086301928963
3.8160068027493	0.97775710688114
3.8160084616123	0.98208115782791
3.8160101204753	0.982309797152
3.8160117793383	0.98570405556948
3.8160134382013	0.99225747030246
3.8160150970643	0.99104646399541
3.8160167559273	0.98498586747378
3.8160184147903	0.97995438101189
3.8160200736533	0.97530209391289
3.8160217325163	0.96093703953121
3.8160233913793	0.94480498510669
3.8160250502424	0.91548725701128
3.8160267091054	0.88506694611004
3.8160283679684	0.8477682899707
3.8160300268314	0.80919443874408
3.8160316856944	0.76528187059475
3.8160333445574	0.72774435245263
3.8160350034204	0.70448475843052
3.8160366622834	0.69101192851117
3.8160383211464	0.69079748012947
3.8160399800094	0.71103148509285
3.8160416388724	0.74863029718484
3.8160432977354	0.78702408784702
3.8160449565984	0.82583283021996
3.8160466154614	0.86219110886208
3.8160482743244	0.89783162090727
3.8160499331874	0.9258506419261
3.8160515920504	0.95282940927831
3.8160532509134	0.9651327022206
3.8160549097764	0.97731269236378
3.8160565686395	0.98861662081849
3.8160582275025	0.99669079793728
3.8160598863655	0.99455529483525
3.8160615452285	0.99396902397472
3.8160632040915	0.99616836681378
3.8160648629545	0.99561574786201
3.8160665218175	0.99201605699323
3.8160681806805	0.9904077174723
3.8160698395435	0.99017240062649
3.8160714984065	0.98686108043592
3.8160731572695	0.98228924430054
3.8160748161325	0.9784328059612
3.8160764749955	0.97472609402805
3.8160781338585	0.97337665638011
3.8160797927215	0.97126109255442
3.8160814515845	0.95558304223549
3.8160831104475	0.93877677465512
3.8160847693105	0.91684847823298
3.8160864281735	0.90067340903678
3.8160880870366	0.89800942387667
3.8160897458996	0.90308342512859
3.8160914047626	0.91898111799394
3.8160930636256	0.93841211998421
3.8160947224886	0.96091060153866
3.8160963813516	0.97173777529151
3.8160980402146	0.9763854601082
3.8160996990776	0.9727619128806
3.8161013579406	0.96670192979201
3.8161030168036	0.96757290068283
3.8161046756666	0.9692195706664
3.8161063345296	0.96406200587092
3.8161079933926	0.95984256249795
3.8161096522556	0.96194380385495
3.8161113111186	0.9657938992937
3.8161129699816	0.97493430974914
3.8161146288446	0.97975978076314
3.8161162877076	0.97716800793592
3.8161179465706	0.97343009396982
3.8161196054336	0.96848591375434
3.8161212642967	0.96509194579542
3.8161229231597	0.96270238160086
3.8161245820227	0.9628384941831
3.8161262408857	0.9639251005335
3.8161278997487	0.95800237549804
3.8161295586117	0.95080766512756
3.8161312174747	0.9563222305114
3.8161328763377	0.96182133895989
3.8161345352007	0.96249537357853
3.8161361940637	0.96236175368957
3.8161378529267	0.95913080202266
3.8161395117897	0.95507021505406
3.8161411706527	0.94930366062217
3.8161428295157	0.93374466104948
3.8161444883787	0.9061070801202
3.8161461472417	0.8799366034859
3.8161478061047	0.85488008570922
3.8161494649677	0.84382424002765
3.8161511238307	0.83908153962876
3.8161527826938	0.85880390749737
3.8161544415568	0.88426048713205
3.8161561004198	0.9023957329753
3.8161577592828	0.91985599787314
3.8161594181458	0.934892795292
3.8161610770088	0.94694287390536
3.8161627358718	0.9447895882934
3.8161643947348	0.94443674342582
3.8161660535978	0.94838205700066
3.8161677124608	0.95386020567757
3.8161693713238	0.96148322744443
3.8161710301868	0.96678050735085
3.8161726890498	0.97008486783464
3.8161743479128	0.97136348736416
3.8161760067758	0.97160044270838
3.8161776656388	0.97469899386996
3.8161793245018	0.97859332539693
3.8161809833648	0.98076764168667
3.8161826422278	0.98272206454477
3.8161843010909	0.98328342221705
3.8161859599539	0.98454019242943
3.8161876188169	0.98976108316957
3.8161892776799	0.9938602210182
3.8161909365429	0.99495379888535
3.8161925954059	0.99221643400734
3.8161942542689	0.98359823632746
3.8161959131319	0.98110330935465
3.8161975719949	0.98432271035031
3.8161992308579	0.99014074565349
3.8162008897209	0.99741914418624
3.8162025485839	0.99604782148305
3.8162042074469	0.99199409252858
3.8162058663099	0.98684606855253
3.8162075251729	0.98156585475332
3.8162091840359	0.97708149906163
3.8162108428989	0.97333390585703
3.8162125017619	0.97437579991531
3.8162141606249	0.97393837614537
3.8162158194879	0.96922260433312
3.816217478351	0.96925547143697
3.816219137214	0.97701402183003
3.816220796077	0.98249107036494
3.81622245494	0.98572776086387
3.816224113803	0.98993866887856
3.816225772666	0.99472528120647
3.816227431529	0.9980297980909
3.816229090392	1.0008473774032
3.816230749255	0.99784429470489
3.816232408118	0.99403085500839
3.816234066981	0.99464670493896
3.816235725844	0.9955632072672
3.816237384707	0.99856648637348
3.81623904357	0.99971840490958
3.816240702433	0.99533538287949
3.816242361296	0.99317148165079
3.816244020159	0.99469890198978
3.816245679022	0.99225049698281
3.816247337885	0.98583263524762
3.8162489967481	0.98324750402429
3.8162506556111	0.98295733203693
3.8162523144741	0.98186782898825
3.8162539733371	0.98051291436684
3.8162556322001	0.97945234970772
3.8162572910631	0.97844228174668
3.8162589499261	0.98315047961165
3.8162606087891	0.98818771362321
3.8162622676521	0.9954835606706
3.8162639265151	0.99959825991374
3.8162655853781	0.99431739148047
3.8162672442411	0.99125268765883
3.8162689031041	0.99182206095122
3.8162705619671	0.9933874708214
3.8162722208301	0.9959298749487
3.8162738796931	0.9965046281783
3.8162755385561	0.99592876950568
3.8162771974191	0.99738396478412
3.8162788562821	0.99949012648933
3.8162805151452	0.99889535021504
3.8162821740082	0.99791715988979
3.8162838328712	0.99423538982454
3.8162854917342	0.99118006068817
3.8162871505972	0.99207105393408
3.8162888094602	0.99241221327558
3.8162904683232	0.99121895137231
3.8162921271862	0.98908214887332
3.8162937860492	0.98547442070281
3.8162954449122	0.97889304494575
3.8162971037752	0.96954316118647
3.8162987626382	0.96401022532479
3.8163004215012	0.96057706249009
3.8163020803642	0.95170646391792
3.8163037392272	0.94123450169244
3.8163053980902	0.94854429805204
3.8163070569532	0.957624321228
3.8163087158162	0.95944622501685
3.8163103746792	0.96296940768098
3.8163120335423	0.97573886031086
3.8163136924053	0.98575008918336
3.8163153512683	0.98878275426139
3.8163170101313	0.99187549929945
3.8163186689943	0.99505422784699
3.8163203278573	0.99487325412624
3.8163219867203	0.99182466310721
3.8163236455833	0.98734154398126
3.8163253044463	0.98214489581449
3.8163269633093	0.99005706560514
3.8163286221723	1.0013239244362
3.8163302810353	1.0021032925318
3.8163319398983	1.0017933090174
3.8163335987613	0.99729714659531
3.8163352576243	0.99324464119828
3.8163369164873	0.9911810587084
3.8163385753503	0.98789553312238
3.8163402342133	0.98190745717482
3.8163418930763	0.97571764354682
3.8163435519393	0.96927157095301
3.8163452108024	0.96673434333483
3.8163468696654	0.96714917944448
3.8163485285284	0.96890395866912
3.8163501873914	0.97123543952788
3.8163518462544	0.97817812424409
3.8163535051174	0.98607449980753
3.8163551639804	0.99041341283243
3.8163568228434	0.99407390117221
3.8163584817064	0.99231248418564
3.8163601405694	0.99067879343555
3.8163617994324	0.98950336223093
3.8163634582954	0.99029317351792
3.8163651171584	0.99476472973568
3.8163667760214	0.99431548980967
3.8163684348844	0.9884967401132
3.8163700937474	0.98155709456118
3.8163717526104	0.97389643727708
3.8163734114734	0.96609622758607
3.8163750703364	0.95824673058875
3.8163767291995	0.95247383715854
3.8163783880625	0.94701501074041
3.8163800469255	0.95045086552428
3.8163817057885	0.95265874591395
3.8163833646515	0.94673371408926
3.8163850235145	0.9429664668884
3.8163866823775	0.94527216743442
3.8163883412405	0.94059579682078
3.8163900001035	0.92514966839896
3.8163916589665	0.91411591063701
3.8163933178295	0.90708130706873
3.8163949766925	0.89691163366496
3.8163966355555	0.88509754237765
3.8163982944185	0.88996537431342
3.8163999532815	0.89933478683945
3.8164016121445	0.90974768969193
3.8164032710075	0.92009901561052
3.8164049298705	0.92759507921387
3.8164065887335	0.93118096288814
3.8164082475966	0.91729999918201
3.8164099064596	0.89959076198943
3.8164115653226	0.87355505067967
3.8164132241856	0.8530520943733
3.8164148830486	0.8393889168505
3.8164165419116	0.83905498847792
3.8164182007746	0.84839179856883
3.8164198596376	0.88080871135397
3.8164215185006	0.92256237188916
3.8164231773636	0.94130892665487
3.8164248362266	0.95582226389654
3.8164264950896	0.96262822412503
3.8164281539526	0.96952225754838
3.8164298128156	0.97856894525896
3.8164314716786	0.98733889956211
3.8164331305416	0.9952479506242
3.8164347894046	0.99913369022997
3.8164364482676	0.99635394125096
3.8164381071306	0.99456611850052
3.8164397659936	0.99373250933039
3.8164414248567	0.99033807896356
3.8164430837197	0.98552251741363
3.8164447425827	0.98144326561221
3.8164464014457	0.97757575301159
3.8164480603087	0.97450946062232
3.8164497191717	0.97151463879167
3.8164513780347	0.96835877399365
3.8164530368977	0.96563546838997
3.8164546957607	0.96490821178811
3.8164563546237	0.96155041117312
3.8164580134867	0.95239715060983
3.8164596723497	0.94863983962824
3.8164613312127	0.95157400037036
3.8164629900757	0.95530152710538
3.8164646489387	0.95960167568367
3.8164663078017	0.96316888551375
3.8164679666647	0.96644435086972
3.8164696255277	0.97384424129776
3.8164712843907	0.98197254546982
3.8164729432538	0.98350240282674
3.8164746021168	0.98404507763645
3.8164762609798	0.97807439039743
3.8164779198428	0.97254519752698
3.8164795787058	0.96830839851317
3.8164812375688	0.96461241839955
3.8164828964318	0.96176313318513
3.8164845552948	0.95441720757119
3.8164862141578	0.94300448043768
3.8164878730208	0.93327704256218
3.8164895318838	0.92441580348934
3.8164911907468	0.91881442396901
3.8164928496098	0.91404796958827
3.8164945084728	0.91779081562959
3.8164961673358	0.92252937133625
3.8164978261988	0.93241127876441
3.8164994850618	0.94197279917078
3.8165011439248	0.95028127621652
3.8165028027878	0.95859031944073
3.8165044616509	0.96690046297318
3.8165061205139	0.97191601761331
3.8165077793769	0.97330471773713
3.8165094382399	0.97578939752209
3.8165110971029	0.97896779087913
3.8165127559659	0.97693025128616
3.8165144148289	0.97314351715973
3.8165160736919	0.9712029406813
3.8165177325549	0.96942398046649
3.8165193914179	0.96426682062013
3.8165210502809	0.96015823030982
3.8165227091439	0.96158500135913
3.8165243680069	0.96460948111007
3.8165260268699	0.9714281946684
3.8165276857329	0.97343335984823
3.8165293445959	0.96914814017369
3.8165310034589	0.96795075099665
3.8165326623219	0.96907501698885
3.8165343211849	0.96389239239234
3.8165359800479	0.95611200667887
3.816537638911	0.94944232414025
3.816539297774	0.94297499137026
3.816540956637	0.94399198059503
3.8165426155	0.945018027181
3.816544274363	0.94520761068809
3.816545933226	0.94524751617911
3.816547592089	0.94486027384085
3.816549250952	0.94638210498721
3.816550909815	0.95079632588657
3.816552568678	0.94716170402128
3.816554227541	0.93655640801288
3.816555886404	0.92055861940665
3.816557545267	0.90195585787243
3.81655920413	0.87533292673422
3.816560862993	0.84686320843973
3.816562521856	0.82869556935725
3.816564180719	0.81238169888092
3.816565839582	0.80945484848828
3.816567498445	0.808903666269
3.8165691573081	0.81633926832366
3.8165708161711	0.83001947204033
3.8165724750341	0.85440818487971
3.8165741338971	0.87438594053378
3.8165757927601	0.89008425374465
3.8165774516231	0.9030408958049
3.8165791104861	0.91450117753686
3.8165807693491	0.92759293361799
3.8165824282121	0.94112780510645
3.8165840870751	0.94039914928776
3.8165857459381	0.93899395814641
3.8165874048011	0.94416192201957
3.8165890636641	0.94714454848971
3.8165907225271	0.94168696466606
3.8165923813901	0.93711286613429
3.8165940402531	0.93421101541556
3.8165956991161	0.93220694993618
3.8165973579791	0.9311530021152
3.8165990168421	0.92857164188975
3.8166006757052	0.92507838283254
3.8166023345682	0.92067753885999
3.8166039934312	0.91600034561028
3.8166056522942	0.92042448073519
3.8166073111572	0.92556886904218
3.8166089700202	0.92650637787746
3.8166106288832	0.92896549370498
3.8166122877462	0.93796759923587
3.8166139466092	0.94436892492292
3.8166156054722	0.94548193889755
3.8166172643352	0.9464688765331
3.8166189231982	0.9473140711394
3.8166205820612	0.9427962791669
3.8166222409242	0.93487853640922
3.8166238997872	0.93146580627091
3.8166255586502	0.92952766069003
3.8166272175132	0.92879958338894
3.8166288763762	0.92867504558925
3.8166305352392	0.94071942243868
3.8166321941023	0.94964447377829
3.8166338529653	0.94419637255294
3.8166355118283	0.9376494902588
3.8166371706913	0.92877032804273
3.8166388295543	0.9191070232253
3.8166404884173	0.90853168302396
3.8166421472803	0.89336450485358
3.8166438061433	0.87519291049304
3.8166454650063	0.86701417147368
3.8166471238693	0.86222334078992
3.8166487827323	0.85713592907716
3.8166504415953	0.85256531491406
3.8166521004583	0.86480579124433
3.8166537593213	0.87864088334385
3.8166554181843	0.9000139815374
3.8166570770473	0.91857789730717
3.8166587359103	0.93110203068854
3.8166603947733	0.94073937867292
3.8166620536363	0.94699448885381
3.8166637124993	0.94794736512499
3.8166653713624	0.94541815869671
3.8166670302254	0.94444410132462
3.8166686890884	0.94399705138402
3.8166703479514	0.93748687478429
3.8166720068144	0.93050523833043
3.8166736656774	0.9313989468183
3.8166753245404	0.93026246216097
3.8166769834034	0.9197200523763
3.8166786422664	0.90731219406414
3.8166803011294	0.89096398334435
3.8166819599924	0.87118073613028
3.8166836188554	0.84744953543836
3.8166852777184	0.82852177652924
3.8166869365814	0.8126734386905
3.8166885954444	0.81494272343584
3.8166902543074	0.82313663865336
3.8166919131704	0.84910806919241
3.8166935720334	0.87681152310689
3.8166952308964	0.89799479165079
3.8166968897595	0.91813551052882
3.8166985486225	0.93374475736243
3.8167002074855	0.94725865383988
3.8167018663485	0.95655262467171
3.8167035252115	0.96422364935936
3.8167051840745	0.970113198796
3.8167068429375	0.97145239677643
3.8167085018005	0.97002316890977
3.8167101606635	0.95248758942086
3.8167118195265	0.93005616415962
3.8167134783895	0.91075741964875
3.8167151372525	0.89281363455571
3.8167167961155	0.89209588566825
3.8167184549785	0.89499409670009
3.8167201138415	0.91206939545863
3.8167217727045	0.92948961354855
3.8167234315675	0.94755348278691
3.8167250904305	0.95238859998313
3.8167267492935	0.94371496952356
3.8167284081566	0.93673452255836
3.8167300670196	0.93070337930689
3.8167317258826	0.91762282043534
3.8167333847456	0.90263294347093
3.8167350436086	0.89574837599326
3.8167367024716	0.89034578638991
3.8167383613346	0.89537578760964
3.8167400201976	0.90244718853696
3.8167416790606	0.91650986385914
3.8167433379236	0.92965364102738
3.8167449967866	0.9412505077856
3.8167466556496	0.95139470112053
3.8167483145126	0.96019518461763
3.8167499733756	0.9664958374962
3.8167516322386	0.97154509114133
3.8167532911016	0.96770807156278
3.8167549499646	0.9618332246517
3.8167566088276	0.96580724075455
3.8167582676906	0.96936903197799
3.8167599265536	0.96619340658536
3.8167615854167	0.96360062949859
3.8167632442797	0.96270664238102
3.8167649031427	0.96111323736213
3.8167665620057	0.95848404911579
3.8167682208687	0.95685602748024
3.8167698797317	0.95604452058108
3.8167715385947	0.95550875260134
3.8167731974577	0.95509190079056
3.8167748563207	0.94315208350294
3.8167765151837	0.92912606569074
3.8167781740467	0.92427609132981
3.8167798329097	0.9198513624061
3.8167814917727	0.91768834312524
3.8167831506357	0.91685869136989
3.8167848094987	0.91926870000591
3.8167864683617	0.92549589818186
3.8167881272247	0.93657884431723
3.8167897860877	0.94242770176804
3.8167914449507	0.94462143771806
3.8167931038138	0.94508462429846
3.8167947626768	0.94493227809406
3.8167964215398	0.94554248909143
3.8167980804028	0.94603805520405
3.8167997392658	0.94079745298718
3.8168013981288	0.93667529184941
3.8168030569918	0.93748257639653
3.8168047158548	0.93751996999553
3.8168063747178	0.93602413851189
3.8168080335808	0.93125867710747
3.8168096924438	0.923004709831
3.8168113513068	0.91211585401287
3.8168130101698	0.89970212910648
3.8168146690328	0.88961227105732
3.8168163278958	0.88016563893957
3.8168179867588	0.88124446449921
3.8168196456218	0.88239180026749
3.8168213044848	0.87598249923171
3.8168229633478	0.87033088690196
3.8168246222109	0.86716817575208
3.8168262810739	0.86565445191706
3.8168279399369	0.86678932497952
3.8168295987999	0.87094389649175
3.8168312576629	0.87773199538161
3.8168329165259	0.88593709893406
3.8168345753889	0.89479459814485
3.8168362342519	0.90479706063543
3.8168378931149	0.91502501632263
3.8168395519779	0.91171632282754
3.8168412108409	0.90850159269419
3.8168428697039	0.90705693588603
3.8168445285669	0.90768262071531
3.8168461874299	0.9134152688682
3.8168478462929	0.91280142682606
3.8168495051559	0.90410194770563
3.8168511640189	0.90076086450903
3.8168528228819	0.9011260365688
3.8168544817449	0.90558768285567
3.816856140608	0.91146860100059
3.816857799471	0.91150738244876
3.816859458334	0.91084561251614
3.816861117197	0.90997063399019
3.81686277606	0.90824236638822
3.816864434923	0.90306030304594
3.816866093786	0.89771985598245
3.816867752649	0.89208552658752
3.816869411512	0.89026555100949
3.816871070375	0.89222317601597
3.816872729238	0.8876589669539
3.816874388101	0.87965614939784
3.816876046964	0.88451949435615
3.816877705827	0.89245396822684
3.81687936469	0.89176440396512
3.816881023553	0.89179793660809
3.816882682416	0.90036228360545
3.816884341279	0.90710553976767
3.816886000142	0.90881318932741
3.816887659005	0.91218191686164
3.8168893178681	0.91785764807285
3.8168909767311	0.91871972366726
3.8168926355941	0.91597701961006
3.8168942944571	0.91547077437795
3.8168959533201	0.915812493645
3.8168976121831	0.91784715737859
3.8168992710461	0.91996945206515
3.8169009299091	0.91767998287606
3.8169025887721	0.91494966489103
3.8169042476351	0.9102880636157
3.8169059064981	0.90474361823772
3.8169075653611	0.89748310990776
3.8169092242241	0.88836034453613
3.8169108830871	0.87732767385952
3.8169125419501	0.85732052879946
3.8169142008131	0.83243414824969
3.8169158596761	0.81040849358145
3.8169175185391	0.78908886074615
3.8169191774021	0.77678836266194
3.8169208362652	0.7672576937568
3.8169224951282	0.77662468149583
3.8169241539912	0.78679379528712
3.8169258128542	0.79917986840374
3.8169274717172	0.81176378164793
3.8169291305802	0.82462037892002
3.8169307894432	0.82483538787693
3.8169324483062	0.8157227592922
3.8169341071692	0.8137093184599
3.8169357660322	0.81431481087145
3.8169374248952	0.81592772346098
3.8169390837582	0.81784643763544
3.8169407426212	0.82386916202724
3.8169424014842	0.83132213768199
3.8169440603472	0.84462090564451
3.8169457192102	0.85470777388937
3.8169473780732	0.85888671142649
3.8169490369362	0.85779474210834
3.8169506957992	0.85159665033458
3.8169523546623	0.84661534128099
3.8169540135253	0.84225023973927
3.8169556723883	0.83693250339732
3.8169573312513	0.83140548282527
3.8169589901143	0.81920257434207
3.8169606489773	0.80730529926427
3.8169623078403	0.79848750657243
3.8169639667033	0.79128300468925
3.8169656255663	0.78805204051365
3.8169672844293	0.78847749362567
3.8169689432923	0.79345666149514
3.8169706021553	0.79227434043211
3.8169722610183	0.78701974113556
3.8169739198813	0.77597082885685
3.8169755787443	0.76308135597881
3.8169772376073	0.75173963761686
3.8169788964703	0.74068065902568
3.8169805553333	0.73140592953846
3.8169822141963	0.72076294109152
3.8169838730593	0.70554653540603
3.8169855319224	0.69250001769067
3.8169871907854	0.68288093726938
3.8169888496484	0.68019187045262
3.8169905085114	0.68328418181673
3.8169921673744	0.68759293493867
3.8169938262374	0.6924159242293
3.8169954851004	0.70317213723177
3.8169971439634	0.71469252584822
3.8169988028264	0.71584947501197
3.8170004616894	0.71766453886856
3.8170021205524	0.72254612207269
3.8170037794154	0.72639941229068
3.8170054382784	0.72821029043181
3.8170070971414	0.72774623430498
3.8170087560044	0.72494473706347
3.8170104148674	0.71998912944532
3.8170120737304	0.71388230527714
3.8170137325934	0.70660975137132
3.8170153914564	0.69906433381952
3.8170170503195	0.69648710304496
3.8170187091825	0.69366395493602
3.8170203680455	0.68808541863926
3.8170220269085	0.68252329382216
3.8170236857715	0.67700193760494
3.8170253446345	0.67215661791172
3.8170270034975	0.66815048872341
3.8170286623605	0.66507352134217
3.8170303212235	0.66260197334585
3.8170319800865	0.65999691504575
3.8170336389495	0.65735082904654
3.8170352978125	0.65716456368168
3.8170369566755	0.65665399124648
3.8170386155385	0.65043058221661
3.8170402744015	0.64473216577143
3.8170419332645	0.640659919444
3.8170435921275	0.63663191325375
3.8170452509905	0.63266916294073
3.8170469098535	0.62916407242696
3.8170485687166	0.62601255925691
3.8170502275796	0.62162001406678
3.8170518864426	0.61675531311261
3.8170535453056	0.61611082234447
3.8170552041686	0.61592781986737
3.8170568630316	0.61389449654998
3.8170585218946	0.61116306119855
3.8170601807576	0.6057405383662
3.8170618396206	0.59874479966554
3.8170634984836	0.58903325441435
3.8170651573466	0.58029366531608
3.8170668162096	0.57242380992441
3.8170684750726	0.56804951779506
3.8170701339356	0.56525425134625
3.8170717927986	0.55875802557526
3.8170734516616	0.55163452173068
3.8170751105246	0.54675232813457
3.8170767693876	0.54183319860066
3.8170784282506	0.53673731170006
3.8170800871136	0.53075097729448
3.8170817459767	0.52299306658003
3.8170834048397	0.51340282385317
3.8170850637027	0.50195253816063
3.8170867225657	0.49101753482124
3.8170883814287	0.48035020133495
3.8170900402917	0.46504924948212
3.8170916991547	0.44873240110577
3.8170933580177	0.43660328182202
3.8170950168807	0.42506221427475
3.8170966757437	0.41655305748748
3.8170983346067	0.40630770418748
3.8170999934697	0.39214488994393
3.8171016523327	0.38222182282515
3.8171033111957	0.37708598307246
3.8171049700587	0.37144286804463
3.8171066289217	0.36550487327707
3.8171082877847	0.3594838546234
3.8171099466477	0.35344145860267
3.8171116055107	0.3525630156488
3.8171132643738	0.35159046537018
3.8171149232368	0.348305796117
3.8171165820998	0.34619511520444
3.8171182409628	0.3470352445542
3.8171198998258	0.34929346947876
3.8171215586888	0.35329902475366
3.8171232175518	0.35413600732231
3.8171248764148	0.35296030990513
3.8171265352778	0.35668976355647
3.8171281941408	0.36184175152654
3.8171298530038	0.36102574882807
3.8171315118668	0.35986373527563
3.8171331707298	0.35906468055882
3.8171348295928	0.36046903586109
3.8171364884558	0.36792142633065
3.8171381473188	0.37374975721695
3.8171398061818	0.37743618126321
3.8171414650448	0.38576461506084
3.8171431239078	0.39724497925498
3.8171447827709	0.40516706835845
3.8171464416339	0.41196617124514
3.8171481004969	0.41676950929633
3.8171497593599	0.42166070147003
3.8171514182229	0.42909834540417
3.8171530770859	0.43635677929289
3.8171547359489	0.44308992638856
3.8171563948119	0.45007198759604
3.8171580536749	0.45739859493217
3.8171597125379	0.46851162226589
3.8171613714009	0.48231506884384
3.8171630302639	0.49038699122645
3.8171646891269	0.49654761597426
3.8171663479899	0.49671171916295
3.8171680068529	0.49737579403941
3.8171696657159	0.51001120628367
3.8171713245789	0.5217140031961
3.8171729834419	0.53056840115281
3.8171746423049	0.53788553636101
3.817176301168	0.54301360398002
3.817177960031	0.55055967597119
3.817179618894	0.55986740740185
3.817181277757	0.57827623395794
3.81718293662	0.599805701412
3.817184595483	0.63050360616105
3.817186254346	0.66169367489719
3.817187913209	0.68806084397588
3.817189572072	0.71324847715096
3.817191230935	0.73477879405833
3.817192889798	0.75369639009521
3.817194548661	0.76886263842709
3.817196207524	0.78374804379137
3.817197866387	0.79842789389677
3.81719952525	0.80337328656258
3.817201184113	0.80497509841229
3.817202842976	0.81484004149385
3.817204501839	0.82446963139149
3.817206160702	0.82193506336927
3.817207819565	0.81932083002309
3.8172094784281	0.8164624196981
3.8172111372911	0.81501122182614
3.8172127961541	0.81555587622406
3.8172144550171	0.81554928096718
3.8172161138801	0.81514539981124
3.8172177727431	0.81769907888908
3.8172194316061	0.82124421100917
3.8172210904691	0.83308343203755
3.8172227493321	0.84544158446575
3.8172244081951	0.8552847748635
3.8172260670581	0.86472683891982
3.8172277259211	0.8729849558468
3.8172293847841	0.87815506292
3.8172310436471	0.8790854174403
3.8172327025101	0.88550631413685
3.8172343613731	0.8957449990735
3.8172360202361	0.90558870598105
3.8172376790991	0.91530663117631
3.8172393379621	0.9165795934054
3.8172409968252	0.91692264272286
3.8172426556882	0.91475332473223
3.8172443145512	0.9151590268054
3.8172459734142	0.92270467028432
3.8172476322772	0.92566809471389
3.8172492911402	0.92266047810013
3.8172509500032	0.92273892494676
3.8172526088662	0.92484480003895
3.8172542677292	0.93047197704109
3.8172559265922	0.93713368876334
3.8172575854552	0.93251347689506
3.8172592443182	0.92828928736961
3.8172609031812	0.93265121121823
3.8172625620442	0.93464557220612
3.8172642209072	0.93061237816596
3.8172658797702	0.93042455042095
3.8172675386332	0.93489968058585
3.8172691974962	0.93440771432327
3.8172708563592	0.93089796151847
3.8172725152223	0.93679799933739
3.8172741740853	0.94516473621972
3.8172758329483	0.94416989290992
3.8172774918113	0.94359075173195
3.8172791506743	0.94807756369805
3.8172808095373	0.95124418997695
3.8172824684003	0.95138632637449
3.8172841272633	0.95089918977565
3.8172857861263	0.94971551944924
3.8172874449893	0.94858932988316
3.8172891038523	0.94749469730097
3.8172907627153	0.95022294404946
3.8172924215783	0.95380946497026
3.8172940804413	0.94912345476153
3.8172957393043	0.94327876092168
3.8172973981673	0.93185153015836
3.8172990570303	0.92451859272522
3.8173007158933	0.92547298188576
3.8173023747563	0.92172840513743
3.8173040336193	0.91332753147233
3.8173056924824	0.9063135454108
3.8173073513454	0.89997031276219
3.8173090102084	0.89616552245044
3.8173106690714	0.89291205697686
3.8173123279344	0.89453256203048
3.8173139867974	0.89594922200381
3.8173156456604	0.89649745416683
3.8173173045234	0.90131974925946
3.8173189633864	0.91366133814959
3.8173206222494	0.92540780067383
3.8173222811124	0.93663669661927
3.8173239399754	0.94769509243583
3.8173255988384	0.95768845339946
3.8173272577014	0.95863227720264
3.8173289165644	0.95941104338289
3.8173305754274	0.95792455721797
3.8173322342904	0.9563055704908
3.8173338931534	0.95123335651715
3.8173355520164	0.9461859394213
3.8173372108795	0.94518972795599
3.8173388697425	0.94419351649068
3.8173405286055	0.9443231911787
3.8173421874685	0.94448127270024
3.8173438463315	0.95152254162689
3.8173455051945	0.95896601973811
3.8173471640575	0.95834086192213
3.8173488229205	0.95695931117562
3.8173504817835	0.96266035482599
3.8173521406465	0.96929112517475
3.8173537995095	0.9733476830567
3.8173554583725	0.97696320402919
3.8173571172355	0.97568275763267
3.8173587760985	0.97335364883132
3.8173604349615	0.97718041144617
3.8173620938245	0.98260786460877
3.8173637526875	0.9810595416758
3.8173654115505	0.97735363037283
3.8173670704135	0.9787076265288
3.8173687292766	0.98189496218292
3.8173703881396	0.98139409659021
3.8173720470026	0.97934580820386
3.8173737058656	0.98011744955508
3.8173753647286	0.98224718079241
3.8173770235916	0.98438495723578
3.8173786824546	0.9865271504534
3.8173803413176	0.98780919187162
3.8173820001806	0.98855583074134
3.8173836590436	0.98572105247077
3.8173853179066	0.98036914955292
3.8173869767696	0.97726289591454
3.8173886356326	0.97593357969087
3.8173902944956	0.97429185879197
3.8173919533586	0.97237242882007
3.8173936122216	0.97385980624046
3.8173952710846	0.97874487198097
3.8173969299476	0.97939674973648
3.8173985888106	0.97531392297665
3.8174002476737	0.97215944805372
3.8174019065367	0.97016966442374
3.8174035653997	0.97047022816855
3.8174052242627	0.97399695556859
3.8174068831257	0.9755904348363
3.8174085419887	0.97412110138111
3.8174102008517	0.97395716152967
3.8174118597147	0.97612580570989
3.8174135185777	0.97707126033503
3.8174151774407	0.97554255513028
3.8174168363037	0.97472502594216
3.8174184951667	0.9755436775404
3.8174201540297	0.97601604957144
3.8174218128927	0.97557662011172
3.8174234717557	0.97673364882932
3.8174251306187	0.98274155838226
3.8174267894817	0.98612683590023
3.8174284483447	0.98022025162132
3.8174301072077	0.97455770184156
3.8174317660707	0.96991736458329
3.8174334249338	0.96580774756654
3.8174350837968	0.96437419225596
3.8174367426598	0.96239416733307
3.8174384015228	0.95701131603954
3.8174400603858	0.95264996388348
3.8174417192488	0.95643851313212
3.8174433781118	0.95986735868923
3.8174450369748	0.95939812810432
3.8174466958378	0.95888420782058
3.8174483547008	0.95764125567768
3.8174500135638	0.95654985336093
3.8174516724268	0.96017476654021
3.8174533312898	0.96379403145657
3.8174549901528	0.96619143821901
3.8174566490158	0.96858884498145
3.8174583078788	0.96711540419248
3.8174599667418	0.96555588133306
3.8174616256048	0.96069506072758
3.8174632844678	0.95566773152615
3.8174649433309	0.95245845803111
3.8174666021939	0.94939477105619
3.8174682610569	0.95125694704507
3.8174699199199	0.95366723992566
3.8174715787829	0.95691680509655
3.8174732376459	0.96028739255226
3.8174748965089	0.95325159283031
3.8174765553719	0.94435359569205
3.8174782142349	0.93971611114813
3.8174798730979	0.93599750321956
3.8174815319609	0.93198437775042
3.8174831908239	0.92789628379858
3.8174848496869	0.92826806597654
3.8174865085499	0.92995920809484
3.8174881674129	0.92897407334962
3.8174898262759	0.92707986769595
3.8174914851389	0.92960717012717
3.8174931440019	0.93384266727859
3.8174948028649	0.94072718156567
3.817496461728	0.94876711376925
3.817498120591	0.95194452988134
3.817499779454	0.95274215627441
3.817501438317	0.95614189887515
3.81750309718	0.96096353905531
3.817504756043	0.96099261403246
3.817506414906	0.95810947129214
3.817508073769	0.96026972486407
3.817509732632	0.96582744383281
3.817511391495	0.96882597683384
3.817513050358	0.96991822973902
3.817514709221	0.96939796663676
3.817516368084	0.96755222740687
3.817518026947	0.96866189087307
3.81751968581	0.97244840368866
3.817521344673	0.97423979419274
3.817523003536	0.97404166096287
3.817524662399	0.97222207110618
3.817526321262	0.96862331620434
3.817527980125	0.96798442356279
3.8175296389881	0.9709187685158
3.8175312978511	0.9722148208142
3.8175329567141	0.97133417933815
3.8175346155771	0.96868694725178
3.8175362744401	0.96345414425245
3.8175379333031	0.96127265366686
3.8175395921661	0.96401669326141
3.8175412510291	0.96241394964494
3.8175429098921	0.95305760609017
3.8175445687551	0.94190579317257
3.8175462276181	0.92720750028506
3.8175478864811	0.91028933647492
3.8175495453441	0.88850069514888
3.8175512042071	0.86411189978771
3.8175528630701	0.833363222732
3.8175545219331	0.80587542569986
3.8175561807961	0.78731964749362
3.8175578396591	0.77480299908334
3.8175594985221	0.78091862734745
3.8175611573852	0.79159891076245
3.8175628162482	0.81825205516351
3.8175644751112	0.84546536260171
3.8175661339742	0.87492112517694
3.8175677928372	0.90258308154086
3.8175694517002	0.92193963473528
3.8175711105632	0.93997152594886
3.8175727694262	0.95080721215334
3.8175744282892	0.96164048712516
3.8175760871522	0.9724581033455
3.8175777460152	0.98241097149069
3.8175794048782	0.98547656887496
3.8175810637412	0.98837537995839
3.8175827226042	0.98958282929416
3.8175843814672	0.99053167070706
3.8175860403302	0.98794401595635
3.8175876991932	0.9856860694377
3.8175893580562	0.99017052675116
3.8175910169192	0.99430000744289
3.8175926757823	0.98469506628435
3.8175943346453	0.97512040866983
3.8175959935083	0.97319527278117
3.8175976523713	0.97127013689252
3.8175993112343	0.96559612210745
3.8176009700973	0.95985644862103
3.8176026289603	0.94986792818795
3.8176042878233	0.93971050093926
3.8176059466863	0.94008543258731
3.8176076055493	0.9411221556111
3.8176092644123	0.94490784477277
3.8176109232753	0.94893228172841
3.8176125821383	0.95476916689228
3.8176142410013	0.96080870065131
3.8176158998643	0.96416275552289
3.8176175587273	0.96714684011632
3.8176192175903	0.97230850801284
3.8176208764533	0.97782900312643
3.8176225353163	0.97914731183946
3.8176241941793	0.97965469872751
3.8176258530424	0.97981584807275
3.8176275119054	0.97990000567319
3.8176291707684	0.98001538102235
3.8176308296314	0.98013865540018
3.8176324884944	0.98417597679829
3.8176341473574	0.98932898981639
3.8176358062204	0.98927362344834
3.8176374650834	0.98755897338719
3.8176391239464	0.98373467662542
3.8176407828094	0.97916428135431
3.8176424416724	0.977608544879
3.8176441005354	0.97722972393513
3.8176457593984	0.97139079477423
3.8176474182614	0.96320953442076
3.8176490771244	0.95872742077741
3.8176507359874	0.95598171574527
3.8176523948504	0.95066020400746
3.8176540537134	0.94401997961627
3.8176557125764	0.94100294661393
3.8176573714395	0.94000338415511
3.8176590303025	0.93911651321243
3.8176606891655	0.93829770513528
3.8176623480285	0.93953998390203
3.8176640068915	0.94212982968812
3.8176656657545	0.9494725559019
3.8176673246175	0.96017298102903
3.8176689834805	0.96810880264949
3.8176706423435	0.97393761147355
3.8176723012065	0.97598027096681
3.8176739600695	0.97491350403007
3.8176756189325	0.97082141390194
3.8176772777955	0.96405532476789
3.8176789366585	0.95652669529679
3.8176805955215	0.94827321314778
3.8176822543845	0.94447825036394
3.8176839132475	0.9452389488043
3.8176855721105	0.94623072999023
3.8176872309735	0.94747615370213
3.8176888898366	0.94858195311083
3.8176905486996	0.94952314608564
3.8176922075626	0.95191169837664
3.8176938664256	0.95613272835723
3.8176955252886	0.95155267754693
3.8176971841516	0.9350053202644
3.8176988430146	0.91884346128159
3.8177005018776	0.90324478677404
3.8177021607406	0.89207032874546
3.8177038196036	0.8878430810688
3.8177054784666	0.89296030020886
3.8177071373296	0.91385849117399
3.8177087961926	0.93274581857715
3.8177104550556	0.94797794351241
3.8177121139186	0.96264667180214
3.8177137727816	0.97621181655252
3.8177154316446	0.98549167058534
3.8177170905076	0.98571481277021
3.8177187493706	0.98756068148006
3.8177204082337	0.99311233490876
3.8177220670967	0.99682831855613
3.8177237259597	0.99600656562736
3.8177253848227	0.99642973958929
3.8177270436857	1.0001916807689
3.8177287025487	1.0028997848164
3.8177303614117	1.0025347400262
3.8177320202747	1.0017753585795
3.8177336791377	0.99976148575951
3.8177353380007	0.99721549674435
3.8177369968637	0.99281701066627
3.8177386557267	0.98952275568302
3.8177403145897	0.99045293238034
3.8177419734527	0.99148267328985
3.8177436323157	0.99293282522532
3.8177452911787	0.99377626669135
3.8177469500417	0.99177582580202
3.8177486089047	0.99011309777378
3.8177502677677	0.99021977736294
3.8177519266307	0.98986970115047
3.8177535854938	0.98682397909198
3.8177552443568	0.98398178959559
3.8177569032198	0.98250646566094
3.8177585620828	0.9820361520519
3.8177602209458	0.98934165807229
3.8177618798088	0.99598685919298
3.8177635386718	0.9966494294518
3.8177651975348	0.99754918386817
3.8177668563978	1.0010180394973
3.8177685152608	1.0039150674141
3.8177701741238	0.99918372567633
3.8177718329868	0.9944515513539
3.8177734918498	0.9897050944987
3.8177751507128	0.98498602319451
3.8177768095758	0.98091529281062
3.8177784684388	0.97665817899958
3.8177801273018	0.96545916997745
3.8177817861648	0.95417212070645
3.8177834450278	0.93555086964991
3.8177851038909	0.91692961859336
3.8177867627539	0.88267991535032
3.8177884216169	0.8483943611021
3.8177900804799	0.81708730607949
3.8177917393429	0.7858297403245
3.8177933982059	0.77568607786832
3.8177950570689	0.76620045884988
3.8177967159319	0.77928550393869
3.8177983747949	0.79340960472392
3.8178000336579	0.82048243825357
3.8178016925209	0.84834757983023
3.8178033513839	0.88139266901502
3.8178050102469	0.91483493385618
3.8178066691099	0.93626140125782
3.8178083279729	0.9565774493902
3.8178099868359	0.97277029226714
3.8178116456989	0.98851576352039
3.8178133045619	0.98722174449557
3.8178149634249	0.9837995152221
3.817816622288	0.98636110624874
3.817818281151	0.98977008390405
3.817819940014	0.99347511404349
3.817821598877	0.99722712881167
3.81782325774	0.9938416085436
3.817824916603	0.98919897391934
3.817826575466	0.98408536256569
3.817828234329	0.97888043335288
3.817829893192	0.98063824821519
3.817831552055	0.98387216519527
3.817833210918	0.98235657384416
3.817834869781	0.97974610902242
3.817836528644	0.98300144663937
3.817838187507	0.98771978188246
3.81783984637	0.98446057211662
3.817841505233	0.97905802907105
3.817843164096	0.97901300001636
3.817844822959	0.98051259206057
3.817846481822	0.98159431912523
3.817848140685	0.98254720405994
3.8178497995481	0.98157654871225
3.8178514584111	0.97997338750753
3.8178531172741	0.98072888716216
3.8178547761371	0.98230925628292
3.8178564350001	0.9777072875258
3.8178580938631	0.97081102942224
3.8178597527261	0.97049911529155
3.8178614115891	0.97277377988256
3.8178630704521	0.97152669509045
3.8178647293151	0.96881779803941
3.8178663881781	0.96672924088859
3.8178680470411	0.96491224862387
3.8178697059041	0.96767221149126
3.8178713647671	0.97254171940056
3.8178730236301	0.9684533119581
3.8178746824931	0.96002476594135
3.8178763413561	0.94023989008652
3.8178780002191	0.91467851490348
3.8178796590821	0.8703079399658
3.8178813179452	0.81590648072239
3.8178829768082	0.76491948729417
3.8178846356712	0.71583921623619
3.8178862945342	0.68588903262448
3.8178879533972	0.6671137197956
3.8178896122602	0.68147518105403
3.8178912711232	0.71605964655133
3.8178929299862	0.75576339100075
3.8178945888492	0.7987283633269
3.8178962477122	0.84222616754193
3.8178979065752	0.88607801119956
3.8178995654382	0.9197229844947
3.8179012243012	0.94630193074924
3.8179028831642	0.96494808951143
3.8179045420272	0.97787645882842
3.8179062008902	0.99110962510138
3.8179078597532	1.0045713032917
3.8179095186162	1.0094595091374
3.8179111774792	1.0076649271568
3.8179128363423	1.0090068368949
3.8179144952053	1.0128883141496
3.8179161540683	1.0107910759434
3.8179178129313	1.0036680280343
3.8179194717943	0.99846508196102
3.8179211306573	0.99493649027472
3.8179227895203	0.99313865658169
3.8179244483833	0.99290569579173
3.8179261072463	0.98732149474189
3.8179277661093	0.97672284836936
3.8179294249723	0.96067718310063
3.8179310838353	0.93934546457491
3.8179327426983	0.91389413678685
3.8179344015613	0.88430414854718
3.8179360604243	0.85222929115092
3.8179377192873	0.81757154762007
3.8179393781503	0.79273847860791
3.8179410370133	0.77846611830322
3.8179426958763	0.77472412050308
3.8179443547394	0.78268367553089
3.8179460136024	0.79881065251218
3.8179476724654	0.82431541652066
3.8179493313284	0.85332274178475
3.8179509901914	0.88648288468011
3.8179526490544	0.91462368144862
3.8179543079174	0.93661996848786
3.8179559667804	0.95274786753069
3.8179576256434	0.96146301935679
3.8179592845064	0.96875891436575
3.8179609433694	0.97420544063456
3.8179626022324	0.97888393381429
3.8179642610954	0.98253047214485
3.8179659199584	0.98505743467603
3.8179675788214	0.986033895769
3.8179692376844	0.98984260959546
3.8179708965474	0.99769253268455
3.8179725554104	1.0032074892281
3.8179742142734	1.0052906786882
3.8179758731364	1.0076689342713
3.8179775319995	1.0104937116892
3.8179791908625	1.0118734149479
3.8179808497255	1.01100235433
3.8179825085885	1.0112047631538
3.8179841674515	1.0131273666794
3.8179858263145	1.013074989225
3.8179874851775	1.0097672053751
3.8179891440405	1.0058282505412
3.8179908029035	1.0008197386073
3.8179924617665	0.99752746852709
3.8179941206295	0.99722442151352
3.8179957794925	0.99784958640927
3.8179974383555	1.0001360956871
3.8179990972185	1.0013010305302
3.8180007560815	1.0004042297959
3.8180024149445	1.0004108695224
3.8180040738075	1.0021228320959
3.8180057326705	1.0042073790495
3.8180073915335	1.0070138103056
3.8180090503966	1.006837190484
3.8180107092596	1.0007303366761
3.8180123681226	0.99571187300397
3.8180140269856	0.99291259957929
3.8180156858486	0.98943130221889
3.8180173447116	0.98452401663512
3.8180190035746	0.9786587951859
3.8180206624376	0.97074058386329
3.8180223213006	0.96586771725406
3.8180239801636	0.96768207605615
3.8180256390266	0.97103583734047
3.8180272978896	0.97785172568967
3.8180289567526	0.98265217431588
3.8180306156156	0.98281128873949
3.8180322744786	0.98433802915372
3.8180339333416	0.9890877448579
3.8180355922046	0.99344195881164
3.8180372510676	0.99684260874961
3.8180389099306	0.9997364582435
3.8180405687937	1.0013807406501
3.8180422276567	1.0013134189058
3.8180438865197	0.99693153075872
3.8180455453827	0.99381225292272
3.8180472042457	0.99394546968221
3.8180488631087	0.99583728310459
3.8180505219717	1.0023563617197
3.8180521808347	1.0061645805983
3.8180538396977	1.0026904989188
3.8180554985607	0.99814262354447
3.8180571574237	0.99065118642717
3.8180588162867	0.98515087806232
3.8180604751497	0.98521875204323
3.8180621340127	0.98470805112359
3.8180637928757	0.98254795914623
3.8180654517387	0.98095007446672
3.8180671106017	0.98098551203551
3.8180687694647	0.98286888953018
3.8180704283277	0.99022157779163
3.8180720871907	0.99707813729217
3.8180737460538	1.0024399137477
3.8180754049168	1.007369348094
3.8180770637798	1.0109732274053
3.8180787226428	1.0129223643382
3.8180803815058	1.0097116555424
3.8180820403688	1.0079675792398
3.8180836992318	1.0108719408309
3.8180853580948	1.0132857321403
3.8180870169578	1.0141200828778
3.8180886758208	1.0142953548972
3.8180903346838	1.0123159480646
3.8180919935468	1.011238337709
3.8180936524098	1.0131524590031
3.8180953112728	1.0141941962517
3.8180969701358	1.0123009215255
3.8180986289988	1.0101668329427
3.8181002878618	1.0072116660777
3.8181019467248	1.0052648441367
3.8181036055878	1.0068007458054
3.8181052644509	1.0078078905298
3.8181069233139	1.0069667259687
3.8181085821769	1.0056208582226
3.8181102410399	1.0024903189013
3.8181118999029	1.0000814514222
3.8181135587659	1.0002528043172
3.8181152176289	1.0005453860638
3.8181168764919	1.0012757936729
3.8181185353549	1.002055573181
3.8181201942179	1.0030153784783
3.8181218530809	1.0047281203201
3.8181235119439	1.0092099998262
3.8181251708069	1.0129185062022
3.8181268296699	1.013758994342
3.8181284885329	1.0142150638691
3.8181301473959	1.0132350946798
3.8181318062589	1.0116245492119
3.8181334651219	1.0076430169526
3.8181351239849	1.0055746602578
3.818136782848	1.0107429540335
3.818138441711	1.0147615175417
3.818140100574	1.014408644413
3.818141759437	1.0145452617178
3.8181434183	1.0165511356885
3.818145077163	1.0179896544873
3.818146736026	1.0172533200627
3.818148394889	1.0169848085603
3.818150053752	1.0185145371446
3.818151712615	1.0203652408312
3.818153371478	1.0234524009531
3.818155030341	1.0238183958634
3.818156689204	1.0136878290712
3.818158348067	1.0054445465674
3.81816000693	1.0044850420855
3.818161665793	1.0032864747854
3.818163324656	1.0011653220623
3.818164983519	1.0000653338212
3.818166642382	1.002902729149
3.818168301245	1.0049781307627
3.8181699601081	1.0041204535205
3.8181716189711	1.0039747039573
3.8181732778341	1.0065624129337
3.8181749366971	1.0070647269124
3.8181765955601	0.9995868234729
3.8181782544231	0.99160866196231
3.8181799132861	0.98172362270541
3.8181815721491	0.97616390038104
3.8181832310121	0.98700984664967
3.8181848898751	0.99546045498643
3.8181865487381	0.9948756605593
3.8181882076011	0.99313831029566
3.8181898664641	0.98707973158805
3.8181915253271	0.98287076777519
3.8181931841901	0.98554747579638
3.8181948430531	0.9875284445266
3.8181965019161	0.98693902874102
3.8181981607791	0.98683168869016
3.8181998196421	0.98849047048603
3.8182014785052	0.99018688733475
3.8182031373682	0.99201992717089
3.8182047962312	0.9938593034909
3.8182064550942	0.99572145607863
3.8182081139572	0.99730546747323
3.8182097728202	0.99790004698878
3.8182114316832	0.99796455608208
3.8182130905462	0.99616471650645
3.8182147494092	0.9960247816728
3.8182164082722	1.0016544145035
3.8182180671352	1.0037689800465
3.8182197259982	0.9938176674486
3.8182213848612	0.98566582956824
3.8182230437242	0.98361131485854
3.8182247025872	0.98238941373054
3.8182263614502	0.98394989772993
3.8182280203132	0.98302520668593
3.8182296791762	0.97391350885035
3.8182313380392	0.96910317889267
3.8182329969023	0.97825304360016
3.8182346557653	0.98501063018642
3.8182363146283	0.98412384132385
3.8182379734913	0.98385331130552
3.8182396323543	0.98552084712838
3.8182412912173	0.98722879333631
3.8182429500803	0.98906174051111
3.8182446089433	0.99109652305732
3.8182462678063	0.99374490689768
3.8182479266693	0.99519960248069
3.8182495855323	0.99308900879782
3.8182512443953	0.99227728705672
3.8182529032583	0.99527565374817
3.8182545621213	0.99558127155519
3.8182562209843	0.98813509092328
3.8182578798473	0.9826375719241
3.8182595387103	0.98264358337324
3.8182611975733	0.98260825966324
3.8182628564363	0.98245846429035
3.8182645152994	0.98064607721317
3.8182661741624	0.97432117994163
3.8182678330254	0.96870598886684
3.8182694918884	0.96497770974086
3.8182711507514	0.95804171532468
3.8182728096144	0.94275378816484
3.8182744684774	0.92888010797662
3.8182761273404	0.91861079899812
3.8182777862034	0.91126995439752
3.8182794450664	0.91123136609354
3.8182811039294	0.90958935024577
3.8182827627924	0.90403727155115
3.8182844216554	0.90779970765388
3.8182860805184	0.93376560434274
3.8182877393814	0.95115350376043
3.8182893982444	0.94855809231611
3.8182910571074	0.95011607976837
3.8182927159704	0.96112601829633
3.8182943748334	0.97105349714501
3.8182960336964	0.9785755910379
3.8182976925595	0.98374187700695
3.8182993514225	0.98379852838604
3.8183010102855	0.98512492861572
3.8183026691485	0.98913834307773
3.8183043280115	0.99205308072441
3.8183059868745	0.99269988320984
3.8183076457375	0.99312068247125
3.8183093046005	0.99308658515649
3.8183109634635	0.99356701367073
3.8183126223265	0.99505686596884
3.8183142811895	0.99519116731542
3.8183159400525	0.99273437390869
3.8183175989155	0.99069860412893
3.8183192577785	0.98944677877472
3.8183209166415	0.98683530029232
3.8183225755045	0.98175904770447
3.8183242343675	0.97703248269127
3.8183258932305	0.9729229536275
3.8183275520935	0.97013675753696
3.8183292109566	0.96962260308005
3.8183308698196	0.96689323979351
3.8183325286826	0.96046399134265
3.8183341875456	0.95370213583484
3.8183358464086	0.9464001571719
3.8183375052716	0.93826677079156
3.8183391641346	0.92882097005795
3.8183408229976	0.91588168466454
3.8183424818606	0.89758388317405
3.8183441407236	0.87725415825296
3.8183457995866	0.85389714532808
3.8183474584496	0.83789440599823
3.8183491173126	0.83253008666323
3.8183507761756	0.83287898759067
3.8183524350386	0.84125036615336
3.8183540939016	0.85742612793667
3.8183557527646	0.88423377988337
3.8183574116276	0.91166405040503
3.8183590704906	0.93991700179141
3.8183607293537	0.96151462680094
3.8183623882167	0.97458646052229
3.8183640470797	0.98248356223572
3.8183657059427	0.98395535769219
3.8183673648057	0.98651537828706
3.8183690236687	0.99038429604633
3.8183706825317	0.99323060902235
3.8183723413947	0.99488581637147
3.8183740002577	0.99468686178356
3.8183756591207	0.99239743044955
3.8183773179837	0.9933917087487
3.8183789768467	0.99796786796592
3.8183806357097	0.99808351345892
3.8183822945727	0.99349408136807
3.8183839534357	0.99128341485575
3.8183856122987	0.99149833931658
3.8183872711617	0.99339501453279
3.8183889300247	0.99694853832014
3.8183905888877	0.99951849805929
3.8183922477507	1.0011527472501
3.8183939066138	1.0003859061643
3.8183955654768	0.99741452597292
3.8183972243398	0.99639220432036
3.8183988832028	0.99709590642165
3.8184005420658	0.99277514692118
3.8184022009288	0.98416471624276
3.8184038597918	0.97570401515925
3.8184055186548	0.96736645521515
3.8184071775178	0.96203506481046
3.8184088363808	0.9590840414257
3.8184104952438	0.96065423597793
3.8184121541068	0.96566880278207
3.8184138129698	0.96695086150633
3.8184154718328	0.96549876586255
3.8184171306958	0.97173182468571
3.8184187895588	0.98337275895709
3.8184204484218	0.99142206420243
3.8184221072848	0.99704518564811
3.8184237661478	0.99637165854545
3.8184254250109	0.99161856867282
3.8184270838739	0.99428762181762
3.8184287427369	1.0015644919711
3.8184304015999	1.0018044538783
3.8184320604629	0.99786252364035
3.8184337193259	0.9922051792819
3.8184353781889	0.98557285951503
3.8184370370519	0.97647567566704
3.8184386959149	0.96604018783301
3.8184403547779	0.9586342978747
3.8184420136409	0.95279787202072
3.8184436725039	0.94955898904047
3.8184453313669	0.94760232199007
3.8184469902299	0.94776347716845
3.8184486490929	0.94891935629194
3.8184503079559	0.95505552231873
3.8184519668189	0.96341404730775
3.8184536256819	0.95987511930705
3.8184552845449	0.95129981136991
3.818456943408	0.94720872822102
3.818458602271	0.94491515351632
3.818460261134	0.94670571314227
3.818461919997	0.95004346456039
3.81846357886	0.9594305437475
3.818465237723	0.97097869738975
3.818466896586	0.97863672247816
3.818468555449	0.98498707714625
3.818470214312	0.98792401922407
3.818471873175	0.98978412288286
3.818473532038	0.99043948506312
3.818475190901	0.99073928888958
3.818476849764	0.98712990975422
3.818478508627	0.98244449740721
3.81848016749	0.98160457324037
3.818481826353	0.98174845828834
3.818483485216	0.98389428178651
