6545.075069 0.989906
6545.122297 0.988854
6545.169521 0.98558
6545.216743 0.97801
6545.263961 0.966491
6545.311177 0.958331
6545.358389 0.960212
6545.405599 0.954031
6545.452805 0.964437
6545.500009 0.964656
6545.547209 0.965586
6545.594407 0.96837
6545.641601 0.970333
6545.688793 0.971821
6545.735981 0.976647
6545.783167 0.9778
6545.830349 0.976003
6545.877529 0.973102
6545.924705 0.977989
6545.971879 0.980363
6546.01905 0.972856
6546.066217 0.967424
6546.113382 0.956662
6546.160543 0.952458
6546.207702 0.958541
6546.254857 0.966901
6546.30201 0.97872
6546.34916 0.982512
6546.396306 0.986845
6546.44345 0.983783
6546.49059 0.974959
6546.537728 0.955864
6546.584863 0.917275
6546.631994 0.857586
6546.679123 0.779803
6546.726248 0.705286
6546.773371 0.682036
6546.820491 0.712677
6546.867607 0.783852
6546.914721 0.858231
6546.961831 0.920391
6547.008939 0.956404
6547.056044 0.970374
6547.103145 0.978677
6547.150244 0.977473
6547.197339 0.980096
6547.244432 0.975273
6547.291522 0.965769
6547.338608 0.957646
6547.385692 0.945834
6547.432772 0.927645
6547.47985 0.925128
6547.526924 0.926636
6547.573996 0.928805
6547.621064 0.933104
6547.66813 0.925315
6547.715193 0.913877
6547.762252 0.904901
6547.809309 0.892545
6547.856362 0.896539
6547.903413 0.900232
6547.95046 0.904955
6547.997505 0.906775
6548.044546 0.898657
6548.091585 0.894986
6548.13862 0.900391
6548.185653 0.903912
6548.232682 0.914225
6548.279708 0.912991
6548.326732 0.922878
6548.373752 0.925107
6548.42077 0.937568
6548.467784 0.941873
6548.514795 0.942539
6548.561804 0.937354
6548.608809 0.92232
6548.655812 0.917364
6548.702811 0.929837
6548.749807 0.939948
6548.7968 0.947266
6548.843791 0.954117
6548.890778 0.965271
6548.937762 0.975565
6548.984744 0.983236
6549.031722 0.983974
6549.078697 0.995659
6549.125669 0.996828
6549.172638 0.992939
6549.219605 0.994881
6549.266568 0.994053
6549.313528 0.992203
6549.360485 0.985771
6549.407439 0.975078
6549.45439 0.966272
6549.501338 0.963843
6549.548283 0.972161
6549.595226 0.976561
6549.642165 0.981715
6549.689101 0.985223
6549.736034 0.988216
6549.782964 0.9894
6549.82989 0.98882
6549.876814 0.978248
6549.923735 0.980836
6549.970653 0.972806
6550.017568 0.973745
6550.06448 0.978145
6550.111389 0.982679
6550.158295 0.983134
6550.205197 0.984515
6550.252097 0.981785
6550.298994 0.977714
6550.345888 0.985732
6550.392778 0.985937
6550.439666 0.979468
6550.486551 0.981875
6550.533432 0.983861
6550.580311 0.986703
6550.627186 0.976913
6550.674059 0.960453
6550.720928 0.952349
6550.767795 0.941717
6550.814658 0.937966
6550.861519 0.950673
6550.908376 0.962433
6550.955231 0.974182
6551.002082 0.980093
6551.04893 0.982322
6551.095776 0.987893
6551.142618 0.98348
6551.189457 0.981964
6551.236293 0.981552
6551.283127 0.976293
6551.329957 0.971535
6551.376784 0.963803
6551.423608 0.955966
6551.470429 0.963129
6551.517247 0.974544
6551.564062 0.98487
6551.610874 0.985938
6551.657683 0.984422
6551.704489 0.986615
6551.751292 0.98072
6551.798092 0.976962
6551.844889 0.966942
6551.891682 0.956769
6551.938473 0.947269
6551.985261 0.941325
6552.032046 0.933057
6552.078827 0.920693
6552.125606 0.894534
6552.172382 0.873183
6552.219154 0.87437
6552.265924 0.89814
6552.31269 0.932889
6552.359454 0.957472
6552.406214 0.973281
6552.452971 0.976949
6552.499726 0.978233
6552.546477 0.983777
6552.593225 0.978927
6552.63997 0.969752
6552.686713 0.965706
6552.733452 0.966773
6552.780188 0.971228
6552.826921 0.971627
6552.873651 0.965408
6552.920378 0.959463
6552.967102 0.961727
6553.013823 0.959031
6553.060541 0.954959
6553.107256 0.950216
6553.153968 0.941115
6553.200676 0.947065
6553.247382 0.953153
6553.294085 0.961483
6553.340784 0.963203
6553.387481 0.967311
6553.434174 0.959774
6553.480865 0.961513
6553.527552 0.963746
6553.574237 0.963927
6553.620918 0.964429
6553.667597 0.957654
6553.714272 0.953197
6553.760944 0.955264
6553.807613 0.969532
6553.854279 0.971124
6553.900943 0.970768
6553.947603 0.969962
6553.99426 0.966928
6554.040914 0.964555
6554.087565 0.966813
6554.134212 0.971283
6554.180857 0.973105
6554.227499 0.973251
6554.274138 0.968473
6554.320774 0.962252
6554.367406 0.952072
6554.414036 0.952618
6554.460662 0.96156
6554.507286 0.969694
6554.553906 0.964477
6554.600524 0.936715
6554.647138 0.890335
6554.693749 0.848178
6554.740357 0.818896
6554.786963 0.831689
6554.833565 0.870409
6554.880164 0.908482
6554.92676 0.938462
6554.973353 0.954341
6555.019943 0.962139
6555.06653 0.967483
6555.113114 0.967569
6555.159694 0.962984
6555.206272 0.961131
6555.252847 0.953622
6555.299418 0.9448
6555.345987 0.94018
6555.392552 0.943508
6555.439115 0.948435
6555.485674 0.949728
6555.532231 0.946364
6555.578784 0.939159
6555.625334 0.930562
6555.671881 0.929643
6555.718425 0.933481
6555.764966 0.940329
6555.811504 0.937018
6555.858039 0.915445
6555.904571 0.886716
6555.9511 0.84042
6555.997626 0.828789
6556.044148 0.848094
6556.090668 0.882946
6556.137185 0.912577
6556.183698 0.929758
6556.230209 0.930679
6556.276716 0.926206
6556.32322 0.917695
6556.369722 0.913266
6556.41622 0.908658
6556.462715 0.888848
6556.509207 0.847568
6556.555696 0.803537
6556.602182 0.788941
6556.648665 0.82076
6556.695145 0.869522
6556.741622 0.919395
6556.788095 0.939174
6556.834566 0.948877
6556.881034 0.947863
6556.927498 0.946868
6556.97396 0.942877
6557.020418 0.94249
6557.066873 0.943949
6557.113326 0.934547
6557.159775 0.918313
6557.206221 0.898902
6557.252664 0.87793
6557.299104 0.855647
6557.345541 0.856775
6557.391975 0.883632
6557.438406 0.906609
6557.484833 0.927142
6557.531258 0.935639
6557.577679 0.941205
6557.624098 0.937848
6557.670513 0.942974
6557.716926 0.942281
6557.763335 0.946163
6557.809741 0.955073
6557.856144 0.951809
6557.902545 0.947321
6557.948942 0.942303
6557.995336 0.939419
6558.041726 0.939744
6558.088114 0.944396
6558.134499 0.944242
6558.180881 0.944683
6558.227259 0.94293
6558.273635 0.938524
6558.320007 0.936848
6558.366377 0.932424
6558.412743 0.928092
6558.459106 0.920693
6558.505466 0.90975
6558.551823 0.891989
6558.598177 0.886534
6558.644528 0.881144
6558.690876 0.881594
6558.737221 0.88949
6558.783562 0.906547
6558.829901 0.922495
6558.876237 0.932981
6558.922569 0.933721
6558.968898 0.933523
6559.015225 0.927016
6559.061548 0.927632
6559.107868 0.932686
6559.154185 0.942527
6559.200499 0.94274
6559.24681 0.944045
6559.293118 0.941735
6559.339423 0.933692
6559.385724 0.925905
6559.432023 0.927494
6559.478318 0.932258
6559.524611 0.936635
6559.5709 0.937696
6559.617186 0.940729
6559.663469 0.94644
6559.709749 0.944172
6559.756027 0.941124
6559.8023 0.94465
6559.848571 0.939703
6559.894839 0.927245
6559.941104 0.904822
6559.987365 0.872479
6560.033624 0.837417
6560.079879 0.820361
6560.126132 0.825531
6560.172381 0.85189
6560.218627 0.873417
6560.26487 0.892777
6560.31111 0.898781
6560.357347 0.906091
6560.403581 0.919094
6560.449811 0.92621
6560.496039 0.922251
6560.542264 0.923514
6560.588485 0.919242
6560.634703 0.906141
6560.680919 0.889063
6560.727131 0.868989
6560.77334 0.865592
6560.819546 0.867297
6560.865749 0.876652
6560.911949 0.876009
6560.958145 0.863366
6561.004339 0.841912
6561.05053 0.819039
6561.096717 0.802081
6561.142902 0.797727
6561.189083 0.811823
6561.235261 0.828708
6561.281436 0.846443
6561.327608 0.861217
6561.373777 0.871667
6561.419943 0.875129
6561.466106 0.875678
6561.512265 0.871727
6561.558422 0.87797
6561.604575 0.874861
6561.650726 0.872547
6561.696873 0.868529
6561.743017 0.859765
6561.789158 0.859267
6561.835296 0.855661
6561.881431 0.859313
6561.927563 0.859988
6561.973691 0.85816
6562.019817 0.856493
6562.065939 0.850106
6562.112059 0.845119
6562.158175 0.836009
6562.204288 0.828383
6562.250398 0.816997
6562.296505 0.803323
6562.342609 0.790208
6562.38871 0.773404
6562.434807 0.762234
6562.480902 0.746142
6562.526994 0.727323
6562.573082 0.704048
6562.619167 0.677525
6562.665249 0.644302
6562.711328 0.614515
6562.757404 0.584414
6562.803477 0.555019
6562.849547 0.528771
6562.895614 0.506526
6562.941677 0.488048
6562.987738 0.473852
6563.033795 0.460825
6563.079849 0.449046
6563.1259 0.436554
6563.171948 0.42303
6563.217993 0.417481
6563.264035 0.408711
6563.310074 0.400145
6563.35611 0.391644
6563.402142 0.3836
6563.448171 0.378922
6563.494198 0.374155
6563.540221 0.371146
6563.586241 0.36457
6563.632258 0.365294
6563.678272 0.363271
6563.724283 0.363628
6563.77029 0.367586
6563.816295 0.374697
6563.862296 0.378734
6563.908294 0.387771
6563.95429 0.40324
6564.000282 0.422783
6564.046271 0.449822
6564.092257 0.474461
6564.138239 0.495838
6564.184219 0.511242
6564.230196 0.527713
6564.276169 0.539904
6564.322139 0.552126
6564.368106 0.559522
6564.414071 0.558797
6564.460032 0.557425
6564.505989 0.546936
6564.551944 0.541418
6564.597896 0.549496
6564.643844 0.563866
6564.68979 0.577609
6564.735732 0.584626
6564.781671 0.600356
6564.827607 0.613893
6564.87354 0.624657
6564.91947 0.633979
6564.965397 0.641886
6565.01132 0.646646
6565.057241 0.657497
6565.103158 0.66234
6565.149072 0.663973
6565.194983 0.673698
6565.240891 0.684021
6565.286796 0.693856
6565.332698 0.702614
6565.378597 0.708283
6565.424492 0.71917
6565.470385 0.723845
6565.516274 0.726943
6565.56216 0.740124
6565.608043 0.744715
6565.653923 0.754976
6565.6998 0.763832
6565.745673 0.768252
6565.791544 0.765236
6565.837411 0.765204
6565.883276 0.7588
6565.929137 0.753412
6565.974995 0.745759
6566.02085 0.745712
6566.066702 0.751899
6566.11255 0.776809
6566.158396 0.803619
6566.204238 0.82596
6566.250078 0.836071
6566.295914 0.841539
6566.341747 0.850075
6566.387577 0.842637
6566.433404 0.842329
6566.479227 0.85012
6566.486175 0.852433
6566.537104 0.861403
6566.588031 0.869514
6566.638955 0.87675
6566.689877 0.882538
6566.740796 0.890432
6566.791712 0.892082
6566.842625 0.900151
6566.893536 0.908251
6566.944444 0.906796
6566.995349 0.909209
6567.046252 0.907732
6567.097152 0.910678
6567.148049 0.907901
6567.198944 0.909053
6567.249836 0.905467
6567.300725 0.91162
6567.351611 0.911181
6567.402495 0.909315
6567.453376 0.915364
6567.504254 0.913742
6567.55513 0.906075
6567.606003 0.913375
6567.656873 0.91294
6567.707741 0.92285
6567.758605 0.92439
6567.809468 0.917601
6567.860327 0.919355
6567.911184 0.916964
6567.962038 0.914527
6568.012889 0.92924
6568.063738 0.935665
6568.114584 0.930334
6568.165427 0.931995
6568.216267 0.935765
6568.267105 0.925604
6568.31794 0.936348
6568.368772 0.942526
6568.419602 0.948625
6568.470429 0.95262
6568.521253 0.950748
6568.572075 0.952827
6568.622894 0.953691
6568.67371 0.954311
6568.724523 0.928864
6568.775334 0.940506
6568.826142 0.933923
6568.876947 0.923262
6568.92775 0.938343
6568.978549 0.947571
6569.029347 0.947038
6569.080141 0.948706
6569.130933 0.959551
6569.181722 0.955427
6569.232508 0.953642
6569.283292 0.930201
6569.334073 0.940968
6569.384851 0.929462
6569.435626 0.913109
6569.486399 0.900351
6569.537169 0.891343
6569.587936 0.869523
6569.638701 0.822132
6569.689463 0.790072
6569.740222 0.733319
6569.790978 0.747534
6569.841732 0.80728
6569.892483 0.865906
6569.943231 0.908671
6569.993977 0.937804
6570.04472 0.946433
6570.09546 0.950477
6570.146197 0.947279
6570.196932 0.944469
6570.247664 0.932813
6570.298393 0.923216
6570.34912 0.909831
6570.399844 0.891951
6570.450565 0.876796
6570.501283 0.888688
6570.551999 0.896411
6570.602712 0.905142
6570.653422 0.907935
6570.70413 0.905119
6570.754835 0.89369
6570.805537 0.906115
6570.856236 0.903324
6570.906933 0.877419
6570.957627 0.884156
6571.008318 0.879381
6571.059006 0.870245
6571.109692 0.862168
6571.160375 0.872012
6571.211056 0.865634
6571.261733 0.858246
6571.312408 0.865018
6571.36308 0.870847
6571.41375 0.891584
6571.464416 0.903693
6571.51508 0.901341
6571.565742 0.901556
6571.6164 0.902388
6571.667056 0.904837
6571.717709 0.926652
6571.768359 0.937062
6571.819007 0.944901
6571.869652 0.936881
6571.920294 0.947883
6571.970933 0.955029
6572.02157 0.952432
6572.072204 0.947575
6572.122835 0.953005
6572.173464 0.946783
6572.22409 0.936668
6572.274713 0.953789
6572.325333 0.945895
6572.375951 0.918404
6572.426566 0.949887
6572.477178 0.936942
6572.527787 0.938183
6572.578394 0.942394
6572.628998 0.931563
6572.679599 0.936634
6572.730197 0.929895
6572.780793 0.935466
6572.831386 0.935312
6572.881977 0.947022
6572.932564 0.953104
6572.983149 0.949142
6573.033731 0.943196
6573.08431 0.917294
6573.134887 0.900419
6573.185461 0.858989
6573.236032 0.793949
6573.286601 0.744686
6573.337166 0.742944
6573.387729 0.780701
6573.438289 0.843414
6573.488847 0.901075
6573.539402 0.938534
6573.589954 0.960624
6573.640503 0.960558
6573.691049 0.957533
6573.741593 0.958181
6573.792134 0.967037
6573.842673 0.962022
6573.893208 0.988513
6573.943741 0.966776
6573.994271 0.963238
6574.044799 0.962801
6574.095323 0.963125
6574.145845 0.960169
6574.196364 0.954664
6574.246881 0.947963
6574.297394 0.9361
6574.347905 0.961542
6574.398413 0.960177
6574.448919 0.931891
6574.499422 0.932663
6574.549922 0.929714
6574.600419 0.906019
6574.650913 0.845831
6574.701405 0.780276
6574.751894 0.741412
6574.80238 0.755928
6574.852864 0.826173
6574.903344 0.889437
6574.953822 0.925377
6575.004298 0.952304
6575.05477 0.947162
6575.10524 0.955065
6575.155707 0.954685
6575.206171 0.934204
6575.256633 0.939764
6575.307092 0.921926
6575.357548 0.907641
6575.408001 0.865105
6575.458452 0.800317
6575.508899 0.736454
6575.559344 0.714209
6575.609787 0.745309
6575.660226 0.803753
6575.710663 0.862046
6575.761097 0.895091
6575.811529 0.920879
6575.861957 0.913108
6575.912383 0.916858
6575.962806 0.942319
6576.013226 0.923278
6576.063644 0.931313
6576.114059 0.918945
6576.164471 0.942503
6576.21488 0.931144
6576.265287 0.926838
6576.31569 0.924665
6576.366091 0.914762
6576.41649 0.893544
6576.466885 0.906569
6576.517278 0.89921
6576.567668 0.893062
6576.618055 0.895874
6576.66844 0.894997
6576.718822 0.887358
6576.769201 0.887897
6576.819577 0.894038
6576.869951 0.907116
6576.920321 0.915845
6576.970689 0.919995
6577.021055 0.925889
6577.071417 0.918999
6577.121777 0.890859
6577.172134 0.912901
6577.222488 0.92067
6577.272839 0.925932
6577.323188 0.91794
6577.373534 0.918448
6577.423877 0.93113
6577.474218 0.934523
6577.524555 0.949996
6577.57489 0.959895
6577.625222 0.972257
6577.675552 0.972075
6577.725878 0.957362
6577.776202 0.984088
6577.826523 0.977623
6577.876842 0.956711
6577.927157 0.956286
6577.97747 0.958312
6578.02778 0.961553
6578.078087 0.965192
6578.128392 0.955921
6578.178694 0.963411
6578.228993 0.96651
6578.279289 0.972658
6578.329582 0.972751
6578.379873 0.961687
6578.430161 0.974566
6578.480446 0.975839
6578.530729 0.957905
6578.581008 0.967615
6578.631285 0.967235
6578.681559 0.972846
6578.731831 0.933915
6578.782099 0.997589
6578.832365 0.982436
6578.882628 0.965111
6578.932888 0.956085
6578.983146 0.974662
6579.033401 0.970838
6579.083653 0.961093
6579.133902 0.955424
6579.184148 0.952115
6579.234392 0.96812
6579.284633 0.959855
6579.334871 0.941868
6579.385107 0.957531
6579.435339 0.970329
6579.485569 0.937441
6579.535796 0.96026
6579.58602 0.950609
6579.636242 0.957862
6579.686461 0.9641
6579.736677 0.986056
6579.78689 0.97328
6579.8371 0.954688
6579.887308 0.957685
6579.937513 0.963609
6579.987715 0.959986
6580.037914 0.9691
6580.088111 0.963393
6580.138304 0.965547
6580.188495 0.954362
6580.238684 0.954971
6580.288869 0.953229
6580.339052 0.961181
6580.389232 0.959919
6580.439409 0.962199
6580.489583 0.960025
6580.539755 0.960181
6580.589924 0.944692
6580.64009 0.926305
6580.690253 0.916673
6580.740413 0.912044
6580.790571 0.909504
6580.840726 0.943907
6580.890878 0.942206
6580.941027 0.961384
6580.991174 0.964178
6581.041318 0.982296
6581.091459 0.977649
6581.141597 0.982681
6581.191733 0.972294
6581.241865 0.956043
6581.291995 0.943786
6581.342122 0.935997
6581.392247 0.904071
6581.442368 0.918133
6581.492487 0.895488
6581.542603 0.890198
6581.592716 0.872185
6581.642826 0.836626
6581.692934 0.810755
6581.743039 0.798422
6581.793141 0.830418
6581.84324 0.88648
6581.893337 0.907234
6581.943431 0.93101
6581.993521 0.960759
6582.04361 0.907495
6582.093695 0.905297
6582.143778 0.912894
6582.193857 0.926368
6582.243934 0.956709
6582.294009 0.938132
6582.34408 0.956417
6582.394149 0.947268
6582.444214 0.943663
6582.494278 0.936683
6582.544338 0.932996
6582.594395 0.923643
6582.64445 0.895769
6582.694502 0.905443
6582.744551 0.964758
6582.794597 0.952778
6582.844641 0.924192
6582.894682 0.93104
6582.94472 0.944334
6582.994755 0.964973
6583.044787 0.948532
6583.094817 0.945203
6583.144843 0.930203
6583.194867 0.922204
6583.244889 0.922556
6583.294907 0.918948
6583.344923 0.911878
6583.394936 0.912673
6583.444946 0.917964
6583.494953 0.944706
6583.544957 1.016529
6583.594959 1.000659
6583.644958 0.989961
6583.694954 0.980527
6583.744947 0.972946
6583.794938 0.957241
6583.844925 0.967617
6583.89491 0.966456
6583.944892 0.971936
