6545.056628 0.976097
6545.103854 0.974712
6545.151078 0.966412
6545.198298 0.965475
6545.245516 0.974486
6545.29273 0.986862
6545.339941 0.99796
6545.38715 0.990546
6545.434355 0.991577
6545.481558 0.990865
6545.528757 0.980595
6545.575953 0.953499
6545.623147 0.900684
6545.670337 0.829291
6545.717525 0.750417
6545.764709 0.692341
6545.811891 0.691634
6545.859069 0.744051
6545.906245 0.811465
6545.953417 0.891528
6546.000586 0.940022
6546.047753 0.972869
6546.094916 0.979362
6546.142077 0.986367
6546.189234 0.97863
6546.236389 0.985146
6546.28354 0.970981
6546.330689 0.969697
6546.377834 0.961206
6546.424977 0.948443
6546.472116 0.942249
6546.519253 0.938169
6546.566386 0.9382
6546.613517 0.939221
6546.660644 0.945146
6546.707769 0.943647
6546.75489 0.932774
6546.802009 0.910948
6546.849124 0.90774
6546.896236 0.910958
6546.943346 0.919275
6546.990452 0.922069
6547.037556 0.919536
6547.084656 0.905659
6547.131754 0.908376
6547.178848 0.916158
6547.22594 0.918553
6547.273028 0.927283
6547.320114 0.928493
6547.367196 0.933844
6547.414275 0.940358
6547.461352 0.947797
6547.508425 0.953978
6547.555496 0.950619
6547.602563 0.936471
6547.649627 0.905079
6547.696689 0.886302
6547.743747 0.909503
6547.790803 0.93379
6547.837855 0.957216
6547.884904 0.975991
6547.931951 0.982259
6547.978994 0.989524
6548.026034 1.001649
6548.073072 1.000828
6548.120106 1.000252
6548.167137 0.99807
6548.214166 1.000378
6548.261191 0.999972
6548.308213 0.994399
6548.355232 0.991531
6548.402249 0.986209
6548.449262 0.974893
6548.496272 0.961051
6548.543279 0.937636
6548.590283 0.895833
6548.637285 0.899954
6548.684283 0.928818
6548.731278 0.972729
6548.77827 0.983742
6548.825259 0.990683
6548.872245 0.99537
6548.919228 0.994854
6548.966209 0.997667
6549.013186 0.998774
6549.06016 0.983649
6549.107131 0.986522
6549.154099 0.982094
6549.201064 0.98902
6549.248026 0.991733
6549.294985 0.992229
6549.341941 0.993707
6549.388894 0.996007
6549.435844 0.997434
6549.482791 0.993749
6549.529734 0.993904
6549.576675 0.99056
6549.623613 0.989754
6549.670548 0.991785
6549.71748 0.969319
6549.764409 0.958915
6549.811334 0.951707
6549.858257 0.9575
6549.905177 0.968668
6549.952094 0.978804
6549.999007 0.984425
6550.045918 0.993731
6550.092826 0.995461
6550.13973 0.998649
6550.186632 0.993599
6550.23353 0.996263
6550.280426 0.989894
6550.327319 0.984615
6550.374208 0.979721
6550.421095 0.966091
6550.467978 0.965639
6550.514859 0.977626
6550.561736 0.993128
6550.60861 1.0009
6550.655482 1.010605
6550.70235 1.0017
6550.749215 0.996071
6550.796078 0.987599
6550.842937 0.991552
6550.889793 0.978415
6550.936646 0.964495
6550.983497 0.954514
6551.030344 0.960341
6551.077188 0.951216
6551.124029 0.930781
6551.170867 0.901971
6551.217702 0.887028
6551.264534 0.902776
6551.311363 0.938817
6551.358189 0.966322
6551.405012 0.984493
6551.451832 0.99539
6551.498649 1.001052
6551.545463 0.998102
6551.592274 0.997986
6551.639081 0.995966
6551.685886 0.995737
6551.732688 0.99425
6551.779487 0.991749
6551.826282 0.983889
6551.873075 0.976357
6551.919864 0.979314
6551.966651 0.966328
6552.013434 0.957584
6552.060215 0.962387
6552.106992 0.956349
6552.153767 0.955184
6552.200538 0.951048
6552.247307 0.962969
6552.294072 0.97154
6552.340834 0.981393
6552.387594 0.968655
6552.43435 0.970751
6552.481103 0.9628
6552.527853 0.943073
6552.5746 0.8957
6552.621344 0.872814
6552.668085 0.875409
6552.714823 0.911158
6552.761558 0.945302
6552.80829 0.965123
6552.855019 0.973569
6552.901745 0.978945
6552.948468 0.990281
6552.995187 0.980608
6553.041904 0.990881
6553.088618 0.982701
6553.135329 0.991105
6553.182036 0.994025
6553.228741 0.987693
6553.275442 0.987181
6553.322141 0.984235
6553.368836 0.971559
6553.415529 0.973026
6553.462218 0.979114
6553.508904 0.981873
6553.555588 0.977015
6553.602268 0.9604
6553.648945 0.932399
6553.695619 0.874373
6553.74229 0.816387
6553.788958 0.805877
6553.835623 0.844119
6553.882285 0.903659
6553.928944 0.936131
6553.9756 0.963163
6554.022253 0.979827
6554.068903 0.986504
6554.11555 0.994101
6554.162193 0.985497
6554.208834 0.978467
6554.255472 0.967125
6554.302106 0.961851
6554.348738 0.951974
6554.395366 0.957488
6554.441991 0.962204
6554.488614 0.970406
6554.535233 0.969849
6554.581849 0.956861
6554.628463 0.944201
6554.675073 0.937904
6554.72168 0.943159
6554.768284 0.951107
6554.814885 0.946462
6554.861483 0.939283
6554.908078 0.910397
6554.95467 0.872648
6555.001259 0.849133
6555.047844 0.854086
6555.094427 0.887271
6555.141007 0.914732
6555.187583 0.939729
6555.234157 0.945334
6555.280728 0.938189
6555.327295 0.927037
6555.373859 0.928423
6555.420421 0.928346
6555.466979 0.909583
6555.513534 0.870348
6555.560087 0.828073
6555.606636 0.803016
6555.653182 0.821614
6555.699725 0.867698
6555.746265 0.909655
6555.792802 0.948794
6555.839335 0.959435
6555.885866 0.955642
6555.932394 0.959991
6555.978919 0.954777
6556.02544 0.954628
6556.071959 0.954746
6556.118474 0.954112
6556.164987 0.94508
6556.211496 0.926933
6556.258003 0.910486
6556.304506 0.8759
6556.351006 0.87443
6556.397503 0.884775
6556.443997 0.920623
6556.490488 0.937109
6556.536976 0.959351
6556.583461 0.958656
6556.629943 0.955803
6556.676422 0.949561
6556.722898 0.95852
6556.76937 0.959198
6556.81584 0.966426
6556.862307 0.959771
6556.90877 0.967776
6556.95523 0.964094
6557.001688 0.948894
6557.048142 0.95341
6557.094593 0.928095
6557.141041 0.911985
6557.187487 0.901675
6557.233929 0.92537
6557.280368 0.939831
6557.326803 0.948997
6557.373236 0.951801
6557.419666 0.951541
6557.466093 0.947899
6557.512516 0.931929
6557.558937 0.919678
6557.605355 0.907751
6557.651769 0.893402
6557.69818 0.894929
6557.744589 0.907148
6557.790994 0.922585
6557.837396 0.939531
6557.883795 0.945346
6557.930191 0.956195
6557.976584 0.951744
6558.022974 0.939313
6558.069361 0.931776
6558.115745 0.928023
6558.162125 0.934414
6558.208503 0.948684
6558.254877 0.953978
6558.301249 0.957753
6558.347617 0.958014
6558.393983 0.945822
6558.440345 0.946658
6558.486704 0.946144
6558.53306 0.952466
6558.579413 0.960157
6558.625763 0.960125
6558.67211 0.960627
6558.718454 0.968233
6558.764795 0.967814
6558.811132 0.974329
6558.857467 0.965507
6558.903798 0.959964
6558.950127 0.94574
6558.996452 0.915154
6559.042775 0.876278
6559.089094 0.845135
6559.13541 0.841129
6559.181723 0.860324
6559.228033 0.888631
6559.27434 0.911017
6559.320644 0.916509
6559.366944 0.923836
6559.413242 0.944602
6559.459537 0.943139
6559.505828 0.952177
6559.552117 0.945617
6559.598402 0.937145
6559.644684 0.921924
6559.690964 0.905872
6559.73724 0.885266
6559.783513 0.88874
6559.829783 0.888431
6559.87605 0.903558
6559.922313 0.89866
6559.968574 0.889418
6560.014832 0.869911
6560.061086 0.846583
6560.107338 0.819812
6560.153586 0.821633
6560.199831 0.836323
6560.246074 0.848403
6560.292313 0.870577
6560.338549 0.876897
6560.384782 0.881306
6560.431012 0.872388
6560.477239 0.862343
6560.523462 0.868825
6560.569683 0.873116
6560.6159 0.881321
6560.662115 0.874703
6560.708326 0.877644
6560.754535 0.882
6560.80074 0.871885
6560.846942 0.878724
6560.893141 0.873404
6560.939337 0.868292
6560.98553 0.869194
6561.03172 0.862969
6561.077906 0.848432
6561.12409 0.84962
6561.17027 0.834646
6561.216448 0.847704
6561.262622 0.838994
6561.308793 0.8346
6561.354961 0.816478
6561.401127 0.801587
6561.447288 0.790899
6561.493447 0.773464
6561.539603 0.751148
6561.585756 0.730123
6561.631905 0.703399
6561.678052 0.679108
6561.724195 0.645013
6561.770336 0.612136
6561.816473 0.581382
6561.862607 0.55324
6561.908738 0.527561
6561.954866 0.510537
6562.000991 0.493003
6562.047113 0.478221
6562.093231 0.469015
6562.139347 0.452822
6562.185459 0.447645
6562.231569 0.435449
6562.277675 0.424296
6562.323778 0.41597
6562.369878 0.412003
6562.415975 0.404189
6562.462069 0.395816
6562.50816 0.39004
6562.554248 0.388325
6562.600332 0.382687
6562.646414 0.37993
6562.692492 0.383229
6562.738568 0.387919
6562.78464 0.387623
6562.830709 0.39061
6562.876775 0.395105
6562.922838 0.406804
6562.968898 0.417299
6563.014955 0.4402
6563.061008 0.466118
6563.107059 0.490338
6563.153106 0.5114
6563.19915 0.535907
6563.245192 0.555438
6563.29123 0.563417
6563.337265 0.57497
6563.383297 0.581317
6563.429326 0.573929
6563.475351 0.563448
6563.521374 0.550526
6563.567393 0.554194
6563.61341 0.564077
6563.659423 0.576582
6563.705433 0.592783
6563.75144 0.609911
6563.797444 0.619617
6563.843445 0.63662
6563.889443 0.645102
6563.935438 0.64961
6563.981429 0.648675
6564.027418 0.653551
6564.073403 0.652484
6564.119385 0.655572
6564.165364 0.639948
6564.21134 0.648247
6564.257313 0.658969
6564.303283 0.69448
6564.34925 0.713962
6564.395213 0.728014
6564.441174 0.732624
6564.487131 0.74212
6564.533086 0.746612
6564.579037 0.753038
6564.624985 0.768328
6564.67093 0.777488
6564.716872 0.786828
6564.76281 0.795255
6564.808746 0.795161
6564.854678 0.787396
6564.900608 0.787871
6564.946534 0.779847
6564.992457 0.773066
6565.038377 0.76991
6565.084294 0.78557
6565.130208 0.807607
6565.176119 0.82759
6565.222026 0.846887
6565.267931 0.859682
6565.313832 0.874452
6565.35973 0.869616
6565.405626 0.875442
6565.451518 0.865278
6565.497407 0.867452
6565.543292 0.881932
6565.589175 0.887882
6565.635055 0.901297
6565.680931 0.907423
6565.726804 0.912661
6565.772675 0.909732
6565.818542 0.916767
6565.864406 0.92393
6565.910266 0.924916
6565.956124 0.921834
6566.001979 0.930903
6566.04783 0.934292
6566.093679 0.928296
6566.139524 0.931118
6566.185366 0.93176
6566.231205 0.925794
6566.277041 0.928317
6566.322874 0.931263
6566.363947 0.940184
6566.414886 0.936475
6566.465823 0.940501
6566.516757 0.940703
6566.567688 0.9437
6566.618617 0.95691
6566.669543 0.956746
6566.720466 0.959274
6566.771387 0.95366
6566.822304 0.949143
6566.87322 0.949914
6566.924132 0.947487
6566.975042 0.951626
6567.025949 0.955117
6567.076853 0.963055
6567.127755 0.96386
6567.178654 0.969077
6567.22955 0.972211
6567.280443 0.972964
6567.331334 0.968772
6567.382222 0.972554
6567.433108 0.977906
6567.48399 0.981832
6567.53487 0.977294
6567.585747 0.980774
6567.636622 0.977425
6567.687494 0.978029
6567.738363 0.977378
6567.789229 0.970018
6567.840093 0.970232
6567.890954 0.978612
6567.941812 0.978248
6567.992668 0.977925
6568.043521 0.973031
6568.094371 0.974473
6568.145218 0.978514
6568.196063 0.970722
6568.246905 0.978357
6568.297745 0.979949
6568.348581 0.973655
6568.399415 0.963495
6568.450246 0.948261
6568.501075 0.940738
6568.5519 0.92782
6568.602723 0.903439
6568.653544 0.848453
6568.704361 0.780005
6568.755176 0.741334
6568.805989 0.763586
6568.856798 0.815292
6568.907605 0.888053
6568.958409 0.934308
6569.00921 0.95737
6569.060009 0.970614
6569.110805 0.979508
6569.161598 0.979065
6569.212388 0.969899
6569.263176 0.972403
6569.313961 0.955627
6569.364743 0.937624
6569.415523 0.923543
6569.4663 0.916669
6569.517074 0.912847
6569.567846 0.922625
6569.618614 0.934335
6569.66938 0.932995
6569.720144 0.927023
6569.770904 0.93196
6569.821662 0.939007
6569.872417 0.941514
6569.923169 0.945764
6569.973919 0.940199
6570.024666 0.927495
6570.07541 0.920051
6570.126152 0.899041
6570.176891 0.889585
6570.227627 0.890448
6570.27836 0.890911
6570.329091 0.891662
6570.379819 0.906763
6570.430544 0.930106
6570.481266 0.94477
6570.531986 0.947367
6570.582703 0.935001
6570.633417 0.932666
6570.684129 0.92168
6570.734838 0.941448
6570.785544 0.959896
6570.836247 0.975617
6570.886948 0.984943
6570.937646 0.989986
6570.988341 0.994087
6571.039033 0.988628
6571.089723 0.990994
6571.14041 1.000087
6571.191094 0.996036
6571.241776 0.992379
6571.292455 0.991381
6571.343131 0.980313
6571.393804 0.982776
6571.444475 0.985111
6571.495143 0.983742
6571.545808 0.981231
6571.59647 0.985688
6571.64713 0.985495
6571.697787 0.98102
6571.748441 0.966363
6571.799093 0.970042
6571.849742 0.976878
6571.900388 0.980543
6571.951031 0.971049
6572.001672 0.948141
6572.05231 0.918813
6572.102945 0.902178
6572.153577 0.896889
6572.204207 0.875844
6572.254834 0.829234
6572.305458 0.776723
6572.356079 0.769538
6572.406698 0.81109
6572.457314 0.875569
6572.507927 0.933332
6572.558538 0.975252
6572.609146 0.994141
6572.659751 1.007764
6572.710353 1.008714
6572.760953 1.002946
6572.811549 0.996191
6572.862144 1.004204
6572.912735 0.997627
6572.963324 0.99479
6573.013909 0.988201
6573.064493 0.988745
6573.115073 0.985872
6573.165651 0.989136
6573.216226 0.984816
6573.266798 0.975301
6573.317367 0.978202
6573.367934 0.972911
6573.418498 0.979377
6573.469059 0.976473
6573.519618 0.974037
6573.570173 0.968641
6573.620726 0.947354
6573.671277 0.873373
6573.721824 0.808562
6573.772369 0.780531
6573.822911 0.810203
6573.87345 0.872327
6573.923987 0.937356
6573.97452 0.968475
6574.025051 0.994846
6574.07558 0.996194
6574.126105 1.002069
6574.176628 1.000553
6574.227148 0.992763
6574.277665 0.981959
6574.32818 0.971123
6574.378692 0.950557
6574.429201 0.910342
6574.479707 0.835849
6574.530211 0.77025
6574.580712 0.748798
6574.63121 0.781303
6574.681705 0.844056
6574.732198 0.884584
6574.782688 0.880351
6574.833175 0.856715
6574.883659 0.86503
6574.934141 0.906519
6574.984619 0.94609
6575.035096 0.962104
6575.085569 0.983449
6575.136039 0.978521
6575.186507 0.977584
6575.236972 0.977641
6575.287435 0.973454
6575.337894 0.963292
6575.388351 0.944616
6575.438805 0.950218
6575.489257 0.953862
6575.539705 0.961418
6575.590151 0.961606
6575.640594 0.959079
6575.691034 0.942642
6575.741472 0.935652
6575.791907 0.931556
6575.842339 0.925752
6575.892768 0.944778
6575.943194 0.948986
6575.993618 0.95457
6576.044039 0.951568
6576.094458 0.944752
6576.144873 0.953537
6576.195286 0.961266
6576.245696 0.975694
6576.296103 0.973736
6576.346507 0.969544
6576.396909 0.959323
6576.447308 0.967841
6576.497704 0.973684
6576.548098 0.987864
6576.598488 1.000854
6576.648876 1.008209
6576.699262 1.007316
6576.749644 1.015806
6576.800024 1.008515
6576.8504 1.015446
6576.900775 1.017977
6576.951146 1.012768
6577.001515 1.013738
6577.05188 1.003758
6577.102243 0.995817
6577.152604 0.995738
6577.202961 1.001149
6577.253316 1.005765
6577.303668 1.008657
6577.354017 1.01334
6577.404364 1.017547
6577.454708 1.012201
6577.505049 1.014242
6577.555387 1.01446
6577.605722 1.01919
6577.656055 1.021097
6577.706385 1.007916
6577.756712 1.014435
6577.807036 1.020611
6577.857358 1.021353
6577.907677 1.017595
6577.957993 1.016015
6578.008306 1.015703
6578.058616 1.009043
6578.108924 1.011012
6578.159229 1.005875
6578.209531 1.0031
6578.259831 0.996535
6578.310128 0.998549
6578.360421 0.993576
6578.410713 0.998804
6578.461001 0.99748
6578.511287 0.997691
6578.561569 1.003792
6578.611849 1.003145
6578.662127 1.001529
6578.712401 1.005065
6578.762673 1.001027
6578.812942 0.997117
6578.863208 0.992235
6578.913472 0.987839
6578.963732 0.994071
6579.01399 1.000948
6579.064245 1.0049
6579.114498 1.0047
6579.164747 1.009617
6579.214994 1.009594
6579.265238 1.012343
6579.315479 1.003882
6579.365718 1.002235
6579.415953 0.995302
6579.466186 0.99023
6579.516416 0.984846
6579.566644 0.983412
6579.616868 0.972242
6579.66709 0.959944
6579.717309 0.946422
6579.767525 0.94881
6579.817739 0.962413
6579.867949 0.983118
6579.918157 0.996979
6579.968362 1.001895
6580.018565 1.009012
6580.068764 1.006882
6580.118961 1.00666
6580.169155 1.006297
6580.219346 1.000761
6580.269535 0.987785
6580.31972 0.986867
6580.369903 0.973949
6580.420083 0.96074
6580.470261 0.961055
6580.520435 0.946539
6580.570607 0.929051
6580.620776 0.894961
6580.670942 0.855879
6580.721105 0.815058
6580.771266 0.802229
6580.821424 0.847879
6580.871579 0.913872
6580.921731 0.952805
6580.971881 0.976578
6581.022027 0.983975
6581.072171 0.985774
6581.122312 0.983387
6581.172451 0.98501
6581.222586 0.990413
6581.272719 0.984911
6581.322849 0.991378
6581.372976 0.986913
6581.4231 0.982185
6581.473222 0.987209
6581.523341 0.977842
6581.573457 0.97141
6581.62357 0.95607
6581.673681 0.953225
6581.723788 0.96438
6581.773893 0.967213
6581.823995 0.982838
6581.874095 0.988181
6581.924191 0.99305
6581.974285 0.994613
6582.024376 0.986276
6582.074464 0.979771
6582.124549 0.964178
6582.174632 0.958936
6582.224711 0.952503
6582.274788 0.959219
6582.324862 0.952242
6582.374934 0.95733
6582.425002 0.952367
6582.475068 0.963293
6582.525131 0.97967
6582.575191 0.988771
6582.625249 0.987058
6582.675303 0.984819
6582.725355 0.980203
6582.775404 0.976542
6582.82545 0.985675
6582.875494 0.986933
6582.925534 0.990891
6582.975572 0.998715
6583.025607 0.995342
6583.07564 0.996449
6583.125669 0.983752
6583.175696 0.955811
6583.225719 0.9385
6583.275741 0.932724
6583.325759 0.951073
6583.375774 0.974241
6583.425787 0.984242
6583.475797 0.988456
6583.525804 0.989847
6583.575808 0.998953
6583.625809 1.007758
6583.675808 1.011803
6583.725804 1.006693
6583.775797 1.001534
6583.825787 0.992176
6583.875775 0.993867
6583.925759 0.987398
