3.8159113256876 0.981618
3.8159129845633 0.98291117451638
3.815914643439 0.98360029067944
3.8159163023147 0.9794441583266
3.8159179611903 0.97592742791815
3.815919620066 0.97465363176124
3.8159212789417 0.97378143319453
3.8159229378174 0.97371366345625
3.815924596693 0.97118264712564
3.8159262555687 0.96557006860789
3.8159279144444 0.96026002168048
3.8159295733201 0.95519192830274
3.8159312321958 0.95374948661093
3.8159328910714 0.95411595229549
3.8159345499471 0.95610551801826
3.8159362088228 0.95855598158733
3.8159378676985 0.95797869667614
3.8159395265741 0.95703516096895
3.8159411854498 0.9582772509626
3.8159428443255 0.95932667526473
3.8159445032012 0.95888753356054
3.8159461620769 0.9593437030582
3.8159478209525 0.96285171338966
3.8159494798282 0.96598177170409
3.8159511387039 0.96837535558764
3.8159527975796 0.97032925370254
3.8159544564552 0.97174921714045
3.8159561153309 0.96835771296035
3.8159577742066 0.96125012557532
3.8159594330823 0.95857196857236
3.815961091958 0.95800762412504
3.8159627508336 0.95566442608224
3.8159644097093 0.95284780347076
3.815966068585 0.9543859552154
3.8159677274607 0.95644547991607
3.8159693863363 0.96174137424339
3.815971045212 0.96664810829046
3.8159727040877 0.96893209792301
3.8159743629634 0.97047874462397
3.8159760218391 0.96972335249368
3.8159776807147 0.968403218965
3.8159793395904 0.96606218237953
3.8159809984661 0.96329564127471
3.8159826573418 0.96004891951595
3.8159843162174 0.95579976518495
3.8159859750931 0.95083538679137
3.8159876339688 0.94865749397667
3.8159892928445 0.94768768744199
3.8159909517202 0.95759194190429
3.8159926105958 0.97002002586846
3.8159942694715 0.97384125468404
3.8159959283472 0.97689475370111
3.8159975872229 0.97808327107757
3.8159992460985 0.97913614433939
3.8160009049742 0.97944748263452
3.8160025638499 0.97982437779111
3.8160042227256 0.98037921567
3.8160058816013 0.97843819921522
3.8160075404769 0.97249328840774
3.8160091993526 0.96402375630142
3.8160108582283 0.9530179690838
3.816012517104 0.93797743165523
3.8160141759796 0.9203987022094
3.8160158348553 0.89326976641773
3.816017493731 0.86259075318724
3.8160191526067 0.81988074767064
3.8160208114824 0.77495150217711
3.816022470358 0.74176579589044
3.8160241292337 0.71032371542638
3.8160257881094 0.69424806530573
3.8160274469851 0.68377019169724
3.8160291058607 0.69702007829479
3.8160307647364 0.71777222921686
3.8160324236121 0.75548201006992
3.8160340824878 0.79277385307122
3.8160357413635 0.82949476759543
3.8160374002391 0.86497238451929
3.8160390591148 0.89938535452014
3.8160407179905 0.92399941341556
3.8160423768662 0.94345077286731
3.8160440357418 0.95319791123654
3.8160456946175 0.96006703981197
3.8160473534932 0.96582358741345
3.8160490123689 0.9714119149113
3.8160506712446 0.97070408938247
3.8160523301202 0.96973106253176
3.8160539889959 0.96683377230373
3.8160556478716 0.96400618558425
3.8160573067473 0.96140178302027
3.8160589656229 0.96023807042838
3.8160606244986 0.96169170090374
3.8160622833743 0.9591092838978
3.81606394225 0.95201467980683
3.8160656011257 0.94488104308431
3.8160672600013 0.9377202204182
3.816068918877 0.93099075229992
3.8160705777527 0.92444018173818
3.8160722366284 0.92007439507441
3.816073895504 0.91617392648744
3.8160755543797 0.91627434462843
3.8160772132554 0.9166677732035
3.8160788721311 0.91779897390646
3.8160805310068 0.91786506960812
3.8160821898824 0.9130072067326
3.8160838487581 0.90646519966271
3.8160855076338 0.89591658688214
3.8160871665095 0.88192915179269
3.8160888253851 0.86307781758159
3.8160904842608 0.85121909123332
3.8160921431365 0.8454991779975
3.8160938020122 0.84646538236153
3.8160954608879 0.85101580525542
3.8160971197635 0.8619587668762
3.8160987786392 0.87481497492537
3.8161004375149 0.88285181253892
3.8161020963906 0.89026940688125
3.8161037552662 0.8958181597606
3.8161054141419 0.90087050177832
3.8161070730176 0.90248943367741
3.8161087318933 0.90214501337967
3.816110390769 0.89576492953965
3.8161120496446 0.89155411700729
3.8161137085203 0.89112126787038
3.816115367396 0.8922634647804
3.8161170262717 0.89508356536227
3.8161186851473 0.89899385773108
3.816120344023 0.90361962694881
3.8161220028987 0.90696481493202
3.8161236617744 0.90982041918403
3.8161253206501 0.91191278463433
3.8161269795257 0.91386328641314
3.8161286384014 0.9177697010921
3.8161302972771 0.92160804081027
3.8161319561528 0.92387641287794
3.8161336150284 0.92629243910738
3.8161352739041 0.92928611540906
3.8161369327798 0.93246994717026
3.8161385916555 0.93605061951087
3.8161402505312 0.93661763690077
3.8161419094068 0.93341708245628
3.8161435682825 0.92676547580469
3.8161452271582 0.91745740045213
3.8161468860339 0.89373859671448
3.8161485449095 0.86341815030826
3.8161502037852 0.83804290066843
3.8161518626609 0.81385241168067
3.8161535215366 0.81712546004034
3.8161551804123 0.82359623060181
3.8161568392879 0.85065650711234
3.8161584981636 0.87754682947978
3.8161601570393 0.90360879426507
3.816161815915 0.92524165818319
3.8161634747906 0.93611883875394
3.8161651336663 0.9450846316074
3.816166792542 0.95133657970638
3.8161684514177 0.95714927179715
3.8161701102934 0.96258011571481
3.816171769169 0.96830952993328
3.8161734280447 0.97419495951188
3.8161750869204 0.97611450623777
3.8161767457961 0.97690743247751
3.8161784046717 0.97886578287394
3.8161800635474 0.98089677388019
3.8161817224231 0.98058467790601
3.8161833812988 0.9801848365447
3.8161850401745 0.97926978709467
3.8161866990501 0.97865924977255
3.8161883579258 0.97888030477998
3.8161900168015 0.97956588064589
3.8161916756772 0.98097596893946
3.8161933345528 0.98253271736198
3.8161949934285 0.98422842358952
3.8161966523042 0.98435608521057
3.8161983111799 0.98358782189316
3.8161999700556 0.98038887793353
3.8162016289312 0.97641994579806
3.8162032878069 0.9716427042647
3.8162049466826 0.96679097776028
3.8162066055583 0.96745975448953
3.8162082644339 0.96805572215402
3.8162099233096 0.96816177702543
3.8162115821853 0.96896927280524
3.816213241061 0.97184781989932
3.8162148999366 0.97474290850824
3.8162165588123 0.97766536650129
3.816218217688 0.98032914680018
3.8162198765637 0.9827348136827
3.8162215354394 0.98322748576099
3.816223194315 0.98257019904964
3.8162248531907 0.98260137429139
3.8162265120664 0.98286367351615
3.8162281709421 0.98417409854022
3.8162298298177 0.98563707599206
3.8162314886934 0.98492629553564
3.8162331475691 0.98415397220886
3.8162348064448 0.98298030605447
3.8162364653205 0.98189918326287
3.8162381241961 0.98110087989259
3.8162397830718 0.98009125113851
3.8162414419475 0.97872382359685
3.8162431008232 0.97910456907032
3.8162447596988 0.98125981472672
3.8162464185745 0.98008230241632
3.8162480774502 0.9768734045118
3.8162497363259 0.97487411457792
3.8162513952016 0.97328555446855
3.8162530540772 0.97502988992199
3.8162547129529 0.97726406149236
3.8162563718286 0.97980641739477
3.8162580307043 0.98217773634
3.8162596895799 0.98332272542922
3.8162613484556 0.98371052072503
3.8162630073313 0.98181042930118
3.816264666207 0.97990369176424
3.8162663250827 0.97798585565215
3.8162679839583 0.97685249859944
3.816269642834 0.97650188425075
3.8162713017097 0.97706569084327
3.8162729605854 0.97817418066709
3.816274619461 0.97939445588132
3.8162762783367 0.98065140305336
3.8162779372124 0.97883153448682
3.8162795960881 0.97660755886843
3.8162812549638 0.97737517979177
3.8162829138394 0.9771556672228
3.8162845727151 0.970479879502
3.8162862315908 0.96418735622185
3.8162878904665 0.95898889392679
3.8162895493421 0.95223708055809
3.8162912082178 0.94301832345261
3.8162928670935 0.93711062066504
3.8162945259692 0.93434041819419
3.8162961848449 0.93663624987967
3.8162978437205 0.94177345369015
3.8162995025962 0.94909871131588
3.8163011614719 0.95708473776124
3.8163028203476 0.96420366438087
3.8163044792232 0.97116552253596
3.8163061380989 0.97576746184789
3.8163077969746 0.97931688604234
3.8163094558503 0.97694359118734
3.816311114726 0.9765317919776
3.8163127736016 0.98119368182918
3.8163144324773 0.98330242259858
3.816316091353 0.98168851495905
3.8163177502287 0.98077508064313
3.8163194091043 0.98047054158387
3.81632106798 0.97922151857841
3.8163227268557 0.97749303968079
3.8163243857314 0.9743840228361
3.8163260446071 0.97091178310531
3.8163277034827 0.96721021245969
3.8163293623584 0.96339457949895
3.8163310212341 0.95774938213448
3.8163326801098 0.95287040492214
3.8163343389854 0.95153423162324
3.8163359978611 0.95157961021787
3.8163376567368 0.95474649884404
3.8163393156125 0.95942450964028
3.8163409744882 0.96605821879069
3.8163426333638 0.97112635472649
3.8163442922395 0.97498978994191
3.8163459511152 0.97851473667017
3.8163476099909 0.98189080006078
3.8163492688665 0.98584381092468
3.8163509277422 0.98992005650499
3.8163525866179 0.98711631881993
3.8163542454936 0.98386073403511
3.8163559043693 0.97931494423755
3.8163575632449 0.97530156289699
3.8163592221206 0.97325123942086
3.8163608809963 0.9695689052352
3.816362539872 0.96276609539621
3.8163641987476 0.95772955264953
3.8163658576233 0.95465630338062
3.816367516499 0.95229356785572
3.8163691753747 0.95039685388243
3.8163708342504 0.94833858935208
3.816372493126 0.94622188544515
3.8163741520017 0.93677662818419
3.8163758108774 0.92618700473856
3.8163774697531 0.91546825432174
3.8163791286287 0.90454835798084
3.8163807875044 0.89224348921735
3.8163824463801 0.88154529280656
3.8163841052558 0.87548017283518
3.8163857641315 0.87201281144245
3.8163874230071 0.87263249029165
3.8163890818828 0.87919369241379
3.8163907407585 0.89124164243341
3.8163923996342 0.90568964516039
3.8163940585098 0.92142272541148
3.8163957173855 0.9355078161049
3.8163973762612 0.94913563806644
3.8163990351369 0.96030093334024
3.8164006940126 0.97074074973058
3.8164023528882 0.97097307831806
3.8164040117639 0.97076956522658
3.8164056706396 0.9685564446716
3.8164073295153 0.96518872737175
3.8164089883909 0.95925440173211
3.8164106472666 0.94510842931741
3.8164123061423 0.92061660250223
3.816413965018 0.89141757173628
3.8164156238937 0.85873664227696
3.8164172827693 0.84248386045268
3.816418941645 0.83302942737094
3.8164206005207 0.8469125593273
3.8164222593964 0.86524345407166
3.816423918272 0.89443015375218
3.8164255771477 0.92215067510687
3.8164272360234 0.93485516034537
3.8164288948991 0.94512063076058
3.8164305537748 0.94760075060846
3.8164322126504 0.94893996547676
3.8164338715261 0.94835069410492
3.8164355304018 0.94893907991729
3.8164371892775 0.95068184039614
3.8164388481531 0.95058104466574
3.8164405070288 0.94943608774813
3.8164421659045 0.95050813691381
3.8164438247802 0.95223507160537
3.8164454836559 0.94697963938234
3.8164471425315 0.94112363168996
3.8164488014072 0.93835306807348
3.8164504602829 0.93651778384196
3.8164521191586 0.93914009238208
3.8164537780342 0.94354349060134
3.8164554369099 0.95195766587642
3.8164570957856 0.95750574522742
3.8164587546613 0.95943166004759
3.816460413537 0.96048116751303
3.8164620724126 0.9608858817707
3.8164637312883 0.96040948133372
3.816465390164 0.95957426303185
3.8164670490397 0.96075644039727
3.8164687079153 0.96230801040197
3.816470366791 0.95851108648363
3.8164720256667 0.95531704423115
3.8164736845424 0.95760612440903
3.8164753434181 0.95912917259887
3.8164770022937 0.95835377430254
3.8164786611694 0.9581527261649
3.8164803200451 0.95886866863088
3.8164819789208 0.95634596110021
3.8164836377964 0.95083909623555
3.8164852966721 0.94679179395698
3.8164869555478 0.94351032466676
3.8164886144235 0.93470074661235
3.8164902732991 0.92443456073037
3.8164919321748 0.91765431027829
3.8164935910505 0.91169791097543
3.8164952499262 0.91391732039679
3.8164969088019 0.91824001201622
3.8164985676775 0.93102706739288
3.8165002265532 0.94423796619661
3.8165018854289 0.95828979499156
3.8165035443046 0.96421051146285
3.8165052031802 0.96101241756183
3.8165068620559 0.96018720482569
3.8165085209316 0.96089341156784
3.8165101798073 0.96065138919708
3.816511838683 0.96008358059404
3.8165134975586 0.96269268462438
3.8165151564343 0.96570239849759
3.81651681531 0.96713175381743
3.8165184741857 0.96805784358852
3.8165201330613 0.96623384946163
3.816521791937 0.96360321391175
3.8165234508127 0.95901435279645
3.8165251096884 0.9546308210942
3.8165267685641 0.95052061081838
3.8165284274397 0.94863796931327
3.8165300863154 0.9484613293183
3.8165317451911 0.95126538815633
3.8165334040668 0.95532418988644
3.8165350629424 0.95638320495383
3.8165367218181 0.956876686278
3.8165383806938 0.95903700641177
3.8165400395695 0.96048200464453
3.8165416984452 0.95625960208374
3.8165433573208 0.95056431245815
3.8165450161965 0.94056635328628
3.8165466750722 0.92641046988784
3.8165483339479 0.90583634056132
3.8165499928235 0.88279120970905
3.8165516516992 0.85756739251601
3.8165533105749 0.83806163818931
3.8165549694506 0.82137402763144
3.8165566283263 0.82009977242749
3.8165582872019 0.8224782076394
3.8165599460776 0.8407190469615
3.8165616049533 0.86023751010863
3.816563263829 0.88392370704494
3.8165649227046 0.90606265185033
3.8165665815803 0.92286895780076
3.816568240456 0.9370482683082
3.8165698993317 0.94663728055659
3.8165715582074 0.95349076649212
3.816573217083 0.9576436329189
3.8165748759587 0.95912972686046
3.8165765348344 0.95913241429633
3.8165781937101 0.95960845602656
3.8165798525857 0.96021641054201
3.8165815114614 0.95940532516018
3.8165831703371 0.95837043809782
3.8165848292128 0.95575876517526
3.8165864880885 0.95284173297793
3.8165881469641 0.94871363715866
3.8165898058398 0.94583308221412
3.8165914647155 0.94535884898287
3.8165931235912 0.94228123806461
3.8165947824668 0.93640116699035
3.8165964413425 0.93168704710006
3.8165981002182 0.9276817519766
3.8165997590939 0.92915721271887
3.8166014179696 0.93234095789584
3.8166030768452 0.9389278282772
3.8166047357209 0.94550666720179
3.8166063945966 0.94389570671962
3.8166080534723 0.94129979671282
3.8166097123479 0.93435092310392
3.8166113712236 0.92899086484889
3.8166130300993 0.9269229455569
3.816614688975 0.92470909617027
3.8166163478507 0.92232845162264
3.8166180067263 0.92479917216202
3.816619665602 0.93039906403321
3.8166213244777 0.93272828900191
3.8166229833534 0.9339631728945
3.816624642229 0.93365171408971
3.8166263011047 0.93281472533749
3.8166279599804 0.92196771767213
3.8166296188561 0.91020475172281
3.8166312777318 0.89410172166776
3.8166329366074 0.87708153686286
3.8166345954831 0.85807825619869
3.8166362543588 0.84462515222924
3.8166379132345 0.83773247773957
3.8166395721101 0.83749690850075
3.8166412309858 0.84168978087147
3.8166428898615 0.85556530154343
3.8166445487372 0.87279272555792
3.8166462076129 0.88985122493455
3.8166478664885 0.90669852147115
3.8166495253642 0.91695676777224
3.8166511842399 0.92590169294808
3.8166528431156 0.92846589967491
3.8166545019912 0.92953548624284
3.8166561608669 0.92733351394513
3.8166578197426 0.92442623349935
3.8166594786183 0.9206796233761
3.816661137494 0.91600252883645
3.8166627963696 0.91070443544861
3.8166644552453 0.90659670729431
3.816666114121 0.90290064950882
3.8166677729967 0.89173473810286
3.8166694318723 0.87927796215645
3.816671090748 0.85602591751847
3.8166727496237 0.83322645467216
3.8166744084994 0.81257914293267
3.8166760673751 0.79586936672189
3.8166777262507 0.78762062606416
3.8166793851264 0.78948071093729
3.8166810440021 0.80313440534134
3.8166827028778 0.82592032089331
3.8166843617534 0.85465287038716
3.8166860206291 0.87886241394465
3.8166876795048 0.90156345135228
3.8166893383805 0.91587119529315
3.8166909972562 0.92887620045179
3.8166926561318 0.93419275689866
3.8166943150075 0.93843956863976
3.8166959738832 0.93792481134726
3.8166976327589 0.93670322999573
3.8166992916345 0.93403486766469
3.8167009505102 0.93356509847553
3.8167026093859 0.93554360181248
3.8167042682616 0.93452887003445
3.8167059271373 0.93166549557698
3.8167075860129 0.92958689569398
3.8167092448886 0.92775153037802
3.8167109037643 0.92211512811785
3.81671256264 0.91517810379473
3.8167142215156 0.89220201095098
3.8167158803913 0.86916170021142
3.816717539267 0.84586415856331
3.8167191981427 0.82620212489532
3.8167208570184 0.81342692982792
3.816722515894 0.80946319652322
3.8167241747697 0.81462067413298
3.8167258336454 0.82366379233949
3.8167274925211 0.83491776501419
3.8167291513967 0.85076111633367
3.8167308102724 0.86787245783522
3.8167324691481 0.88217572741615
3.8167341280238 0.8962819053394
3.8167357868995 0.91056965841655
3.8167374457751 0.92265269547578
3.8167391046508 0.92704215660303
3.8167407635265 0.93035044510334
3.8167424224022 0.9318133439902
3.8167440812778 0.93348327951473
3.8167457401535 0.93534720656881
3.8167473990292 0.93702799487214
3.8167490579049 0.93861577275768
3.8167507167806 0.93997622812405
3.8167523756562 0.94128345920739
3.8167540345319 0.94473255405474
3.8167556934076 0.94803509483203
3.8167573522833 0.94927557706842
3.8167590111589 0.94924111798499
3.8167606700346 0.9454297073839
3.8167623289103 0.94191777685468
3.816763987786 0.93885499818924
3.8167656466617 0.93564066513624
3.8167673055373 0.93230122480291
3.816768964413 0.92843345686172
3.8167706232887 0.92433458697922
3.8167722821644 0.92308802642329
3.81677394104 0.92236980674242
3.8167755999157 0.9220784848463
3.8167772587914 0.92126359499124
3.8167789176671 0.91721668341906
3.8167805765427 0.91272874496492
3.8167822354184 0.90715405237887
3.8167838942941 0.90572350465824
3.8167855531698 0.90962614740196
3.8167872120455 0.91487524941345
3.8167888709211 0.92107576347738
3.8167905297968 0.92555209764856
3.8167921886725 0.92940622223627
3.8167938475482 0.92781119125072
3.8167955064238 0.92560224059554
3.8167971652995 0.92639867950432
3.8167988241752 0.92700008119627
3.8168004830509 0.92672611680593
3.8168021419266 0.92353639213513
3.8168038008022 0.91446951935044
3.8168054596779 0.90703963970303
3.8168071185536 0.90137515252255
3.8168087774293 0.89311141157738
3.8168104363049 0.88332656035648
3.8168120951806 0.87594569567235
3.8168137540563 0.86924041434698
3.816815412932 0.8677809978737
3.8168170718077 0.86732118844051
3.8168187306833 0.8737960524124
3.816820389559 0.8818577270054
3.8168220484347 0.89520547231626
3.8168237073104 0.90696498351515
3.816825366186 0.91614636921363
3.8168270250617 0.92375488358373
3.8168286839374 0.92997808342897
3.8168303428131 0.93097056195902
3.8168320016888 0.92952780501874
3.8168336605644 0.92901081954791
3.8168353194401 0.92867930773211
3.8168369783158 0.92689757676901
3.8168386371915 0.92513626756347
3.8168402960671 0.92365696075882
3.8168419549428 0.92385100544198
3.8168436138185 0.92821892519554
3.8168452726942 0.9305917511245
3.8168469315699 0.93039917017875
3.8168485904455 0.93110694036012
3.8168502493212 0.93244323075651
3.8168519081969 0.93477995892345
3.8168535670726 0.93746728196936
3.8168552259482 0.93657618866837
3.8168568848239 0.93499923128405
3.8168585436996 0.92792255295309
3.8168602025753 0.92140380804116
3.816861861451 0.91717353090767
3.8168635203266 0.91664232978356
3.8168651792023 0.9230371803083
3.816866838078 0.92556518871962
3.8168684969537 0.92423265203834
3.8168701558293 0.92637171443422
3.816871814705 0.93035716232776
3.8168734735807 0.93222111121634
3.8168751324564 0.93357224429982
3.8168767913321 0.93265244238964
3.8168784502077 0.93226399175735
3.8168801090834 0.93693949766584
3.8168817679591 0.93979001293599
3.8168834268348 0.93754521894419
3.8168850857104 0.93674648447318
3.8168867445861 0.93797132739864
3.8168884034618 0.93811926522611
3.8168900623375 0.93745482763487
3.8168917212132 0.93661602445891
3.8168933800888 0.93571052850513
3.8168950389645 0.93045077397688
3.8168966978402 0.92446355231294
3.8168983567159 0.91478494344741
3.8169000155915 0.90427212757317
3.8169016744672 0.89006436631139
3.8169033333429 0.8731158438
3.8169049922186 0.85080129933336
3.8169066510943 0.83325154762748
3.8169083099699 0.82061934597751
3.8169099688456 0.81733100481249
3.8169116277213 0.81915686496207
3.816913286597 0.83103996202549
3.8169149454726 0.84542844968241
3.8169166043483 0.85860441347886
3.816918263224 0.87087174116124
3.8169199220997 0.87621827630787
3.8169215809754 0.8819729586834
3.816923239851 0.8888640548522
3.8169248987267 0.89559515090234
3.8169265576024 0.90210448857004
3.8169282164781 0.9055674907011
3.8169298753537 0.90677028602631
3.8169315342294 0.90470574413432
3.8169331931051 0.90142784000796
3.8169348519808 0.89571924764106
3.8169365108565 0.88970718852779
3.8169381697321 0.88403672803893
3.8169398286078 0.88004363512592
3.8169414874835 0.88295958606226
3.8169431463592 0.88406230855479
3.8169448052348 0.88181255938869
3.8169464641105 0.87833725888188
3.8169481229862 0.87366933060083
3.8169497818619 0.86841174365728
3.8169514407376 0.86285407966027
3.8169530996132 0.86069417338571
3.8169547584889 0.85928621728713
3.8169564173646 0.85881999581236
3.8169580762403 0.85895769122067
3.8169597351159 0.86292939330484
3.8169613939916 0.86674350855685
3.8169630528673 0.87016767282772
3.816964711743 0.86965089984439
3.8169663706187 0.86420787553635
3.8169680294943 0.85423503370722
3.81696968837 0.84125692814261
3.8169713472457 0.82631815231959
3.8169730061214 0.81075361387218
3.816974664997 0.79621742798949
3.8169763238727 0.78271429442632
3.8169779827484 0.7812512287704
3.8169796416241 0.78182136908115
3.8169813004998 0.78921591838525
3.8169829593754 0.79878722602994
3.8169846182511 0.81180691201915
3.8169862771268 0.82326946005351
3.8169879360025 0.83342954142338
3.8169895948781 0.84412663876212
3.8169912537538 0.85505145936191
3.8169929126295 0.8616731569331
3.8169945715052 0.86750530934463
3.8169962303809 0.86846466033988
3.8169978892565 0.86959418753691
3.8169995481322 0.87151950160443
3.8170012070079 0.87207886383614
3.8170028658836 0.86991933436905
3.8170045247592 0.86808620838895
3.8170061836349 0.8665890367448
3.8170078425106 0.86637261380032
3.8170095013863 0.86684183740847
3.817011160262 0.86539832873073
3.8170128191376 0.86350609166449
3.8170144780133 0.86371694011034
3.817016136889 0.86376099130278
3.8170177957647 0.86220254972629
3.8170194546403 0.86013577578268
3.817021113516 0.85680463171623
3.8170227723917 0.85554919035981
3.8170244312674 0.85687264560734
3.8170260901431 0.85687899401835
3.8170277490187 0.8560265285391
3.8170294078944 0.85514782228926
3.8170310667701 0.85426104467075
3.8170327256458 0.85414276299835
3.8170343845214 0.85405385813605
3.8170360433971 0.8536006331935
3.8170377022728 0.85254014716284
3.8170393611485 0.84959825670831
3.8170410200242 0.84581475594237
3.8170426788998 0.84078986443771
3.8170443377755 0.83594356142165
3.8170459966512 0.83123520579407
3.8170476555269 0.82731506122924
3.8170493144025 0.82369466074118
3.8170509732782 0.8183920792307
3.8170526321539 0.81274845458131
3.8170542910296 0.80454048649784
3.8170559499052 0.79685698354302
3.8170576087809 0.79119249544386
3.8170592676566 0.78598364499422
3.8170609265323 0.78156060141708
3.817062585408 0.77290951508108
3.8170642442836 0.76047907243911
3.8170659031593 0.74902675773238
3.817067562035 0.73801565174147
3.8170692209107 0.72470918150455
3.8170708797863 0.71103468218846
3.817072538662 0.70037584686659
3.8170741975377 0.68987825168927
3.8170758564134 0.68014992145156
3.8170775152891 0.66867778861154
3.8170791741647 0.65374314796341
3.8170808330404 0.63747674680958
3.8170824919161 0.61986105417053
3.8170841507918 0.60323337946331
3.8170858096674 0.58711774392388
3.8170874685431 0.57019087988767
3.8170891274188 0.55308684411231
3.8170907862945 0.53905097098926
3.8170924451702 0.52566516718875
3.8170941040458 0.51579004414562
3.8170957629215 0.50560611006918
3.8170974217972 0.49472754254376
3.8170990806729 0.48443669137409
3.8171007395485 0.47480758268164
3.8171023984242 0.46605306637495
3.8171040572999 0.45780532555154
3.8171057161756 0.45049398081092
3.8171073750513 0.44342257870776
3.8171090339269 0.43689682261347
3.8171106928026 0.43045705019695
3.8171123516783 0.4244675410955
3.817114010554 0.4187852002401
3.8171156694296 0.41387161010263
3.8171173283053 0.40828757372369
3.817118987181 0.401880634604
3.8171206460567 0.3972091758953
3.8171223049324 0.39363563497194
3.817123963808 0.39031052752751
3.8171256226837 0.38705703610088
3.8171272815594 0.3828550165222
3.8171289404351 0.37827777309341
3.8171305993107 0.37099024504138
3.8171322581864 0.36458826790099
3.8171339170621 0.36060296223689
3.8171355759378 0.35571386584006
3.8171372348135 0.34963850530387
3.8171388936891 0.34609518205565
3.8171405525648 0.3442624176602
3.8171422114405 0.34291321039082
3.8171438703162 0.34171559012222
3.8171455291918 0.34454352312185
3.8171471880675 0.34744510578856
3.8171488469432 0.3478647057681
3.8171505058189 0.34934088895608
3.8171521646946 0.35389206904522
3.8171538235702 0.35727594378126
3.8171554824459 0.35905327226766
3.8171571413216 0.3622361878996
3.8171588001973 0.36641193061921
3.8171604590729 0.36976871189019
3.8171621179486 0.37285454755529
3.8171637768243 0.37981183932686
3.8171654357 0.38734838244332
3.8171670945757 0.39742391125692
3.8171687534513 0.40785995380306
3.817170412327 0.4193875927602
3.8171720712027 0.43085708847428
3.8171737300784 0.44224433744755
3.817175388954 0.45200097006416
3.8171770478297 0.4605776549654
3.8171787067054 0.46518048722726
3.8171803655811 0.46843289898538
3.8171820244568 0.47132820424137
3.8171836833324 0.47465519981976
3.8171853422081 0.48340555498639
3.8171870010838 0.49332484451629
3.8171886599595 0.50683288261718
3.8171903188351 0.52007000141941
3.8171919777108 0.53292113047532
3.8171936365865 0.5408394104019
3.8171952954622 0.54517489320603
3.8171969543379 0.54593462377721
3.8171986132135 0.54547851133271
3.8172002720892 0.54322826302271
3.8172019309649 0.54083669764734
3.8172035898406 0.53877402799801
3.8172052487162 0.53732167873268
3.8172069075919 0.53771949940736
3.8172085664676 0.54123830083649
3.8172102253433 0.54914634443142
3.817211884219 0.55746155780256
3.8172135430946 0.56606770318823
3.8172152019703 0.5738260999427
3.817216860846 0.58130352953511
3.8172185197217 0.59081003894986
3.8172201785973 0.60021985951566
3.817221837473 0.60674152075387
3.8172234963487 0.61344490367142
3.8172251552244 0.62067827524393
3.8172268141001 0.62600549204982
3.8172284729757 0.6287398376244
3.8172301318514 0.63313797003995
3.8172317907271 0.63868198421072
3.8172334496028 0.64103793662388
3.8172351084784 0.64239165531255
3.8172367673541 0.64822357297495
3.8172384262298 0.65408204422477
3.8172400851055 0.65707776141716
3.8172417439812 0.66034108184955
3.8172434028568 0.66433702988684
3.8172450617325 0.66826372768441
3.8172467206082 0.67210109471294
3.8172483794839 0.67565922332993
3.8172500383595 0.67903580433286
3.8172516972352 0.68279646622159
3.8172533561109 0.68666834491996
3.8172550149866 0.69194489454287
3.8172566738623 0.6970576325243
3.8172583327379 0.70027765272784
3.8172599916136 0.70427101159713
3.8172616504893 0.71020755810212
3.817263309365 0.71599055691904
3.8172649682406 0.72158938291164
3.8172666271163 0.72418036520523
3.817268285992 0.72496518667588
3.8172699448677 0.73020088558504
3.8172716037434 0.73658362143612
3.817273262619 0.73963426497912
3.8172749214947 0.74251871479668
3.8172765803704 0.74510443386495
3.8172782392461 0.74905388141067
3.8172798981217 0.75608542496049
3.8172815569974 0.75839007577747
3.8172832158731 0.75552356578562
3.8172848747488 0.75871541827014
3.8172865336245 0.7651909619637
3.8172881925001 0.76481323346024
3.8172898513758 0.76292728563188
3.8172915102515 0.76032537883921
3.8172931691272 0.75763218231295
3.8172948280028 0.75450172014201
3.8172964868785 0.75094496826416
3.8172981457542 0.7465371727761
3.8172998046299 0.74386439407849
3.8173014635056 0.74288967508923
3.8173031223812 0.74689671146715
3.8173047812569 0.75327879337563
3.8173064401326 0.76336050900185
3.8173080990083 0.77403606751769
3.8173097578839 0.78175635270275
3.8173114167596 0.79119453452562
3.8173130756353 0.80780019778572
3.817314734511 0.81941743414783
3.8173163933867 0.82238047010792
3.8173180522623 0.82896840400124
3.817319711138 0.83866750898191
3.8173213700137 0.84093038613756
3.8173230288894 0.84016694495208
3.817324687765 0.83937782702554
3.8173263466407 0.83860071725714
3.8173280055164 0.83808128309013
3.8173296643921 0.83852654423983
3.8173313232678 0.84221265920714
3.8173329821434 0.84259011537883
3.8173346410191 0.84703080082454
3.8173362998948 0.85147148627026
3.8173379587705 0.85573185922628
3.8173396176461 0.85999204871739
3.8173412765218 0.86336783649974
3.8173429353975 0.86671535606356
3.8173445942732 0.87040555596551
3.8173462531488 0.87411795292017
3.8173479120245 0.87703371847871
3.8173495709002 0.87987019555581
3.8173512297759 0.88321976555805
3.8173528886516 0.88663940258224
3.8173545475272 0.88950519813549
3.8173562064029 0.89227355902322
3.8173578652786 0.89383675287856
3.8173595241543 0.89513724978236
3.8173611830299 0.89438522885991
3.8173628419056 0.8930935415752
3.8173645007813 0.89588998368046
3.817366159657 0.89995850321623
3.8173678185327 0.90201296555613
3.8173694774083 0.90333636998613
3.817371136284 0.90444546117378
3.8173727951597 0.90546480163135
3.8173744540354 0.90629356157323
3.817376112911 0.9070310059847
3.8173777717867 0.9073991995195
3.8173794306624 0.90756631872522
3.8173810895381 0.90624832156279
3.8173827484138 0.90401601663464
3.8173844072894 0.90255025022693
3.8173860661651 0.90161595251405
3.8173877250408 0.90303733889956
3.8173893839165 0.90629249655872
3.8173910427921 0.90667806603072
3.8173927016678 0.90456069942943
3.8173943605435 0.90332182127918
3.8173960194192 0.90294014478269
3.8173976782949 0.9041815118583
3.8173993371705 0.90719364332732
3.8174009960462 0.91088429798937
3.8174026549219 0.91540279666664
3.8174043137976 0.91623423588887
3.8174059726732 0.91203158402588
3.8174076315489 0.9124659291818
3.8174092904246 0.91999529916936
3.8174109493003 0.92355381605973
3.817412608176 0.92028838694276
3.8174142670516 0.91845653939027
3.8174159259273 0.91940071588965
3.817417584803 0.91969666431696
3.8174192436787 0.91857238034026
3.8174209025543 0.91743761531161
3.81742256143 0.91627672510421
3.8174242203057 0.91872235520207
3.8174258791814 0.93146338809534
3.8174275380571 0.93931766263843
3.8174291969327 0.93104840063254
3.8174308558084 0.9246858367882
3.8174325146841 0.9256756882432
3.8174341735598 0.92739549553012
3.8174358324354 0.93245512884018
3.8174374913111 0.93656590854321
3.8174391501868 0.93542098491673
3.8174408090625 0.9348454197203
3.8174424679382 0.93819806558102
3.8174441268138 0.9408050576267
3.8174457856895 0.93673320622775
3.8174474445652 0.93304408866846
3.8174491034409 0.93412161835581
3.8174507623165 0.93560302421923
3.8174524211922 0.94502580606445
3.8174540800679 0.9540255919672
3.8174557389436 0.94469943134643
3.8174573978193 0.93537327072566
3.8174590566949 0.94385244265239
3.8174607155706 0.95238767364944
3.8174623744463 0.95023730741743
3.817464033322 0.94777071817881
3.8174656921976 0.9469052439848
3.8174673510733 0.94613154433912
3.817469009949 0.9437498187228
3.8174706688247 0.94122912777864
3.8174723277004 0.94015071033503
3.817473986576 0.93924110912564
3.8174756454517 0.93904694248654
3.8174773043274 0.93895953541368
3.8174789632031 0.93873438322191
3.8174806220787 0.93848399216061
3.8174822809544 0.93323734181066
3.8174839398301 0.92689627226164
3.8174855987058 0.92103505534974
3.8174872575815 0.9152971376762
3.8174889164571 0.91621498725299
3.8174905753328 0.91911001347802
3.8174922342085 0.91879641018815
3.8174938930842 0.91739301164157
3.8174955519598 0.92328099629021
3.8174972108355 0.93197513949012
3.8174988697112 0.93754873039262
3.8175005285869 0.94177126250689
3.8175021874626 0.94329912441182
3.8175038463382 0.94352195425876
3.8175055052139 0.94364943983084
3.8175071640896 0.94372553015778
3.8175088229653 0.94522819796903
3.8175104818409 0.94758374319516
3.8175121407166 0.94854420782658
3.8175137995923 0.94858275223283
3.817515458468 0.94694036226414
3.8175171173437 0.94407305986601
3.8175187762193 0.94267796659769
3.817520435095 0.94246347713239
3.8175220939707 0.9383307921431
3.8175237528464 0.93074506799322
3.817525411722 0.92393539410008
3.8175270705977 0.9178764926063
3.8175287294734 0.90987012799097
3.8175303883491 0.89979698837388
3.8175320472248 0.89421565767017
3.8175337061004 0.89386220619076
3.8175353649761 0.88876508667295
3.8175370238518 0.87761158772917
3.8175386827275 0.8614709589707
3.8175403416031 0.83834221560335
3.8175420004788 0.81290399708175
3.8175436593545 0.78391029677547
3.8175453182302 0.7598305038196
3.8175469771059 0.74407354193373
3.8175486359815 0.73682153784619
3.8175502948572 0.74544631844654
3.8175519537329 0.75929809520904
3.8175536126086 0.78393143742124
3.8175552714842 0.8113464509153
3.8175569303599 0.8451187467855
3.8175585892356 0.87448714453969
3.8175602481113 0.89266121442115
3.817561906987 0.91003466334432
3.8175635658626 0.92513399377355
3.8175652247383 0.93732902057662
3.817566883614 0.94025481035554
3.8175685424897 0.94311497878355
3.8175702013653 0.94573822485453
3.817571860241 0.94765281575979
3.8175735191167 0.94664858408201
3.8175751779924 0.94532625435646
3.8175768368681 0.94249294432906
3.8175784957437 0.93999158556107
3.8175801546194 0.93933356565381
3.8175818134951 0.93772062361174
3.8175834723708 0.92979450815626
3.8175851312464 0.92209832958953
3.8175867901221 0.91625601371974
3.8175884489978 0.91035240256919
3.8175901078735 0.90382445599422
3.8175917667492 0.89740665678689
3.8175934256248 0.89248552868412
3.8175950845005 0.88768942132555
3.8175967433762 0.88537968802694
3.8175984022519 0.88325598933379
3.8176000611275 0.88776183968742
3.8176017200032 0.89226514733565
3.8176033788789 0.89639768277587
3.8176050377546 0.90053021821609
3.8176066966303 0.89743197032733
3.8176083555059 0.89423478440425
3.8176100143816 0.89305601436126
3.8176116732573 0.89194766370269
3.817613332133 0.89384503153441
3.8176149910086 0.89591340587418
3.8176166498843 0.89843676373324
3.81761830876 0.90099636155963
3.8176199676357 0.90242253442126
3.8176216265113 0.90373163101317
3.817623285387 0.90371404851324
3.8176249442627 0.90352688442342
3.8176266031384 0.899378618561
3.8176282620141 0.89462294613987
3.8176299208897 0.89104012292236
3.8176315797654 0.88766824245896
3.8176332386411 0.88189188067623
3.8176348975168 0.87561678698851
3.8176365563924 0.87275326305643
3.8176382152681 0.87069539285566
3.8176398741438 0.87046917330233
3.8176415330195 0.87073019071751
3.8176431918952 0.86861546564312
3.8176448507708 0.86579454916497
3.8176465096465 0.86525518103307
3.8176481685222 0.86546818389819
3.8176498273979 0.86636483246966
3.8176514862735 0.86751017102763
3.8176531451492 0.86972621256055
3.8176548040249 0.8723697832992
3.8176564629006 0.87878089509637
3.8176581217763 0.88683633827595
3.8176597806519 0.89482666137624
3.8176614395276 0.90278602541733
3.8176630984033 0.90840780220212
3.817664757279 0.91282280968553
3.8176664161546 0.91117929241398
3.8176680750303 0.90614862225092
3.817669733906 0.90370719381851
3.8176713927817 0.90283003836066
3.8176730516574 0.90194774588424
3.817674710533 0.90106210648961
3.8176763694087 0.90541318661315
3.8176780282844 0.91343734919111
3.8176796871601 0.92148470622366
3.8176813460357 0.92954955425264
3.8176830049114 0.93769605027073
3.8176846637871 0.94590865843949
3.8176863226628 0.94958565404992
3.8176879815385 0.94932341596544
3.8176896404141 0.94774217116735
3.8176912992898 0.94493326545295
3.8176929581655 0.94468101657966
3.8176946170412 0.94697747305881
3.8176962759168 0.94259753672762
3.8176979347925 0.93109289691515
3.8176995936682 0.91617598353158
3.8177012525439 0.89736193064022
3.8177029114196 0.88106927355404
3.8177045702952 0.86785779407918
3.8177062291709 0.86381413182662
3.8177078880466 0.87175652663783
3.8177095469223 0.88314101918484
3.8177112057979 0.89934048068197
3.8177128646736 0.9151060312096
3.8177145235493 0.93022191220772
3.817716182425 0.94144284675162
3.8177178413007 0.94641964667538
3.8177195001763 0.94906759840226
3.817721159052 0.94771595198523
3.8177228179277 0.94482658666425
3.8177244768034 0.93910563905723
3.817726135679 0.93649383375074
3.8177277945547 0.94002594814883
3.8177294534304 0.93860464216827
3.8177311123061 0.92666807405461
3.8177327711818 0.9254083446506
3.8177344300574 0.94852748297635
3.8177360889331 0.96066291087269
3.8177377478088 0.94577721335602
3.8177394066845 0.93509160627659
3.8177410655601 0.935558031279
3.8177427244358 0.93642021276417
3.8177443833115 0.93841906692881
3.8177460421872 0.93925471850468
3.8177477010629 0.93646869633814
3.8177493599385 0.93510998791263
3.8177510188142 0.93858300251646
3.8177526776899 0.94183695465156
3.8177543365656 0.9442818752665
3.8177559954412 0.94712040187194
3.8177576543169 0.95155035461518
3.8177593131926 0.95507450185285
3.8177609720683 0.95457067950761
3.817762630944 0.95304521483675
3.8177642898196 0.94649594877781
3.8177659486953 0.93988056604501
3.817767607571 0.93290355297822
3.8177692664467 0.92584591690307
3.8177709253223 0.91829401295478
3.817772584198 0.90871190147697
3.8177742430737 0.88505318239688
3.8177759019494 0.86084231209421
3.8177775608251 0.8322513635503
3.8177792197007 0.80454193629798
3.8177808785764 0.78494394602143
3.8177825374521 0.76612977677301
3.8177841963278 0.75584142582286
3.8177858552034 0.74736110794437
3.8177875140791 0.7627328949455
3.8177891729548 0.77881494137878
3.8177908318305 0.80666893033767
3.8177924907062 0.83466836868144
3.8177941495818 0.86587080044295
3.8177958084575 0.89667343031516
3.8177974673332 0.91457980262584
3.8177991262089 0.93239482578691
3.8178007850845 0.94488800300597
3.8178024439602 0.95733529637063
3.8178041028359 0.95767857129052
3.8178057617116 0.95802184621042
3.8178074205873 0.9605851861109
3.8178090794629 0.96316911167094
3.8178107383386 0.94684394137338
3.8178123972143 0.93009309200226
3.81781405609 0.93159775605595
3.8178157149656 0.93375963749001
3.8178173738413 0.93780474496897
3.817819032717 0.94194345282352
3.8178206915927 0.94461812633015
3.8178223504684 0.94719966115682
3.817824009344 0.9522242053622
3.8178256682197 0.95743880814511
3.8178273270954 0.96151931725068
3.8178289859711 0.96549526501727
3.8178306448467 0.96321120687635
3.8178323037224 0.9602584290901
3.8178339625981 0.95746184409312
3.8178356214738 0.95468427204584
3.8178372803495 0.95528879976694
3.8178389392251 0.95635603833328
3.8178405981008 0.95114746565087
3.8178422569765 0.94498383426622
3.8178439158522 0.94235990087384
3.8178455747278 0.94033007629302
3.8178472336035 0.94371318035965
3.8178488924792 0.94809088258668
3.8178505513549 0.94457749711682
3.8178522102306 0.9394871908013
3.8178538691062 0.93813720596731
3.8178555279819 0.93759620826581
3.8178571868576 0.93837242700411
3.8178588457333 0.9394554680974
3.8178605046089 0.93681646570684
3.8178621634846 0.9332473622097
3.8178638223603 0.93386948717413
3.817865481236 0.93561110505073
3.8178671401117 0.92226901570028
3.8178687989873 0.90463347794835
3.817870457863 0.88079014619545
3.8178721167387 0.85506973273597
3.8178737756144 0.82207790947658
3.81787543449 0.78675604152735
3.8178770933657 0.76051071407873
3.8178787522414 0.7373402437271
3.8178804111171 0.72936041249872
3.8178820699928 0.72681034055002
3.8178837288684 0.73157722554261
3.8178853877441 0.73909810433136
3.8178870466198 0.75222580347929
3.8178887054955 0.76757157527139
3.8178903643711 0.79184219916435
3.8178920232468 0.81981747670872
3.8178936821225 0.85221994870046
3.8178953409982 0.88654799371411
3.8178969998739 0.91045343208246
3.8178986587495 0.92961586490769
3.8179003176252 0.94005835565246
3.8179019765009 0.9463547321361
3.8179036353766 0.94823909992588
3.8179052942522 0.94793401473258
3.8179069531279 0.94350456268714
3.8179086120036 0.93694155550058
3.8179102708793 0.93251468954061
3.8179119297549 0.92923844100324
3.8179135886306 0.92485439383201
3.8179152475063 0.91984968990293
3.817916906382 0.91324522688205
3.8179185652577 0.90570929149267
3.8179202241333 0.89236281099251
3.817921883009 0.87550364533597
3.8179235418847 0.84695245669223
3.8179252007604 0.8110692727157
3.817926859636 0.77858449954052
3.8179285185117 0.74830881533947
3.8179301773874 0.73209290868993
3.8179318362631 0.7253428390682
3.8179334951388 0.73002026441636
3.8179351540144 0.74265981679134
3.8179368128901 0.76430380111269
3.8179384717658 0.79243563091292
3.8179401306415 0.82116914797579
3.8179417895171 0.85035072225843
3.8179434483928 0.87185813084373
3.8179451072685 0.88746345714584
3.8179467661442 0.89918319237355
3.8179484250199 0.90781869960426
3.8179500838955 0.91290947282346
3.8179517427712 0.91509821451693
3.8179534016469 0.91652710601079
3.8179550605226 0.91731468749456
3.8179567193982 0.9224207001909
3.8179583782739 0.93128178491573
3.8179600371496 0.93758392595358
3.8179616960253 0.94159460445109
3.817963354901 0.93716924783392
3.8179650137766 0.92497022909736
3.8179666726523 0.92458017969992
3.817968331528 0.93538334473875
3.8179699904037 0.94121647154731
3.8179716492793 0.94220659677929
3.817973308155 0.94198163999569
3.8179749670307 0.94053992808452
3.8179766259064 0.93907141557687
3.8179782847821 0.93757534291954
3.8179799436577 0.93362357200878
3.8179816025334 0.92707905509962
3.8179832614091 0.92179090056418
3.8179849202848 0.91786372720315
3.8179865791604 0.91387955640187
3.8179882380361 0.90983206844424
3.8179898969118 0.90787254761853
3.8179915557875 0.90829078291232
3.8179932146632 0.91090710036702
3.8179948735388 0.91608817931635
3.8179965324145 0.91751675111749
3.8179981912902 0.91446058074736
3.8179998501659 0.91178714064908
3.8180015090415 0.9095819070947
3.8180031679172 0.90562558026802
3.8180048267929 0.8994772595002
3.8180064856686 0.89484970270554
3.8180081445443 0.89216945769381
3.8180098034199 0.89208188547264
3.8180114622956 0.89538809310959
3.8180131211713 0.89842644993672
3.818014780047 0.90110650334504
3.8180164389226 0.90376935043052
3.8180180977983 0.90640868723542
3.818019756674 0.90873902840507
3.8180214155497 0.91063832368383
3.8180230744254 0.91353273121682
3.818024733301 0.91784392832099
3.8180263921767 0.91991753504094
3.8180280510524 0.91874181235729
3.8180297099281 0.91797766440587
3.8180313688037 0.91782301622046
3.8180330276794 0.92198399997505
3.8180346865551 0.93265822360943
3.8180363454308 0.93843274283964
3.8180380043065 0.93667354284568
3.8180396631821 0.93297853663755
3.8180413220578 0.92625261196364
3.8180429809335 0.92184506728137
3.8180446398092 0.92113201144797
3.8180462986848 0.92334493870722
3.8180479575605 0.93030118032807
3.8180496164362 0.9361709705934
3.8180512753119 0.94024967833536
3.8180529341876 0.94171262807487
3.8180545930632 0.9387925101424
3.8180562519389 0.93865386971176
3.8180579108146 0.94325011655704
3.8180595696903 0.94871002477869
3.8180612285659 0.95566300822313
3.8180628874416 0.9614818290108
3.8180645463173 0.96531047005857
3.818066205193 0.96875279663462
3.8180678640687 0.97150740709983
3.8180695229443 0.97374629357635
3.81807118182 0.97505427136719
3.8180728406957 0.97548005768655
3.8180744995714 0.97429179112103
3.818076158447 0.97604429564413
3.8180778173227 0.98324648764626
3.8180794761984 0.98831733004157
3.8180811350741 0.98938839057014
3.8180827939498 0.98573354308285
3.8180844528254 0.97310391749848
3.8180861117011 0.96382400380557
3.8180877705768 0.96097894419192
3.8180894294525 0.95859816083433
3.8180910883281 0.9571189088544
3.8180927472038 0.95690696292515
3.8180944060795 0.95918197307242
3.8180960649552 0.96121060851736
3.8180977238309 0.96275099576155
3.8180993827065 0.96161861639465
3.8181010415822 0.95513946355205
3.8181027004579 0.95248262599725
3.8181043593336 0.9575400122669
3.8181060182092 0.96204456386464
3.8181076770849 0.96542414112417
3.8181093359606 0.96808033727991
3.8181109948363 0.96925292550294
3.818112653712 0.97100674559153
3.8181143125876 0.97396108854419
3.8181159714633 0.97656936428482
3.818117630339 0.97845807489964
3.8181192892147 0.9805397862543
3.8181209480903 0.98302530628482
3.818122606966 0.98326107001548
3.8181242658417 0.97876403435327
3.8181259247174 0.97407625931086
3.8181275835931 0.96898520632358
3.8181292424687 0.96589168820515
3.8181309013444 0.96704021350932
3.8181325602201 0.96745859535236
3.8181342190958 0.96632051174049
3.8181358779714 0.96694681600488
3.8181375368471 0.97134700241742
3.8181391957228 0.97196700938019
3.8181408545985 0.96447924050341
3.8181425134742 0.96142286946364
3.8181441723498 0.96789130955424
3.8181458312255 0.9713283021467
3.8181474901012 0.96823966173342
3.8181491489769 0.96641065522421
3.8181508078525 0.96729611175716
3.8181524667282 0.96793157782382
3.8181541256039 0.96802807958409
3.8181557844796 0.96556207449827
3.8181574433553 0.95757239082203
3.8181591022309 0.95163145185798
3.8181607611066 0.95010324860496
3.8181624199823 0.95117912155827
3.818164078858 0.95785695931451
3.8181657377336 0.96261545274533
3.8181673966093 0.96325262328594
3.818169055485 0.96344662378277
3.8181707143607 0.96269137079065
3.8181723732364 0.96263661228332
3.818174032112 0.96407766334516
3.8181756909877 0.96570889688567
3.8181773498634 0.9677448124854
3.8181790087391 0.96788484615399
3.8181806676147 0.96400734131606
3.8181823264904 0.95904760312137
3.8181839853661 0.95180537104197
3.8181856442418 0.94800263766385
3.8181873031174 0.9514152937205
3.8181889619931 0.95342510358448
3.8181906208688 0.9525089631127
3.8181922797445 0.95582635941224
3.8181939386202 0.9679176263002
3.8181955974958 0.97369112598939
3.8181972563715 0.96646224291349
3.8181989152472 0.96378206335811
3.8182005741229 0.97039452141506
3.8182022329985 0.97338027177151
3.8182038918742 0.96901713355329
3.8182055507499 0.96857472957982
3.8182072096256 0.97600928128667
3.8182088685013 0.9787351374112
3.8182105273769 0.97208706938061
3.8182121862526 0.96757358967657
3.8182138451283 0.9672692395612
3.818215504004 0.96689246630071
3.8182171628796 0.96637434570614
3.8182188217553 0.96611686697512
3.818220480631 0.96636267794635
3.8182221395067 0.96543075443355
3.8182237983824 0.96225007982914
3.818225457258 0.96035446699478
3.8182271161337 0.96088419791231
3.8182287750094 0.96043066000605
3.8182304338851 0.95814380523134
3.8182320927607 0.95835429002568
3.8182337516364 0.96316147432542
3.8182354105121 0.96653331130138
3.8182370693878 0.96729752003598
3.8182387282635 0.96863918262345
3.8182403871391 0.97101555392778
3.8182420460148 0.97176923818243
3.8182437048905 0.96965615359861
3.8182453637662 0.9685674613314
3.8182470226418 0.96926218659507
3.8182486815175 0.96948640334852
3.8182503403932 0.96890383669444
3.8182519992689 0.96745653510115
3.8182536581446 0.96454957480502
3.8182553170202 0.96190817240505
3.8182569758959 0.9597078914513
3.8182586347716 0.95796046776972
3.8182602936473 0.9569529396909
3.8182619525229 0.95491185033926
3.8182636113986 0.95121065106881
3.8182652702743 0.94606579915376
3.81826692915 0.93864250534902
3.8182685880257 0.93236827950832
3.8182702469013 0.92787541820612
3.818271905777 0.91984792343556
3.8182735646527 0.90644059387868
3.8182752235284 0.89522421901182
3.818276882404 0.88728021392007
3.8182785412797 0.88937453790229
3.8182802001554 0.90617446843284
3.8182818590311 0.91709363010806
3.8182835179068 0.91956567203343
3.8182851767824 0.92774150977587
3.8182868356581 0.94394670714607
3.8182884945338 0.95505167782596
3.8182901534095 0.95912367809221
3.8182918122851 0.96320582124933
3.8182934711608 0.96730165851575
3.8182951300365 0.97025654239071
3.8182967889122 0.97170394067122
3.8182984477879 0.97318156188258
3.8183001066635 0.97469824880437
3.8183017655392 0.9745262063623
3.8183034244149 0.97221972989603
3.8183050832906 0.96738179851227
3.8183067421662 0.95941623738212
3.8183084010419 0.95268775383451
3.8183100599176 0.94745234876527
3.8183117187933 0.94453943233235
3.818313377669 0.94436390403743
3.8183150365446 0.94468327983695
3.8183166954203 0.94557201447703
3.818318354296 0.94650047172165
3.8183200131717 0.94747351186403
3.8183216720473 0.94287627077466
3.818323330923 0.93218192563404
3.8183249897987 0.92642850899977
3.8183266486744 0.92594593634781
3.8183283075501 0.91661594753791
3.8183299664257 0.89809083025766
3.8183316253014 0.87758045431081
3.8183332841771 0.85506098456384
3.8183349430528 0.83651082056876
3.8183366019284 0.82187065599546
3.8183382608041 0.8122106975743
3.8183399196798 0.80732254985717
3.8183415785555 0.81288696572732
3.8183432374312 0.82818917525566
3.8183448963068 0.84932404850096
3.8183465551825 0.8757392409962
3.8183482140582 0.8985145868312
3.8183498729339 0.91808920409678
3.8183515318095 0.93630719712659
3.8183531906852 0.95336729404594
3.8183548495609 0.95686532279845
3.8183565084366 0.94913325250002
3.8183581673123 0.952595310999
3.8183598261879 0.96504451089193
3.8183614850636 0.97378564983566
3.8183631439393 0.97964183362294
3.818364802815 0.97158144341765
3.8183664616906 0.95303715110547
3.8183681205663 0.94771654009158
3.818369779442 0.95203663778717
3.8183714383177 0.96128867494063
3.8183730971934 0.97401788259725
3.818374756069 0.97095693149863
3.8183764149447 0.95713828369632
3.8183780738204 0.96047659163438
3.8183797326961 0.97510132383577
3.8183813915717 0.97566051372914
3.8183830504474 0.96729133792598
3.8183847093231 0.95985519666009
3.8183863681988 0.95299006051641
3.8183880270745 0.95084654308879
3.8183896859501 0.95148638210684
3.8183913448258 0.94904318059768
3.8183930037015 0.94485071304639
3.8183946625772 0.94015044617042
3.8183963214528 0.93517319245899
3.8183979803285 0.92927704548635
3.8183996392042 0.92289946136429
3.8184012980799 0.91886143159626
3.8184029569556 0.915999463198
3.8184046158312 0.91355071113104
3.8184062747069 0.91130101759574
3.8184079335826 0.91891502698267
3.8184095924583 0.93107765757881
3.8184112513339 0.93760690828631
3.8184129102096 0.94165268311671
3.8184145690853 0.94258575686429
3.818416227961 0.94220888948914
3.8184178868367 0.94945320024375
3.8184195457123 0.95975443522096
3.818421204588 0.96127385400551
3.8184228634637 0.95944156513807
3.8184245223394 0.95594273662957
3.818426181215 0.95183966011648
3.8184278400907 0.94742480604373
3.8184294989664 0.94290277351018
3.8184311578421 0.93798983971685
3.8184328167178 0.93294977259039
3.8184344755934 0.931469466186
3.8184361344691 0.93108190493677
3.8184377933448 0.92610617740527
3.8184394522205 0.91980423690525
3.8184411110961 0.92141242381542
3.8184427699718 0.92516739943587
3.8184444288475 0.92290535719065
3.8184460877232 0.9191149335313
3.8184477465989 0.91487022837618
3.8184494054745 0.91051791048398
3.8184510643502 0.91549898945334
3.8184527232259 0.92253362727075
3.8184543821016 0.92830467717238
3.8184560409772 0.93381861691982
3.8184576998529 0.95299806719147
3.8184593587286 0.9747354717487
3.8184610176043 0.96085677536962
3.81846267648 0.94088270132837
3.8184643353556 0.95049685978809
3.8184659942313 0.96470746909091
3.818467653107 0.95631259521792
3.8184693119827 0.9447563263984
3.8184709708583 0.94400023149867
3.818472629734 0.94458977938382
3.8184742886097 0.94806332330058
3.8184759474854 0.95185288342023
3.818477606361 0.95719958232728
3.8184792652367 0.96269388527502
3.8184809241124 0.96271077195376
3.8184825829881 0.96228815184739
3.8184842418638 0.96145768143816
3.8184859007394 0.96060030839893
3.8184875596151 0.95851159019874
