3.8159114714693 0.990211
3.815913130345 0.98893211719999
3.8159147892207 0.98740499965744
3.8159164480963 0.98388676441526
3.815918106972 0.98040206265143
3.8159197658477 0.97703499086242
3.8159214247234 0.97423671687951
3.8159230835991 0.97257798121604
3.8159247424747 0.96930066195105
3.8159264013504 0.96399783244666
3.8159280602261 0.96054959486695
3.8159297191018 0.95858505273492
3.8159313779774 0.95739122385794
3.8159330368531 0.95658205060155
3.8159346957288 0.95682283655351
3.8159363546045 0.95736197049599
3.8159380134802 0.9604027633086
3.8159396723558 0.96374533281715
3.8159413312315 0.96470510587693
3.8159429901072 0.96554735887095
3.8159446489829 0.96548061496139
3.8159463078585 0.96568008626643
3.8159479667342 0.96678779573042
3.8159496256099 0.96771808836357
3.8159512844856 0.96830243275693
3.8159529433613 0.96937302830883
3.8159546022369 0.97103456281492
3.8159562611126 0.97114607823466
3.8159579199883 0.9700593280756
3.815959578864 0.96773538017262
3.8159612377396 0.96482039439862
3.8159628966153 0.96364254507033
3.815964555491 0.96292765792413
3.8159662143667 0.96466228238082
3.8159678732424 0.9666763251155
3.815969532118 0.96963009103059
3.8159711909937 0.97249941010696
3.8159728498694 0.97479824194076
3.8159745087451 0.97668271450012
3.8159761676207 0.9772716430245
3.8159778264964 0.97541383979712
3.8159794853721 0.96912707299083
3.8159811442478 0.96386318558831
3.8159828031235 0.95975503373481
3.8159844619991 0.95578644007203
3.8159861208748 0.95191756116399
3.8159877797505 0.95239178718058
3.8159894386262 0.95475241055322
3.8159910975018 0.96020789772657
3.8159927563775 0.96638349676332
3.8159944152532 0.97311259772375
3.8159960741289 0.97969980029736
3.8159977330046 0.98178249075333
3.8159993918802 0.98395918495115
3.8160010507559 0.98665144000909
3.8160027096316 0.98730239955378
3.8160043685073 0.98240072669831
3.8160060273829 0.9776962669403
3.8160076862586 0.9733087971554
3.8160093451343 0.96589779281108
3.81601100401 0.95544372378123
3.8160126628857 0.93811950598973
3.8160143217613 0.91646500925129
3.816015980637 0.88578933253405
3.8160176395127 0.85175175650334
3.8160192983884 0.81127130809721
3.816020957264 0.7695978986266
3.8160226161397 0.73394391894865
3.8160242750154 0.70024666497004
3.8160259338911 0.68761624762967
3.8160275927668 0.68049483144051
3.8160292516424 0.6968062077509
3.8160309105181 0.72104025329399
3.8160325693938 0.76323076524141
3.8160342282695 0.80494400059483
3.8160358871451 0.84600370834191
3.8160375460208 0.88037167104513
3.8160392048965 0.90899617075123
3.8160408637722 0.93213153655551
3.8160425226479 0.95236700923001
3.8160441815235 0.96157575551408
3.8160458403992 0.96750289643834
3.8160474992749 0.96876594976144
3.8160491581506 0.96942839839708
3.8160508170262 0.96818694190195
3.8160524759019 0.96704581808588
3.8160541347776 0.96663744853861
3.8160557936533 0.96522225562481
3.816057452529 0.96057170981386
3.8160591114046 0.95693895020124
3.8160607702803 0.95516081484221
3.816062429156 0.95201511915666
3.8160640880317 0.94733629447487
3.8160657469073 0.94180449475211
3.816067405783 0.93567681296045
3.8160690646587 0.93116063725287
3.8160707235344 0.92731515926118
3.8160723824101 0.92472833525532
3.8160740412857 0.92241100350135
3.8160757001614 0.91972438115077
3.8160773590371 0.91719998389423
3.8160790179128 0.91762239106352
3.8160806767884 0.91797837423257
3.8160823356641 0.91802566593641
3.8160839945398 0.91579644718421
3.8160856534155 0.90813039649539
3.8160873122912 0.89798652601253
3.8160889711668 0.88432578768055
3.8160906300425 0.87406038007828
3.8160922889182 0.86678585127396
3.8160939477939 0.86587696156996
3.8160956066695 0.8683931689619
3.8160972655452 0.876154031422
3.8160989244209 0.88549240649834
3.8161005832966 0.89186204968348
3.8161022421723 0.89783598223526
3.8161039010479 0.90080142212891
3.8161055599236 0.90345473682576
3.8161072187993 0.90393111235074
3.816108877675 0.90366638017598
3.8161105365506 0.90111200621448
3.8161121954263 0.8983910112471
3.816113854302 0.89537867824816
3.8161155131777 0.89480723854923
3.8161171720534 0.89684609191887
3.816118830929 0.89961595423301
3.8161204898047 0.90286757115173
3.8161221486804 0.90673103093944
3.8161238075561 0.91082952710528
3.8161254664317 0.91458337633742
3.8161271253074 0.91827268229062
3.8161287841831 0.91867764813938
3.8161304430588 0.91939081394251
3.8161321019345 0.92497769282294
3.8161337608101 0.93085588585668
3.8161354196858 0.93788106235965
3.8161370785615 0.94334816771021
3.8161387374372 0.94554769510265
3.8161403963128 0.94566225768726
3.8161420551885 0.94315933283912
3.8161437140642 0.93594873619346
3.8161453729399 0.92509853490595
3.8161470318155 0.90951117966019
3.8161486906912 0.89174289196917
3.8161503495669 0.87742948120675
3.8161520084426 0.86394969080176
3.8161536673183 0.86711274138591
3.8161553261939 0.87229387927657
3.8161569850696 0.89143909263246
3.8161586439453 0.90962996327075
3.816160302821 0.92313125695739
3.8161619616966 0.93605693127705
3.8161636205723 0.94757696153829
3.816165279448 0.9564931443426
3.8161669383237 0.96169414083123
3.8161685971994 0.966369567402
3.816170256075 0.97058592697162
3.8161719149507 0.97296622370944
3.8161735738264 0.97438204108642
3.8161752327021 0.97704383784889
3.8161768915777 0.98006211305673
3.8161785504534 0.98116702591214
3.8161802093291 0.98208593364472
3.8161818682048 0.98423012958338
3.8161835270805 0.98601052226117
3.8161851859561 0.98563289113138
3.8161868448318 0.98562981612968
3.8161885037075 0.9866562355861
3.8161901625832 0.98756653860702
3.8161918214588 0.98829474046093
3.8161934803345 0.98792452517951
3.8161951392102 0.98650797337453
3.8161967980859 0.98291110366178
3.8161984569616 0.97806124002632
3.8162001158372 0.97490273259152
3.8162017747129 0.97228395046024
3.8162034335886 0.96837083623676
3.8162050924643 0.96429552222273
3.8162067513399 0.96287750191733
3.8162084102156 0.96222461525079
3.8162100690913 0.9667838132745
3.816211727967 0.97118500721085
3.8162133868427 0.97511616266522
3.8162150457183 0.97892380430584
3.816216704594 0.98252584294385
3.8162183634697 0.98478495650347
3.8162200223454 0.98569645752813
3.816221681221 0.98720788551694
3.8162233400967 0.98908219278837
3.8162249989724 0.98759966002935
3.8162266578481 0.98498146504483
3.8162283167238 0.9860045345537
3.8162299755994 0.98756454675665
3.8162316344751 0.98473180984968
3.8162332933508 0.98218426936195
3.8162349522265 0.9818541993422
3.8162366111021 0.98129964904492
3.8162382699778 0.98005337290612
3.8162399288535 0.97857808994914
3.8162415877292 0.97671258245576
3.8162432466049 0.97603439012371
3.8162449054805 0.97656880162719
3.8162465643562 0.97935048917233
3.8162482232319 0.98351087457888
3.8162498821076 0.98230893368208
3.8162515409832 0.97927103814333
3.8162531998589 0.97999170022056
3.8162548587346 0.98127253436576
3.8162565176103 0.9809502302693
3.816258176486 0.981112902611
3.8162598353616 0.98483697351018
3.8162614942373 0.98742138170289
3.816263153113 0.98653243101651
3.8162648119887 0.98531769867041
3.8162664708643 0.98355518343765
3.81626812974 0.98224573890734
3.8162697886157 0.98139134961639
3.8162714474914 0.98217449234899
3.8162731063671 0.98393992681111
3.8162747652427 0.98280390056975
3.8162764241184 0.98070738669262
3.8162780829941 0.98051284166798
3.8162797418698 0.98057064873478
3.8162814007454 0.97766784278563
3.8162830596211 0.97431037333397
3.8162847184968 0.96793407298687
3.8162863773725 0.96166552424542
3.8162880362482 0.95570733804194
3.8162896951238 0.94935795024619
3.8162913539995 0.94238274556435
3.8162930128752 0.93954971579442
3.8162946717509 0.94066887972349
3.8162963306265 0.9423148891689
3.8162979895022 0.94425865519881
3.8162996483779 0.94988787954879
3.8163013072536 0.95664134517818
3.8163029661293 0.96267686770426
3.8163046250049 0.9686209586268
3.8163062838806 0.97428685799372
3.8163079427563 0.97892228031581
3.816309601632 0.97767663382595
3.8163112605076 0.97835722334705
3.8163129193833 0.98406613063647
3.816314578259 0.98684162396422
3.8163162371347 0.98530731601
3.8163178960104 0.98560729633243
3.816319554886 0.98751356394021
3.8163212137617 0.9860163525781
3.8163228726374 0.98277685608727
3.8163245315131 0.97815322724621
3.8163261903887 0.97316127977198
3.8163278492644 0.96726802583378
3.8163295081401 0.96133688907114
3.8163311670158 0.95625936439873
3.8163328258915 0.95191122818575
3.8163344847671 0.95098020219635
3.8163361436428 0.95134993931752
3.8163378025185 0.95468580106494
3.8163394613942 0.95882296504601
3.8163411202698 0.96400527435464
3.8163427791455 0.96973692779096
3.8163444380212 0.97589466611415
3.8163460968969 0.97960588042857
3.8163477557726 0.98223087347191
3.8163494146482 0.98264965434728
3.8163510735239 0.98259084301619
3.8163527323996 0.98239769010652
3.8163543912753 0.98203387665176
3.8163560501509 0.97982225550964
3.8163577090266 0.9769954782302
3.8163593679023 0.97187287642446
3.816361026778 0.96744668181501
3.8163626856537 0.96436408972115
3.8163643445293 0.96100899519552
3.816366003405 0.95734847914535
3.8163676622807 0.95346632781718
3.8163693211564 0.94943754762643
3.816370980032 0.94614734305518
3.8163726389077 0.94312714736084
3.8163742977834 0.93551485171098
3.8163759566591 0.92717278982737
3.8163776155348 0.92003180173615
3.8163792744104 0.91221030681694
3.8163809332861 0.89954428114813
3.8163825921618 0.88796577896407
3.8163842510375 0.87955808043211
3.8163859099131 0.87466266843833
3.8163875687888 0.87534226738672
3.8163892276645 0.88236535766136
3.8163908865402 0.89529685343594
3.8163925454159 0.91121706817986
3.8163942042915 0.92875268581715
3.8163958631672 0.94349774097646
3.8163975220429 0.9574587255603
3.8163991809186 0.96523444480204
3.8164008397942 0.9721930551185
3.8164024986699 0.9743262577405
3.8164041575456 0.97576268544142
3.8164058164213 0.97393711574805
3.816407475297 0.9713875491837
3.8164091341726 0.96721208621151
3.8164107930483 0.95861879279019
3.816412451924 0.94440921284469
3.8164141107997 0.92699504723596
3.8164157696753 0.90718888891468
3.816417428551 0.89849717767712
3.8164190874267 0.89445514508158
3.8164207463024 0.90180566897454
3.816422405178 0.91136393600005
3.8164240640537 0.92695188039816
3.8164257229294 0.94161905620139
3.8164273818051 0.94669345895754
3.8164290406808 0.95076376665384
3.8164306995564 0.95158815234715
3.8164323584321 0.9518309535111
3.8164340173078 0.95108098755782
3.8164356761835 0.95154927838002
3.8164373350591 0.95322292904496
3.8164389939348 0.95458039431322
3.8164406528105 0.95575696251973
3.8164423116862 0.95490425351236
3.8164439705619 0.95344415464301
3.8164456294375 0.94894808849078
3.8164472883132 0.94412951967265
3.8164489471889 0.93937347314017
3.8164506060646 0.93620053491601
3.8164522649402 0.94069913811946
3.8164539238159 0.94524772205714
3.8164555826916 0.94991011685579
3.8164572415673 0.9539709426179
3.816458900443 0.95726417149509
3.8164605593186 0.96012513181468
3.8164622181943 0.96266491567434
3.81646387707 0.96399371329924
3.8164655359457 0.96482357105107
3.8164671948213 0.96199793421967
3.816468853697 0.95849062355054
3.8164705125727 0.95828096188826
3.8164721714484 0.95850532265066
3.8164738303241 0.96155682903189
3.8164754891997 0.96374415809963
3.8164771480754 0.96330444383793
3.8164788069511 0.96265600629673
3.8164804658268 0.9616708687771
3.8164821247024 0.96024065046778
3.8164837835781 0.95839622891087
3.8164854424538 0.95430315671085
3.8164871013295 0.94901741003989
3.8164887602052 0.94515875986938
3.8164904190808 0.94168180496842
3.8164920779565 0.93755736134039
3.8164937368322 0.93382952997397
3.8164953957079 0.93707683233501
3.8164970545835 0.94192079551314
3.8164987134592 0.9532930916617
3.8165003723349 0.9619515965563
3.8165020312106 0.9651644866964
3.8165036900863 0.96614518043292
3.8165053489619 0.96459710927699
3.8165070078376 0.96525691636183
3.8165086667133 0.96735675521929
3.816510325589 0.96685960091241
3.8165119844646 0.96545835611756
3.8165136433403 0.96779233073002
3.816515302216 0.9706089433959
3.8165169610917 0.97119829100518
3.8165186199674 0.97131868237246
3.816520278843 0.96882478018227
3.8165219377187 0.96564175419889
3.8165235965944 0.96076461128339
3.8165252554701 0.95632870037406
3.8165269143457 0.95248638257003
3.8165285732214 0.95096344524613
3.8165302320971 0.95123565347834
3.8165318909728 0.95225029386425
3.8165335498485 0.95358136373774
3.8165352087241 0.95637087174262
3.8165368675998 0.95944076696094
3.8165385264755 0.9618187451938
3.8165401853512 0.96355548317583
3.8165418442268 0.96045561123321
3.8165435031025 0.95512604351779
3.8165451619782 0.94319053495999
3.8165468208539 0.92621749330172
3.8165484797296 0.90138220786918
3.8165501386052 0.87557370674534
3.8165517974809 0.84889788318284
3.8165534563566 0.83021073282485
3.8165551152323 0.81550845408586
3.8165567741079 0.81891656840035
3.8165584329836 0.82669174940281
3.8165600918593 0.84705007434271
3.816561750735 0.86831731792446
3.8165634096107 0.89143717337921
3.8165650684863 0.91300679908672
3.816566727362 0.9291496472409
3.8165683862377 0.94246428285863
3.8165700451134 0.95077802330876
3.816571703989 0.95904014886765
3.8165733628647 0.96725075613502
3.8165750217404 0.96835060361073
3.8165766806161 0.96544763438435
3.8165783394918 0.96405339299654
3.8165799983674 0.96308638409089
3.8165816572431 0.96239148699827
3.8165833161188 0.96147323872582
3.8165849749945 0.95659126877478
3.8165866338701 0.95181591383878
3.8165882927458 0.94747069821214
3.8165899516215 0.9440467347569
3.8165916104972 0.94242186704582
3.8165932693729 0.93961282444944
3.8165949282485 0.93551478721385
3.8165965871242 0.93376288933035
3.8165982459999 0.93345421709322
3.8165999048756 0.93489593025912
3.8166015637512 0.93689173029414
3.8166032226269 0.94032791810496
3.8166048815026 0.94388691203219
3.8166065403783 0.94657794311218
3.816608199254 0.94757736779532
3.8166098581296 0.94095877586877
3.8166115170053 0.9343951068831
3.816613175881 0.92794671338341
3.8166148347567 0.92386321176296
3.8166164936323 0.92251391038569
3.816618152508 0.92371807099771
3.8166198113837 0.92658903884743
3.8166214702594 0.93076067584895
3.8166231291351 0.93537413910144
3.8166247880107 0.93466441604411
3.8166264468864 0.93303810288964
3.8166281057621 0.92338794368899
3.8166297646378 0.91229293772454
3.8166314235134 0.89421400899968
3.8166330823891 0.87651672445953
3.8166347412648 0.85965576851244
3.8166364001405 0.8470637169482
3.8166380590162 0.83957586321461
3.8166397178918 0.83991586390527
3.8166413767675 0.84552610026326
3.8166430356432 0.85973535502051
3.8166446945189 0.876966553509
3.8166463533945 0.8935751829914
3.8166480122702 0.90996430626894
3.8166496711459 0.92103666875391
3.8166513300216 0.93021133278656
3.8166529888973 0.92997494829702
3.8166546477729 0.92845890836681
3.8166563066486 0.92410342826869
3.8166579655243 0.91951373233575
3.8166596244 0.91464200949943
3.8166612832756 0.91311838988128
3.8166629421513 0.9138562402788
3.816664601027 0.91173905712288
3.8166662599027 0.90861932903816
3.8166679187784 0.89381765974829
3.816669577654 0.87734170560506
3.8166712365297 0.85603864631268
3.8166728954054 0.83408607920606
3.8166745542811 0.80898012465281
3.8166762131567 0.79057591125984
3.8166778720324 0.78677103688154
3.8166795309081 0.79207103552317
3.8166811897838 0.80812067374881
3.8166828486595 0.83268384192977
3.8166845075351 0.8628588465415
3.8166861664108 0.88879448674869
3.8166878252865 0.91329383204717
3.8166894841622 0.92361588979094
3.8166911430378 0.93207197313422
3.8166928019135 0.93684405282763
3.8166944607892 0.94037682118803
3.8166961196649 0.93828109331223
3.8166977785406 0.93709317095394
3.8166994374162 0.93778854762379
3.8167010962919 0.93992078152148
3.8167027551676 0.9436723917402
3.8167044140433 0.94315311245374
3.8167060729189 0.93996247869007
3.8167077317946 0.93596111810276
3.8167093906703 0.93170429842016
3.816711049546 0.92556350243009
3.8167127084216 0.91889406672188
3.8167143672973 0.90606084102343
3.816716026173 0.89175229509031
3.8167176850487 0.87142194717659
3.8167193439244 0.85393906139653
3.8167210028 0.84192216520472
3.8167226616757 0.83603846875365
3.8167243205514 0.83657999869693
3.8167259794271 0.8419518300878
3.8167276383027 0.85010772623757
3.8167292971784 0.863239295682
3.8167309560541 0.87777022826923
3.8167326149298 0.8915013460724
3.8167342738055 0.90499641289858
3.8167359326811 0.91630220436785
3.8167375915568 0.92628982643225
3.8167392504325 0.9315960311913
3.8167409093082 0.93466893382232
3.8167425681838 0.93388001500442
3.8167442270595 0.93516942788758
3.8167458859352 0.93842995225652
3.8167475448109 0.94076255348031
3.8167492036866 0.94261748022675
3.8167508625622 0.94297107866473
3.8167525214379 0.94296622107438
3.8167541803136 0.94634523216216
3.8167558391893 0.94952664940924
3.8167574980649 0.94954284369993
3.8167591569406 0.94913461502341
3.8167608158163 0.94744866843531
3.816762474692 0.94541247244336
3.8167641335677 0.94284422933184
3.8167657924433 0.93972441664959
3.816767451319 0.93614362829289
3.8167691101947 0.93252034613681
3.8167707690704 0.92887820637612
3.816772427946 0.9280483116557
3.8167740868217 0.92775130981656
3.8167757456974 0.92925024136068
3.8167774045731 0.93027996611382
3.8167790634488 0.92823143949194
3.8167807223244 0.92594790681798
3.8167823812001 0.92307656914912
3.8167840400758 0.92218658898046
3.8167856989515 0.92387836494154
3.8167873578271 0.92584418653432
3.8167890167028 0.92800610201674
3.8167906755785 0.92916832859094
3.8167923344542 0.92996411321234
3.8167939933299 0.93015369699915
3.8167956522055 0.93020983536674
3.8167973110812 0.92859858594264
3.8167989699569 0.92675303820983
3.8168006288326 0.9238339925482
3.8168022877082 0.91913459002324
3.8168039465839 0.91079671728592
3.8168056054596 0.90334884598096
3.8168072643353 0.89687259624592
3.816808923211 0.88934396638346
3.8168105820866 0.88119136214854
3.8168122409623 0.87691256219444
3.816813899838 0.87374187736798
3.8168155587137 0.87256790563775
3.8168172175893 0.87224930613535
3.816818876465 0.88024310932327
3.8168205353407 0.88833646807899
3.8168221942164 0.89676732005992
3.8168238530921 0.90593794481085
3.8168255119677 0.91632506346857
3.8168271708434 0.92466527697326
3.8168288297191 0.9311804703849
3.8168304885948 0.93183009016935
3.8168321474704 0.92971034238161
3.8168338063461 0.9285932054596
3.8168354652218 0.92768141244861
3.8168371240975 0.92501674047297
3.8168387829732 0.9227828254312
3.8168404418488 0.92360768552821
3.8168421007245 0.92441402592281
3.8168437596002 0.92517347625885
3.8168454184759 0.92681939795646
3.8168470773515 0.92961939605029
3.8168487362272 0.93347468310885
3.8168503951029 0.93807595993821
3.8168520539786 0.93912440412574
3.8168537128543 0.93890798987333
3.8168553717299 0.93573708630265
3.8168570306056 0.93208655752056
3.8168586894813 0.92583399241065
3.816860348357 0.92069631070232
3.8168620072326 0.92022116875355
3.8168636661083 0.92030987680944
3.816865324984 0.92146859208756
3.8168669838597 0.92199608400214
3.8168686427354 0.92188567068882
3.816870301611 0.92482242266125
3.8168719604867 0.92940165678939
3.8168736193624 0.92932201377518
3.8168752782381 0.92809430107557
3.8168769371137 0.93350134196857
3.8168785959894 0.93866916974248
3.8168802548651 0.93926470682971
3.8168819137408 0.93984557945229
3.8168835726165 0.9403848616296
3.8168852314921 0.94059905669014
3.8168868903678 0.94035268547838
3.8168885492435 0.9400838914958
3.8168902081192 0.93979797204182
3.8168918669948 0.93849936386906
3.8168935258705 0.93680751557874
3.8168951847462 0.93186952607105
3.8168968436219 0.92627223043273
3.8168985024976 0.91392142043145
3.8169001613732 0.90091216266448
3.8169018202489 0.88492659751848
3.8169034791246 0.8674102088618
3.8169051380003 0.84685570666116
3.8169067968759 0.83026778332702
3.8169084557516 0.81782356783421
3.8169101146273 0.81665962447046
3.816911773503 0.8217519881225
3.8169134323787 0.83340339772334
3.8169150912543 0.84671988207114
3.81691675013 0.86158409613425
3.8169184090057 0.87575930311007
3.8169200678814 0.88350381560704
3.816921726757 0.89024206847342
3.8169233856327 0.89413501074366
3.8169250445084 0.89784737912121
3.8169267033841 0.9013063805711
3.8169283622598 0.90440524723925
3.8169300211354 0.90723363308214
3.8169316800111 0.9075005602001
3.8169333388868 0.90680181515513
3.8169349977625 0.90489449300736
3.8169366566381 0.90278339934853
3.8169383155138 0.89959440803337
3.8169399743895 0.89653139465839
3.8169416332652 0.89399715155603
3.8169432921409 0.89141981302697
3.8169449510165 0.88876175705245
3.8169466098922 0.88422703045713
3.8169482687679 0.8778444171985
3.8169499276436 0.87101530381374
3.8169515865192 0.86395596176255
3.8169532453949 0.86139711002281
3.8169549042706 0.85985407335769
3.8169565631463 0.86165375416808
3.816958222022 0.86389299217485
3.8169598808976 0.86846418440858
3.8169615397733 0.87128169690108
3.816963198649 0.8696976749263
3.8169648575247 0.86567139220315
3.8169665164003 0.85855564645553
3.816968175276 0.85018438014467
3.8169698341517 0.84097003051307
3.8169714930274 0.82459435206239
3.8169731519031 0.80589682316843
3.8169748107787 0.79347852641027
3.8169764696544 0.78260676893577
3.8169781285301 0.78437699216422
3.8169797874058 0.78763044586196
3.8169814462814 0.79594490711773
3.8169831051571 0.80563344482115
3.8169847640328 0.81752554074045
3.8169864229085 0.82823776788742
3.8169880817841 0.83795167317693
3.8169897406598 0.84606409223306
3.8169913995355 0.85348808717998
3.8169930584112 0.85942182191795
3.8169947172869 0.86503919223867
3.8169963761625 0.86623688835024
3.8169980350382 0.8671589608449
3.8169996939139 0.86676639662893
3.8170013527896 0.86623482356832
3.8170030116652 0.86542303134524
3.8170046705409 0.86600972670619
3.8170063294166 0.86805211499214
3.8170079882923 0.86739750302766
3.817009647168 0.86528110831184
3.8170113060436 0.86418867175016
3.8170129649193 0.86334085800624
3.817014623795 0.86172538848388
3.8170162826707 0.86020855842094
3.8170179415463 0.85957245689772
3.817019600422 0.85827682904003
3.8170212592977 0.8553183461849
3.8170229181734 0.85365823893551
3.8170245770491 0.85362944453797
3.8170262359247 0.85272981960297
3.8170278948004 0.85125576620607
3.8170295536761 0.85045698747481
3.8170312125518 0.84986907514928
3.8170328714274 0.84864857550921
3.8170345303031 0.84735008147829
3.8170361891788 0.84577843231031
3.8170378480545 0.84376994308436
3.8170395069302 0.84038782768897
3.8170411658058 0.83732187165607
3.8170428246815 0.83472756819048
3.8170444835572 0.83199004375211
3.8170461424329 0.82914067770077
3.8170478013085 0.8249880816597
3.8170494601842 0.82033320176434
3.8170511190599 0.81570863298741
3.8170527779356 0.81094344640083
3.8170544368113 0.80294516334286
3.8170560956869 0.7947940609107
3.8170577545626 0.78604503907098
3.8170594134383 0.77786022101966
3.817061072314 0.77065958623998
3.8170627311896 0.76239642306393
3.8170643900653 0.75317337729877
3.817066048941 0.74527155670306
3.8170677078167 0.73797307794084
3.8170693666924 0.72679268528017
3.817071025568 0.71490967061586
3.8170726844437 0.70242703659059
3.8170743433194 0.69010715308563
3.8170760021951 0.678578033389
3.8170776610707 0.66470349701211
3.8170793199464 0.64611801493886
3.8170809788221 0.62715499833337
3.8170826376978 0.60780554583285
3.8170842965735 0.59207503100853
3.8170859554491 0.57824109342955
3.8170876143248 0.56221521579846
3.8170892732005 0.54570228012945
3.8170909320762 0.53047770164735
3.8170925909518 0.51565626262962
3.8170942498275 0.50310065872782
3.8170959087032 0.49159600248857
3.8170975675789 0.4824829948081
3.8170992264546 0.47363709086298
3.8171008853302 0.46509493474055
3.8171025442059 0.45801824276823
3.8171042030816 0.45179977499544
3.8171058619573 0.44314048186912
3.8171075208329 0.43384620077121
3.8171091797086 0.42727262372315
3.8171108385843 0.42094397753927
3.81711249746 0.41550859997387
3.8171141563357 0.40978442636491
3.8171158152113 0.40332894326586
3.817117474087 0.39741006918474
3.8171191329627 0.39215632852342
3.8171207918384 0.38690866942541
3.817122450714 0.38166489657948
3.8171241095897 0.37850154337523
3.8171257684654 0.37594618370625
3.8171274273411 0.37140748333732
3.8171290862168 0.36695983793149
3.8171307450924 0.36448031331233
3.8171324039681 0.36116265165267
3.8171340628438 0.35553060005974
3.8171357217195 0.35031780497022
3.8171373805951 0.34566049909479
3.8171390394708 0.34245370520654
3.8171406983465 0.34023625105622
3.8171423572222 0.33941910219841
3.8171440160979 0.33904641223221
3.8171456749735 0.34080289834693
3.8171473338492 0.34267035586458
3.8171489927249 0.34387141920822
3.8171506516006 0.34565581587414
3.8171523104762 0.34915789865633
3.8171539693519 0.35195761566408
3.8171556282276 0.35378181698009
3.8171572871033 0.35632563814052
3.817158945979 0.35938242998764
3.8171606048546 0.36474723637189
3.8171622637303 0.37088456824054
3.817163922606 0.37927820036035
3.8171655814817 0.38820909587241
3.8171672403573 0.40088215688334
3.817168899233 0.41351411011656
3.8171705581087 0.42602015446094
3.8171722169844 0.43852443693207
3.8171738758601 0.45102620547304
3.8171755347357 0.4630725117712
3.8171771936114 0.47478638713202
3.8171788524871 0.48278944732774
3.8171805113628 0.48951746382428
3.8171821702384 0.49227089733753
3.8171838291141 0.4950284282448
3.8171854879898 0.5025097299693
3.8171871468655 0.51173409710439
3.8171888057412 0.52636853736546
3.8171904646168 0.53870329339427
3.8171921234925 0.54773421769024
3.8171937823682 0.55199132448944
3.8171954412439 0.55275238302496
3.8171971001195 0.55245604849756
3.8171987589952 0.55179641675877
3.8172004178709 0.54897495683248
3.8172020767466 0.546129483529
3.8172037356223 0.54546211690287
3.8172053944979 0.54582745092934
3.8172070533736 0.5493560728058
3.8172087122493 0.55301303505789
3.817210371125 0.55685190308555
3.8172120300006 0.56424774471071
3.8172136888763 0.57420496068986
3.817215347752 0.58382189471522
3.8172170066277 0.59332493098012
3.8172186655034 0.60071943486533
3.817220324379 0.60794559210408
3.8172219832547 0.61540827407035
3.8172236421304 0.62263569000813
3.8172253010061 0.62917038236255
3.8172269598817 0.6355154509069
3.8172286187574 0.64160070558222
3.8172302776331 0.64598552598003
3.8172319365088 0.64919082237705
3.8172335953845 0.65278802619076
3.8172352542601 0.65650960623331
3.8172369131358 0.65828605952639
3.8172385720115 0.65988268639508
3.8172402308872 0.66121205342169
3.8172418897628 0.66372118171621
3.8172435486385 0.66948814067152
3.8172452075142 0.67435639199188
3.8172468663899 0.67805774542553
3.8172485252656 0.68292683101408
3.8172501841412 0.68856023559665
3.8172518430169 0.69186811039473
3.8172535018926 0.69449653071109
3.8172551607683 0.70033110247254
3.8172568196439 0.70620677621956
3.8172584785196 0.71090157055835
3.8172601373953 0.71519833453355
3.817261796271 0.71848744206527
3.8172634551467 0.7219207948
3.8172651140223 0.7255281996796
3.817266772898 0.72849598771472
3.8172684317737 0.73107726422667
3.8172700906494 0.73428727801816
3.817271749525 0.73766079885372
3.8172734084007 0.7409854756005
3.8172750672764 0.74457228016578
3.8172767261521 0.74985578615231
3.8172783850277 0.75454228903174
3.8172800439034 0.75787061937812
3.8172817027791 0.76139433356792
3.8172833616548 0.76513296208668
3.8172850205305 0.76586563675411
3.8172866794061 0.76495961804643
3.8172883382818 0.76407233931613
3.8172899971575 0.7631892215458
3.8172916560332 0.76159276836311
3.8172933149088 0.7596640784979
3.8172949737845 0.75604304476464
3.8172966326602 0.75211218812445
3.8172982915359 0.74755935250049
3.8172999504116 0.74600305005273
3.8173016092872 0.74739350490801
3.8173032681629 0.75264498944172
3.8173049270386 0.75974695203643
3.8173065859143 0.76809452114541
3.8173082447899 0.77678641488168
3.8173099036656 0.79140085241042
3.8173115625413 0.80550469788956
3.817313221417 0.81746294265316
3.8173148802927 0.82741308653317
3.8173165391683 0.83386391622933
3.817318198044 0.83874929679751
3.8173198569197 0.84228549842577
3.8173215157954 0.84637775824172
3.817323174671 0.85069745344546
3.8173248335467 0.84739933736873
3.8173264924224 0.84322245966029
3.8173281512981 0.84135431624413
3.8173298101738 0.84086012154024
3.8173314690494 0.84500549696541
3.8173331279251 0.84845565215259
3.8173347868008 0.85444318549224
3.8173364456765 0.86043071883189
3.8173381045521 0.86482618781664
3.8173397634278 0.86919426311642
3.8173414223035 0.8687481855415
3.8173430811792 0.86806536654464
3.8173447400549 0.87195290821802
3.8173463989305 0.8762200724866
3.8173480578062 0.88080751236721
3.8173497166819 0.88543307784072
3.8173513755576 0.88863989614857
3.8173530344332 0.89162345672218
3.8173546933089 0.89279680053131
3.8173563521846 0.89361134349315
3.8173580110603 0.89646197244613
3.817359669936 0.89980512306736
3.8173613288116 0.90166153503471
3.8173629876873 0.90308877706226
3.817364646563 0.90433313203213
3.8173663054387 0.90551551531606
3.8173679643143 0.90481463261679
3.81736962319 0.90337392025919
3.8173712820657 0.90614234465432
3.8173729409414 0.91080981480965
3.8173745998171 0.91053297660171
3.8173762586927 0.90771333508939
3.8173779175684 0.90235846959158
3.8173795764441 0.89552580555798
3.8173812353198 0.89593872060286
3.8173828941954 0.90111680557119
3.8173845530711 0.90534552723818
3.8173862119468 0.90887226366852
3.8173878708225 0.91082357134115
3.8173895296982 0.91146850190619
3.8173911885738 0.90966517481044
3.8173928474495 0.90558880486672
3.8173945063252 0.90474420809684
3.8173961652009 0.90725622238842
3.8173978240765 0.90573769122072
3.8173994829522 0.89953823738294
3.8174011418279 0.89518153081533
3.8174028007036 0.89321913539904
3.8174044595793 0.89556435214963
3.8174061184549 0.90417828757552
3.8174077773306 0.90993758662651
3.8174094362063 0.91103456176347
3.817411095082 0.91162037524618
3.8174127539576 0.91126669554255
3.8174144128333 0.91372215599111
3.817416071709 0.92200910858987
3.8174177305847 0.92708868688361
3.8174193894604 0.92461067385309
3.817421048336 0.92300048306898
3.8174227072117 0.92372573138097
3.8174243660874 0.92389353594742
3.8174260249631 0.92233442536646
3.8174276838387 0.92045073291377
3.8174293427144 0.91739743537403
3.8174310015901 0.91516570033292
3.8174326604658 0.91642351787102
3.8174343193415 0.91801915532388
3.8174359782171 0.92133631796091
3.8174376370928 0.92389750374625
3.8174392959685 0.92172111818386
3.8174409548442 0.91947769015982
3.8174426137198 0.91669903512778
3.8174442725955 0.91469124817425
3.8174459314712 0.92096498656639
3.8174475903469 0.92705761874417
3.8174492492226 0.93026651625114
3.8174509080982 0.93334981445144
3.8174525669739 0.93277127592373
3.8174542258496 0.93225145987614
3.8174558847253 0.93964298316375
3.8174575436009 0.94703450645137
3.8174592024766 0.94888707940203
3.8174608613523 0.95063622223128
3.817462520228 0.94677326226924
3.8174641791037 0.94265265238356
3.8174658379793 0.94233896939555
3.817467496855 0.9423088508908
3.8174691557307 0.94406599614606
3.8174708146064 0.94601000387522
3.817472473482 0.9430298037762
3.8174741323577 0.93937905221008
3.8174757912334 0.93530588303308
3.8174774501091 0.93116112433221
3.8174791089848 0.92740929547129
3.8174807678604 0.9237378795318
3.8174824267361 0.92572200404163
3.8174840856118 0.92907361724463
3.8174857444875 0.92762600640122
3.8174874033631 0.92482940636381
3.8174890622388 0.92469406828156
3.8174907211145 0.92541771588102
3.8174923799902 0.92738882873483
3.8174940388659 0.92981777953336
3.8174956977415 0.93373124892175
3.8174973566172 0.93825937823937
3.8174990154929 0.94166008478679
3.8175006743686 0.94453741260917
3.8175023332442 0.94742040102748
3.8175039921199 0.95030632042172
3.8175056509956 0.9488271800616
3.8175073098713 0.94483779279978
3.817508968747 0.93678702474245
3.8175106276226 0.92615074807248
3.8175122864983 0.92991438904747
3.817513945374 0.94379757237934
3.8175156042497 0.95174007810168
3.8175172631253 0.95508427716005
3.817518922001 0.94907764911763
3.8175205808767 0.93511133676896
3.8175222397524 0.92423407989516
3.8175238986281 0.91624488857549
3.8175255575037 0.91161762575736
3.8175272163794 0.91043975270166
3.8175288752551 0.9080200463827
3.8175305341308 0.90420245448286
3.8175321930064 0.89816333570306
3.8175338518821 0.88938075507461
3.8175355107578 0.8814856462655
3.8175371696335 0.87479334653015
3.8175388285092 0.86577665528603
3.8175404873848 0.85329938143919
3.8175421462605 0.82841813982898
3.8175438051362 0.78322659365563
3.8175454640119 0.74880754829315
3.8175471228875 0.73381996054825
3.8175487817632 0.72926346392945
3.8175504406389 0.74548316714467
3.8175520995146 0.76499991720721
3.8175537583902 0.79178640390976
3.8175554172659 0.81753918589123
3.8175570761416 0.84075924963028
3.8175587350173 0.86313338715803
3.817560393893 0.88319515039373
3.8175620527686 0.90253163731973
3.8175637116443 0.9196443579295
3.81756537052 0.93509792584785
3.8175670293957 0.94480917744009
3.8175686882713 0.95184362221378
3.817570347147 0.94833540641034
3.8175720060227 0.94528439903511
3.8175736648984 0.94430290361538
3.8175753237741 0.94425572288847
3.8175769826497 0.94913038063961
3.8175786415254 0.949929110895
3.8175803004011 0.92532658777187
3.8175819592768 0.90319860833892
3.8175836181524 0.89972811732832
3.8175852770281 0.89749909873416
3.8175869359038 0.90695259989875
3.8175885947795 0.91577774024877
3.8175902536552 0.91686593962884
3.8175919125308 0.91697654052246
3.8175935714065 0.90007623981505
3.8175952302822 0.88371697055466
3.8175968891579 0.88288453581648
3.8175985480335 0.88208929705975
3.8176002069092 0.8840978064023
3.8176018657849 0.88610631574485
3.8176035246606 0.88881553839321
3.8176051835363 0.89152992170137
3.8176068424119 0.89220953212995
3.8176085012876 0.8928312609248
3.8176101601633 0.89106986382669
3.817611819039 0.88918874850072
3.8176134779146 0.8940529908634
3.8176151367903 0.89940869303878
3.817616795666 0.89610895023167
3.8176184545417 0.89197596551694
3.8176201134174 0.89373348781543
3.817621772293 0.89620170936944
3.8176234311687 0.89478629243682
3.8176250900444 0.89280419475527
3.8176267489201 0.88867481146098
3.8176284077957 0.88417563857156
3.8176300666714 0.88284492741128
3.8176317255471 0.88214666817969
3.8176333844228 0.87596827693758
3.8176350432985 0.86854013204585
3.8176367021741 0.86780439221373
3.8176383610498 0.86879345801121
3.8176400199255 0.86861488483713
3.8176416788012 0.86809927839187
3.8176433376768 0.86497822571949
3.8176449965525 0.86102093770449
3.8176466554282 0.8608132688777
3.8176483143039 0.86193524952175
3.8176499731796 0.86107950393387
3.8176516320552 0.85945261486831
3.8176532909309 0.85832777744594
3.8176549498066 0.85741719181916
3.8176566086823 0.86839565831072
3.8176582675579 0.88490719669327
3.8176599264336 0.90003356738341
3.8176615853093 0.91445921409951
3.817663244185 0.9141137596991
3.8176649030607 0.90566875389269
3.8176665619363 0.89958847663516
3.817668220812 0.89491053314741
3.8176698796877 0.8918783859237
3.8176715385634 0.8898995428447
3.817673197439 0.88929529310576
3.8176748563147 0.88963874488998
3.8176765151904 0.89353056475407
3.8176781740661 0.90005410731819
3.8176798329418 0.90706478900278
3.8176814918174 0.9144636219116
3.8176831506931 0.92025537516529
3.8176848095688 0.92467297489612
3.8176864684445 0.9261350667361
3.8176881273201 0.92488730388313
3.8176897861958 0.92329339934236
3.8176914450715 0.92135948733497
3.8176931039472 0.91941099723178
3.8176947628229 0.91744717009658
3.8176964216985 0.91333903594144
3.8176980805742 0.90681610500914
3.8176997394499 0.90201234432053
3.8177013983256 0.89928072127848
3.8177030572012 0.89443201189936
3.8177047160769 0.88685247765707
3.8177063749526 0.88761526936793
3.8177080338283 0.89989434741155
3.817709692704 0.91207848892924
3.8177113515796 0.92412232319374
3.8177130104553 0.93292556470993
3.817714669331 0.93659971334214
3.8177163282067 0.93990265400721
3.8177179870823 0.94257606061977
3.817719645958 0.94331304978227
3.8177213048337 0.94052835405957
3.8177229637094 0.93403131219778
3.8177246225851 0.92028796297885
3.8177262814607 0.91389554871723
3.8177279403364 0.9229193107521
3.8177295992121 0.92830952590049
3.8177312580878 0.92550095260287
3.8177329169634 0.92328092381343
3.8177345758391 0.92249156454343
3.8177362347148 0.92227074701317
3.8177378935905 0.92354196882202
3.8177395524662 0.92679320442484
3.8177412113418 0.93566438976575
3.8177428702175 0.94173544471072
3.8177445290932 0.93918874075649
3.8177461879689 0.93579302477165
3.8177478468445 0.92955635819885
3.8177495057202 0.92571898333464
3.8177511645959 0.93063827663505
3.8177528234716 0.93430528472911
3.8177544823473 0.93296767539221
3.8177561412229 0.93315694645886
3.8177578000986 0.94005689203477
3.8177594589743 0.94505806525418
3.81776111785 0.94083472371297
3.8177627767256 0.93452029163129
3.8177644356013 0.9169083041681
3.817766094477 0.90078695457821
3.8177677533527 0.89369015564062
3.8177694122284 0.88736395837557
3.817771071104 0.88631242075737
3.8177727299797 0.88303844876928
3.8177743888554 0.86236774617679
3.8177760477311 0.84180815155858
3.8177777066067 0.82225725818014
3.8177793654824 0.80149803231292
3.8177810243581 0.7677809833641
3.8177826832338 0.73645205972163
3.8177843421095 0.73613125613443
3.8177860009851 0.73693732765712
3.8177876598608 0.75610737178964
3.8177893187365 0.7758142747151
3.8177909776122 0.80711469792825
3.8177926364878 0.83812296981966
3.8177942953635 0.85994845810449
3.8177959542392 0.88170968822709
3.8177976131149 0.8998728733644
3.8177992719906 0.91796718838907
3.8178009308662 0.92030790561654
3.8178025897419 0.92264862284401
3.8178042486176 0.92504263490888
3.8178059074933 0.9274371150074
3.8178075663689 0.93930312052369
3.8178092252446 0.95137890622137
3.8178108841203 0.94269553941634
3.817812542996 0.93327135078977
3.8178142018717 0.92563871858572
3.8178158607473 0.91809473826222
3.817817519623 0.92697959759329
3.8178191784987 0.9369084233606
3.8178208373744 0.94268111826089
3.81782249625 0.94813052769112
3.8178241551257 0.95200787309357
3.8178258140014 0.95574011906201
3.8178274728771 0.954879888634
3.8178291317528 0.95352806587627
3.8178307906284 0.95160161442734
3.8178324495041 0.94960501747993
3.8178341083798 0.9532301395851
3.8178357672555 0.95762704820524
3.8178374261311 0.9476122638688
3.8178390850068 0.93539469574135
3.8178407438825 0.93924647884209
3.8178424027582 0.94580756110307
3.8178440616338 0.9428602693951
3.8178457205095 0.93815772269897
3.8178473793852 0.94250623388895
3.8178490382609 0.94867318040541
3.8178506971366 0.95023279592093
3.8178523560122 0.95079017641768
3.8178540148879 0.95246544596213
3.8178556737636 0.95440269582375
3.8178573326393 0.9516021279115
3.8178589915149 0.94761001157275
3.8178606503906 0.93893348299454
3.8178623092663 0.92899728022843
3.817863968142 0.92301242249664
3.8178656270177 0.91815996429332
3.8178672858933 0.90517467809186
3.817868944769 0.88971211838261
3.8178706036447 0.86256067676257
3.8178722625204 0.83163497449829
3.817873921396 0.79859904152495
3.8178755802717 0.76484254472369
3.8178772391474 0.74059990659016
3.8178788980231 0.71978590837521
3.8178805568988 0.72355086272921
3.8178822157744 0.73664574159592
3.8178838746501 0.75108650428216
3.8178855335258 0.76606438531288
3.8178871924015 0.78837166126523
3.8178888512771 0.81374893935452
3.8178905101528 0.83956861361623
3.8178921690285 0.86558250481955
3.8178938279042 0.88724868108145
3.8178954867799 0.90691728107131
3.8178971456555 0.92388033612577
3.8178988045312 0.93954421325242
3.8179004634069 0.9484066779547
3.8179021222826 0.95386013092048
3.8179037811582 0.95603729511769
3.8179054400339 0.95650214882987
3.8179070989096 0.94472137045285
3.8179087577853 0.92627466449583
3.817910416661 0.91370148556771
3.8179120755366 0.90445542877533
3.8179137344123 0.89864714775808
3.817915393288 0.89486292975733
3.8179170521637 0.88758256861889
3.8179187110393 0.87816438816404
3.817920369915 0.86334799203462
3.8179220287907 0.84510593060815
3.8179236876664 0.82021899414616
3.8179253465421 0.79096041200657
3.8179270054177 0.76381004475469
3.8179286642934 0.73809665344826
3.8179303231691 0.72120782122042
3.8179319820448 0.71054572244967
3.8179336409204 0.71535036194169
3.8179352997961 0.73144435957462
3.8179369586718 0.75776011581887
3.8179386175475 0.79178941134445
3.8179402764232 0.82132350923141
3.8179419352988 0.84735307910852
3.8179435941745 0.86750656094274
3.8179452530502 0.8829304057416
3.8179469119259 0.89161077197116
3.8179485708015 0.89469100482093
3.8179502296772 0.8941070425991
3.8179518885529 0.89038501063362
3.8179535474286 0.89109392982932
3.8179552063043 0.8957138118299
3.8179568651799 0.89988170527762
3.8179585240556 0.90363861289959
3.8179601829313 0.90666167437351
3.817961841807 0.90899783320343
3.8179635006826 0.91187416008304
3.8179651595583 0.91527076160801
3.817966818434 0.92090807460972
3.8179684773097 0.92876492487768
3.8179701361854 0.92678316230109
3.817971795061 0.91478258308185
3.8179734539367 0.9134445319111
3.8179751128124 0.92326093424237
3.8179767716881 0.92770830924529
3.8179784305637 0.92638760592852
3.8179800894394 0.92510384941362
3.8179817483151 0.92386083430999
3.8179834071908 0.91983006335646
3.8179850660665 0.9126451128112
3.8179867249421 0.9105866647034
3.8179883838178 0.91447671824088
3.8179900426935 0.91553192551493
3.8179917015692 0.91321538354615
3.8179933604448 0.90881801639515
3.8179950193205 0.90188501129224
3.8179966781962 0.91101816450918
3.8179983370719 0.94020285757751
3.8179999959476 0.94323858817789
3.8180016548232 0.91286528168969
3.8180033136989 0.89191775177873
3.8180049725746 0.88329250526852
3.8180066314503 0.87877514307161
3.8180082903259 0.87975000464738
3.8180099492016 0.88132514236582
3.8180116080773 0.88372082000625
3.818013266953 0.88733002488074
3.8180149258287 0.89263438376755
3.8180165847043 0.89700231919389
3.81801824358 0.90003416622095
3.8180199024557 0.90431765123875
3.8180215613314 0.91042464752149
3.818023220207 0.91454634235817
3.8180248790827 0.91571604743837
3.8180265379584 0.91743480338889
3.8180281968341 0.9199863785325
3.8180298557098 0.92258599533032
3.8180315145854 0.92525991334634
3.8180331734611 0.9266208345509
3.8180348323368 0.92591188521826
3.8180364912125 0.92050935822978
3.8180381500881 0.90756980379001
3.8180398089638 0.90096259802097
3.8180414678395 0.90471182804329
3.8180431267152 0.90861824179819
3.8180447855909 0.91278630170649
3.8180464444665 0.91514411794809
3.8180481033422 0.91443600412989
3.8180497622179 0.91306866398363
3.8180514210936 0.91056589470585
3.8180530799692 0.90930522181022
3.8180547388449 0.91021905605251
3.8180563977206 0.91555148961746
3.8180580565963 0.92874257079514
3.818059715472 0.93962750727503
3.8180613743476 0.94634703044503
3.8180630332233 0.95127022235486
3.818064692099 0.95290004843885
3.8180663509747 0.95378580039008
3.8180680098503 0.9532875941066
3.818069668726 0.95368726206446
3.8180713276017 0.95578056813487
3.8180729864774 0.95772509718954
3.8180746453531 0.95938517610022
3.8180763042287 0.95808077734992
3.8180779631044 0.95103457900282
3.8180796219801 0.9496951056525
3.8180812808558 0.95954686887908
3.8180829397314 0.96405809555561
3.8180845986071 0.95796936620085
3.8180862574828 0.95803436100922
3.8180879163585 0.97045434679325
3.8180895752342 0.97321572003811
3.8180912341098 0.95637244694566
3.8180928929855 0.94480116223743
3.8180945518612 0.94404199281617
3.8180962107369 0.94404829266091
3.8180978696125 0.94564015827974
3.8180995284882 0.94208228107771
3.8181011873639 0.92775702408335
3.8181028462396 0.92196685306696
3.8181045051153 0.93417971612533
3.8181061639909 0.94116127514088
3.8181078228666 0.93701569380812
3.8181094817423 0.93227574357252
3.818111140618 0.92626191753927
3.8181127994936 0.92586224300449
3.8181144583693 0.93758169067785
3.818116117245 0.94563035979579
3.8181177761207 0.94570131420685
3.8181194349963 0.94724285229146
3.818121093872 0.95199952176788
3.8181227527477 0.95670816803915
3.8181244116234 0.96131123890143
3.8181260704991 0.96479597116483
3.8181277293747 0.96581000432484
3.8181293882504 0.9657245520699
3.8181310471261 0.96319959471823
3.8181327060018 0.96127920296327
3.8181343648774 0.96070538985436
3.8181360237531 0.96209104455146
3.8181376826288 0.96785444082568
3.8181393415045 0.96733291324163
3.8181410003802 0.95273328315975
3.8181426592558 0.94253131445682
3.8181443181315 0.94220136183461
3.8181459770072 0.94249298478423
3.8181476358829 0.94418182239575
3.8181492947585 0.94573454044558
3.8181509536342 0.94698100452009
3.8181526125099 0.94851298677272
3.8181542713856 0.95068752724422
3.8181559302613 0.95195205922176
3.8181575891369 0.95116897634208
3.8181592480126 0.95153758218737
3.8181609068883 0.95449503547161
3.818162565764 0.95731891571514
3.8181642246396 0.95984297250884
3.8181658835153 0.96095247798121
3.818167542391 0.95889338512828
3.8181692012667 0.95661959307357
3.8181708601424 0.953866169722
3.818172519018 0.95103735571777
3.8181741778937 0.94804064903714
3.8181758367694 0.94394226371429
3.8181774956451 0.93739968877289
3.8181791545207 0.93220286608498
3.8181808133964 0.9299786710056
3.8181824722721 0.92699224002757
3.8181841311478 0.92233051417243
3.8181857900235 0.91849802452668
3.8181874488991 0.91647820751015
3.8181891077748 0.91532808700353
3.8181907666505 0.91606761899502
3.8181924255262 0.91690127708235
3.8181940844018 0.91793809272032
3.8181957432775 0.92018682154139
3.8181974021532 0.9250323631742
3.8181990610289 0.93422405389218
3.8182007199046 0.95265716957427
3.8182023787802 0.96618794483109
3.8182040376559 0.96938053753866
3.8182056965316 0.97077147269415
3.8182073554073 0.96839655948144
3.8182090142829 0.96541897847523
3.8182106731586 0.96119331618386
3.8182123320343 0.95874751908547
3.81821399091 0.95995090386684
3.8182156497857 0.95910344726464
3.8182173086613 0.95409484657626
3.818218967537 0.94829362649217
3.8182206264127 0.94090177246401
3.8182222852884 0.93948524992013
3.818223944164 0.94992437035033
3.8182256030397 0.95704301773031
3.8182272619154 0.95765287155704
3.8182289207911 0.95306464972703
3.8182305796668 0.93841365158992
3.8182322385424 0.93008626594547
3.8182338974181 0.93384195488647
3.8182355562938 0.93631283606364
3.8182372151695 0.93636141388247
3.8182388740451 0.9370716492387
3.8182405329208 0.93901184929272
3.8182421917965 0.940738821079
3.8182438506722 0.94207511500778
3.8182455095479 0.94411000736438
3.8182471684235 0.94740582128975
3.8182488272992 0.95037727940622
3.8182504861749 0.95277221294467
3.8182521450506 0.95446874337629
3.8182538039262 0.95494364502995
3.8182554628019 0.95279373701092
3.8182571216776 0.94612713114175
3.8182587805533 0.93996551562504
3.818260439429 0.93465833071434
3.8182620983046 0.92919688031149
3.8182637571803 0.92347886981521
3.818265416056 0.91976266885933
3.8182670749317 0.91931671100493
3.8182687338073 0.9134229927607
3.818270392683 0.89879007881112
3.8182720515587 0.88778657579511
3.8182737104344 0.88249750391429
3.8182753693101 0.87830931367553
3.8182770281857 0.87582151759173
3.8182786870614 0.87711146269168
3.8182803459371 0.88412377178341
3.8182820048128 0.89329447859123
3.8182836636884 0.90566997626538
3.8182853225641 0.91740073132481
3.8182869814398 0.92819355480001
3.8182886403155 0.9383307705611
3.8182902991912 0.94753400584811
3.8182919580668 0.95666513964697
3.8182936169425 0.96569571676951
3.8182952758182 0.97017143346723
3.8182969346939 0.96843221399611
3.8182985935695 0.96740836159122
3.8183002524452 0.96733917055925
3.8183019113209 0.96639147498691
3.8183035701966 0.96429751118349
3.8183052290723 0.96158983941074
3.8183068879479 0.95809973392024
3.8183085468236 0.94802019622888
3.8183102056993 0.92973452065487
3.818311864575 0.91363894725167
3.8183135234506 0.90020624622331
3.8183151823263 0.89571665370717
3.818316841202 0.90183811344354
3.8183185000777 0.90953794333921
3.8183201589534 0.91906440050354
3.818321817829 0.92184734305137
3.8183234767047 0.91702084087291
3.8183251355804 0.90487724827176
3.8183267944561 0.88468704167119
3.8183284533317 0.87052265557679
3.8183301122074 0.86281300935233
3.8183317710831 0.85461704406025
3.8183334299588 0.84591383430792
3.8183350888345 0.83278974036241
3.8183367477101 0.8151787885258
3.8183384065858 0.80503291570025
3.8183400654615 0.80225662017829
3.8183417243372 0.80941153901613
3.8183433832128 0.82609770260869
3.8183450420885 0.84679358043541
3.8183467009642 0.87122908205466
3.8183483598399 0.8932146918326
3.8183500187156 0.9129815293528
3.8183516775912 0.9265313687862
3.8183533364669 0.9346159071216
3.8183549953426 0.93124307798321
3.8183566542183 0.91809954609809
3.8183583130939 0.91716321932175
3.8183599719696 0.92631935477783
3.8183616308453 0.92870862990864
3.818363289721 0.92567662554352
3.8183649485967 0.92099015898598
3.8183666074723 0.91502012087822
3.818368266348 0.91732315932049
3.8183699252237 0.92583751451243
3.8183715840994 0.93021720203936
3.818373242975 0.93159493469507
3.8183749018507 0.93366703451788
3.8183765607264 0.93622630465346
3.8183782196021 0.93801939662193
3.8183798784778 0.93929334340549
3.8183815373534 0.94080418371763
3.8183831962291 0.9424699175875
3.8183848551048 0.94349471946792
3.8183865139805 0.94411545691029
3.8183881728561 0.94284920737237
3.8183898317318 0.94043695517139
3.8183914906075 0.94084466915167
3.8183931494832 0.94290097301774
3.8183948083589 0.94090827093679
3.8183964672345 0.93663916813121
3.8183981261102 0.92522511636028
3.8183997849859 0.90995195853288
3.8184014438616 0.92710427271995
3.8184031027372 0.9610635972408
3.8184047616129 0.96982115577059
3.8184064204886 0.96605510334707
3.8184080793643 0.9484574974754
3.8184097382399 0.92427945648008
3.8184113971156 0.92397697737104
3.8184130559913 0.93453709663863
3.818414714867 0.95204849046745
3.8184163737427 0.9725806428018
3.8184180326183 0.96377580018017
3.818419691494 0.94281452067789
3.8184213503697 0.94508963629315
3.8184230092454 0.95653287996729
3.818424668121 0.95712502925595
3.8184263269967 0.95364759612519
3.8184279858724 0.94671562259252
3.8184296447481 0.93855448705921
3.8184313036238 0.93041637241173
3.8184329624994 0.92228601286332
3.8184346213751 0.91605943638575
3.8184362802508 0.91043881751812
3.8184379391265 0.91286928560083
3.8184395980021 0.91771447854093
3.8184412568778 0.91739128309095
3.8184429157535 0.91561107510269
3.8184445746292 0.91078794000793
3.8184462335049 0.90516076331508
3.8184478923805 0.91998706013707
3.8184495512562 0.9398606075785
3.8184512101319 0.9402600166898
3.8184528690076 0.93618748692137
3.8184545278832 0.92874360614614
3.8184561867589 0.92058240688767
3.8184578456346 0.93643646310502
3.8184595045103 0.95700152056512
3.818461163386 0.94473751771406
3.8184628222616 0.92656998061057
3.8184644811373 0.92727552130011
3.818466140013 0.93107243762386
3.8184677988887 0.94096728006138
3.8184694577643 0.95176475198613
3.81847111664 0.95036289188666
3.8184727755157 0.9473446671943
3.8184744343914 0.94619496345649
3.8184760932671 0.94526428126037
3.8184777521427 0.9485548516188
3.8184794110184 0.9522767514267
3.8184810698941 0.95362627623775
3.8184827287698 0.9547683800221
3.8184843876454 0.95481692402711
3.8184860465211 0.95478572789386
3.8184877053968 0.94702429779113
