3.8159100786782 0.972715
3.8159117375539 0.97907114663277
3.8159133964296 0.98377218375771
3.8159150553053 0.97519120229366
3.815916714181 0.96927252203257
3.8159183730566 0.97269774582339
3.8159200319323 0.97337318559486
3.815921690808 0.96853623684589
3.8159233496837 0.96599088054712
3.8159250085593 0.96631491974037
3.815926667435 0.9694338257788
3.8159283263107 0.97479038200001
3.8159299851864 0.97938091433144
3.8159316440621 0.98358872447186
3.8159333029377 0.98497489111456
3.8159349618134 0.98555796772969
3.8159366206891 0.983793665389
3.8159382795648 0.9817401306338
3.8159399384404 0.97985823741765
3.8159415973161 0.97792370350143
3.8159432561918 0.97558030783776
3.8159449150675 0.97022016907383
3.8159465739432 0.95454044996719
3.8159482328188 0.93714158853364
3.8159498916945 0.91638286022624
3.8159515505702 0.88826731232525
3.8159532094459 0.85119230500351
3.8159548683215 0.8085475167348
3.8159565271972 0.76158632536833
3.8159581860729 0.72365732517282
3.8159598449486 0.69005605847462
3.8159615038242 0.67546101426612
3.8159631626999 0.66595255830132
3.8159648215756 0.69043199186564
3.8159664804513 0.71878201311999
3.815968139327 0.75839479462676
3.8159697982026 0.79909827825267
3.8159714570783 0.8472252181045
3.815973115954 0.88989029172367
3.8159747748297 0.91539594633605
3.8159764337053 0.93695634777886
3.815978092581 0.95134627274906
3.8159797514567 0.96317240768715
3.8159814103324 0.97209041567456
3.8159830692081 0.97780462628097
3.8159847280837 0.98122009971153
3.8159863869594 0.98034827714356
3.8159880458351 0.97760488828186
3.8159897047108 0.9833846812312
3.8159913635864 0.99116205544993
3.8159930224621 0.9937640205008
3.8159946813378 0.99545169215931
3.8159963402135 0.98491280384465
3.8159979990892 0.97558027307235
3.8159996579648 0.97292786195103
3.8160013168405 0.96870712204263
3.8160029757162 0.96019204080501
3.8160046345919 0.95118852928796
3.8160062934675 0.94139533746928
3.8160079523432 0.93294158560668
3.8160096112189 0.92584364445256
3.8160112700946 0.92841851821794
3.8160129289703 0.93712817111297
3.8160145878459 0.94060914306696
3.8160162467216 0.94212655624753
3.8160179055973 0.93983803310967
3.816019564473 0.93683641961636
3.8160212233486 0.93609165531111
3.8160228822243 0.93525853496763
3.8160245411 0.93203255043405
3.8160261999757 0.9284379731672
3.8160278588514 0.92325766941057
3.816029517727 0.91869738794185
3.8160311766027 0.91555427422569
3.8160328354784 0.91367757452259
3.8160344943541 0.91354806184086
3.8160361532297 0.91465249793654
3.8160378121054 0.91682406632578
3.8160394709811 0.91809916165502
3.8160411298568 0.91889652077332
3.8160427887325 0.91565319972306
3.8160444476081 0.91119361825543
3.8160461064838 0.90543304644427
3.8160477653595 0.89950899332836
3.8160494242352 0.89700649481869
3.8160510831108 0.89548618733666
3.8160527419865 0.90128740819874
3.8160544008622 0.9068648118204
3.8160560597379 0.9117138578706
3.8160577186136 0.91508650725615
3.8160593774892 0.91574134218055
3.8160610363649 0.91801416284555
3.8160626952406 0.92211819223468
3.8160643541163 0.92284746371317
3.8160660129919 0.92119553716315
3.8160676718676 0.9233632386279
3.8160693307433 0.92713956615529
3.816070989619 0.93126283811226
3.8160726484947 0.93546168118968
3.8160743073703 0.93655186338259
3.816075966246 0.93751164744978
3.8160776251217 0.93968367047252
3.8160792839974 0.94018696063081
3.816080942873 0.93278784962121
3.8160826017487 0.92199843256788
3.8160842606244 0.90300328840723
3.8160859195001 0.88929544825726
3.8160875783758 0.88317988344252
3.8160892372514 0.88220781269812
3.8160908961271 0.88581966618489
3.8160925550028 0.90045141660589
3.8160942138785 0.92109082868321
3.8160958727541 0.93856434711459
3.8160975316298 0.95506928765724
3.8160991905055 0.95915750135941
3.8161008493812 0.96163903274487
3.8161025082569 0.96907105785886
3.8161041671325 0.97666665291566
3.8161058260082 0.98543738380778
3.8161074848839 0.9923077654011
3.8161091437596 0.99320205542655
3.8161108026352 0.99394917890248
3.8161124615109 0.99443518155642
3.8161141203866 0.99663703784953
3.8161157792623 1.0006992235611
3.816117438138 1.0027511954048
3.8161190970136 1.0034590305793
3.8161207558893 1.002371789715
3.816122414765 1.000582663851
3.8161240736407 1.000199879918
3.8161257325163 1.0000876527029
3.816127391392 0.99657663777089
3.8161290502677 0.99305559327567
3.8161307091434 0.99114107626574
3.8161323680191 0.98926945247896
3.8161340268947 0.98757078986049
3.8161356857704 0.98450534555361
3.8161373446461 0.97852209595876
3.8161390035218 0.97258471875517
3.8161406623974 0.96670586243831
3.8161423212731 0.95189434420156
3.8161439801488 0.93006350319354
3.8161456390245 0.91103754285871
3.8161472979002 0.8933275385116
3.8161489567758 0.88742338081956
3.8161506156515 0.88444421092866
3.8161522745272 0.89797438897848
3.8161539334029 0.91340139150546
3.8161555922785 0.93999896962863
3.8161572511542 0.96474346914005
3.8161589100299 0.98008962257
3.8161605689056 0.99124654615257
3.8161622277813 0.99194763250119
3.8161638866569 0.99120724266378
3.8161655455326 0.98837128804866
3.8161672044083 0.9856616941503
3.816168863284 0.98306453559147
3.8161705221596 0.97940184940687
3.8161721810353 0.97516781246273
3.816173839911 0.98087231409131
3.8161754987867 0.98949807320542
3.8161771576624 0.99008333928422
3.816178816538 0.98960988252453
3.8161804754137 0.98254916501094
3.8161821342894 0.97753537754967
3.8161837931651 0.98516914236476
3.8161854520407 0.99028530927607
3.8161871109164 0.98829963306294
3.8161887697921 0.99123944230972
3.8161904286678 1.0020714151553
3.8161920875435 1.0063349795215
3.8161937464191 1.0042105154379
3.8161954052948 1.0011840852894
3.8161970641705 0.99762743282136
3.8161987230462 0.99792149733451
3.8162003819218 0.99948047371368
3.8162020407975 1.0005578999252
3.8162036996732 1.001567075663
3.8162053585489 0.99786318471399
3.8162070174246 0.99501614615814
3.8162086763002 0.99834146386829
3.8162103351759 1.0012432406777
3.8162119940516 1.0028463282772
3.8162136529273 1.0041431900908
3.8162153118029 1.0049176254219
3.8162169706786 0.99938026920778
3.8162186295543 0.98736073306346
3.81622028843 0.97730292616181
3.8162219473057 0.96846167568981
3.8162236061813 0.96619020135463
3.816225265057 0.96621205816394
3.8162269239327 0.96042463780697
3.8162285828084 0.95373370356138
3.816230241684 0.94985135506786
3.8162319005597 0.94722622889869
3.8162335594354 0.9541312546738
3.8162352183111 0.96078897692881
3.8162368771867 0.96665799139793
3.8162385360624 0.97397509320674
3.8162401949381 0.98382855313873
3.8162418538138 0.9882598352354
3.8162435126895 0.98700810562434
3.8162451715651 0.98421545296219
3.8162468304408 0.98045101003737
3.8162484893165 0.98388473829365
3.8162501481922 0.98986944408786
3.8162518070678 0.99270185691808
3.8162534659435 0.99503621463858
3.8162551248192 0.99975323578367
3.8162567836949 1.002603233028
3.8162584425706 0.99080013823359
3.8162601014462 0.98173351103546
3.8162617603219 0.9813274809975
3.8162634191976 0.98185830024945
3.8162650780733 0.98401296633977
3.8162667369489 0.98135257186007
3.8162683958246 0.97371625058685
3.8162700547003 0.96992489912321
3.816271713576 0.96851176243189
3.8162733724517 0.97455174598619
3.8162750313273 0.98315623868753
3.816276690203 0.98881460964504
3.8162783490787 0.99403403193517
3.8162800079544 0.99748645903342
3.81628166683 1.0001445423748
3.8162833257057 0.9971978273531
3.8162849845814 0.99496744087766
3.8162866434571 0.99488522770295
3.8162883023328 0.99640112452507
3.8162899612084 1.0005591468196
3.8162916200841 1.0014721039918
3.8162932789598 0.99919004799634
3.8162949378355 0.99178158136328
3.8162965967111 0.98137543429484
3.8162982555868 0.97429167805708
3.8162999144625 0.96826704741116
3.8163015733382 0.96088969441943
3.8163032322139 0.95339171554931
3.8163048910895 0.94994949773111
3.8163065499652 0.9472586338301
3.8163082088409 0.94915212193874
3.8163098677166 0.94885308675116
3.8163115265922 0.94258409987392
3.8163131854679 0.93743256327819
3.8163148443436 0.93398159714822
3.8163165032193 0.92273050730861
3.816318162095 0.90441076967242
3.8163198209706 0.89304414936854
3.8163214798463 0.88537577275843
3.816323138722 0.88784249166428
3.8163247975977 0.89314988629388
3.8163264564733 0.91377013278682
3.816328115349 0.93543015391959
3.8163297742247 0.94490124546956
3.8163314331004 0.95450268168755
3.8163330919761 0.96475493970303
3.8163347508517 0.97536064609402
3.8163364097274 0.98680795940511
3.8163380686031 0.99484783531363
3.8163397274788 0.99827297343796
3.8163413863544 0.99924674815774
3.8163430452301 0.9982460747376
3.8163447041058 0.9993459614429
3.8163463629815 1.0014201545177
3.8163480218572 0.99909313821018
3.8163496807328 0.99575066942717
3.8163513396085 0.99283459549633
3.8163529984842 0.99060021343799
3.8163546573599 0.9968499217695
3.8163563162355 1.000746067485
3.8163579751112 0.99531847477521
3.8163596339869 0.99023783997723
3.8163612928626 0.98585695254257
3.8163629517383 0.98256568121879
3.8163646106139 0.98054564405059
3.8163662694896 0.97831000493492
3.8163679283653 0.97592563243552
3.816369587241 0.96890238181318
3.8163712461166 0.96009380297945
3.8163729049923 0.95738439224258
3.816374563868 0.95572982226928
3.8163762227437 0.95727412786289
3.8163778816194 0.958503110585
3.816379540495 0.95685365492146
3.8163811993707 0.95554630696096
3.8163828582464 0.95529430164734
3.8163845171221 0.95235112703702
3.8163861759977 0.9449379526866
3.8163878348734 0.944279699561
3.8163894937491 0.95019075492408
3.8163911526248 0.95772173051853
3.8163928115005 0.96617079798469
3.8163944703761 0.9742851613529
3.8163961292518 0.98229935322059
3.8163977881275 0.97945486894639
3.8163994470032 0.97539794721004
3.8164011058788 0.97068755341948
3.8164027647545 0.96633444822584
3.8164044236302 0.96379327641843
3.8164060825059 0.95856613680287
3.8164077413816 0.94697131409176
3.8164094002572 0.92734397696725
3.8164110591329 0.89701528740021
3.8164127180086 0.87507439202753
3.8164143768843 0.85969720083102
3.8164160357599 0.85984490335004
3.8164176946356 0.86685839633028
3.8164193535113 0.88740975733071
3.816421012387 0.91081647491118
3.8164226712627 0.92768484809572
3.8164243301383 0.94328652166409
3.816425989014 0.9490917701098
3.8164276478897 0.95588575912453
3.8164293067654 0.9661028467613
3.816430965641 0.9757845330861
3.8164326245167 0.98450248658437
3.8164342833924 0.98975079871238
3.8164359422681 0.99139222954644
3.8164376011438 0.98919746625219
3.8164392600194 0.98468759197804
3.8164409188951 0.984129854755
3.8164425777708 0.98484029903359
3.8164442366465 0.98675862223319
3.8164458955221 0.98890154560165
3.8164475543978 0.99410364009654
3.8164492132735 0.99822051077457
3.8164508721492 0.99656080937291
3.8164525310249 0.99936929653265
3.8164541899005 1.0130034304151
3.8164558487762 1.014150905532
3.8164575076519 0.99849089955141
3.8164591665276 0.98679273152274
3.8164608254032 0.97820138837786
3.8164624842789 0.97154855202067
3.8164641431546 0.96574690790227
3.8164658020303 0.96506156852568
3.816467460906 0.96542879526387
3.8164691197816 0.96546112331167
3.8164707786573 0.96591731836435
3.816472437533 0.97035362174943
3.8164740964087 0.9746232886026
3.8164757552843 0.97834666664137
3.81647741416 0.97720672237437
3.8164790730357 0.9677419006913
3.8164807319114 0.95590701307948
3.8164823907871 0.94173933543058
3.8164840496627 0.91498807737851
3.8164857085384 0.88113690908479
3.8164873674141 0.84825898090726
3.8164890262898 0.81566405624875
3.8164906851654 0.80435200710086
3.8164923440411 0.79636787794551
3.8164940029168 0.81388807335859
3.8164956617925 0.83371108676764
3.8164973206682 0.86388971301308
3.8164989795438 0.89147722673191
3.8165006384195 0.91350560788039
3.8165022972952 0.9327815115171
3.8165039561709 0.94874783605298
3.8165056150465 0.95747654605341
3.8165072739222 0.9611822728574
3.8165089327979 0.9730559032023
3.8165105916736 0.98800114834636
3.8165122505493 0.98723428742166
3.8165139094249 0.98397829894694
3.8165155683006 0.983511104958
3.8165172271763 0.98216342489713
3.816518886052 0.97525386034393
3.8165205449276 0.96968461339986
3.8165222038033 0.9676732296391
3.816523862679 0.96543226908971
3.8165255215547 0.96286194963836
3.8165271804303 0.96018092286132
3.816528839306 0.95740855903923
3.8165304981817 0.9560514385485
3.8165321570574 0.95534432345443
3.8165338159331 0.95102255721329
3.8165354748087 0.9459221607247
3.8165371336844 0.95220036101286
3.8165387925601 0.95757135107831
3.8165404514358 0.95028886213628
3.8165421103114 0.94371028097435
3.8165437691871 0.93941052255162
3.8165454280628 0.93755992081868
3.8165470869385 0.93980819573778
3.8165487458142 0.93881339824176
3.8165504046898 0.93472949410947
3.8165520635655 0.93460322031036
3.8165537224412 0.93660368671308
3.8165553813169 0.93836732773159
3.8165570401925 0.94006759435034
3.8165586990682 0.95056885554802
3.8165603579439 0.96053715904215
3.8165620168196 0.95324979466925
3.8165636756953 0.94429497396732
3.8165653345709 0.92887182469215
3.8165669934466 0.91183653705697
3.8165686523223 0.8917258445914
3.816570311198 0.87456355218853
3.8165719700736 0.86055696673539
3.8165736289493 0.85135150007237
3.816575287825 0.84506063541683
3.8165769467007 0.85495761342767
3.8165786055764 0.86992132086747
3.816580264452 0.88760091293647
3.8165819233277 0.90548507771864
3.8165835822034 0.9211691140908
3.8165852410791 0.93551136477112
3.8165868999547 0.9437621630057
3.8165885588304 0.94853116674099
3.8165902177061 0.94591660754512
3.8165918765818 0.94071165931964
3.8165935354575 0.93247168696532
3.8165951943331 0.92331591470264
3.8165968532088 0.91355124426891
3.8165985120845 0.91458032313982
3.8166001709602 0.91938250783019
3.8166018298358 0.91648115371084
3.8166034887115 0.91225345839636
3.8166051475872 0.89514759755114
3.8166068064629 0.87603800693999
3.8166084653386 0.84661727720672
3.8166101242142 0.8220144400904
3.8166117830899 0.80846413189784
3.8166134419656 0.80242678026923
3.8166151008413 0.80577552547391
3.8166167597169 0.81972102660008
3.8166184185926 0.84116305997992
3.8166200774683 0.86904839635114
3.816621736344 0.89935401414848
3.8166233952197 0.92253850770352
3.8166250540953 0.9444607587176
3.816626712971 0.94808174531592
3.8166283718467 0.95165612278184
3.8166300307224 0.9549695438105
3.816631689598 0.95871718977745
3.8166333484737 0.9635108804452
3.8166350073494 0.96783616304562
3.8166366662251 0.97155373252722
3.8166383251008 0.96970813597744
3.8166399839764 0.96378984984583
3.8166416428521 0.96077471712607
3.8166433017278 0.95889117319141
3.8166449606035 0.95784916680963
3.8166466194791 0.9569024368905
3.8166482783548 0.94694498244438
3.8166499372305 0.93756193348884
3.8166515961062 0.93151273044707
3.8166532549819 0.92324211097115
3.8166549138575 0.90952499968859
3.8166565727332 0.89541528740447
3.8166582316089 0.8807906516268
3.8166598904846 0.87223301920838
3.8166615493602 0.86814864019537
3.8166632082359 0.8695611578566
3.8166648671116 0.8731243969757
3.8166665259873 0.88978491543734
3.816668184863 0.90852965695397
3.8166698437386 0.92510284912916
3.8166715026143 0.9389042780234
3.81667316149 0.93687981944742
3.8166748203657 0.93778713359574
3.8166764792413 0.94577762703437
3.816678138117 0.95210395454632
3.8166797969927 0.9562822210218
3.8166814558684 0.95898899958657
3.8166831147441 0.96063240714676
3.8166847736197 0.9616765454166
3.8166864324954 0.96249291945377
3.8166880913711 0.96290808485343
3.8166897502468 0.96324679532279
3.8166914091224 0.96239794976295
3.8166930679981 0.96164287175609
3.8166947268738 0.96138847481117
3.8166963857495 0.96260319480223
3.8166980446252 0.96720746261345
3.8166997035008 0.9655026776309
3.8167013623765 0.95599700256203
3.8167030212522 0.94825547931502
3.8167046801279 0.94172962476172
3.8167063390035 0.93862788494712
3.8167079978792 0.93674739573533
3.8167096567549 0.92331338076593
3.8167113156306 0.90835517663463
3.8167129745063 0.89401546947262
3.8167146333819 0.88280204756281
3.8167162922576 0.88652994239363
3.8167179511333 0.89343900422188
3.816719610009 0.90715063736437
3.8167212688846 0.92071671375969
3.8167229277603 0.93411489693701
3.816724586636 0.94208729191288
3.8167262455117 0.94659420895926
3.8167279043874 0.94636201006534
3.816729563263 0.94460190459531
3.8167312221387 0.93931750545547
3.8167328810144 0.93439529719369
3.8167345398901 0.94403113898672
3.8167361987657 0.9505485475756
3.8167378576414 0.94419235298319
3.8167395165171 0.9384571756778
3.8167411753928 0.93391931122277
3.8167428342685 0.92532674885405
3.8167444931441 0.91248411010133
3.8167461520198 0.90300819621711
3.8167478108955 0.89546719186655
3.8167494697712 0.89186907128995
3.8167511286468 0.88937033405808
3.8167527875225 0.8946565784249
3.8167544463982 0.90056990361894
3.8167561052739 0.90687539726762
3.8167577641496 0.9139426421448
3.8167594230252 0.92365493661591
3.8167610819009 0.93142801296446
3.8167627407766 0.9359147109088
3.8167643996523 0.94002513357831
3.8167660585279 0.94378646111778
3.8167677174036 0.94064624385161
3.8167693762793 0.93405210306418
3.816771035155 0.94136359981373
3.8167726940307 0.95184489431809
3.8167743529063 0.94212406301925
3.816776011782 0.93250497364915
3.8167776706577 0.93005371288184
3.8167793295334 0.92875918691573
3.816780988409 0.93077639685221
3.8167826472847 0.93591533560276
3.8167843061604 0.94559701772896
3.8167859650361 0.95372916536977
3.8167876239118 0.96062323378006
3.8167892827874 0.96209708646145
3.8167909416631 0.96129813175537
3.8167926005388 0.95768581255393
3.8167942594145 0.95358165391379
3.8167959182901 0.94593025382742
3.8167975771658 0.93922230761868
3.8167992360415 0.93779854535202
3.8168008949172 0.93830532861776
3.8168025537928 0.94330036436942
3.8168042126685 0.94412604875044
3.8168058715442 0.93985847196159
3.8168075304199 0.94317091958603
3.8168091892956 0.9515438317293
3.8168108481712 0.95243292468028
3.8168125070469 0.95081796325621
3.8168141659226 0.95117159466748
3.8168158247983 0.95190104352084
3.8168174836739 0.95563469155932
3.8168191425496 0.95941122928289
3.8168208014253 0.96336030374161
3.816822460301 0.96527755730435
3.8168241191767 0.96340965422703
3.8168257780523 0.96390185221676
3.816827436928 0.96675770534292
3.8168290958037 0.964206718453
3.8168307546794 0.95874549392192
3.816832413555 0.95130829171724
3.8168340724307 0.94337921386784
3.8168357313064 0.92809369560648
3.8168373901821 0.91174669917633
3.8168390490578 0.88938276290315
3.8168407079334 0.86818196483351
3.8168423668091 0.85040965302825
3.8168440256848 0.83665309941898
3.8168456845605 0.82880882968772
3.8168473434361 0.83257357652702
3.8168490023118 0.84561828711997
3.8168506611875 0.86110838011568
3.8168523200632 0.87761101088657
3.8168539789389 0.88927501345478
3.8168556378145 0.90011585858327
3.8168572966902 0.90836294889788
3.8168589555659 0.91566021903486
3.8168606144416 0.91805303190049
3.8168622733172 0.92154484087121
3.8168639321929 0.92743530662754
3.8168655910686 0.93397958957928
3.8168672499443 0.94127216925777
3.81686890882 0.94367168864779
3.8168705676956 0.94305360148812
3.8168722265713 0.93860445065662
3.816873885447 0.93301678853421
3.8168755443227 0.93368520958674
3.8168772031983 0.93480370213329
3.816878862074 0.93508899299962
3.8168805209497 0.93087126433932
3.8168821798254 0.91147833420432
3.8168838387011 0.89717536499007
3.8168854975767 0.89111504477194
3.8168871564524 0.88429842868977
3.8168888153281 0.87682403700753
3.8168904742038 0.87493497532626
3.8168921330794 0.87557883816799
3.8168937919551 0.87939071127806
3.8168954508308 0.88380005370613
3.8168971097065 0.88317539164474
3.8168987685822 0.88210804302472
3.8169004274578 0.87865134073249
3.8169020863335 0.87360303303168
3.8169037452092 0.86487832176986
3.8169054040849 0.85460453844511
3.8169070629605 0.84248267200273
3.8169087218362 0.83025419584292
3.8169103807119 0.81795755596621
3.8169120395876 0.81200506097281
3.8169136984633 0.80801099328455
3.8169153573389 0.81243622769921
3.8169170162146 0.81781648303462
3.8169186750903 0.82582960962644
3.816920333966 0.83382849205212
3.8169219928416 0.84177896396028
3.8169236517173 0.8516499509282
3.816925310593 0.86462736058688
3.8169269694687 0.86965192326633
3.8169286283444 0.86781510056704
3.81693028722 0.86713163067564
3.8169319460957 0.86696197388467
3.8169336049714 0.86377245322895
3.8169352638471 0.86004623031517
3.8169369227227 0.8606224958728
3.8169385815984 0.86221173157141
3.8169402404741 0.86921958156388
3.8169418993498 0.87514589831619
3.8169435582255 0.87869833038735
3.8169452171011 0.88192029436804
3.8169468759768 0.88476754148196
3.8169485348525 0.88388606588516
3.8169501937282 0.88076151466415
3.8169518526038 0.87874288311141
3.8169535114795 0.87703566201208
3.8169551703552 0.87661620984847
3.8169568292309 0.87648936965228
3.8169584881066 0.87837420043789
3.8169601469822 0.87870138785378
3.8169618058579 0.8743267330675
3.8169634647336 0.87040568203712
3.8169651236093 0.86715028695688
3.8169667824849 0.8666305420996
3.8169684413606 0.86824398017545
3.8169701002363 0.86600822113581
3.816971759112 0.86226514426923
3.8169734179877 0.859355017975
3.8169750768633 0.85664330789612
3.816976735739 0.85631393047647
3.8169783946147 0.85612231211468
3.8169800534904 0.85651954709107
3.816981712366 0.85582932707551
3.8169833712417 0.85309135609936
3.8169850301174 0.84809617010676
3.8169866889931 0.84088179567739
3.8169883478688 0.83684129324374
3.8169900067444 0.83442263005038
3.8169916656201 0.82723640259766
3.8169933244958 0.81899990924497
3.8169949833715 0.81270799579573
3.8169966422471 0.80594875753055
3.8169983011228 0.7959123936679
3.8169999599985 0.78468132642521
3.8170016188742 0.77057206880453
3.8170032777499 0.76260376151675
3.8170049366255 0.76209388900032
3.8170065955012 0.75652774664939
3.8170082543769 0.74772787517571
3.8170099132526 0.73243503172825
3.8170115721282 0.71518538945705
3.8170132310039 0.70058094718501
3.8170148898796 0.68555919247636
3.8170165487553 0.66387386038354
3.817018207631 0.64299952865841
3.8170198665066 0.62462841611945
3.8170215253823 0.60647034745363
3.817023184258 0.58862687216859
3.8170248431337 0.57024228607487
3.8170265020093 0.5514375684959
3.817028160885 0.54003100392699
3.8170298197607 0.53146990985213
3.8170314786364 0.52383575405975
3.8170331375121 0.51626667571592
3.8170347963877 0.50732016499981
3.8170364552634 0.49839242264481
3.8170381141391 0.48953928181988
3.8170397730148 0.48089615783236
3.8170414318904 0.4726249859251
3.8170430907661 0.46711202835684
3.8170447496418 0.4641362789428
3.8170464085175 0.45677993044382
3.8170480673932 0.44737153602204
3.8170497262688 0.44205450346111
3.8170513851445 0.43750948552872
3.8170530440202 0.43294840108573
3.8170547028959 0.42810219118235
3.8170563617715 0.42178294726623
3.8170580206472 0.41563261305705
3.8170596795229 0.40983651935932
3.8170613383986 0.40624091181752
3.8170629972743 0.40499409072712
3.8170646561499 0.4015986877156
3.8170663150256 0.39701878705509
3.8170679739013 0.39368919541696
3.817069632777 0.39066108739205
3.8170712916526 0.39148764231506
3.8170729505283 0.39214692187449
3.817074609404 0.39077461251323
3.8170762682797 0.38883461309868
3.8170779271554 0.38550340871907
3.817079586031 0.38232263363361
3.8170812449067 0.37932465984951
3.8170829037824 0.38063066017448
3.8170845626581 0.38465172775414
3.8170862215337 0.38747863381216
3.8170878804094 0.38995907916121
3.8170895392851 0.39312559018165
3.8170911981608 0.396381595739
3.8170928570364 0.40003178835052
3.8170945159121 0.40300663008995
3.8170961747878 0.40407545107053
3.8170978336635 0.4089233061546
3.8170994925392 0.41890313527326
3.8171011514148 0.43058664438638
3.8171028102905 0.44347040836775
3.8171044691662 0.45398159178033
3.8171061280419 0.46369940833272
3.8171077869175 0.47981610578485
3.8171094457932 0.49625679040993
3.8171111046689 0.50911666799497
3.8171127635446 0.52085248682626
3.8171144224203 0.52899696951848
3.8171160812959 0.53760461704981
3.8171177401716 0.54690217726626
3.8171193990473 0.55806641197882
3.817121057923 0.57066743351005
3.8171227167986 0.57579871494896
3.8171243756743 0.57814794574409
3.81712603455 0.5783630961696
3.8171276934257 0.57814749595152
3.8171293523014 0.57501956978677
3.817131011177 0.5709135850226
3.8171326700527 0.56334131116
3.8171343289284 0.55664563879689
3.8171359878041 0.55135523214991
3.8171376466797 0.54912194341309
3.8171393055554 0.54940631240571
3.8171409644311 0.55297809950555
3.8171426233068 0.55787482949014
3.8171442821825 0.5654050805178
3.8171459410581 0.57331261063056
3.8171475999338 0.58141942755241
3.8171492588095 0.58921019481975
3.8171509176852 0.59578758918469
3.8171525765608 0.60406200966572
3.8171542354365 0.61520654197844
3.8171558943122 0.62303874392829
3.8171575531879 0.62801038089521
3.8171592120636 0.63519624640288
3.8171608709392 0.64332302355579
3.8171625298149 0.64293351067175
3.8171641886906 0.64147687072254
3.8171658475663 0.64709229833625
3.8171675064419 0.65196435101919
3.8171691653176 0.65382829956138
3.8171708241933 0.65499535088795
3.817172483069 0.65494409975282
3.8171741419447 0.65440698627544
3.8171758008203 0.65343861805701
3.817177459696 0.64473195451009
3.8171791185717 0.63264148244652
3.8171807774474 0.62749377441005
3.817182436323 0.62401442650296
3.8171840951987 0.63972034989017
3.8171857540744 0.65565054646495
3.8171874129501 0.67250899031815
3.8171890718258 0.68695509695188
3.8171907307014 0.69713394956292
3.8171923895771 0.70509981952601
3.8171940484528 0.71108614401578
3.8171957073285 0.71323915252856
3.8171973662041 0.71370722594117
3.8171990250798 0.72160511082032
3.8172006839555 0.7306480593297
3.8172023428312 0.7380608387007
3.8172040017069 0.74422801700836
3.8172056605825 0.74528443468547
3.8172073194582 0.74867582723801
3.8172089783339 0.75615843627019
3.8172106372096 0.76265410825708
3.8172122960852 0.76827750786764
3.8172139549609 0.77310670863511
3.8172156138366 0.77759309127423
3.8172172727123 0.77830742757764
3.817218931588 0.77854911521585
3.8172205904636 0.78188545780051
3.8172222493393 0.78413626064353
3.817223908215 0.78210548645269
3.8172255670907 0.77896232405563
3.8172272259663 0.77392869717322
3.817228884842 0.76987055451853
3.8172305437177 0.76664752900066
3.8172322025934 0.76265821010485
3.8172338614691 0.75835170712053
3.8172355203447 0.76084065124151
3.8172371792204 0.76422701211452
3.8172388380961 0.76620067664756
3.8172404969718 0.77121235170801
3.8172421558474 0.78741679620011
3.8172438147231 0.8016237765669
3.8172454735988 0.81260612689538
3.8172471324745 0.82605563267032
3.8172487913502 0.84151025621645
3.8172504502258 0.84954589290557
3.8172521091015 0.85470982480791
3.8172537679772 0.85863421525968
3.8172554268529 0.86226958990957
3.8172570857285 0.86376499187677
3.8172587446042 0.86459479321042
3.8172604034799 0.86319165603879
3.8172620623556 0.86408538909408
3.8172637212313 0.86843235447713
3.8172653801069 0.87063323669706
3.8172670389826 0.8712114167327
3.8172686978583 0.8725753633206
3.817270356734 0.87421602690812
3.8172720156096 0.88251571425893
3.8172736744853 0.89097945874064
3.817275333361 0.89375346705711
3.8172769922367 0.89710957451896
3.8172786511124 0.90220537298304
3.817280309988 0.90633638884344
3.8172819688637 0.90914250628712
3.8172836277394 0.91058808233398
3.8172852866151 0.91109654425212
3.8172869454907 0.91235061945792
3.8172886043664 0.9138361688337
3.8172902632421 0.91668926578401
3.8172919221178 0.91924128409483
3.8172935809935 0.91841827183946
3.8172952398691 0.9194955377505
3.8172968987448 0.92553978361115
3.8172985576205 0.92797927882456
3.8173002164962 0.92598079225832
3.8173018753718 0.925262021583
3.8173035342475 0.92532820504894
3.8173051931232 0.92527878145547
3.8173068519989 0.92519891619496
3.8173085108746 0.92468579133611
3.8173101697502 0.92411783974958
3.8173118286259 0.9233048468206
3.8173134875016 0.92213663598154
3.8173151463773 0.92016915917503
3.8173168052529 0.91968175904548
3.8173184641286 0.92079800792269
3.8173201230043 0.92090145945494
3.81732178188 0.92046532475083
3.8173234407557 0.92603974854565
3.8173250996313 0.93202832471091
3.817326758507 0.93384322353431
3.8173284173827 0.9357162678971
3.8173300762584 0.93794643231126
3.817331735134 0.93961796067306
3.8173333940097 0.93673372856865
3.8173350528854 0.93421565216483
3.8173367117611 0.93599394342143
3.8173383706368 0.93790219423401
3.8173400295124 0.94239189295369
3.8173416883881 0.94683600384754
3.8173433472638 0.94872141136835
3.8173450061395 0.95060681888915
3.8173466650151 0.95137592919452
3.8173483238908 0.95213053653207
3.8173499827665 0.95268907732491
3.8173516416422 0.95323880408462
3.8173533005179 0.95621173728913
3.8173549593935 0.95937583262304
3.8173566182692 0.96018938023467
3.8173582771449 0.96073277582108
3.8173599360206 0.95694694677333
3.8173615948962 0.95249750637393
3.8173632537719 0.95007536286883
3.8173649126476 0.94804688232579
3.8173665715233 0.9498123560919
3.8173682303989 0.95248055006996
3.8173698892746 0.95381146990501
3.8173715481503 0.95476153842663
3.817373207026 0.95690205142584
3.8173748659017 0.95944148585748
3.8173765247773 0.9623151770416
3.817378183653 0.96531897696625
3.8173798425287 0.96882232473304
3.8173815014044 0.97254935508172
3.81738316028 0.97476991983862
3.8173848191557 0.97622048402325
3.8173864780314 0.98044048448526
3.8173881369071 0.98626690283647
3.8173897957828 0.98648513091155
3.8173914546584 0.98302953748035
3.8173931135341 0.9807488958585
3.8173947724098 0.9793345500617
3.8173964312855 0.97946084951643
3.8173980901611 0.98086249899722
3.8173997490368 0.98361035312051
3.8174014079125 0.98760694310554
3.8174030667882 0.98671240493174
3.8174047256639 0.98073832219052
3.8174063845395 0.97954903963145
3.8174080434152 0.98392141712946
3.8174097022909 0.98490293278608
3.8174113611666 0.98147124146541
3.8174130200422 0.97831419390573
3.8174146789179 0.9755579067261
3.8174163377936 0.97429786624365
3.8174179966693 0.97549041358601
3.817419655545 0.97435883365868
3.8174213144206 0.96893589108051
3.8174229732963 0.96597723147052
3.817424632172 0.96816435331847
3.8174262910477 0.97037095793499
3.8174279499233 0.97262378960657
3.817429608799 0.97535166183115
3.8174312676747 0.97936866901331
3.8174329265504 0.98137417855523
3.8174345854261 0.9770840013883
3.8174362443017 0.97426088824132
3.8174379031774 0.97678844254709
3.8174395620531 0.97928972344736
3.8174412209288 0.98167776536178
3.8174428798044 0.98368398595677
3.8174445386801 0.98370865794308
3.8174461975558 0.98336089325091
3.8174478564315 0.98062612154563
3.8174495153072 0.9780731755563
3.8174511741828 0.9770146268602
3.8174528330585 0.97609702076539
3.8174544919342 0.97675489470674
3.8174561508099 0.97686455243631
3.8174578096855 0.96771360340859
3.8174594685612 0.95868109484181
3.8174611274369 0.95350980454454
3.8174627863126 0.94833405828441
3.8174644451883 0.94198020769013
3.8174661040639 0.93562635709584
3.8174677629396 0.93177706139131
3.8174694218153 0.92798434127518
3.817471080691 0.91833860776048
3.8174727395666 0.9083989718445
3.8174743984423 0.88497998500757
3.817476057318 0.86049260451609
3.8174777161937 0.825478471453
3.8174793750694 0.78930855242823
3.817481033945 0.76896577438846
3.8174826928207 0.75086934725425
3.8174843516964 0.74781612265027
3.8174860105721 0.7474082468801
3.8174876694477 0.77547632675731
3.8174893283234 0.80957128982145
3.8174909871991 0.83949775812731
3.8174926460748 0.86838425717301
3.8174943049505 0.89493706851348
3.8174959638261 0.92081420184797
3.8174976227018 0.93733014148007
3.8174992815775 0.9507375601035
3.8175009404532 0.95721251259925
3.8175025993288 0.96107224980768
3.8175042582045 0.96470407012169
3.8175059170802 0.96823895373496
3.8175075759559 0.97252845607383
3.8175092348316 0.97717765489709
3.8175108937072 0.97716738181445
3.8175125525829 0.97468092348903
3.8175142114586 0.97226236961702
3.8175158703343 0.9698838983921
3.8175175292099 0.967742319943
3.8175191880856 0.96575551651398
3.8175208469613 0.95398876687579
3.817522505837 0.93516834053136
3.8175241647127 0.92750327758003
3.8175258235883 0.92870258777894
3.817527482464 0.92570652791371
3.8175291413397 0.91904278762606
3.8175308002154 0.91374644777456
3.817532459091 0.90976353369513
3.8175341179667 0.91111157273444
3.8175357768424 0.91808250878958
3.8175374357181 0.92438320240377
3.8175390945938 0.92990783077626
3.8175407534694 0.93262978531773
3.8175424123451 0.9317889495986
3.8175440712208 0.92995211966873
3.8175457300965 0.92672456227706
3.8175473889721 0.92542672140772
3.8175490478478 0.92709177574251
3.8175507067235 0.92977794024249
3.8175523655992 0.93419044330229
3.8175540244749 0.93813337690954
3.8175556833505 0.9412003937257
3.8175573422262 0.94458550896632
3.8175590011019 0.94862676479459
3.8175606599776 0.94936096964661
3.8175623188532 0.94252800678106
3.8175639777289 0.93753053796382
3.8175656366046 0.93720959412769
3.8175672954803 0.93488015494004
3.817568954356 0.92682536038007
3.8175706132316 0.91841308112141
3.8175722721073 0.90885420465747
3.817573930983 0.90019760950875
3.8175755898587 0.89482010382847
3.8175772487343 0.88988671406232
3.81757890761 0.88679810201091
3.8175805664857 0.88502425694296
3.8175822253614 0.88956142626854
3.8175838842371 0.89353223723534
3.8175855431127 0.89431585658951
3.8175872019884 0.8955041863837
3.8175888608641 0.89941306796368
3.8175905197398 0.90407753656193
3.8175921786154 0.91496952102501
3.8175938374911 0.92552731272642
3.8175954963668 0.93258165743569
3.8175971552425 0.93935308568057
3.8175988141182 0.94212463837841
3.8176004729938 0.94468688712125
3.8176021318695 0.9428247473984
3.8176037907452 0.94087348810923
3.8176054496209 0.93535537600386
3.8176071084965 0.92984863204764
3.8176087673722 0.92735571353561
3.8176104262479 0.92486279502358
3.8176120851236 0.93303072866346
3.8176137439993 0.94138044448166
3.8176154028749 0.94985762605733
3.8176170617506 0.95833973167891
3.8176187206263 0.9678360799484
3.817620379502 0.97739424414906
3.8176220383776 0.98198536007445
3.8176236972533 0.98615858052882
3.817625356129 0.98748093194568
3.8176270150047 0.98849484976212
3.8176286738804 0.98386687681451
3.817630332756 0.97848761085773
3.8176319916317 0.97852640978236
3.8176336505074 0.97942755280797
3.8176353093831 0.98667096146593
3.8176369682587 0.9950952317598
3.8176386271344 0.99473954239495
3.8176402860101 0.9925022297787
3.8176419448858 0.9925542114757
3.8176436037615 0.99316383116432
3.8176452626371 0.99687098891622
3.8176469215128 1.0014273466617
3.8176485803885 0.99739773766748
3.8176502392642 0.9907405526501
3.8176518981398 0.9891416511195
3.8176535570155 0.98925904256518
3.8176552158912 0.98902062645036
3.8176568747669 0.98864911700645
3.8176585336425 0.98503905101403
3.8176601925182 0.98009962627998
3.8176618513939 0.978224243613
3.8176635102696 0.97772338185447
3.8176651691453 0.98131503846448
3.8176668280209 0.98690602921242
3.8176684868966 0.98901331280619
3.8176701457723 0.98927244808143
3.817671804648 0.98656108326108
3.8176734635236 0.98214318815236
3.8176751223993 0.97939533487367
3.817676781275 0.97768428600719
3.8176784401507 0.97645159051586
3.8176800990264 0.97553924936297
3.817681757902 0.97521487804355
3.8176834167777 0.97531449196323
3.8176850756534 0.9762699909922
3.8176867345291 0.97788919726303
3.8176883934047 0.97868935999873
3.8176900522804 0.97880732660123
3.8176917111561 0.97971211214606
3.8176933700318 0.98132010256884
3.8176950289075 0.97400563115794
3.8176966877831 0.95814028625502
3.8176983466588 0.94135408632318
3.8177000055345 0.9236221803918
3.8177016644102 0.91065626673834
3.8177033232858 0.90293299104317
3.8177049821615 0.89896294087295
3.8177066410372 0.8994136270336
3.8177082999129 0.89696564938669
3.8177099587886 0.89086188907762
3.8177116176642 0.8753893941325
3.8177132765399 0.84726509236374
3.8177149354156 0.81996551871428
3.8177165942913 0.79385865454165
3.8177182531669 0.77649152051224
3.8177199120426 0.77266395302192
3.8177215709183 0.77781210731581
3.817723229794 0.79786528178793
3.8177248886697 0.82159012811275
3.8177265475453 0.85185467806669
3.817728206421 0.87883164342658
3.8177298652967 0.89952291470552
3.8177315241724 0.92288685791028
3.817733183048 0.95174161628325
3.8177348419237 0.97417332911479
3.8177365007994 0.98240633372695
3.8177381596751 0.98983797599355
3.8177398185508 0.99536074933628
3.8177414774264 0.99984979956618
3.8177431363021 1.0016810535224
3.8177447951778 1.0048118300989
3.8177464540535 1.0115568135454
3.8177481129291 1.0154110662477
3.8177497718048 1.0105487357676
3.8177514306805 1.006045576988
3.8177530895562 1.0027197761857
3.8177547484319 0.99928435579119
3.8177564073075 0.99545709613966
3.8177580661832 0.99229179663337
3.8177597250589 0.99171609242073
3.8177613839346 0.99152185859279
3.8177630428102 0.99296816417864
3.8177647016859 0.9944020589986
3.8177663605616 0.99577698518796
3.8177680194373 0.99641003790318
3.817769678313 0.99312544716258
3.8177713371886 0.98967350423725
3.8177729960643 0.98523203489866
3.81777465494 0.98122876211275
3.8177763138157 0.98015195507411
3.8177779726913 0.97980973749817
3.817779631567 0.98506852242969
3.8177812904427 0.98950270203037
3.8177829493184 0.98666067908493
3.8177846081941 0.9838073076218
3.8177862670697 0.98083593419799
3.8177879259454 0.97818609686979
3.8177895848211 0.97956856586274
3.8177912436968 0.98083167053421
3.8177929025724 0.98022681177249
3.8177945614481 0.97938364561732
3.8177962203238 0.97363947176897
3.8177978791995 0.96817192698921
3.8177995380752 0.97084846300648
3.8178011969508 0.97323450639757
3.8178028558265 0.96095856983884
3.8178045147022 0.94854900947798
3.8178061735779 0.91450806417672
3.8178078324535 0.88046711887545
3.8178094913292 0.84596943743234
3.8178111502049 0.81146851136535
3.8178128090806 0.79562426960833
3.8178144679563 0.78016218022487
3.8178161268319 0.78238516778951
3.8178177857076 0.78521159511817
3.8178194445833 0.81683555384281
3.817821103459 0.84984123675435
3.8178227623346 0.88676517584268
3.8178244212103 0.92393229825105
3.817826080086 0.94690462290323
3.8178277389617 0.96879216473158
3.8178293978374 0.97736839000142
3.817831056713 0.98473313950927
3.8178327155887 0.98956632949725
3.8178343744644 0.99413158765019
3.8178360333401 0.99729812302997
3.8178376922157 1.000295551009
3.8178393510914 1.0036229800736
3.8178410099671 1.0069953748327
3.8178426688428 0.99948982803766
3.8178443277185 0.99033230473583
3.8178459865941 0.98316314447106
3.8178476454698 0.97632747444214
3.8178493043455 0.97567585247095
3.8178509632212 0.97616104841034
3.8178526220968 0.96400036180109
3.8178542809725 0.94930728532492
3.8178559398482 0.93111040004357
3.8178575987239 0.91215339932957
3.8178592575996 0.88334222547497
3.8178609164752 0.85222625483017
3.8178625753509 0.81677793770498
3.8178642342266 0.78024173038859
3.8178658931023 0.76300051121516
3.8178675519779 0.75094187379199
3.8178692108536 0.7570399116163
3.8178708697293 0.76833846264317
3.817872528605 0.79489317887518
3.8178741874807 0.82609385309588
3.8178758463563 0.85368552290485
3.817877505232 0.88011153515917
3.8178791641077 0.88416869757218
3.8178808229834 0.88058338410468
3.817882481859 0.87075743012898
3.8178841407347 0.85868055981915
3.8178857996104 0.85518737365302
3.8178874584861 0.85495604810981
3.8178891173618 0.87143061043014
3.8178907762374 0.89458117378341
3.8178924351131 0.91814884098
3.8178940939888 0.94189152749965
3.8178957528645 0.95802201111474
3.8178974117401 0.9708039479543
3.8178990706158 0.97988739512827
3.8179007294915 0.98726776848514
3.8179023883672 0.98557011751226
3.8179040472429 0.97950261824306
3.8179057061185 0.97638006423106
3.8179073649942 0.97473777042983
3.8179090238699 0.9719832383131
3.8179106827456 0.96864574036177
3.8179123416212 0.96721525107376
3.8179140004969 0.96682604038626
3.8179156593726 0.96557194511403
3.8179173182483 0.96382631779589
3.817918977124 0.95852915514886
3.8179206359996 0.95113365697317
3.8179222948753 0.94718886320517
3.817923953751 0.94536189272314
3.8179256126267 0.94428513305556
3.8179272715023 0.94368622486793
3.817928930378 0.94857995994407
3.8179305892537 0.95710148744804
3.8179322481294 0.96077535255152
3.817933907005 0.96113135991616
3.8179355658807 0.96221013981175
3.8179372247564 0.96380104520349
3.8179388836321 0.96009837209504
3.8179405425078 0.95251494651369
3.8179422013834 0.94367599516845
3.8179438602591 0.93388525942135
3.8179455191348 0.92810534993813
3.8179471780105 0.9254668060497
3.8179488368861 0.92369470935951
3.8179504957618 0.92262338262201
3.8179521546375 0.92673782124588
3.8179538135132 0.93518050267908
3.8179554723889 0.94148564896704
3.8179571312645 0.94595085718406
3.8179587901402 0.94857819287867
3.8179604490159 0.94957499169114
3.8179621078916 0.95167151947246
3.8179637667672 0.95477321175474
3.8179654256429 0.95403963008127
3.8179670845186 0.94969667027346
3.8179687433943 0.94731371527805
3.81797040227 0.94682891732562
3.8179720611456 0.95230108091816
3.8179737200213 0.96370657984782
3.817975378897 0.97283537804889
3.8179770377727 0.97963279451004
3.8179786966483 0.98162265761662
3.817980355524 0.9785538721376
3.8179820143997 0.97636213851325
3.8179836732754 0.97511819515911
3.8179853321511 0.97128497440585
3.8179869910267 0.96457952317458
3.8179886499024 0.96152026787318
3.8179903087781 0.96261135678743
3.8179919676538 0.96471308861574
3.8179936265294 0.96799448579193
3.8179952854051 0.97413427770975
3.8179969442808 0.98369429820106
3.8179986031565 0.99003960749314
3.8180002620322 0.99244303176049
3.8180019209078 0.99721311992595
3.8180035797835 1.0049551947774
3.8180052386592 1.0095750401946
3.8180068975349 1.0101808263439
3.8180085564105 1.0111458061792
3.8180102152862 1.0125833360929
3.8180118741619 1.0153846555689
3.8180135330376 1.0200210711621
3.8180151919133 1.0203492349978
3.8180168507889 1.0147499441105
3.8180185096646 1.0105949427453
3.8180201685403 1.0084704228894
3.818021827416 1.0081104239922
3.8180234862916 1.0102844626185
3.8180251451673 1.0105187034846
3.818026804043 1.0079086362656
3.8180284629187 1.0038535678184
3.8180301217944 0.99763584930062
3.81803178067 0.99322017051121
3.8180334395457 0.99155554880602
3.8180350984214 0.99250861819679
3.8180367572971 0.99753674229829
3.8180384161727 1.0025931178222
3.8180400750484 1.0076943187862
3.8180417339241 1.0100113993995
3.8180433927998 1.0078275459724
3.8180450516755 1.006947765114
3.8180467105511 1.0082146297582
3.8180483694268 1.0099668020492
3.8180500283025 1.0125321384304
3.8180516871782 1.0142930981598
3.8180533460538 1.0146828399296
3.8180550049295 1.014564308994
3.8180566638052 1.0135647062365
3.8180583226809 1.0120511985023
3.8180599815566 1.0096321269136
3.8180616404322 1.0090618401796
3.8180632993079 1.0118015094473
3.8180649581836 1.0114043443008
3.8180666170593 1.0053041894599
3.8180682759349 1.0036621154859
3.8180699348106 1.0102463928765
3.8180715936863 1.0141531468897
3.818073252562 1.0130478943513
3.8180749114377 1.0128323395245
3.8180765703133 1.014305609455
3.818078229189 1.0145035055246
3.8180798880647 1.0122477680509
3.8180815469404 1.0106659018959
3.818083205816 1.0103972723258
3.8180848646917 1.0106120222548
3.8180865235674 1.01178046647
3.8180881824431 1.0134747033932
3.8180898413188 1.0162187890859
3.8180915001944 1.0172516049974
3.8180931590701 1.0148290043284
3.8180948179458 1.0132972626209
3.8180964768215 1.0135839331425
3.8180981356971 1.0126753486713
3.8180997945728 1.0093014320181
3.8181014534485 1.0068494342866
3.8181031123242 1.0063174740238
3.8181047711999 1.0059086907668
3.8181064300755 1.0057588327224
3.8181080889512 1.004610778005
3.8181097478269 1.0013461506046
3.8181114067026 0.99901531807724
3.8181130655782 0.99868059006638
3.8181147244539 0.99663948985443
3.8181163833296 0.99092336336787
3.8181180422053 0.98757576831722
3.818119701081 0.98936551947876
3.8181213599566 0.99168025531839
3.8181230188323 0.99514107352495
3.818124677708 0.99947305844731
3.8181263365837 1.0057180419986
3.8181279954593 1.0097357035239
3.818129654335 1.0088366671027
3.8181313132107 1.0074226307675
3.8181329720864 1.004866276778
3.8181346309621 1.0040839940733
3.8181362898377 1.0072532867011
3.8181379487134 1.0099454138813
3.8181396075891 1.0115709040923
3.8181412664648 1.0115245386283
3.8181429253404 1.0077299731746
3.8181445842161 1.0041233273784
3.8181462430918 1.0009389605825
3.8181479019675 0.99816615217331
3.8181495608432 0.9963198949821
3.8181512197188 0.99494543459138
3.8181528785945 0.99463445455066
3.8181545374702 0.99370665746991
3.8181561963459 0.99138765016763
3.8181578552215 0.99236161231918
3.8181595140972 1.0007625372506
3.8181611729729 1.006450006349
3.8181628318486 1.0060204557009
3.8181644907243 1.006899939121
3.8181661495999 1.010727148058
3.8181678084756 1.013428970352
3.8181694673513 1.0136010138035
3.818171126227 1.0125902979503
3.8181727851026 1.0089271261574
3.8181744439783 1.0074307177781
3.818176102854 1.0107789476192
3.8181777617297 1.0130724904472
3.8181794206054 1.0130159658798
3.818181079481 1.0124733580587
3.8181827383567 1.0108520442381
3.8181843972324 1.0085705743515
3.8181860561081 1.0048309454955
3.8181877149837 1.0014687073096
3.8181893738594 0.99893564519439
3.8181910327351 0.99593414613746
3.8181926916108 0.99190931305362
3.8181943504865 0.98787810654696
3.8181960093621 0.98383306743061
3.8181976682378 0.98088698843013
3.8181993271135 0.98030952719045
3.8182009859892 0.98060254514382
3.8182026448648 0.98275795471324
3.8182043037405 0.98059741365097
3.8182059626162 0.96927784844783
3.8182076214919 0.96007562344664
3.8182092803676 0.95532837303552
3.8182109392432 0.95413681967482
3.8182125981189 0.96035846422057
3.8182142569946 0.96936264564594
3.8182159158703 0.98411189013497
3.8182175747459 0.99584038452015
3.8182192336216 1.0013959550239
3.8182208924973 1.0048868505631
3.818222551373 1.0042034827653
3.8182242102486 1.0054364327705
3.8182258691243 1.0104996024384
3.818227528 1.0123795692233
3.8182291868757 1.0079719664976
3.8182308457514 1.0054335053834
3.818232504627 1.0065415921586
3.8182341635027 1.0050016824254
3.8182358223784 0.9983612264397
3.8182374812541 0.99475806559369
3.8182391401297 0.99692800816584
3.8182407990054 0.99955188458465
3.8182424578811 1.0030265617961
3.8182441167568 1.0021470635704
3.8182457756325 0.99322305980793
3.8182474345081 0.98535932093792
3.8182490933838 0.97942582776147
3.8182507522595 0.97423409031022
3.8182524111352 0.97037207742571
3.8182540700108 0.96692563651162
3.8182557288865 0.96421252731776
3.8182573877622 0.95929469057878
3.8182590466379 0.95054913291362
3.8182607055136 0.94318318622012
3.8182623643892 0.93817257619686
3.8182640232649 0.92826451632143
3.8182656821406 0.91013858418513
3.8182673410163 0.89058050891168
3.8182689998919 0.86866126836862
3.8182706587676 0.84608961733702
3.8182723176433 0.82246164337567
3.818273976519 0.80579034916515
3.8182756353947 0.80017511967006
3.8182772942703 0.805649703185
3.818278953146 0.82841584475822
3.8182806120217 0.85314575902079
3.8182822708974 0.88087830749767
3.818283929773 0.90498996089118
3.8182855886487 0.92367421673753
3.8182872475244 0.94283005207237
3.8182889064001 0.9626784941818
3.8182905652758 0.97852436562758
3.8182922241514 0.98861292887999
3.8182938830271 0.99351126234064
3.8182955419028 0.99110142247068
3.8182972007785 0.98900880763216
3.8182988596541 0.98735330800644
3.8183005185298 0.98607089065249
3.8183021774055 0.98529123461932
3.8183038362812 0.98495293594371
3.8183054951569 0.98519612480817
3.8183071540325 0.9853553598141
3.8183088129082 0.98540650711871
3.8183104717839 0.98386037994767
3.8183121306596 0.98030533154545
3.8183137895352 0.98117020862712
3.8183154484109 0.9874621759801
3.8183171072866 0.988023047287
3.8183187661623 0.98171611059418
3.818320425038 0.98117160256262
3.8183220839136 0.98736309993382
3.8183237427893 0.98923824991901
3.818325401665 0.98619395852053
3.8183270605407 0.98208104744999
3.8183287194163 0.9767812505953
3.818330378292 0.97232391102072
3.8183320371677 0.96877810014324
3.8183336960434 0.96720258330181
3.8183353549191 0.96770278307702
3.8183370137947 0.96982621000891
3.8183386726704 0.97361383582026
3.8183403315461 0.97462566979973
3.8183419904218 0.97286946566264
3.8183436492974 0.97170434245277
3.8183453081731 0.97111222262905
3.8183469670488 0.97566414843063
3.8183486259245 0.98506192501171
3.8183502848002 0.99086372662075
3.8183519436758 0.99337555695197
3.8183536025515 0.99385707069599
3.8183552614272 0.99253557305561
3.8183569203029 0.99287717231676
3.8183585791785 0.99465146636783
3.8183602380542 0.99225924908851
3.8183618969299 0.98638675069475
3.8183635558056 0.98069222168312
3.8183652146813 0.97514172148752
3.8183668735569 0.97066699322455
3.8183685324326 0.96703535451709
3.8183701913083 0.96326628710175
3.818371850184 0.95939299089391
3.8183735090596 0.95965948032385
3.8183751679353 0.9629627395814
3.818376826811 0.96182694573257
3.8183784856867 0.95754440464046
3.8183801445624 0.95379614592576
3.818381803438 0.95041366912193
3.8183834623137 0.94868970153331
3.8183851211894 0.94806147050303
3.8183867800651 0.95287985184585
3.8183884389407 0.96116793883093
3.8183900978164 0.96837224724396
3.8183917566921 0.97491142341754
3.8183934155678 0.98173346054049
3.8183950744435 0.98872261427563
3.8183967333191 0.99470765588717
3.8183983921948 1.0001221496934
3.8184000510705 1.0001726311014
3.8184017099462 0.9972952699386
3.8184033688218 0.99371063630351
3.8184050276975 0.98975542555523
3.8184066865732 0.98727821512226
3.8184083454489 0.98554339164617
3.8184100043246 0.98655589333226
3.8184116632002 0.98888970113806
3.8184133220759 0.98838568470342
3.8184149809516 0.98657629619539
3.8184166398273 0.99004899204543
3.8184182987029 0.99584234093371
3.8184199575786 1.0004686374642
3.8184216164543 1.0046059356177
3.81842327533 1.0030386534723
3.8184249342057 0.99919499666486
3.8184265930813 0.99830051432443
3.818428251957 0.99852467129277
3.8184299108327 0.98941915122873
3.8184315697084 0.97695548327552
3.818433228584 0.96617963103807
3.8184348874597 0.95597911065823
3.8184365463354 0.94671456615387
3.8184382052111 0.93775149671148
3.8184398640868 0.93477510772614
3.8184415229624 0.93361633834224
3.8184431818381 0.93914262823586
3.8184448407138 0.9465773525995
3.8184464995895 0.95552048858563
3.8184481584651 0.96486731482118
3.8184498173408 0.97530833765323
3.8184514762165 0.98602296815748
3.8184531350922 0.98847634663001
3.8184547939679 0.98900685952054
3.8184564528435 0.99280682605394
3.8184581117192 0.99731212575162
3.8184597705949 1.001426770033
3.8184614294706 1.0054636586463
3.8184630883462 1.0062362757042
3.8184647472219 1.0064128103601
3.8184664060976 1.0067031950902
3.8184680649733 1.0070125288578
3.818469723849 1.0084988354609
3.8184713827246 1.0101623085071
3.8184730416003 1.0075054240903
3.818474700476 1.0042658485388
3.8184763593517 0.99662977541988
3.8184780182273 0.98846824767
3.818479677103 0.98740361610462
3.8184813359787 0.98707961474369
3.8184829948544 0.98925537992042
3.8184846537301 0.99165486278255
3.8184863126057 0.98414581073947
