3.8159106082579 1.004466
3.8159122671336 1.0020125709885
3.8159139260092 0.99925652115529
3.8159155848849 0.99407203901844
3.8159172437606 0.9891737233783
3.8159189026363 0.98527997504685
3.8159205615119 0.98204033579525
3.8159222203876 0.9801121598124
3.8159238792633 0.97492759483129
3.815925538139 0.96566440430774
3.8159271970147 0.96022363268448
3.8159288558903 0.95784404755367
3.815930514766 0.95503428086035
3.8159321736417 0.95200948337251
3.8159338325174 0.94575711933213
3.815935491393 0.93858557900466
3.8159371502687 0.93208659509799
3.8159388091444 0.92567678965852
3.8159404680201 0.92243690477846
3.8159421268958 0.9191603077707
3.8159437857714 0.91559806657138
3.8159454446471 0.91290398035018
3.8159471035228 0.91318261704635
3.8159487623985 0.91283548595728
3.8159504212741 0.91126420281364
3.8159520801498 0.90963292720005
3.8159537390255 0.90792851628433
3.8159553979012 0.90965561999796
3.8159570567769 0.91404428513501
3.8159587156525 0.91808263363768
3.8159603745282 0.92195294133135
3.8159620334039 0.92545396968953
3.8159636922796 0.92885602441906
3.8159653511552 0.92349786877075
3.8159670100309 0.91736839886753
3.8159686689066 0.92377611501971
3.8159703277823 0.92988924049996
3.815971986658 0.93399165432412
3.8159736455336 0.93645361186266
3.8159753044093 0.93375181249308
3.815976963285 0.93382463772346
3.8159786221607 0.93894808020102
3.8159802810363 0.94230164854235
3.815981939912 0.94364449373372
3.8159835987877 0.94717400376858
3.8159852576634 0.95227495223103
3.8159869165391 0.94584240726751
3.8159885754147 0.93436589678161
3.8159902342904 0.93229663634002
3.8159918931661 0.93243821385526
3.8159935520418 0.93571173669398
3.8159952109174 0.93916809399531
3.8159968697931 0.94071930334382
3.8159985286688 0.94296855411958
3.8160001875445 0.94909798875022
3.8160018464202 0.95546165352034
3.8160035052958 0.96246842731954
3.8160051641715 0.96950306916442
3.8160068230472 0.97658286106643
3.8160084819229 0.98323153840255
3.8160101407985 0.9894429084604
3.8160117996742 0.99474292492725
3.8160134585499 0.99946355513549
3.8160151174256 0.9947626848664
3.8160167763013 0.98651363997626
3.8160184351769 0.98100143000939
3.8160200940526 0.97600432366489
3.8160217529283 0.95457823141036
3.816023411804 0.93179694380966
3.8160250706796 0.90113027301199
3.8160267295553 0.86916516711435
3.816028388431 0.83159080478616
3.8160300473067 0.79308152260955
3.8160317061824 0.75242851868095
3.816033365058 0.72013352894962
3.8160350239337 0.69940129879494
3.8160366828094 0.69539606458402
3.8160383416851 0.70589774180625
3.8160400005607 0.73157118691599
3.8160416594364 0.7653549412085
3.8160433183121 0.80576576152908
3.8160449771878 0.84817924902071
3.8160466360635 0.884109154043
3.8160482949391 0.91918148478082
3.8160499538148 0.94287002763575
3.8160516126905 0.96518866204586
3.8160532715662 0.97721910785918
3.8160549304418 0.98712114643741
3.8160565893175 0.99006690170174
3.8160582481932 0.99321323322653
3.8160599070689 0.99673004594711
3.8160615659446 0.99751785108325
3.8160632248202 0.99520695753139
3.8160648836959 0.99417249967131
3.8160665425716 0.99404183265262
3.8160682014473 0.99089204965933
3.8160698603229 0.98646561733672
3.8160715191986 0.98694063570242
3.8160731780743 0.98848970470354
3.81607483695 0.98728356500061
3.8160764958257 0.98565831028269
3.8160781547013 0.98001530767633
3.816079813577 0.97444243746466
3.8160814724527 0.96920380732815
3.8160831313284 0.96313854101821
3.816084790204 0.95506366744445
3.8160864490797 0.94940427950594
3.8160881079554 0.94722705499344
3.8160897668311 0.9483485967382
3.8160914257067 0.95242123757386
3.8160930845824 0.9591998643793
3.8160947434581 0.96745982212193
3.8160964023338 0.96824285896152
3.8160980612095 0.96672583348987
3.8160997200851 0.96278181207748
3.8161013789608 0.95852626190716
3.8161030378365 0.95819294385262
3.8161046967122 0.95790869381158
3.8161063555878 0.95798046747461
3.8161080144635 0.95869683715238
3.8161096733392 0.96145201942461
3.8161113322149 0.9660290728906
3.8161129910906 0.97385351249829
3.8161146499662 0.97755471308491
3.8161163088419 0.97676664676737
3.8161179677176 0.97608288236391
3.8161196265933 0.97546917628517
3.8161212854689 0.97237973104589
3.8161229443446 0.96831705013189
3.8161246032203 0.96712689080642
3.816126262096 0.96649394981429
3.8161279209717 0.96507977140257
3.8161295798473 0.96399877926159
3.816131238723 0.9673033066917
3.8161328975987 0.96980859897862
3.8161345564744 0.96906754367102
3.81613621535 0.96923478338853
3.8161378742257 0.97135174757836
3.8161395331014 0.96968474611176
3.8161411919771 0.96316700277182
3.8161428508528 0.95591039946272
3.8161445097284 0.94807029403987
3.8161461686041 0.93890036313131
3.8161478274798 0.92910299448806
3.8161494863555 0.92361337614721
3.8161511452311 0.91919899266516
3.8161528041068 0.92650112875794
3.8161544629825 0.93441053448495
3.8161561218582 0.93335827702652
3.8161577807339 0.93303261630974
3.8161594396095 0.93642602067563
3.8161610984852 0.93922792374309
3.8161627573609 0.94054439197605
3.8161644162366 0.94424397735121
3.8161660751122 0.95142608666248
3.8161677339879 0.95551707715827
3.8161693928636 0.95684331582064
3.8161710517393 0.95907654314246
3.816172710615 0.96179895981818
3.8161743694906 0.96751794260008
3.8161760283663 0.97412437795582
3.816177687242 0.97954944953099
3.8161793461177 0.98478870702632
3.8161810049933 0.98719802405384
3.816182663869 0.98891552598592
3.8161843227447 0.98630950791697
3.8161859816204 0.98536396800227
3.8161876404961 0.98913550531766
3.8161892993717 0.9916141275814
3.8161909582474 0.99200884121353
3.8161926171231 0.99266373593219
3.8161942759988 0.99357308012281
3.8161959348744 0.99261105959173
3.8161975937501 0.99054238097474
3.8161992526258 0.98985026564624
3.8162009115015 0.98961371168957
3.8162025703772 0.98712356102271
3.8162042292528 0.98430969428562
3.8162058881285 0.98887474755115
3.8162075470042 0.99213794170421
3.8162092058799 0.98581396836959
3.8162108647555 0.98037414245913
3.8162125236312 0.97766679705312
3.8162141825069 0.97485854178442
3.8162158413826 0.97187705227655
3.8162175002583 0.97482244629862
3.8162191591339 0.98389121075423
3.8162208180096 0.98589604619337
3.8162224768853 0.98349249818801
3.816224135761 0.98670650403302
3.8162257946366 0.99189670296338
3.8162274535123 0.99197568811033
3.816229112388 0.99124956305766
3.8162307712637 0.99533118341752
3.8162324301394 0.99856385369525
3.816234089015 0.99465597756342
3.8162357478907 0.99131782334836
3.8162374067664 0.98981193892973
3.8162390656421 0.98903201813613
3.8162407245177 0.98953223769248
3.8162423833934 0.99127762112055
3.8162440422691 0.99433621723984
3.8162457011448 0.9948692503169
3.8162473600205 0.99379879888461
3.8162490188961 0.99184369587789
3.8162506777718 0.98957249191178
3.8162523366475 0.98813937390837
3.8162539955232 0.98684046010015
3.8162556543988 0.98721008025868
3.8162573132745 0.98796641802262
3.8162589721502 0.99159543529769
3.8162606310259 0.9945373923763
3.8162622899016 0.99528542760746
3.8162639487772 0.99699105704431
3.8162656076529 1.0003681267766
3.8162672665286 1.002039260394
3.8162689254043 1.001935737225
3.8162705842799 1.0000657660023
3.8162722431556 0.99709533691214
3.8162739020313 0.99739218947985
3.816275560907 0.99882304056247
3.8162772197827 1.0019007780058
3.8162788786583 1.0052275700109
3.816280537534 0.99957820542286
3.8162821964097 0.99513031209121
3.8162838552854 0.99967841121124
3.816285514161 1.002189482581
3.8162871730367 0.99853526264098
3.8162888319124 0.99399897528464
3.8162904907881 0.98799364758687
3.8162921496638 0.98330357358596
3.8162938085394 0.97991739950027
3.8162954674151 0.97397433264239
3.8162971262908 0.96652480802478
3.8162987851665 0.95928871071657
3.8163004440421 0.95212130319431
3.8163021029178 0.95088115939668
3.8163037617935 0.95043940120992
3.8163054206692 0.9517019674188
3.8163070795449 0.95392361356763
3.8163087384205 0.96208458402992
3.8163103972962 0.97006569465262
3.8163120561719 0.9775525920465
3.8163137150476 0.98376130699236
3.8163153739232 0.98801029031753
3.8163170327989 0.99118002018262
3.8163186916746 0.99336454379092
3.8163203505503 0.99315036767338
3.816322009426 0.9916501037792
3.8163236683016 0.98960681122954
3.8163253271773 0.98740973406328
3.816326986053 0.99689200358836
3.8163286449287 1.0069703114353
3.8163303038043 1.0013623581199
3.81633196268 0.99587306766978
3.8163336215557 0.99098406342839
3.8163352804314 0.98554420550213
3.8163369393071 0.97878099323671
3.8163385981827 0.97360944068351
3.8163402570584 0.97060983266659
3.8163419159341 0.96697803299883
3.8163435748098 0.96283314452845
3.8163452336854 0.96368185617794
3.8163468925611 0.96686692254348
3.8163485514368 0.96929156301459
3.8163502103125 0.97153859013009
3.8163518691882 0.9801069798366
3.8163535280638 0.98853644812834
3.8163551869395 0.98975984346381
3.8163568458152 0.99083604059711
3.8163585046909 0.99132211821542
3.8163601635665 0.9915304441868
3.8163618224422 0.99117374795839
3.8163634813179 0.99258916930776
3.8163651401936 0.9960880041941
3.8163667990692 0.99488391789531
3.8163684579449 0.99040987114267
3.8163701168206 0.9817655366087
3.8163717756963 0.9715009728998
3.816373434572 0.97001850941374
3.8163750934476 0.97007788657726
3.8163767523233 0.95947161877026
3.816378411199 0.95044293323466
3.8163800700747 0.9555416460978
3.8163817289503 0.95785767762834
3.816383387826 0.95149921728726
3.8163850467017 0.94568032655364
3.8163867055774 0.94076506401466
3.8163883644531 0.93119062654433
3.8163900233287 0.9170492413652
3.8163916822044 0.9029455454394
3.8163933410801 0.88886339228183
3.8163949999558 0.88373895408936
3.8163966588314 0.88132516688034
3.8163983177071 0.89178787972742
3.8163999765828 0.9036862336217
3.8164016354585 0.9153693449643
3.8164032943342 0.92826138577113
3.8164049532098 0.94737251819672
3.8164066120855 0.9597535204569
3.8164082709612 0.95602580554294
3.8164099298369 0.948378344065
3.8164115887125 0.935466135055
3.8164132475882 0.92595281762537
3.8164149064639 0.91912078994374
3.8164165653396 0.91953413182417
3.8164182242153 0.92318232304293
3.8164198830909 0.93692261794939
3.8164215419666 0.95282093372143
3.8164232008423 0.96234450250778
3.816424859718 0.97185207339631
3.8164265185936 0.98415751650856
3.8164281774693 0.99193954084262
3.816429836345 0.98387780691201
3.8164314952207 0.9803123030932
3.8164331540964 0.9849115313934
3.816434812972 0.98743581128528
3.8164364718477 0.98778562613835
3.8164381307234 0.98731225209689
3.8164397895991 0.98633773660955
3.8164414484747 0.98233125211782
3.8164431073504 0.97734099108364
3.8164447662261 0.97701782292417
3.8164464251018 0.97712890226395
3.8164480839775 0.97061716659511
3.8164497428531 0.96459477193561
3.8164514017288 0.96121755942619
3.8164530606045 0.95742485205244
3.8164547194802 0.95261528100973
3.8164563783558 0.94970184928743
3.8164580372315 0.94936204314136
3.8164596961072 0.94920511536184
3.8164613549829 0.94919278712978
3.8164630138586 0.95179162246892
3.8164646727342 0.95554824927097
3.8164663316099 0.96209887563544
3.8164679904856 0.96923273286577
3.8164696493613 0.96982943102815
3.8164713082369 0.9700342718831
3.8164729671126 0.96899302076552
3.8164746259883 0.96827859012206
3.816476284864 0.96864803289528
3.8164779437397 0.96754933843568
3.8164796026153 0.96391516419958
3.816481261491 0.96528970785994
3.8164829203667 0.97163494885226
3.8164845792424 0.96921403936419
3.816486238118 0.96180198982325
3.8164878969937 0.95451469023256
3.8164895558694 0.94726409401271
3.8164912147451 0.94228639614869
3.8164928736208 0.93784662224651
3.8164945324964 0.94011255599607
3.8164961913721 0.94389928578512
3.8164978502478 0.95462193067676
3.8164995091235 0.96236400463001
3.8165011679991 0.9636495048009
3.8165028268748 0.96707486879303
3.8165044857505 0.97309491589792
3.8165061446262 0.97518515227235
3.8165078035019 0.97452406611154
3.8165094623775 0.97274968895289
3.8165111212532 0.97055217175385
3.8165127801289 0.9709827336113
3.8165144390046 0.97183711633982
3.8165160978802 0.97035237533733
3.8165177567559 0.96880291717187
3.8165194156316 0.96687057845983
3.8165210745073 0.96508792343392
3.816522733383 0.96370676896278
3.8165243922586 0.96422659020007
3.8165260511343 0.96749747065952
3.81652771001 0.96873303884584
3.8165293688857 0.9682750936013
3.8165310277613 0.96829432656112
3.816532686637 0.96853486410933
3.8165343455127 0.96170517049043
3.8165360043884 0.95333050140166
3.8165376632641 0.94730529794565
3.8165393221397 0.9412933807317
3.8165409810154 0.93444303521252
3.8165426398911 0.9297688256159
3.8165442987668 0.93222209806901
3.8165459576424 0.93600958160949
3.8165476165181 0.94205041331397
3.8165492753938 0.94445109058015
3.8165509342695 0.94335533943957
3.8165525931452 0.93858837243931
3.8165542520208 0.93183007525697
3.8165559108965 0.91592525779084
3.8165575697722 0.89754154735139
3.8165592286479 0.86954932418125
3.8165608875235 0.84141378426866
3.8165625463992 0.82252023598846
3.8165642052749 0.80701147983047
3.8165658641506 0.80480517635472
3.8165675230263 0.80806984585065
3.8165691819019 0.82186963252416
3.8165708407776 0.83946439811067
3.8165724996533 0.86115547342496
3.816574158529 0.88085806417273
3.8165758174046 0.89934264116258
3.8165774762803 0.90904680674931
3.816579135156 0.9159707548764
3.8165807940317 0.92484890329152
3.8165824529074 0.93371181214423
3.816584111783 0.93673455154535
3.8165857706587 0.93965653236502
3.8165874295344 0.94211451736754
3.8165890884101 0.94308670534518
3.8165907472857 0.94087752645953
3.8165924061614 0.93869809741349
3.8165940650371 0.9365538200832
3.8165957239128 0.93367333017459
3.8165973827885 0.93029905944518
3.8165990416641 0.9260052089828
3.8166007005398 0.92138639432084
3.8166023594155 0.91856666156174
3.8166040182912 0.91614976338971
3.8166056771668 0.92141798258773
3.8166073360425 0.92669576603855
3.8166089949182 0.93202352963968
3.8166106537939 0.9347234404154
3.8166123126696 0.93133512511099
3.8166139715452 0.931193115382
3.8166156304209 0.93514176566892
3.8166172892966 0.93590184473112
3.8166189481723 0.93438683180678
3.8166206070479 0.93137216339489
3.8166222659236 0.92778827730439
3.8166239247993 0.92941442262439
3.816625583675 0.93181353580419
3.8166272425507 0.93020833201736
3.8166289014263 0.92956459685984
3.816630560302 0.93439346861296
3.8166322191777 0.93735016441305
3.8166338780534 0.93575065097967
3.816635536929 0.9332443459833
3.8166371958047 0.92955145127555
3.8166388546804 0.92013445894296
3.8166405135561 0.90649143353033
3.8166421724318 0.88328203985637
3.8166438313074 0.85630571718657
3.8166454901831 0.8480012072187
3.8166471490588 0.84275917919713
3.8166488079345 0.84546893898068
3.8166504668101 0.84994716084609
3.8166521256858 0.8648599318548
3.8166537845615 0.88106120169123
3.8166554434372 0.90045332443453
3.8166571023128 0.91732859423387
3.8166587611885 0.93087516574766
3.8166604200642 0.935747258409
3.8166620789399 0.93416983741631
3.8166637378156 0.9369724808476
3.8166653966912 0.94150624501277
3.8166670555669 0.94062673913765
3.8166687144426 0.93885474528156
3.8166703733183 0.93382627520606
3.8166720321939 0.92980347765285
3.8166736910696 0.93161622684596
3.8166753499453 0.92984312742263
3.816677008821 0.91932088658934
3.8166786676967 0.9029681445194
3.8166803265723 0.87902832164467
3.816681985448 0.85616975751342
3.8166836443237 0.8340991002885
3.8166853031994 0.81892877753557
3.816686962075 0.8064072549111
3.8166886209507 0.81315935197638
3.8166902798264 0.82304283779446
3.8166919387021 0.84799030677154
3.8166935975778 0.87321283626581
3.8166952564534 0.89992670417136
3.8166969153291 0.92330459890012
3.8166985742048 0.93891159994803
3.8167002330805 0.95169839959509
3.8167018919561 0.96097013668007
3.8167035508318 0.96471310637347
3.8167052097075 0.96461499142746
3.8167068685832 0.96732638223198
3.8167085274589 0.97105024533902
3.8167101863345 0.95794073597576
3.8167118452102 0.94281026715849
3.8167135040859 0.9378667988368
3.8167151629616 0.93314077727254
3.8167168218372 0.92946842157371
3.8167184807129 0.92990838501141
3.8167201395886 0.93922206032688
3.8167217984643 0.94719006182338
3.81672345734 0.95359360518015
3.8167251162156 0.95053265052619
3.8167267750913 0.9413767555747
3.816728433967 0.92671092591094
3.8167300928427 0.91025017065144
3.8167317517183 0.8968766471512
3.816733410594 0.88439690627248
3.8167350694697 0.88319545920935
3.8167367283454 0.88430247662541
3.8167383872211 0.89505638767087
3.8167400460967 0.9071550738051
3.8167417049724 0.92186857107392
3.8167433638481 0.93369960576485
3.8167450227238 0.94248568162611
3.8167466815994 0.94927772109214
3.8167483404751 0.95491432385874
3.8167499993508 0.95864920852601
3.8167516582265 0.96184791991679
3.8167533171022 0.96391849178885
3.8167549759778 0.96575709470885
3.8167566348535 0.96581215163408
3.8167582937292 0.96543258659201
3.8167599526049 0.9635276293551
3.8167616114805 0.96219803779511
3.8167632703562 0.96185145331501
3.8167649292319 0.96301111672206
3.8167665881076 0.96557883328276
3.8167682469833 0.96390080467268
3.8167699058589 0.96008026938753
3.8167715647346 0.96017916956321
3.8167732236103 0.96118242900758
3.816774882486 0.94918540423244
3.8167765413616 0.93745671900782
3.8167782002373 0.93230361062916
3.816779859113 0.92765861662362
3.8167815179887 0.92448238471334
3.8167831768644 0.92230908086521
3.81678483574 0.92160638162425
3.8167864946157 0.92876045561905
3.8167881534914 0.94223884747728
3.8167898123671 0.94737897720546
3.8167914712427 0.94899255437471
3.8167931301184 0.94349584276236
3.8167947889941 0.93676450163656
3.8167964478698 0.9376413908754
3.8167981067455 0.93807685576998
3.8167997656211 0.93600523860726
3.8168014244968 0.93412309674261
3.8168030833725 0.93268521201369
3.8168047422482 0.92825935048487
3.8168064011238 0.92015705122526
3.8168080599995 0.91283862577739
3.8168097188752 0.90604740310995
3.8168113777509 0.90032167714051
3.8168130366266 0.89495576125138
3.8168146955022 0.88934067293771
3.8168163543779 0.88354474241827
3.8168180132536 0.87468008782901
3.8168196721293 0.86708391194851
3.8168213310049 0.86464634883267
3.8168229898806 0.86074248231097
3.8168246487563 0.85408614341464
3.816826307632 0.85390929473526
3.8168279665077 0.86026657648917
3.8168296253833 0.86739554234028
3.816831284259 0.87494301864762
3.8168329431347 0.88363145602944
3.8168346020104 0.89260690412707
3.816836260886 0.89880186886193
3.8168379197617 0.90466541476181
3.8168395786374 0.90888228557221
3.8168412375131 0.91223740224813
3.8168428963888 0.91302979584202
3.8168445552644 0.90891266083311
3.8168462141401 0.89751706016307
3.8168478730158 0.89366650509702
3.8168495318915 0.89588714881489
3.8168511907671 0.89695171617024
3.8168528496428 0.89753383171152
3.8168545085185 0.89841092106521
3.8168561673942 0.89933498171134
3.8168578262699 0.90001241050843
3.8168594851455 0.90166051658254
3.8168611440212 0.90837955633023
3.8168628028969 0.91089657625023
3.8168644617726 0.90417488908254
3.8168661206482 0.897298297958
3.8168677795239 0.89024329349176
3.8168694383996 0.88615485455545
3.8168710972753 0.88390814845446
3.816872756151 0.88050906459761
3.8168744150266 0.87676454664178
3.8168760739023 0.88055606678634
3.816877732778 0.88482960728103
3.8168793916537 0.88715849306966
3.8168810505293 0.89065126002832
3.816882709405 0.89810038489339
3.8168843682807 0.90317590821232
3.8168860271564 0.90438277592564
3.8168876860321 0.90521023340778
3.8168893449077 0.9057056857813
3.8168910037834 0.90553756670129
3.8168926626591 0.9050664469717
3.8168943215348 0.90702590481351
3.8168959804104 0.90944882574085
3.8168976392861 0.90859723927423
3.8168992981618 0.90784189335381
3.8169009570375 0.90777310586886
3.8169026159132 0.9072530343855
3.8169042747888 0.90568326694211
3.8169059336645 0.8989793435999
3.8169075925402 0.88611395581036
3.8169092514159 0.87183479000139
3.8169109102915 0.85664627040398
3.8169125691672 0.83631318608778
3.8169142280429 0.81437944539346
3.8169158869186 0.80066819167898
3.8169175457943 0.78831724587411
3.8169192046699 0.78397896095567
3.8169208635456 0.78243851371554
3.8169225224213 0.79048166336869
3.816924181297 0.8019274758307
3.8169258401726 0.81890916157201
3.8169274990483 0.83087521664545
3.816929157924 0.83849080453382
3.8169308167997 0.84090750783163
3.8169324756753 0.84099369141883
3.816934134551 0.84176834649927
3.8169357934267 0.84267704371267
3.8169374523024 0.85380662638802
3.8169391111781 0.86309478376512
3.8169407700537 0.86243390030542
3.8169424289294 0.86348574133695
3.8169440878051 0.86832002223298
3.8169457466808 0.87118616979846
3.8169474055564 0.87180919225886
3.8169490644321 0.86679095306077
3.8169507233078 0.85836065388257
3.8169523821835 0.85389627156159
3.8169540410592 0.85055666533608
3.8169556999348 0.83709396637352
3.8169573588105 0.82356431915953
3.8169590176862 0.81635964636315
3.8169606765619 0.80972784858665
3.8169623354375 0.80483669368136
3.8169639943132 0.80228194043844
3.8169656531889 0.80317268619138
3.8169673120646 0.80406468462653
3.8169689709403 0.80495766456046
3.8169706298159 0.80303492153799
3.8169722886916 0.80000312865084
3.8169739475673 0.79083575275093
3.816975606443 0.78072665072785
3.8169772653186 0.76877734424684
3.8169789241943 0.75677853084659
3.81698058307 0.7445665319714
3.8169822419457 0.73110419870403
3.8169839008214 0.71527604781654
3.816985559697 0.70390844957214
3.8169872185727 0.69694536480038
3.8169888774484 0.69630377668103
3.8169905363241 0.69890813295088
3.8169921951997 0.70501253770247
3.8169938540754 0.71189342191324
3.8169955129511 0.71569261351353
3.8169971718268 0.71967179476498
3.8169988307025 0.72529642187907
3.8170004895781 0.73075103734508
3.8170021484538 0.73579401991602
3.8170038073295 0.73753482139113
3.8170054662052 0.73524821616102
3.8170071250808 0.73461192405041
3.8170087839565 0.73503549135335
3.8170104428322 0.72927543756436
3.8170121017079 0.72164144461598
3.8170137605836 0.71312508754127
3.8170154194592 0.70480222811594
3.8170170783349 0.6993256227082
3.8170187372106 0.69466838858999
3.8170203960863 0.69255315500885
3.8170220549619 0.69035185823214
3.8170237138376 0.68802297796712
3.8170253727133 0.685996290917
3.817027031589 0.6842050915893
3.8170286904647 0.67908080672308
3.8170303493403 0.6726690789376
3.817032008216 0.66364661480829
3.8170336670917 0.65477300832658
3.8170353259674 0.65781549950402
3.817036984843 0.65922400753989
3.8170386437187 0.65410318941942
3.8170403025944 0.64889923421635
3.8170419614701 0.64354749656266
3.8170436203458 0.63948427870337
3.8170452792214 0.6366101632447
3.8170469380971 0.63290175218207
3.8170485969728 0.62880107892047
3.8170502558485 0.62230019581627
3.8170519147241 0.61534851774392
3.8170535735998 0.61368224311832
3.8170552324755 0.61168896227248
3.8170568913512 0.60799734060592
3.8170585502269 0.60384740291649
3.8170602091025 0.59873313237732
3.8170618679782 0.59374369654698
3.8170635268539 0.58888788866526
3.8170651857296 0.58249804861702
3.8170668446052 0.57526003481011
3.8170685034809 0.57013846595546
3.8170701623566 0.56552940581295
3.8170718212323 0.56126784475819
3.817073480108 0.55650153015356
3.8170751389836 0.54820402524503
3.8170767978593 0.54018382924602
3.817078456735 0.53284527059276
3.8170801156107 0.52268804753211
3.8170817744863 0.5090970302963
3.817083433362 0.49854335209887
3.8170850922377 0.48991036897018
3.8170867511134 0.47733662418169
3.8170884099891 0.46361578520894
3.8170900688647 0.44743859671354
3.8170917277404 0.4316138431074
3.8170933866161 0.42051989810619
3.8170950454918 0.4099293922485
3.8170967043674 0.40076331599506
3.8170983632431 0.38985497460659
3.8171000221188 0.37657591325529
3.8171016809945 0.36782724082697
3.8171033398702 0.36227661831208
3.8171049987458 0.35745451527974
3.8171066576215 0.35287664536385
3.8171083164972 0.34812582962739
3.8171099753729 0.34351862413951
3.8171116342485 0.34089399913283
3.8171132931242 0.33942965437045
3.8171149519999 0.34168042865711
3.8171166108756 0.34262880530333
3.8171182697513 0.34163401541159
3.8171199286269 0.34146268833528
3.8171215875026 0.34192608587277
3.8171232463783 0.34555993916222
3.817124905254 0.35037668072655
3.8171265641296 0.35222901134209
3.8171282230053 0.35374504709865
3.817129881881 0.35564533400601
3.8171315407567 0.35784887972
3.8171331996324 0.36112907534676
3.817134858508 0.36348647779038
3.8171365173837 0.36436294758893
3.8171381762594 0.36705261874885
3.8171398351351 0.37123707920995
3.8171414940107 0.37846199706004
3.8171431528864 0.38691360642121
3.8171448117621 0.39195357371747
3.8171464706378 0.39659053322782
3.8171481295135 0.40296094404601
3.8171497883891 0.40970354742201
3.8171514472648 0.41787652845243
3.8171531061405 0.42614344402844
3.8171547650162 0.43456933985407
3.8171564238918 0.44167814564984
3.8171580827675 0.44764893422644
3.8171597416432 0.45601341758559
3.8171614005189 0.46539546894386
3.8171630593946 0.47388675752683
3.8171647182702 0.4823056301771
3.8171663771459 0.49263616088223
3.8171680360216 0.5017131367814
3.8171696948973 0.50571643846313
3.8171713537729 0.51438844234876
3.8171730126486 0.5312219138109
3.8171746715243 0.54637627568401
3.8171763304 0.56004006876137
3.8171779892757 0.5715775956042
3.8171796481513 0.58218540003369
3.817181307027 0.59983473054569
3.8171829659027 0.61871030051439
3.8171846247784 0.64097005056657
3.817186283654 0.66408654427337
3.8171879425297 0.69074679663018
3.8171896014054 0.71381922383898
3.8171912602811 0.73054781413204
3.8171929191568 0.74576966697084
3.8171945780324 0.75964449374284
3.8171962369081 0.7722579787022
3.8171978957838 0.78431741986293
3.8171995546595 0.79277828619768
3.8172012135351 0.80042235016207
3.8172028724108 0.80001968286909
3.8172045312865 0.80063705198494
3.8172061901622 0.80543459100187
3.8172078490379 0.80700102502194
3.8172095079135 0.80291083656263
3.8172111667892 0.80180633254511
3.8172128256649 0.80333770662619
3.8172144845406 0.80310526602556
3.8172161434162 0.80211247527586
3.8172178022919 0.80620251715297
3.8172194611676 0.81115155571813
3.8172211200433 0.81823474192914
3.8172227789189 0.82531585126684
3.8172244377946 0.83238878547986
3.8172260966703 0.84111489290068
3.817227755546 0.85264609437465
3.8172294144217 0.86020263931509
3.8172310732973 0.86436205627149
3.817232732173 0.87404660392031
3.8172343910487 0.8860135735565
3.8172360499244 0.89041394499724
3.8172377088 0.89343303685286
3.8172393676757 0.88981555766513
3.8172410265514 0.88766313480177
3.8172426854271 0.89089365067233
3.8172443443028 0.89498734800384
3.8172460031784 0.90047182185994
3.8172476620541 0.90109056228602
3.8172493209298 0.8977628228413
3.8172509798055 0.90401586032949
3.8172526386811 0.91396735318518
3.8172542975568 0.91958295534851
3.8172559564325 0.92438125404355
3.8172576153082 0.92473256739222
3.8172592741839 0.9246707737287
3.8172609330595 0.92322771667211
3.8172625919352 0.92313854730635
3.8172642508109 0.92507952025806
3.8172659096866 0.92634517420981
3.8172675685622 0.9271015254204
3.8172692274379 0.92614501654746
3.8172708863136 0.92458742263866
3.8172725451893 0.9238926216931
3.817274204065 0.92375389750275
3.8172758629406 0.9289679462765
3.8172775218163 0.93290385012324
3.817279180692 0.93303450061257
3.8172808395677 0.9340859451561
3.8172824984433 0.93639791550355
3.817284157319 0.93680863073965
3.8172858161947 0.93591417406242
3.8172874750704 0.93754290085985
3.8172891339461 0.93995143807986
3.8172907928217 0.94097717562852
3.8172924516974 0.9409596273333
3.8172941105731 0.93297557846988
3.8172957694488 0.92697464137362
3.8172974283244 0.92613404964671
3.8172990872001 0.92353754594748
3.8173007460758 0.91878744279247
3.8173024049515 0.91087115511116
3.8173040638272 0.90102053129302
3.8173057227028 0.89233643718533
3.8173073815785 0.88395768593861
3.8173090404542 0.87742082016158
3.8173106993299 0.87124364583272
3.8173123582055 0.86691223745981
3.8173140170812 0.86844734634207
3.8173156759569 0.88311895524239
3.8173173348326 0.89594527137217
3.8173189937083 0.90678079557123
3.8173206525839 0.9192481606753
3.8173223114596 0.9325806560872
3.8173239703353 0.93913695853049
3.817325629211 0.94368314179599
3.8173272880866 0.94467047376897
3.8173289469623 0.94521995601571
3.817330605838 0.94223412419854
3.8173322647137 0.93961664400218
3.8173339235894 0.94125765584983
3.817335582465 0.94279686368194
3.8173372413407 0.94236689047781
3.8173389002164 0.94195324993045
3.8173405590921 0.94239211781805
3.8173422179677 0.94283098570565
3.8173438768434 0.94600757894964
3.8173455357191 0.94921581365284
3.8173471945948 0.95461738681692
3.8173488534705 0.9601139577514
3.8173505123461 0.96347106801516
3.8173521712218 0.96666341023615
3.8173538300975 0.96332201291687
3.8173554889732 0.95924362233432
3.8173571478488 0.96250645353801
3.8173588067245 0.96687680105009
3.8173604656002 0.96720306945994
3.8173621244759 0.96675517399643
3.8173637833516 0.96913459534689
3.8173654422272 0.97217792521688
3.8173671011029 0.97535328891462
3.8173687599786 0.9785657890325
3.8173704188543 0.97796406817121
3.8173720777299 0.97609918858791
3.8173737366056 0.975033258206
3.8173753954813 0.97427475273441
3.817377054357 0.97576794398419
3.8173787132327 0.97825796992811
3.8173803721083 0.9804786699418
3.817382030984 0.98256323625611
3.8173836898597 0.98112972045581
3.8173853487354 0.97767861252639
3.817387007611 0.97472701359642
3.8173886664867 0.97209894851843
3.8173903253624 0.96885743270099
3.8173919842381 0.96516879864539
3.8173936431138 0.96225072356322
3.8173953019894 0.95996304596615
3.8173969608651 0.96075990038286
3.8173986197408 0.96438394178066
3.8174002786165 0.96663158895142
3.8174019374921 0.96746739303175
3.8174035963678 0.96805085687028
3.8174052552435 0.96834475815332
3.8174069141192 0.96781743790225
3.8174085729949 0.96623539390397
3.8174102318705 0.96621294333024
3.8174118907462 0.96843471503894
3.8174135496219 0.97071520901247
3.8174152084976 0.97309056459639
3.8174168673732 0.97479715802636
3.8174185262489 0.97528793669091
3.8174201851246 0.97625071525443
3.8174218440003 0.97818284642342
3.817423502876 0.97936367192979
3.8174251617516 0.978792911423
3.8174268206273 0.97700142544905
3.817428479503 0.97196004587067
3.8174301383787 0.9678094159425
3.8174317972543 0.9663885193584
3.81743345613 0.96505172717364
3.8174351150057 0.96401462119423
3.8174367738814 0.96269627795011
3.8174384327571 0.96019704116914
3.8174400916327 0.95762329302639
3.8174417505084 0.95467445820376
3.8174434093841 0.95251076886587
3.8174450682598 0.95520373779076
3.8174467271354 0.95782503461798
3.8174483860111 0.9598824867042
3.8174500448868 0.96169464424193
3.8174517037625 0.96091583010789
3.8174533626382 0.96004214521971
3.8174550215138 0.95769073949881
3.8174566803895 0.95531192984908
3.8174583392652 0.9521617045807
3.8174599981409 0.94905360480594
3.8174616570165 0.95090720131137
3.8174633158922 0.95276079781679
3.8174649747679 0.95091476540319
3.8174666336436 0.94900332368926
3.8174682925193 0.95070917412556
3.8174699513949 0.95257782916545
3.8174716102706 0.9514827751615
3.8174732691463 0.9501694709371
3.817474928022 0.9495136706174
3.8174765868976 0.94892610054822
3.8174782457733 0.94787056786827
3.817479904649 0.94675164124098
3.8174815635247 0.94040875457018
3.8174832224004 0.93318378258151
3.817484881276 0.93127490565851
3.8174865401517 0.93045117125291
3.8174881990274 0.93172404202824
3.8174898579031 0.93350299255998
3.8174915167787 0.93575053859391
3.8174931756544 0.93812966362002
3.8174948345301 0.94214872786349
3.8174964934058 0.94669687949634
3.8174981522814 0.9480545879417
3.8174998111571 0.94824130776666
3.8175014700328 0.94718137516921
3.8175031289085 0.94560501866104
3.8175047877842 0.94773542241769
3.8175064466598 0.95158782202294
3.8175081055355 0.95441020641898
3.8175097644112 0.95669867871837
3.8175114232869 0.95782030779466
3.8175130821625 0.95826992975334
3.8175147410382 0.95803104099328
3.8175163999139 0.95735311748646
3.8175180587896 0.96266585359965
3.8175197176653 0.97219694848335
3.8175213765409 0.97491229124073
3.8175230354166 0.97233959344435
3.8175246942923 0.96993001884953
3.817526353168 0.96765965185457
3.8175280120436 0.96853834470841
3.8175296709193 0.97236973512822
3.817531329795 0.97069489647817
3.8175329886707 0.96335302920359
3.8175346475464 0.95589400791745
3.817536306422 0.9483026715014
3.8175379652977 0.94493335320844
3.8175396241734 0.94679745287059
3.8175412830491 0.94391468244711
3.8175429419247 0.93457162545292
3.8175446008004 0.92522212547132
3.8175462596761 0.91586299201855
3.8175479185518 0.89961170090656
3.8175495774275 0.87202135072336
3.8175512363031 0.84279078521477
3.8175528951788 0.81058643445081
3.8175545540545 0.78368786446377
3.8175562129302 0.76741550050766
3.8175578718058 0.75868295518161
3.8175595306815 0.7666775980706
3.8175611895572 0.78173956164624
3.8175628484329 0.81423325127912
3.8175645073086 0.84527756190074
3.8175661661842 0.87233103053282
3.8175678250599 0.89770091950129
3.8175694839356 0.91786746360472
3.8175711428113 0.93644206663994
3.8175728016869 0.94945693004923
3.8175744605626 0.96089752060484
3.8175761194383 0.96607660406264
3.817577778314 0.97126257995597
3.8175794371897 0.97648010099163
3.8175810960653 0.98165572420526
3.817582754941 0.98660782887216
3.8175844138167 0.99097152104991
3.8175860726924 0.99161272817259
3.817587731568 0.99151500738018
3.8175893904437 0.98574782943317
3.8175910493194 0.98040899451033
3.8175927081951 0.97918830998294
3.8175943670708 0.97730763082072
3.8175960259464 0.96707268788348
3.8175976848221 0.9571720165423
3.8175993436978 0.95331696818563
3.8176010025735 0.94943845001664
3.8176026614491 0.94484227178919
3.8176043203248 0.94030025066668
3.8176059792005 0.94059374288372
3.8176076380762 0.94088723510076
3.8176092969519 0.94555714743335
3.8176109558275 0.95026868076232
3.8176126147032 0.95400080553006
3.8176142735789 0.9577028661048
3.8176159324546 0.96081685204182
3.8176175913302 0.96389988124921
3.8176192502059 0.96703414427211
3.8176209090816 0.97017226949731
3.8176225679573 0.9706140221873
3.817624226833 0.97078879015664
3.8176258857086 0.97420525354388
3.8176275445843 0.97802203328101
3.81762920346 0.98022480715632
3.8176308623357 0.98218708610267
3.8176325212113 0.98484157000175
3.817634180087 0.9876175111283
3.8176358389627 0.98587883147424
3.8176374978384 0.98322353497958
3.8176391567141 0.9784439521273
3.8176408155897 0.97317212774698
3.8176424744654 0.96832722097202
3.8176441333411 0.96359399387161
3.8176457922168 0.95830376514122
3.8176474510924 0.95285044864873
3.8176491099681 0.95079402742273
3.8176507688438 0.94984251893073
3.8176524277195 0.94741432121487
3.8176540865952 0.94445552230844
3.8176557454708 0.93909964168697
3.8176574043465 0.9327973453961
3.8176590632222 0.93282504766858
3.8176607220979 0.93558750293274
3.8176623809735 0.93987282728258
3.8176640398492 0.94487540574505
3.8176656987249 0.95139269902679
3.8176673576006 0.95868524905043
3.8176690164763 0.9670215318382
3.8176706753519 0.97593672083519
3.8176723342276 0.97913248139255
3.8176739931033 0.97889809018286
3.817675651979 0.97428193758487
3.8176773108546 0.96683012584556
3.8176789697303 0.95956015240174
3.817680628606 0.95241695411779
3.8176822874817 0.94673398391997
3.8176839463574 0.94214592401933
3.817685605233 0.94267457114285
3.8176872641087 0.94732480443761
3.8176889229844 0.95217145512508
3.8176905818601 0.95718791651953
3.8176922407357 0.96249237800843
3.8176938996114 0.96806378816682
3.8176955584871 0.96739445547549
3.8176972173628 0.96052677042005
3.8176988762385 0.95203503513806
3.8177005351141 0.94181586223147
3.8177021939898 0.93624772383099
3.8177038528655 0.93597552361916
3.8177055117412 0.94016577951536
3.8177071706168 0.9497950729087
3.8177088294925 0.95932265442652
3.8177104883682 0.96871754675971
3.8177121472439 0.97643337650902
3.8177138061196 0.98180458378491
3.8177154649952 0.98529293151935
3.8177171238709 0.98596640985506
3.8177187827466 0.98727401435697
3.8177204416223 0.98959712465845
3.8177221004979 0.99164237704043
3.8177237593736 0.99321073031562
3.8177254182493 0.99438921058602
3.817727077125 0.99485001671773
3.8177287360007 0.99395133422056
3.8177303948763 0.99036583389
3.817732053752 0.98675739074335
3.8177337126277 0.98310021324968
3.8177353715034 0.98035579795945
3.817737030379 0.97969793819367
3.8177386892547 0.9801573079357
3.8177403481304 0.98336936317819
3.8177420070061 0.98556168442098
3.8177436658818 0.98504069524304
3.8177453247574 0.98504194361107
3.8177469836331 0.98654695888356
3.8177486425088 0.98659152280682
3.8177503013845 0.98207418951326
3.8177519602601 0.97765655921597
3.8177536191358 0.97357771532689
3.8177552780115 0.97032526860375
3.8177569368872 0.97013816224348
3.8177585957629 0.97026191439032
3.8177602546385 0.97164917517917
3.8177619135142 0.9740038120237
3.8177635723899 0.98068630726801
3.8177652312656 0.98783969739626
3.8177668901412 0.99732478061837
3.8177685490169 1.0050452520622
3.8177702078926 1.0030337316144
3.8177718667683 0.99982064948619
3.817773525644 0.98917059311421
3.8177751845196 0.97945836867418
3.8177768433953 0.97632109077451
3.817778502271 0.9722331507363
3.8177801611467 0.96050542952457
3.8177818200223 0.94756533203851
3.817783478898 0.92329149307959
3.8177851377737 0.89830505024112
3.8177867966494 0.86541833638254
3.817788455525 0.8328698390086
3.8177901144007 0.80488655452639
3.8177917732764 0.77788454049604
3.8177934321521 0.76764283302801
3.8177950910278 0.75879251864383
3.8177967499034 0.78185553706018
3.8177984087791 0.80518060422843
3.8178000676548 0.83747681281386
3.8178017265305 0.86967029805578
3.8178033854061 0.89515453794098
3.8178050442818 0.92063704428126
3.8178067031575 0.94523377906502
3.8178083620332 0.96983051384878
3.8178100209089 0.97435751282726
3.8178116797845 0.97865968574232
3.8178133386602 0.98201473108521
3.8178149975359 0.98534647205183
3.8178166564116 0.98963887691279
3.8178183152872 0.99396795997964
3.8178199741629 0.99488575591281
3.8178216330386 0.99562611701497
3.8178232919143 0.99616981052753
3.81782495079 0.99670051054779
3.8178266096656 0.9927230389013
3.8178282685413 0.98838314583893
3.817829927417 0.98550917198795
3.8178315862927 0.98277430877659
3.8178332451683 0.98124678243737
3.817834904044 0.97985167506535
3.8178365629197 0.97743521423097
3.8178382217954 0.97489139625451
3.8178398806711 0.97281920670298
3.8178415395467 0.97081304454198
3.8178431984224 0.97028316200837
3.8178448572981 0.96998290749732
3.8178465161738 0.96608010745474
3.8178481750494 0.96156025806179
3.8178498339251 0.95954899534734
3.8178514928008 0.95800777775108
3.8178531516765 0.95675729712144
3.8178548105522 0.95556602874812
3.8178564694278 0.96026919813387
3.8178581283035 0.96627068971379
3.8178597871792 0.96795759995825
3.8178614460549 0.96862143829706
3.8178631049305 0.96836427712126
3.8178647638062 0.96787296379384
3.8178664226819 0.96904874859552
3.8178680815576 0.97067745213819
3.8178697404333 0.97070472157015
3.8178713993089 0.97026854787799
3.8178730581846 0.96386815245884
3.8178747170603 0.95563451076203
3.817876375936 0.93964286086639
3.8178780348116 0.92112499549746
3.8178796936873 0.88812648656001
3.817881352563 0.85014338156851
3.8178830114387 0.80774741359414
3.8178846703144 0.76374945585346
3.81788632919 0.74102297915211
3.8178879880657 0.72642769081219
3.8178896469414 0.73920473872297
3.8178913058171 0.76297712367997
3.8178929646927 0.79670347181038
3.8178946235684 0.83462536627181
3.8178962824441 0.8678555293272
3.8178979413198 0.89901429686997
3.8178996001955 0.92531523863723
3.8179012590711 0.94937207746758
3.8179029179468 0.96640001173499
3.8179045768225 0.9800356687276
3.8179062356982 0.99017576090772
3.8179078945738 0.9985552852636
3.8179095534495 1.0029338190804
3.8179112123252 1.005211876781
3.8179128712009 1.0021012480032
3.8179145300766 0.99604510015595
3.8179161889522 0.99306074382158
3.8179178478279 0.99182277617963
3.8179195067036 0.99101315019557
3.8179211655793 0.99045659983695
3.8179228244549 0.98552675978932
3.8179244833306 0.97791425273005
3.8179261422063 0.9691374180699
3.817927801082 0.9596197159259
3.8179294599577 0.94490966652982
3.8179311188333 0.92677481820726
3.817932777709 0.89963134287099
3.8179344365847 0.8663345801278
3.8179360954604 0.83262059297467
3.817937754336 0.79861167089702
3.8179394132117 0.77765404103924
3.8179410720874 0.76623889371341
3.8179427309631 0.76984894532965
3.8179443898388 0.78481155404767
3.8179460487144 0.80954350204966
3.8179477075901 0.84189925333462
3.8179493664658 0.87096552259708
3.8179510253415 0.89738222836333
3.8179526842171 0.91990191184511
3.8179543430928 0.93918389164139
3.8179560019685 0.95273083882796
3.8179576608442 0.96136539403641
3.8179593197199 0.97002213225893
3.8179609785955 0.97869844516939
3.8179626374712 0.98469740127307
3.8179642963469 0.98826354663379
3.8179659552226 0.99183191195597
3.8179676140982 0.99540235358826
3.8179692729739 0.99870088960975
3.8179709318496 1.0017378519242
3.8179725907253 1.0068532272021
3.817974249601 1.0140243282246
3.8179759084766 1.018393040345
3.8179775673523 1.0199134697178
3.817979226228 1.0219620764652
3.8179808851037 1.0245620291291
3.8179825439793 1.0221620097442
3.817984202855 1.014403492891
3.8179858617307 1.0108406314087
3.8179875206064 1.0118918173445
3.8179891794821 1.0105977101686
3.8179908383577 1.0066583641935
3.8179924972334 1.0036718831825
3.8179941561091 1.0017871087412
3.8179958149848 0.99962137216454
3.8179974738604 0.99712274434802
3.8179991327361 0.99487994343037
3.8180007916118 0.99294755316056
3.8180024504875 0.99422181493633
3.8180041093632 0.999479302133
3.8180057682388 1.002050986768
3.8180074271145 1.0012083194495
3.8180090859902 0.99994897563827
3.8180107448659 0.99814787593172
3.8180124037415 0.99457324245179
3.8180140626172 0.98864098270754
3.8180157214929 0.9827328710043
3.8180173803686 0.97685756421176
3.8180190392443 0.97314742953285
3.8180206981199 0.97244172094437
3.8180223569956 0.97117653568679
3.8180240158713 0.96911862094032
3.818025674747 0.96997458484462
3.8180273336226 0.97504439860514
3.8180289924983 0.97950169911754
3.818030651374 0.98305539660717
3.8180323102497 0.98671195290498
3.8180339691254 0.99052322957084
3.818035628001 0.99250307619602
3.8180372868767 0.99167489945919
3.8180389457524 0.99151296280492
3.8180406046281 0.99239157023045
3.8180422635037 0.99283199626653
3.8180439223794 0.99257553652089
3.8180455812551 0.99377432649129
3.8180472401308 0.99732914821617
3.8180488990065 1.0004023588415
3.8180505578821 1.0026823630538
3.8180522167578 1.0044810817461
3.8180538756335 1.0054736913616
3.8180555345092 1.0034496012204
3.8180571933848 0.99628975447884
3.8180588522605 0.99002521711598
3.8180605111362 0.98530915705666
3.8180621700119 0.98287350563349
3.8180638288875 0.98444333324352
3.8180654877632 0.98580401660974
3.8180671466389 0.98679188181252
3.8180688055146 0.98880074933595
3.8180704643903 0.99265605227286
3.8180721232659 0.99776766152695
3.8180737821416 1.005183388535
3.8180754410173 1.0093469219994
3.818077099893 1.0074656924544
3.8180787587686 1.007215698288
3.8180804176443 1.0100372331275
3.81808207652 1.0130095005481
3.8180837353957 1.0162691392842
3.8180853942714 1.0168747464917
3.818087053147 1.012359982948
3.8180887120227 1.0095328755613
3.8180903708984 1.009998805663
3.8180920297741 1.0114112722574
3.8180936886497 1.0146909816211
3.8180953475254 1.0172409223388
3.8180970064011 1.0183362301745
3.8180986652768 1.017152082101
3.8181003241525 1.0113795911133
3.8181019830281 1.0074920532516
3.8181036419038 1.0074346080384
3.8181053007795 1.0046577639699
3.8181069596552 0.99630733171358
3.8181086185308 0.99073278439505
3.8181102774065 0.99089464860394
3.8181119362822 0.99149754659364
3.8181135951579 0.99301884253327
3.8181152540336 0.99310277029164
3.8181169129092 0.99017183432809
3.8181185717849 0.98921797967878
3.8181202306606 0.99243786493095
3.8181218895363 0.99613387775141
3.8181235484119 1.0008411031568
3.8181252072876 1.0032629732201
3.8181268661633 1.0008047566313
3.818128525039 0.99988677815479
3.8181301839147 1.0022736452351
3.8181318427903 1.0047359661073
3.818133501666 1.0073608969548
3.8181351605417 1.0091822301386
3.8181368194174 1.0092652019308
3.818138478293 1.0114207693116
3.8181401371687 1.0180739554461
3.8181417960444 1.021077019528
3.8181434549201 1.0161391315058
3.8181451137958 1.0129206395489
3.8181467726714 1.0134505664396
3.8181484315471 1.0141217131171
3.8181500904228 1.0151011244553
3.8181517492985 1.0165375738408
3.8181534081741 1.0189725173645
3.8181550670498 1.0190356722138
3.8181567259255 1.0139160481182
3.8181583848012 1.0104594265583
3.8181600436769 1.0106359427216
3.8181617025525 1.0102224848987
3.8181633614282 1.008521214575
3.8181650203039 1.0063376650108
3.8181666791796 1.0031029332458
3.8181683380552 1.0019312285405
3.8181699969309 1.005246701783
3.8181716558066 1.0068229886139
3.8181733146823 1.0046267397536
3.818174973558 1.0026250020175
3.8181766324336 1.0010438564449
3.8181782913093 0.99989580359287
3.818179950185 0.99968070128712
3.8181816090607 0.99872092755009
3.8181832679363 0.99616403933062
3.818184926812 0.99484954112094
3.8181865856877 0.99618633030108
3.8181882445634 0.99542755983816
3.8181899034391 0.99022103207049
3.8181915623147 0.98710563223951
3.8181932211904 0.98840107141417
3.8181948800661 0.98924469862011
3.8181965389418 0.98914161900103
3.8181981978174 0.98843781721119
3.8181998566931 0.98648413780794
3.8182015155688 0.98562723464347
3.8182031744445 0.98703451107973
3.8182048333202 0.98822536167546
3.8182064921958 0.98897309021355
3.8182081510715 0.98994222722334
3.8182098099472 0.99136070476958
3.8182114688229 0.99215037440609
3.8182131276985 0.99167584818098
3.8182147865742 0.9924105386857
3.8182164454499 0.99555217154105
3.8182181043256 0.99672780462883
3.8182197632013 0.99403050404387
3.8182214220769 0.9911495928695
3.8182230809526 0.98791091184858
3.8182247398283 0.98439446147741
3.818226398704 0.98034295846491
3.8182280575796 0.97948842792611
3.8182297164553 0.9847182793716
3.818231375331 0.99075613377926
3.8182330342067 0.99831276445227
3.8182346930824 1.0034615090418
3.818236351958 1.004142558037
3.8182380108337 1.0033637832246
3.8182396697094 0.99991273546291
3.8182413285851 0.99556817767677
3.8182429874607 0.98961081849066
3.8182446463364 0.98504818205561
3.8182463052121 0.98296705643519
3.8182479640878 0.98385372110908
3.8182496229635 0.98994161564993
3.8182512818391 0.99331615071189
3.8182529407148 0.99200822210983
3.8182545995905 0.98975290370264
3.8182562584662 0.98588854508928
3.8182579173418 0.98268675631963
3.8182595762175 0.98059208498101
3.8182612350932 0.98100093795135
3.8182628939689 0.9855226568208
3.8182645528446 0.98631396304304
3.8182662117202 0.98108194398682
3.8182678705959 0.97661357894678
3.8182695294716 0.97335650013153
3.8182711883473 0.96835251571827
3.8182728472229 0.9606278611747
3.8182745060986 0.95246838411805
3.8182761649743 0.9436441940918
3.81827782385 0.93612956943511
3.8182794827257 0.93057899611759
3.8182811416013 0.92742045412951
3.818282800477 0.92777982473568
3.8182844593527 0.92928974687048
3.8182861182284 0.93245813571783
3.818287777104 0.93899897886447
3.8182894359797 0.95030215778229
3.8182910948554 0.96082686303095
3.8182927537311 0.97027497077807
3.8182944126068 0.97968202791406
3.8182960714824 0.98903351308776
3.8182977303581 0.99609118847456
3.8182993892338 1.0001106981366
3.8183010481095 1.0036143187724
3.8183027069851 1.0064497194284
3.8183043658608 1.0080698442387
3.8183060247365 1.0081510776703
3.8183076836122 1.0072877310149
3.8183093424879 1.0052557958025
3.8183110013635 1.0023265701891
3.8183126602392 0.99831315701621
3.8183143191149 0.99464057753055
3.8183159779906 0.99137008456743
3.8183176368662 0.99010475375846
3.8183192957419 0.99114748922375
3.8183209546176 0.98925665225209
3.8183226134933 0.98407221695771
3.818324272369 0.97848071838619
3.8183259312446 0.97244367417654
3.8183275901203 0.96811324951406
3.818329248996 0.9656029538979
3.8183309078717 0.96140441087586
3.8183325667473 0.95545234113715
3.818334225623 0.95032317596967
3.8183358844987 0.94602598276042
3.8183375433744 0.93507503240462
3.81833920225 0.91757853067871
3.8183408611257 0.89969136907471
3.8183425200014 0.88143047421945
3.8183441788771 0.86242545490077
3.8183458377528 0.84272852384412
3.8183474966284 0.83143363744014
3.8183491555041 0.82772897368217
3.8183508143798 0.83430302596043
3.8183524732555 0.84989175950171
3.8183541321311 0.87109432307745
3.8183557910068 0.8970746225924
3.8183574498825 0.92189683461458
3.8183591087582 0.9457631999915
3.8183607676339 0.96295129383906
3.8183624265095 0.97479719972298
3.8183640853852 0.9843554439907
3.8183657442609 0.9921409669865
3.8183674031366 0.99483516428551
3.8183690620122 0.99371010561221
3.8183707208879 0.9925739471922
3.8183723797636 0.99142973397073
3.8183740386393 0.98980328785451
3.818375697515 0.987838562694
3.8183773563906 0.99024317684418
3.8183790152663 0.99560839191311
3.818380674142 0.99935725827343
3.8183823330177 1.0020488885042
3.8183839918933 1.0008422930722
3.818385650769 0.99717678126144
3.8183873096447 0.99731026794257
3.8183889685204 0.99975305425734
3.8183906273961 1.0027573669463
3.8183922862717 1.0060903744605
3.8183939451474 1.0067520948399
3.8183956040231 1.0059097621952
3.8183972628988 1.0035562771436
3.8183989217744 1.0003850717896
3.8184005806501 0.99706498611511
3.8184022395258 0.99366757095962
3.8184038984015 0.98578276913154
3.8184055572772 0.97566288357103
3.8184072161528 0.97000457875063
3.8184088750285 0.96647507027339
3.8184105339042 0.96652195597614
3.8184121927799 0.96820112728128
3.8184138516555 0.97076948243028
3.8184155105312 0.97372556624772
3.8184171694069 0.97956346094905
3.8184188282826 0.98660014939508
3.8184204871583 0.99122237033055
3.8184221460339 0.99488794721098
3.8184238049096 0.99836200123288
3.8184254637853 1.001763902842
3.818427122661 1.0020410033805
3.8184287815366 1.0012006482623
3.8184304404123 1.0008194237909
3.818432099288 1.0005937390165
3.8184337581637 1.001443664957
3.8184354170394 1.0026380151957
3.818437075915 0.99453922740622
3.8184387347907 0.98363451525748
3.8184403936664 0.9741198091366
3.8184420525421 0.96499977427873
3.8184437114177 0.96331426984017
3.8184453702934 0.9636083870851
3.8184470291691 0.96157429190066
3.8184486880448 0.95896074530244
3.8184503469205 0.96170008739634
3.8184520057961 0.96568000648211
3.8184536646718 0.96510334317606
3.8184553235475 0.96354747432914
3.8184569824232 0.95753759513513
3.8184586412988 0.95064447644001
3.8184603001745 0.95220565065947
3.8184619590502 0.95530567660427
3.8184636179259 0.96210045180497
3.8184652768016 0.96950852588281
3.8184669356772 0.97599563799865
3.8184685945529 0.98234440790001
3.8184702534286 0.98559338543688
3.8184719123043 0.98842486434897
3.8184735711799 0.98850500585554
3.8184752300556 0.98825649401917
3.8184768889313 0.98067267916965
3.818478547807 0.97232298830325
3.8184802066827 0.97260792742397
3.8184818655583 0.97366699156848
3.818483524434 0.98058865308074
3.8184851833097 0.9879507786501
3.8184868421854 0.99248866537271
