3.8159113317923 0.991264
3.815912990668 0.9878260904869
3.8159146495436 0.98488427993325
3.8159163084193 0.98592498943544
3.815917967295 0.9863783653774
3.8159196261707 0.98476954548265
3.8159212850463 0.98347740094117
3.815922943922 0.98282037996863
3.8159246027977 0.98072782725938
3.8159262616734 0.97683678073796
3.8159279205491 0.97295263676082
3.8159295794247 0.96907402302478
3.8159312383004 0.96429964849064
3.8159328971761 0.95907731468297
3.8159345560518 0.9580892046911
3.8159362149274 0.95830792061867
3.8159378738031 0.9574770467817
3.8159395326788 0.95651919978827
3.8159411915545 0.95720668999311
3.8159428504302 0.95799483931791
3.8159445093058 0.95956749176084
3.8159461681815 0.96108645730319
3.8159478270572 0.96242137297758
3.8159494859329 0.96342302391692
3.8159511448085 0.96377213966792
3.8159528036842 0.96482407381577
3.8159544625599 0.96673348538437
3.8159561214356 0.96876884391025
3.8159577803113 0.97090198350841
3.8159594391869 0.97101801112314
3.8159610980626 0.97016543671383
3.8159627569383 0.97129511375296
3.815964415814 0.97295693017327
3.8159660746896 0.97103470527137
3.8159677335653 0.96877469475743
3.815969392441 0.97029046897523
3.8159710513167 0.97160306686691
3.8159727101924 0.97152515267601
3.815974369068 0.97099156810516
3.8159760279437 0.96902131264104
3.8159776868194 0.96717625952565
3.8159793456951 0.96555944363213
3.8159810045707 0.96448770126683
3.8159826634464 0.96403603061797
3.8159843223221 0.96291534365118
3.8159859811978 0.96131314376503
3.8159876400735 0.95822842391455
3.8159892989491 0.95449411122631
3.8159909578248 0.95603153884234
3.8159926167005 0.9588111290012
3.8159942755762 0.96296592153025
3.8159959344518 0.96724590256743
3.8159975933275 0.97181044312439
3.8159992522032 0.97662250428988
3.8160009110789 0.98281506274808
3.8160025699546 0.98700482556653
3.8160042288302 0.98568358919903
3.8160058877059 0.98493151314431
3.8160075465816 0.98510337621479
3.8160092054573 0.98128081782802
3.8160108643329 0.97339895855308
3.8160125232086 0.96456816393704
3.8160141820843 0.9551329237615
3.81601584096 0.93598731072535
3.8160174998357 0.91317559695806
3.8160191587113 0.8829698101845
3.816020817587 0.85136722498663
3.8160224764627 0.81224482734015
3.8160241353384 0.77308251031862
3.816025794214 0.73782976315166
3.8160274530897 0.70641621656068
3.8160291119654 0.69164511204221
3.8160307708411 0.68568373057681
3.8160324297168 0.69997237564157
3.8160340885924 0.72372499753021
3.8160357474681 0.76060040358523
3.8160374063438 0.79901069841636
3.8160390652195 0.83875513290894
3.8160407240951 0.8734733857913
3.8160423829708 0.90549828688819
3.8160440418465 0.92815074050615
3.8160457007222 0.94796153696078
3.8160473595979 0.95919758228047
3.8160490184735 0.96930397889042
3.8160506773492 0.97336535381496
3.8160523362249 0.97687869703383
3.8160539951006 0.97625157926331
3.8160556539762 0.97577856957875
3.8160573128519 0.9758109639128
3.8160589717276 0.97426876692045
3.8160606306033 0.96981034166489
3.816062289479 0.9667576542028
3.8160639483546 0.96530504459375
3.8160656072303 0.96121744917791
3.816067266106 0.95525946842747
3.8160689249817 0.94765743188499
3.8160705838573 0.93935805663027
3.816072242733 0.93558730396328
3.8160739016087 0.93281321211818
3.8160755604844 0.92862737293994
3.8160772193601 0.92445020645506
3.8160788782357 0.9220502925766
3.8160805371114 0.92035875299298
3.8160821959871 0.92205905609249
3.8160838548628 0.92275869862442
3.8160855137384 0.92101732147981
3.8160871726141 0.92046671118931
3.8160888314898 0.92163742966698
3.8160904903655 0.91932384514766
3.8160921492411 0.91388490606464
3.8160938081168 0.90855413740697
3.8160954669925 0.90328276506314
3.8160971258682 0.89788845890384
3.8160987847439 0.89245618956341
3.8161004436195 0.89274807371361
3.8161021024952 0.89380414103599
3.8161037613709 0.89717241331235
3.8161054202466 0.90008742333022
3.8161070791222 0.8996924100927
3.8161087379979 0.8997589792863
3.8161103968736 0.90129129278669
3.8161120557493 0.90019514468937
3.816113714625 0.89439925382584
3.8161153735006 0.88962892030667
3.8161170323763 0.88597839109152
3.816118691252 0.88803624437803
3.8161203501277 0.89393972591893
3.8161220090033 0.89798322039961
3.816123667879 0.90129282970993
3.8161253267547 0.90473176589056
3.8161269856304 0.90819592686673
3.8161286445061 0.91140429235409
3.8161303033817 0.91454004325671
3.8161319622574 0.91694072580973
3.8161336211331 0.9193036599773
3.8161352800088 0.92151251296614
3.8161369388844 0.9253364385994
3.8161385977601 0.9326389972609
3.8161402566358 0.93817451123215
3.8161419155115 0.94143771424562
3.8161435743872 0.94281111465674
3.8161452332628 0.94268766760905
3.8161468921385 0.93762546480158
3.8161485510142 0.93022487639719
3.8161502098899 0.92412210162462
3.8161518687655 0.91834481083942
3.8161535276412 0.91704392028608
3.8161551865169 0.91643807995874
3.8161568453926 0.92295190002995
3.8161585042683 0.92934064029272
3.8161601631439 0.93508562775821
3.8161618220196 0.94143113106743
3.8161634808953 0.94929056067892
3.816165139771 0.95441827613389
3.8161667986466 0.95554103158718
3.8161684575223 0.95800888534714
3.816170116398 0.96168360013
3.8161717752737 0.96628159959587
3.8161734341494 0.97137928407754
3.816175093025 0.97445348448917
3.8161767519007 0.97692577678781
3.8161784107764 0.97883350004632
3.8161800696521 0.98073766116903
3.8161817285277 0.98689730025985
3.8161833874034 0.99230975074341
3.8161850462791 0.9930223572752
3.8161867051548 0.99253177561315
3.8161883640305 0.98860888193638
3.8161900229061 0.98544653414763
3.8161916817818 0.98351397888825
3.8161933406575 0.98388382837142
3.8161949995332 0.98651219168911
3.8161966584088 0.98762708246698
3.8161983172845 0.98784391316552
3.8161999761602 0.98437936358831
3.8162016350359 0.97969133190434
3.8162032939116 0.97569661369648
3.8162049527872 0.9718021644814
3.8162066116629 0.97001422714729
3.8162082705386 0.96832907821327
3.8162099294143 0.96734800006882
3.8162115882899 0.96748497633003
3.8162132471656 0.97109193386723
3.8162149060413 0.97338809559125
3.816216564917 0.97342647020743
3.8162182237927 0.9740666146228
3.8162198826683 0.97533040188073
3.816221541544 0.97929640612596
3.8162232004197 0.98495426842541
3.8162248592954 0.98591216255607
3.816226518171 0.98521007716177
3.8162281770467 0.98357701336647
3.8162298359224 0.98179635130824
3.8162314947981 0.98007347679251
3.8162331536738 0.9784221304088
3.8162348125494 0.97733278612404
3.8162364714251 0.97706872729527
3.8162381303008 0.97946993439621
3.8162397891765 0.98020266037258
3.8162414480521 0.97798366565259
3.8162431069278 0.97664343921472
3.8162447658035 0.97623278133465
3.8162464246792 0.97557414375828
3.8162480835549 0.97475756982811
3.8162497424305 0.97671024410562
3.8162514013062 0.97965620005638
3.8162530601819 0.9799423368035
3.8162547190576 0.9797999094665
3.8162563779332 0.97696632945862
3.8162580368089 0.97472565852453
3.8162596956846 0.97746950871711
3.8162613545603 0.98050110806657
3.816263013436 0.98445524383623
3.8162646723116 0.98617635156142
3.8162663311873 0.98398757558452
3.816267990063 0.98352891967437
3.8162696489387 0.98487528545638
3.8162713078143 0.98342588169217
3.81627296669 0.98022977136715
3.8162746255657 0.98016674262621
3.8162762844414 0.9811952071734
3.8162779433171 0.98451040385888
3.8162796021927 0.98817345722402
3.8162812610684 0.98429114612523
3.8162829199441 0.98050370089114
3.8162845788198 0.97771499005246
3.8162862376954 0.97372694355545
3.8162878965711 0.96609604406927
3.8162895554468 0.95914391861006
3.8162912143225 0.95332544684258
3.8162928731982 0.94805817052837
3.8162945320738 0.94333876928489
3.8162961909495 0.9383294182549
3.8162978498252 0.93314875676678
3.8162995087009 0.93737561779197
3.8163011675765 0.94464091529711
3.8163028264522 0.95155652826951
3.8163044853279 0.95843263078593
3.8163061442036 0.96592488390109
3.8163078030793 0.97309860936983
3.8163094619549 0.97828982635022
3.8163111208306 0.98271646385942
3.8163127797063 0.98503577527377
3.816314438582 0.98673238946435
3.8163160974576 0.98747173171655
3.8163177563333 0.98625911309354
3.816319415209 0.98326039666655
3.8163210740847 0.98307759637371
3.8163227329604 0.98440849508973
3.816324391836 0.98452241913277
3.8163260507117 0.98429052384065
3.8163277095874 0.98448229500026
3.8163293684631 0.98443217479311
3.8163310273387 0.97669570866269
3.8163326862144 0.96912382996575
3.8163343450901 0.96238780982515
3.8163360039658 0.95730137835094
3.8163376628415 0.95618807072918
3.8163393217171 0.95624938963122
3.8163409805928 0.95791706470625
3.8163426394685 0.96011428295496
3.8163442983442 0.96274212738428
3.8163459572198 0.96899852062042
3.8163476160955 0.97695638852807
3.8163492749712 0.98126638107175
3.8163509338469 0.98472166550386
3.8163525927226 0.98460040834016
3.8163542515982 0.98429347398513
3.8163559104739 0.98457419834951
3.8163575693496 0.98445875989082
3.8163592282253 0.98275080114288
3.8163608871009 0.97939704526264
3.8163625459766 0.97268879196351
3.8163642048523 0.96707147549402
3.816365863728 0.96273893147647
3.8163675226036 0.95815395004325
3.8163691814793 0.95339311230554
3.816370840355 0.94988297277224
3.8163724992307 0.94685976220307
3.8163741581064 0.94587849014387
3.816375816982 0.94525688785687
3.8163774758577 0.94177176319982
3.8163791347334 0.9374472384247
3.8163807936091 0.92688544844924
3.8163824524847 0.91624567840522
3.8163841113604 0.90536233462756
3.8163857702361 0.89430313565482
3.8163874291118 0.88294897066312
3.8163890879875 0.8773625396479
3.8163907468631 0.87743692305125
3.8163924057388 0.88529037560333
3.8163940646145 0.89759635917911
3.8163957234902 0.91302377316077
3.8163973823658 0.9293974128944
3.8163990412415 0.94753988074924
3.8164007001172 0.96546636929862
3.8164023589929 0.97027429933662
3.8164040178686 0.97386374370042
3.8164056767442 0.97117273160417
3.8164073356199 0.97011915651249
3.8164089944956 0.97298976410799
3.8164106533713 0.97501576041351
3.8164123122469 0.97590612983675
3.8164139711226 0.97242223804352
3.8164156299983 0.96548403615098
3.816417288874 0.96269150810015
3.8164189477497 0.96175174789756
3.8164206066253 0.96260309383025
3.816422265501 0.96383798931931
3.8164239243767 0.96714401793594
3.8164255832524 0.97021319794969
3.816427242128 0.96988969437566
3.8164289010037 0.96963205523312
3.8164305598794 0.96960527379878
3.8164322187551 0.96791738926911
3.8164338776308 0.96321155559228
3.8164355365064 0.96078678583928
3.8164371953821 0.96075357212253
3.8164388542578 0.96002846599156
3.8164405131335 0.95888195073286
3.8164421720091 0.95815282551915
3.8164438308848 0.95755917956265
3.8164454897605 0.95598666178291
3.8164471486362 0.95424099130603
3.8164488075119 0.95028037997782
3.8164504663875 0.94646871964493
3.8164521252632 0.94346234171009
3.8164537841389 0.94214663971134
3.8164554430146 0.94496893114251
3.8164571018902 0.94973505776621
3.8164587607659 0.95713967960782
3.8164604196416 0.96074906059444
3.8164620785173 0.96135796907085
3.816463737393 0.96319886886385
3.8164653962686 0.96558594723907
3.8164670551443 0.96639409785711
3.81646871402 0.96687283424531
3.8164703728957 0.96491400623076
3.8164720317713 0.96291653725139
3.816473690647 0.96145545897034
3.8164753495227 0.96036257693543
3.8164770083984 0.96049019581778
3.8164786672741 0.96158683348736
3.8164803261497 0.96435603918453
3.8164819850254 0.96536345179943
3.8164836439011 0.96462337110765
3.8164853027768 0.96313769727651
3.8164869616524 0.96122783096889
3.8164886205281 0.95793084245658
3.8164902794038 0.95422615600221
3.8164919382795 0.95206255440222
3.8164935971552 0.95021508822813
3.8164952560308 0.95184641304025
3.8164969149065 0.95455226347166
3.8164985737822 0.96215115524824
3.8165002326579 0.96844681675752
3.8165018915335 0.97192293089533
3.8165035504092 0.97402864573571
3.8165052092849 0.97447452583326
3.8165068681606 0.97276445961051
3.8165085270363 0.96954695621422
3.8165101859119 0.96727586239675
3.8165118447876 0.96536383142887
3.8165135036633 0.96508790360362
3.816515162539 0.96507502316443
3.8165168214146 0.96812339795438
3.8165184802903 0.9704074572336
3.816520139166 0.96775907526863
3.8165217980417 0.96681880680632
3.8165234569174 0.97045071769098
3.816525115793 0.97163891552462
3.8165267746687 0.9692966898219
3.8165284335444 0.96560347575656
3.8165300924201 0.96078822861346
3.8165317512957 0.95764438451121
3.8165334101714 0.95527390450564
3.8165350690471 0.95518906940368
3.8165367279228 0.95560197773523
3.8165383867985 0.95720783993367
3.8165400456741 0.95887838527608
3.8165417045498 0.96067421418245
3.8165433634255 0.96142733783269
3.8165450223012 0.95877583037492
3.8165466811768 0.95182333846753
3.8165483400525 0.93762545361386
3.8165499989282 0.92143670139636
3.8165516578039 0.90334027524832
3.8165533166796 0.88148734801957
3.8165549755552 0.85760257284889
3.8165566344309 0.84064961373667
3.8165582933066 0.82556763987832
3.8165599521823 0.82831174796949
3.8165616110579 0.83349200911795
3.8165632699336 0.85329631051436
3.8165649288093 0.87295899913332
3.816566587685 0.89206766260913
3.8165682465607 0.90931599086701
3.8165699054363 0.92299435356491
3.816571564312 0.93608517152256
3.8165732231877 0.94854377459845
3.8165748820634 0.95616820458068
3.816576540939 0.96084189250515
3.8165781998147 0.96159581967572
3.8165798586904 0.96111421736118
3.8165815175661 0.96164646778425
3.8165831764418 0.96229196485654
3.8165848353174 0.96294833528948
3.8165864941931 0.96324057591867
3.8165881530688 0.96186642453831
3.8165898119445 0.95923553249241
3.8165914708201 0.95392510059583
3.8165931296958 0.9488706213349
3.8165947885715 0.94411739912935
3.8165964474472 0.93984596292317
3.8165981063229 0.93589631197426
3.8165997651985 0.93506516285557
3.8166014240742 0.93533028432688
3.8166030829499 0.93923643464553
3.8166047418256 0.94360812631397
3.8166064007012 0.94661685190515
3.8166080595769 0.94893275084321
3.8166097184526 0.94765742035447
3.8166113773283 0.94516610419858
3.816613036204 0.93987226406861
3.8166146950796 0.93396995149644
3.8166163539553 0.92730457570049
3.816618012831 0.92381244181202
3.8166196717067 0.92257342172615
3.8166213305823 0.92557333230306
3.816622989458 0.93017260680394
3.8166246483337 0.93517865112946
3.8166263072094 0.94018054082752
3.8166279660851 0.93791770536379
3.8166296249607 0.93455328409887
3.8166312838364 0.92498324408833
3.8166329427121 0.91249321975072
3.8166346015878 0.89294232127174
3.8166362604634 0.8751133936905
3.8166379193391 0.85952527224057
3.8166395782148 0.84826689690609
3.8166412370905 0.84018725698956
3.8166428959662 0.84121049057688
3.8166445548418 0.84579322864775
3.8166462137175 0.8611914248321
3.8166478725932 0.87833063819467
3.8166495314689 0.89517446405931
3.8166511903445 0.91081270851363
3.8166528492202 0.91942287006173
3.8166545080959 0.92577892445721
3.8166561669716 0.926594716386
3.8166578258472 0.92700075692756
3.8166594847229 0.92686828221841
3.8166611435986 0.9227920936876
3.8166628024743 0.91580274454912
3.81666446135 0.91294066855473
3.8166661202256 0.91169703240369
3.8166677791013 0.91041249983121
3.816669437977 0.90905245702157
3.8166710968527 0.8942705133301
3.8166727557283 0.87848312852223
3.816674414604 0.85694073690886
3.8166760734797 0.83563108915153
3.8166777323554 0.81488459184155
3.8166793912311 0.80040691909217
3.8166810501067 0.79402824216398
3.8166827089824 0.79897749760008
3.8166843678581 0.81212022937396
3.8166860267338 0.83645023695572
3.8166876856094 0.86503588073608
3.8166893444851 0.8885058836941
3.8166910033608 0.91107035842431
3.8166926622365 0.92367642505256
3.8166943211122 0.93511112816324
3.8166959799878 0.94028758555543
3.8166976388635 0.94412503812025
3.8166992977392 0.94487267044579
3.8167009566149 0.94505749117765
3.8167026154905 0.94454645568256
3.8167042743662 0.94446184955726
3.8167059332419 0.94467102253307
3.8167075921176 0.94398914700848
3.8167092509933 0.94298957358327
3.8167109098689 0.94104313086894
3.8167125687446 0.93893488627337
3.8167142276203 0.93558038916359
3.816715886496 0.93137375950985
3.8167175453716 0.92310025178491
3.8167192042473 0.91275315021637
3.816720863123 0.89797690163791
3.8167225219987 0.88442265443073
3.8167241808744 0.87227651270363
3.81672583975 0.86311342797201
3.8167274986257 0.85585326866561
3.8167291575014 0.8576055441828
3.8167308163771 0.8622574575603
3.8167324752527 0.87351766792526
3.8167341341284 0.88553484313716
3.8167357930041 0.89842143057811
3.8167374518798 0.91011282907562
3.8167391107555 0.91688516615731
3.8167407696311 0.92336051848109
3.8167424285068 0.9292646155125
3.8167440873825 0.93398654175673
3.8167457462582 0.93747194637544
3.8167474051338 0.93910421991261
3.8167490640095 0.93967409934016
3.8167507228852 0.93998848786289
3.8167523817609 0.94023189656778
3.8167540406366 0.9401792483123
3.8167556995122 0.94029792902784
3.8167573583879 0.94273932986318
3.8167590172636 0.94478305563537
3.8167606761393 0.94545189883612
3.8167623350149 0.94617838222481
3.8167639938906 0.94700221429787
3.8167656527663 0.94681677025729
3.816767311642 0.94569811644692
3.8167689705177 0.94302203994519
3.8167706293933 0.93956965588454
3.816772288269 0.93590883373521
3.8167739471447 0.93220079147599
3.8167756060204 0.93146307911828
3.816777264896 0.93108114357118
3.8167789237717 0.93263272856955
3.8167805826474 0.93411344519934
3.8167822415231 0.93539239295886
3.8167839003988 0.93765061672824
3.8167855592744 0.941327315256
3.8167872181501 0.94109529394756
3.8167888770258 0.93775485978747
3.8167905359015 0.93464987828515
3.8167921947771 0.93164305570069
3.8167938536528 0.93290098585618
3.8167955125285 0.93486891986392
3.8167971714042 0.93265800545118
3.8167988302799 0.93059910770723
3.8168004891555 0.92938282759616
3.8168021480312 0.92691418471613
3.8168038069069 0.9215525419637
3.8168054657826 0.91628052878279
3.8168071246582 0.91111737497589
3.8168087835339 0.90344011863265
3.8168104424096 0.89409474090191
3.8168121012853 0.88991144157761
3.816813760161 0.88744137658724
3.8168154190366 0.88189433783078
3.8168170779123 0.8763636223906
3.816818736788 0.87750152905578
3.8168203956637 0.87987786883677
3.8168220545393 0.88718478134257
3.816823713415 0.89383851348156
3.8168253722907 0.89928448972247
3.8168270311664 0.90708207299609
3.8168286900421 0.91721838275511
3.8168303489177 0.92603684705968
3.8168320077934 0.93415156006428
3.8168336666691 0.93413044505045
3.8168353255448 0.93210739068473
3.8168369844204 0.93098288409078
3.8168386432961 0.93003535498325
3.8168403021718 0.93023060425913
3.8168419610475 0.92960302422704
3.8168436199232 0.9265756970792
3.8168452787988 0.9260266768557
3.8168469376745 0.92909593878358
3.8168485965502 0.93275048333225
3.8168502554259 0.93686891295
3.8168519143015 0.94020123154959
3.8168535731772 0.94321142314837
3.8168552320529 0.94401057177765
3.8168568909286 0.94438534918289
3.8168585498043 0.93952798521563
3.8168602086799 0.93440625205741
3.8168618675556 0.92794246888065
3.8168635264313 0.92292091271025
3.816865185307 0.92101275555757
3.8168668441826 0.92094648440554
3.8168685030583 0.92296789084685
3.816870161934 0.92463615069207
3.8168718208097 0.926088884827
3.8168734796854 0.93158213433192
3.816875138561 0.93825887660445
3.8168767974367 0.93891891762702
3.8168784563124 0.93929907410625
3.8168801151881 0.942033012011
3.8168817740637 0.94406706543561
3.8168834329394 0.94377795102362
3.8168850918151 0.94326565311803
3.8168867506908 0.94239608172766
3.8168884095665 0.94177188758049
3.8168900684421 0.94135873918202
3.8168917273178 0.94131143082463
3.8168933861935 0.941427859673
3.8168950450692 0.93940556647308
3.8168967039448 0.9369885464344
3.8168983628205 0.93150208237136
3.8169000216962 0.9254970099594
3.8169016805719 0.91662356778655
3.8169033394476 0.90650194404193
3.8169049983232 0.89353833171409
3.8169066571989 0.87647186018807
3.8169083160746 0.8545710325728
3.8169099749503 0.83699947579429
3.8169116338259 0.8221597191885
3.8169132927016 0.8208850763552
3.8169149515773 0.82372357787193
3.816916610453 0.83699116481529
3.8169182693287 0.85111017137517
3.8169199282043 0.86480106812405
3.81692158708 0.87665132029521
3.8169232459557 0.88236489666267
3.8169249048314 0.88776521232227
3.816926563707 0.89266613902147
3.8169282225827 0.89732365576418
3.8169298814584 0.90177408973379
3.8169315403341 0.90726650479978
3.8169331992097 0.91321547893629
3.8169348580854 0.91582791074622
3.8169365169611 0.91786574930314
3.8169381758368 0.92196638852488
3.8169398347125 0.92470227467154
3.8169414935881 0.92033676399819
3.8169431524638 0.91630482090839
3.8169448113395 0.91299242637875
3.8169464702152 0.9079875812166
3.8169481290908 0.90109296412629
3.8169497879665 0.89387972352115
3.8169514468422 0.8864779588941
3.8169531057179 0.87813453835301
3.8169547645936 0.86953205904989
3.8169564234692 0.86542595789553
3.8169580823449 0.86220949079627
3.8169597412206 0.86464816905479
3.8169614000963 0.86706548710748
3.8169630589719 0.8694197187478
3.8169647178476 0.8699816982157
3.8169663767233 0.86795875772794
3.816968035599 0.86609787496394
3.8169696944747 0.86436120592757
3.8169713533503 0.85595696612258
3.816973012226 0.84499711591867
3.8169746711017 0.83146769581796
3.8169763299774 0.81770655746163
3.816977988853 0.80706126060302
3.8169796477287 0.79884431444891
3.8169813066044 0.8007111475475
3.8169829654801 0.80423550190423
3.8169846243558 0.81081941860097
3.8169862832314 0.81876910705407
3.8169879421071 0.82803697227284
3.8169896009828 0.83938566278798
3.8169912598585 0.85177564485324
3.8169929187341 0.85655434764719
3.8169945776098 0.85970940422822
3.8169962364855 0.86286734972748
3.8169978953612 0.86629544701021
3.8169995542369 0.87138172851055
3.8170012131125 0.87480622253912
3.8170028719882 0.87432080786444
3.8170045308639 0.87441645528067
3.8170061897396 0.87520381767236
3.8170078486152 0.87478700687199
3.8170095074909 0.87361617074435
3.8170111663666 0.87128626457456
3.8170128252423 0.86861699303704
3.817014484118 0.86638595242522
3.8170161429936 0.8643374513303
3.8170178018693 0.86379319996128
3.817019460745 0.8625043851572
3.8170211196207 0.85898162973901
3.8170227784963 0.85728580947526
3.817024437372 0.85822890030972
3.8170260962477 0.85676576249945
3.8170277551234 0.85347502931444
3.8170294139991 0.8540644797402
3.8170310728747 0.85610578327541
3.8170327317504 0.85638372704702
3.8170343906261 0.85647141682989
3.8170360495018 0.85724851241472
3.8170377083774 0.85701575644817
3.8170393672531 0.85290672441742
3.8170410261288 0.84956961961945
3.8170426850045 0.84756631532773
3.8170443438802 0.8453774273173
3.8170460027558 0.84302172060919
3.8170476616315 0.84016523372982
3.8170493205072 0.8370804161786
3.8170509793829 0.83145366538715
3.8170526382585 0.82538117970317
3.8170542971342 0.82096568061579
3.8170559560099 0.81639992442798
3.8170576148856 0.81109125949298
3.8170592737613 0.80575846104017
3.8170609326369 0.80037643584376
3.8170625915126 0.79202004009662
3.8170642503883 0.78056648266427
3.817065909264 0.77092646984906
3.8170675681396 0.76225914033189
3.8170692270153 0.75479253649343
3.817070885891 0.74760386645004
3.8170725447667 0.73914983035986
3.8170742036424 0.73018720416159
3.817075862518 0.71818179748674
3.8170775213937 0.70511617709668
3.8170791802694 0.68953300340463
3.8170808391451 0.67347524751368
3.8170824980207 0.65685587928811
3.8170841568964 0.63947395116382
3.8170858157721 0.62162434682115
3.8170874746478 0.60461898991334
3.8170891335235 0.58784922825049
3.8170907923991 0.57038286587945
3.8170924512748 0.55329683041165
3.8170941101505 0.53976088936089
3.8170957690262 0.52674827089903
3.8170974279018 0.5151610404357
3.8170990867775 0.5042598417871
3.8171007456532 0.49426398396396
3.8171024045289 0.48384162446676
3.8171040634046 0.47312742785559
3.8171057222802 0.46535071461509
3.8171073811559 0.45851928043207
3.8171090400316 0.45096898551615
3.8171106989073 0.44365633240909
3.8171123577829 0.43968582064981
3.8171140166586 0.43436552199533
3.8171156755343 0.42490213991278
3.81711733441 0.41775368441064
3.8171189932857 0.41394921844925
3.8171206521613 0.40997716956809
3.817122311037 0.40588000798308
3.8171239699127 0.40183153847967
3.8171256287884 0.39780052051747
3.817127287664 0.39337363833366
3.8171289465397 0.38878947819271
3.8171306054154 0.38254382069321
3.8171322642911 0.37703960724686
3.8171339231668 0.37404857852173
3.8171355820424 0.37126908088914
3.8171372409181 0.36881768751246
3.8171388997938 0.36575373894055
3.8171405586695 0.36220121826961
3.8171422175451 0.35852241288156
3.8171438764208 0.35479466717951
3.8171455352965 0.3532942282066
3.8171471941722 0.35214477030625
3.8171488530479 0.35218018955008
3.8171505119235 0.35231488433122
3.8171521707992 0.35281243522221
3.8171538296749 0.35369440411989
3.8171554885506 0.35520402684247
3.8171571474262 0.35738972915681
3.8171588063019 0.36014000787359
3.8171604651776 0.36209950808195
3.8171621240533 0.36373634993181
3.817163782929 0.36879459989967
3.8171654418046 0.37443839801585
3.8171671006803 0.38239936193937
3.817168759556 0.39069643092805
3.8171704184317 0.40028266258177
3.8171720773073 0.41193304895221
3.817173736183 0.42705904857753
3.8171753950587 0.44184851833249
3.8171770539344 0.45634963205409
3.8171787128101 0.46813913242037
3.8171803716857 0.47879190087114
3.8171820305614 0.48796030040802
3.8171836894371 0.49696948298197
3.8171853483128 0.50755857381621
3.8171870071884 0.51757700342307
3.8171886660641 0.52536418271714
3.8171903249398 0.53301348049006
3.8171919838155 0.54042827916652
3.8171936426912 0.54657538369972
3.8171953015668 0.55162968184701
3.8171969604425 0.55183558695836
3.8171986193182 0.55000248720624
3.8172002781939 0.54880463671407
3.8172019370695 0.54754553556319
3.8172035959452 0.54237119091022
3.8172052548209 0.5379772342548
3.8172069136966 0.53660101991921
3.8172085725722 0.53742323500482
3.8172102314479 0.54194246689514
3.8172118903236 0.54634766061549
3.8172135491993 0.55065591072715
3.817215208075 0.55609936689314
3.8172168669506 0.56201053204885
3.8172185258263 0.57282786282264
3.817220184702 0.58424852325515
3.8172218435777 0.59370338812701
3.8172235024533 0.60233301780379
3.817225161329 0.6078987982674
3.8172268202047 0.61332742722815
3.8172284790804 0.61853272279268
3.8172301379561 0.62366486203991
3.8172317968317 0.62873687170764
3.8172334557074 0.63165986601054
3.8172351145831 0.63373649726876
3.8172367734588 0.63424446641259
3.8172384323344 0.6350206555516
3.8172400912101 0.64388289698261
3.8172417500858 0.65140932893887
3.8172434089615 0.65430511863961
3.8172450678372 0.65739011231104
3.8172467267128 0.66076739501983
3.8172483855885 0.66493406864508
3.8172500444642 0.66971548447897
3.8172517033399 0.67411108960616
3.8172533622155 0.678365125796
3.8172550210912 0.68200555735479
3.8172566799669 0.68554792919624
3.8172583388426 0.68868694384717
3.8172599977183 0.69242959976141
3.8172616565939 0.69807847260216
3.8172633154696 0.70293292118463
3.8172649743453 0.70664610250437
3.817266633221 0.71233542893481
3.8172682920966 0.71945316654921
3.8172699509723 0.72326291419838
3.817271609848 0.72597379668633
3.8172732687237 0.72811803240696
3.8172749275994 0.73033628801184
3.817276586475 0.73377286337841
3.8172782453507 0.73829300247463
3.8172799042264 0.74586506006267
3.8172815631021 0.75130921417963
3.8172832219777 0.75396457076938
3.8172848808534 0.75665337824713
3.8172865397291 0.75936414847455
3.8172881986048 0.76012621855454
3.8172898574805 0.76032142551903
3.8172915163561 0.76112590812552
3.8172931752318 0.76131270519183
3.8172948341075 0.75657893442574
3.8172964929832 0.75173239404462
3.8172981518588 0.74660778179107
3.8172998107345 0.74273497916379
3.8173014696102 0.74033110491578
3.8173031284859 0.73910801047411
3.8173047873616 0.73857304818581
3.8173064462372 0.74362866167647
3.8173081051129 0.75005031512667
3.8173097639886 0.7598300994034
3.8173114228643 0.77038856988441
3.8173130817399 0.78495582599146
3.8173147406156 0.79853573134459
3.8173163994913 0.81001722517675
3.817318058367 0.82136373969628
3.8173197172427 0.83257107092759
3.8173213761183 0.83861050117011
3.817323034994 0.84204501637071
3.8173246938697 0.84169725778519
3.8173263527454 0.84060682532598
3.817328011621 0.83865506373392
3.8173296704967 0.83701375157125
3.8173313293724 0.83675594273501
3.8173329882481 0.83709939552696
3.8173346471238 0.84238095233189
3.8173363059994 0.84787160789219
3.8173379648751 0.85192865704124
3.8173396237508 0.85585883918708
3.8173412826265 0.85825563371678
3.8173429415021 0.86046101453562
3.8173446003778 0.8658656324081
3.8173462592535 0.87179347462076
3.8173479181292 0.87649113422074
3.8173495770049 0.88093689130198
3.8173512358805 0.88211420453607
3.8173528947562 0.88247789906118
3.8173545536319 0.88468190062317
3.8173562125076 0.88743092976222
3.8173578713832 0.89140994809292
3.8173595302589 0.89581568679455
3.8173611891346 0.8970509214508
3.8173628480103 0.89701296890115
3.817364506886 0.89796482142981
3.8173661657616 0.89937260989578
3.8173678246373 0.89706075290109
3.817369483513 0.89279766929933
3.8173711423887 0.89480546477289
3.8173728012643 0.90053831999419
3.81737446014 0.90582322231678
3.8173761190157 0.91080806761925
3.8173777778914 0.9100770498414
3.8173794367671 0.90504306052771
3.8173810956427 0.90343475014454
3.8173827545184 0.90471771357223
3.8173844133941 0.9050864420074
3.8173860722698 0.90459136851724
3.8173877311454 0.90522913680902
3.8173893900211 0.9070640523007
3.8173910488968 0.90878783595182
3.8173927077725 0.91038027184117
3.8173943666482 0.91186102254259
3.8173960255238 0.91319408917934
3.8173976843995 0.9121558012197
3.8173993432752 0.90760384604028
3.8174010021509 0.90609405305383
3.8174026610265 0.90964443940065
3.8174043199022 0.91259343746468
3.8174059787779 0.91441610390221
3.8174076376536 0.9167960572126
3.8174092965293 0.92035572706878
3.8174109554049 0.92322887208999
3.8174126142806 0.9244508635943
3.8174142731563 0.92495402699167
3.817415932032 0.92348033614061
3.8174175909076 0.92335137993743
3.8174192497833 0.92748600019437
3.817420908659 0.93077362975581
3.8174225675347 0.93093152555459
3.8174242264104 0.93038225227637
3.817425885286 0.92674497846353
3.8174275441617 0.92384176381818
3.8174292030374 0.92479763562429
3.8174308619131 0.92597049712198
3.8174325207887 0.92855305317494
3.8174341796644 0.93033418445552
3.8174358385401 0.9254342555146
3.8174374974158 0.92083965852638
3.8174391562915 0.91971135826622
3.8174408151671 0.91890541220611
3.8174424740428 0.92364893338179
3.8174441329185 0.92841450342839
3.8174457917942 0.93391892542844
3.8174474506698 0.93940724776615
3.8174491095455 0.93980316993131
3.8174507684212 0.94019909209646
3.8174524272969 0.93995657365855
3.8174540861726 0.93969936023942
3.8174557450482 0.94008085149271
3.8174574039239 0.94049458469066
3.8174590627996 0.94197740520854
3.8174607216753 0.94354505511351
3.8174623805509 0.94508788069121
3.8174640394266 0.94662798354724
3.8174656983023 0.94750807924343
3.817467357178 0.94829472486395
3.8174690160537 0.94765687418938
3.8174706749293 0.94676944872673
3.817472333805 0.94845670608818
3.8174739926807 0.9506864861034
3.8174756515564 0.94978672250513
3.817477310432 0.94810992122577
3.8174789693077 0.94759809482404
3.8174806281834 0.94742176308475
3.8174822870591 0.95017364003012
3.8174839459348 0.95389216663535
3.8174856048104 0.95061989405065
3.8174872636861 0.94472717440084
3.8174889225618 0.94654470979039
3.8174905814375 0.95161973307272
3.8174922403131 0.95281606517125
3.8174938991888 0.95217676615213
3.8174955580645 0.95108363808109
3.8174972169402 0.94975112595826
3.8174988758158 0.949914962573
3.8175005346915 0.95095505356626
3.8175021935672 0.95182637051418
3.8175038524429 0.95258833130445
3.8175055113186 0.95159406935081
3.8175071701942 0.9493441087368
3.8175088290699 0.94647417250924
3.8175104879456 0.94311612226421
3.8175121468213 0.94682187847757
3.8175138056969 0.95664247607916
3.8175154645726 0.95717027796629
3.8175171234483 0.94886225586681
3.817518782324 0.94097009591847
3.8175204411997 0.93351185015739
3.8175221000753 0.92895182928149
3.817523758951 0.92770963597115
3.8175254178267 0.92555329873313
3.8175270767024 0.92224857098575
3.817528735578 0.91963267405812
3.8175303944537 0.91796663705187
3.8175320533294 0.91501954094495
3.8175337122051 0.91013144473595
3.8175353710808 0.90425945630142
3.8175370299564 0.89674709687139
3.8175386888321 0.88540384065161
3.8175403477078 0.86702022346518
3.8175420065835 0.84799360536377
3.8175436654591 0.82766143633342
3.8175453243348 0.80500402483834
3.8175469832105 0.77711563994909
3.8175486420862 0.75391603607727
3.8175503009619 0.74244737967734
3.8175519598375 0.73621904845036
3.8175536187132 0.74463589372644
3.8175552775889 0.75960895861092
3.8175569364646 0.79515941639653
3.8175585953402 0.82926357617951
3.8175602542159 0.8582347142103
3.8175619130916 0.88485651488004
3.8175635719673 0.90197175171189
3.817565230843 0.9176542478524
3.8175668897186 0.92665774496173
3.8175685485943 0.93505487653455
3.81757020747 0.94015109768344
3.8175718663457 0.94516727721918
3.8175735252213 0.94966566969563
3.817575184097 0.95321394106603
3.8175768429727 0.94928335210686
3.8175785018484 0.94526884143232
3.8175801607241 0.94042257223176
3.8175818195997 0.93544232751784
3.8175834784754 0.92870143576993
3.8175851373511 0.92217399091296
3.8175867962268 0.91970950523287
3.8175884551024 0.9173963861555
3.8175901139781 0.92011443044377
3.8175917728538 0.92270587867608
3.8175934317295 0.91076587761205
3.8175950906052 0.89882587654802
3.8175967494808 0.89003969402516
3.8175984083565 0.88129116675957
3.8176000672322 0.8857113163369
3.8176017261079 0.89056874435455
3.8176033849835 0.89323610868015
3.8176050438592 0.89578250511392
3.8176067027349 0.89811374303345
3.8176083616106 0.90042817430598
3.8176100204863 0.9052496204463
3.8176116793619 0.91032626165965
3.8176133382376 0.90748819171423
3.8176149971133 0.90364958669473
3.817616655989 0.90342108623924
3.8176183148646 0.90374145159433
3.8176199737403 0.89354281586613
3.817621632616 0.88146541307475
3.8176232914917 0.88875686949342
3.8176249503674 0.90004400471198
3.817626609243 0.90095285102332
3.8176282681187 0.89942105907252
3.8176299269944 0.89652105253569
3.8176315858701 0.89325822632667
3.8176332447457 0.89040633014648
3.8176349036214 0.88767628361273
3.8176365624971 0.88479178997307
3.8176382213728 0.88185643844437
3.8176398802485 0.8781729162852
3.8176415391241 0.87421748465207
3.8176431979998 0.87155275155696
3.8176448568755 0.86940325044192
3.8176465157512 0.86738644749477
3.8176481746268 0.86542757945009
3.8176498335025 0.86406315606508
3.8176514923782 0.86298159432207
3.8176531512539 0.86182616835961
3.8176548101296 0.86063255561455
3.8176564690052 0.85844895425068
3.8176581278809 0.85571079929332
3.8176597867566 0.86133877623198
3.8176614456323 0.87203345878064
3.8176631045079 0.87855825908837
3.8176647633836 0.88235829222205
3.8176664222593 0.88996249577117
3.817668081135 0.90024408263317
3.8176697400107 0.90415947332365
3.8176713988863 0.90325543205474
3.817673057762 0.90212366170447
3.8176747166377 0.9008067189451
3.8176763755134 0.90028670071976
3.817678034389 0.90046217612593
3.8176796932647 0.904234181828
3.8176813521404 0.91137150994466
3.8176830110161 0.91450264654727
3.8176846698918 0.91361674160956
3.8176863287674 0.91697109674706
3.8176879876431 0.92487917549262
3.8176896465188 0.93150534216975
3.8176913053945 0.93665736847151
3.8176929642701 0.94115539257776
3.8176946231458 0.94484840608896
3.8176962820215 0.94723084105249
3.8176979408972 0.94788637197997
3.8176995997729 0.94408525332867
3.8177012586485 0.93399624437896
3.8177029175242 0.92878884267045
3.8177045763999 0.93095803807246
3.8177062352756 0.93526428956506
3.8177078941512 0.94303056886716
3.8177095530269 0.94890964554702
3.8177112119026 0.95151307647186
3.8177128707783 0.95296336253615
3.817714529654 0.95226595940326
3.8177161885296 0.94974590107859
3.8177178474053 0.94357996823777
3.817719506281 0.93702772731037
3.8177211651567 0.92964462901134
3.8177228240323 0.92461172595846
3.817724482908 0.92502200824644
3.8177261417837 0.92525174113349
3.8177278006594 0.92503046161918
3.8177294595351 0.92716861041708
3.8177311184107 0.93567537373807
3.8177327772864 0.94149042526918
3.8177344361621 0.93943616108079
3.8177360950378 0.93731981198333
3.8177377539134 0.93500637689485
3.8177394127891 0.93477774117226
3.8177410716648 0.94175622761521
3.8177427305405 0.94590556769009
3.8177443894162 0.93936795256315
3.8177460482918 0.93402450239666
3.8177477071675 0.9336309188419
3.8177493660432 0.93356144254276
3.8177510249189 0.93497304973479
3.8177526837945 0.93627905359311
3.8177543426702 0.93704993012908
3.8177560015459 0.93795482506466
3.8177576604216 0.93961780603699
3.8177593192973 0.94235022803888
3.8177609781729 0.95188992471992
3.8177626370486 0.95981907048037
3.8177642959243 0.95609803569292
3.8177659548 0.95129324235579
3.8177676136756 0.93746515890628
3.8177692725513 0.92575406074311
3.817770931427 0.9346554526769
3.8177725903027 0.94182112539081
3.8177742491783 0.92880234253892
3.817775908054 0.91511087083326
3.8177775669297 0.8917943751608
3.8177792258054 0.8678714447049
3.8177808846811 0.8328022327699
3.8177825435567 0.79820123574428
3.8177842024324 0.77545024176653
3.8177858613081 0.75317167982859
3.8177875201838 0.74969142700886
3.8177891790594 0.74644588760168
3.8177908379351 0.76400478367619
3.8177924968108 0.78156367975071
3.8177941556865 0.81196144699863
3.8177958145622 0.84238582625875
3.8177974734378 0.87152687133955
3.8177991323135 0.90064816419377
3.8178007911892 0.91786647724919
3.8178024500649 0.93473998512291
3.8178041089405 0.94866787094471
3.8178057678162 0.96246978481308
3.8178074266919 0.97270747949464
3.8178090855676 0.98274261072704
3.8178107444433 0.97699652270001
3.8178124033189 0.97012793228427
3.8178140621946 0.95479885368754
3.8178157210703 0.93874506204474
3.817817379946 0.95598576153951
3.8178190388216 0.9765700349169
3.8178206976973 0.96723067619329
3.817822356573 0.9544357736642
3.8178240154487 0.95137937971393
3.8178256743244 0.94959657165875
3.8178273332 0.95280792030433
3.8178289920757 0.95675004436581
3.8178306509514 0.95894120105646
3.8178323098271 0.96084848199286
3.8178339687027 0.96209304973509
3.8178356275784 0.96321949969329
3.8178372864541 0.96182745888575
3.8178389453298 0.95994531362013
3.8178406042055 0.95859171425875
3.8178422630811 0.95734979290299
3.8178439219568 0.95271596479143
3.8178455808325 0.94730792445719
3.8178472397082 0.9478421073762
3.8178488985838 0.94983501716365
3.8178505574595 0.94364074045637
3.8178522163352 0.93529329571365
3.8178538752109 0.94053928088839
3.8178555340866 0.94960288576167
3.8178571929622 0.95145507413519
3.8178588518379 0.95115120964876
3.8178605107136 0.95020328227172
3.8178621695893 0.94905092988247
3.8178638284649 0.94516143797405
3.8178654873406 0.94035177233072
3.8178671462163 0.92856802712288
3.817868805092 0.91430668516228
3.8178704639677 0.90272470227404
3.8178721228433 0.89214649477361
3.817873781719 0.87625822710848
3.8178754405947 0.85827616496317
3.8178770994704 0.82836466311991
3.817878758346 0.79351004624695
3.8178804172217 0.76937456489908
3.8178820760974 0.74989897022455
3.8178837349731 0.74695877387961
3.8178853938488 0.75154877130512
3.8178870527244 0.77683516177856
3.8178887116001 0.81198272042488
3.8178903704758 0.84393184361003
3.8178920293515 0.8742886133803
3.8178936882271 0.89455809612187
3.8178953471028 0.90958665960862
3.8178970059785 0.92341014026053
3.8178986648542 0.936580861173
3.8179003237299 0.94667567921779
3.8179019826055 0.95503534813731
3.8179036414812 0.95567380118606
3.8179053003569 0.95178088860491
3.8179069592326 0.9536557137481
3.8179086181082 0.9590486060111
3.8179102769839 0.94791574924773
3.8179119358596 0.92631435689644
3.8179135947353 0.91883289559675
3.817915253611 0.92063255748346
3.8179169124866 0.91951685832868
3.8179185713623 0.91641410086227
3.817920230238 0.90999888101634
3.8179218891137 0.90124482722663
3.8179235479893 0.88472803923157
3.817925206865 0.86253670080743
3.8179268657407 0.83764836124888
3.8179285246164 0.81072041461236
3.8179301834921 0.78252129167082
3.8179318423677 0.75332817644304
3.8179335012434 0.73359382829223
3.8179351601191 0.72150184169768
3.8179368189948 0.72581512639858
3.8179384778704 0.74381536679356
3.8179401367461 0.76643995118254
3.8179417956218 0.79304586551205
3.8179434544975 0.82265294126842
3.8179451133732 0.85492518339399
3.8179467722488 0.87246595496698
3.8179484311245 0.87652086699328
3.8179500900002 0.8831596994783
3.8179517488759 0.89223554091054
3.8179534077515 0.89506766321543
3.8179550666272 0.89183631542474
3.8179567255029 0.90483354520748
3.8179583843786 0.93405215287126
3.8179600432543 0.9410446826519
3.8179617021299 0.92518305675268
3.8179633610056 0.92160682066451
3.8179650198813 0.93102108937173
3.817966678757 0.93374422743327
3.8179683376326 0.92919549414614
3.8179699965083 0.93065985127988
3.817971655384 0.93883745636728
3.8179733142597 0.94148409911622
3.8179749731354 0.93779049784772
3.817976632011 0.9350904851492
3.8179782908867 0.93355934490547
3.8179799497624 0.93013883904271
3.8179816086381 0.92443804879578
3.8179832675137 0.92114866253395
3.8179849263894 0.92084359574769
3.8179865852651 0.919899943967
3.8179882441408 0.91814615577523
3.8179899030165 0.91534891940532
3.8179915618921 0.91119556485122
3.8179932207678 0.90071348923444
3.8179948796435 0.88180787609177
3.8179965385192 0.87203282430426
3.8179981973948 0.87469988465213
3.8179998562705 0.87842184887569
3.8180015151462 0.88361461049043
3.8180031740219 0.88735124982221
3.8180048328976 0.88901130986649
3.8180064917732 0.88865290580741
3.8180081506489 0.88535157868385
3.8180098095246 0.88327505809771
3.8180114684003 0.88302369650453
3.8180131272759 0.88573928683977
3.8180147861516 0.89297076375888
3.8180164450273 0.89803456379948
3.818018103903 0.89972942017024
3.8180197627787 0.90057768424489
3.8180214216543 0.90008285083322
3.81802308053 0.90210510131774
3.8180247394057 0.908201019403
3.8180263982814 0.91357299601466
3.818028057157 0.91775012807023
3.8180297160327 0.92254134563516
3.8180313749084 0.92836567601265
3.8180330337841 0.93070879502799
3.8180346926598 0.92708500578189
3.8180363515354 0.91726592424188
3.8180380104111 0.89663144028706
3.8180396692868 0.88950598003656
3.8180413281625 0.90638833250112
3.8180429870381 0.91837886976039
3.8180446459138 0.92152375112348
3.8180463047895 0.92392309484177
3.8180479636652 0.92495118433296
3.8180496225409 0.9253886373781
3.8180512814165 0.92472185807797
3.8180529402922 0.92654069615611
3.8180545991679 0.93308229109973
3.8180562580436 0.93644997611419
3.8180579169192 0.93369309691226
3.8180595757949 0.9325017027222
3.8180612346706 0.93437664912804
3.8180628935463 0.93881743627745
3.8180645524219 0.94835785131782
3.8180662112976 0.95487007667143
3.8180678701733 0.95527746807063
3.818069529049 0.95470383938231
3.8180711879247 0.95212556867935
3.8180728468003 0.95395857555621
3.818074505676 0.96492495215296
3.8180761645517 0.9723888616147
3.8180778234274 0.97250920376084
3.818079482303 0.96888641880198
3.8180811411787 0.95732054095013
3.8180828000544 0.94913703927944
3.8180844589301 0.94821512436388
3.8180861178058 0.94896886507013
3.8180877766814 0.95335940581095
3.8180894355571 0.96057433056
3.8180910944328 0.97398382046643
3.8180927533085 0.97902840314527
3.8180944121841 0.96554082088973
3.8180960710598 0.95562842187902
3.8180977299355 0.95371073863183
3.8180993888112 0.94994050248624
3.8181010476869 0.9419906566806
3.8181027065625 0.93620411893593
3.8181043654382 0.93533982132155
3.8181060243139 0.93508879419754
3.8181076831896 0.93624391028366
3.8181093420652 0.93827907219116
3.8181110009409 0.94234673349687
3.8181126598166 0.94857603858699
3.8181143186923 0.95983094211413
3.818115977568 0.96508826774953
3.8181176364436 0.95631788155661
3.8181192953193 0.95135540286818
3.818120954195 0.95534892274211
3.8181226130707 0.95688279648159
3.8181242719463 0.95260421496038
3.818125930822 0.950239844181
3.8181275896977 0.95241847066308
3.8181292485734 0.95582871416618
3.8181309074491 0.96217322381966
3.8181325663247 0.96555163358742
3.8181342252004 0.96184212132585
3.8181358840761 0.96197934717612
3.8181375429518 0.97133248650416
3.8181392018274 0.97493813114273
3.8181408607031 0.96474767497754
3.8181425195788 0.95380308703354
3.8181441784545 0.94104566075499
3.8181458373302 0.93152121088173
3.8181474962058 0.9297747402787
3.8181491550815 0.93221182674024
3.8181508139572 0.94471545815514
3.8181524728329 0.95452639751957
3.8181541317085 0.95786129046262
3.8181557905842 0.96124679207063
3.8181574494599 0.96475387164595
3.8181591083356 0.96702989490548
3.8181607672113 0.96635323752486
3.8181624260869 0.96652426872923
3.8181640849626 0.96872392843
3.8181657438383 0.97022126831172
3.818167402714 0.97004270629038
3.8181690615896 0.96970112087955
3.8181707204653 0.96897181846685
3.818172379341 0.96847518541798
3.8181740382167 0.96852971169862
3.8181756970924 0.96754568331352
3.818177355968 0.96411279762707
3.8181790148437 0.9587986623943
3.8181806737194 0.94907185818775
3.8181823325951 0.94076433963978
3.8181839914707 0.93576702122201
3.8181856503464 0.93323642718369
3.8181873092221 0.93642275752241
3.8181889680978 0.93763928919286
3.8181906269735 0.9343221398893
3.8181922858491 0.93404684714429
3.8181939447248 0.94071999320068
3.8181956036005 0.9467032974623
3.8181972624762 0.95112333471254
3.8181989213518 0.95519939813501
3.8182005802275 0.95850263764487
3.8182022391032 0.96501818930578
3.8182038979789 0.97868501234367
3.8182055568546 0.98451189707489
3.8182072157302 0.97305534725567
3.8182088746059 0.96638588215324
3.8182105334816 0.97016277366925
3.8182121923573 0.97054617333792
3.8182138512329 0.9636036337574
3.8182155101086 0.95828487254293
3.8182171689843 0.95643200560609
3.81821882786 0.95555434177339
3.8182204867357 0.9567339280184
3.8182221456113 0.95922856203295
3.818223804487 0.96446345394588
3.8182254633627 0.96316260837742
3.8182271222384 0.94841679422534
3.818228781114 0.93908939475773
3.8182304399897 0.94075997855322
3.8182320988654 0.94298634333048
3.8182337577411 0.94632516556169
3.8182354166168 0.94847951534819
3.8182370754924 0.94829671164931
3.8182387343681 0.9517865983526
3.8182403932438 0.96241647349015
3.8182420521195 0.96807047228823
3.8182437109951 0.96419859571857
3.8182453698708 0.96183171693992
3.8182470287465 0.96230108213027
3.8182486876222 0.96261986575685
3.8182503464979 0.96265944137038
3.8182520053735 0.96170303520637
3.8182536642492 0.95893055152151
3.8182553231249 0.95611549518597
3.8182569820006 0.95322413935274
3.8182586408762 0.94870652340945
3.8182602997519 0.94132507718598
3.8182619586276 0.93971549587086
3.8182636175033 0.948088079456
3.818265276379 0.95110446808106
3.8182669352546 0.94502793479779
3.8182685941303 0.93623297887415
3.818270253006 0.9229101757949
3.8182719118817 0.91271965291183
3.8182735707573 0.90764627203689
3.818275229633 0.90129912149886
3.8182768885087 0.89291191602002
3.8182785473844 0.8912944364307
3.8182802062601 0.90030124051723
3.8182818651357 0.90979701214956
3.8182835240114 0.92004437385752
3.8182851828871 0.93280162234163
3.8182868417628 0.94933629283047
3.8182885006384 0.96071574060468
3.8182901595141 0.96450323351639
3.8182918183898 0.96789319097898
3.8182934772655 0.97071036936333
3.8182951361412 0.9740467668532
3.8182967950168 0.97811462768617
3.8182984538925 0.97987122272368
3.8183001127682 0.97844567387334
3.8183017716439 0.9767613508654
3.8183034305195 0.97472894169539
3.8183050893952 0.9728772647017
3.8183067482709 0.97126299478336
3.8183084071466 0.9624025792403
3.8183100660223 0.94424985868612
3.8183117248979 0.93136619712742
3.8183133837736 0.92507476054529
3.8183150426493 0.91958580577905
3.818316701525 0.91507607020555
3.8183183604006 0.91154422911187
3.8183200192763 0.90917564014956
3.818321678152 0.9044816014754
3.8183233370277 0.89709178047754
3.8183249959034 0.89402083092331
3.818326654779 0.89582585703092
3.8183283136547 0.89839480219381
3.8183299725304 0.90180341113391
3.8183316314061 0.89783094490825
3.8183332902817 0.88596396662593
3.8183349491574 0.87037004088199
3.8183366080331 0.8508986066255
3.8183382669088 0.83139378011785
3.8183399257844 0.81185518269639
3.8183415846601 0.80163011843083
3.8183432435358 0.80055769885771
3.8183449024115 0.81089026183787
3.8183465612872 0.83210773615412
3.8183482201628 0.85455833587304
3.8183498790385 0.87815126929553
3.8183515379142 0.89712915617158
3.8183531967899 0.91195905462534
3.8183548556655 0.93375137574169
3.8183565145412 0.96161164174659
3.8183581734169 0.97261347381064
3.8183598322926 0.9693771215267
3.8183614911683 0.95635129715955
3.8183631500439 0.93531827430011
3.8183648089196 0.94313896025338
3.8183664677953 0.97380486543299
3.818368126671 0.97222126650861
3.8183697855466 0.94594162567953
3.8183714444223 0.93598231037794
3.818373103298 0.93810422327414
3.8183747621737 0.94191493958774
3.8183764210494 0.94693345662214
3.818378079925 0.95463305263588
3.8183797388007 0.9641834524301
3.8183813976764 0.9641733135879
3.8183830565521 0.95779674323652
3.8183847154277 0.95455208287404
3.8183863743034 0.95331756539674
3.8183880331791 0.9522667744957
3.8183896920548 0.95132954131085
3.8183913509305 0.95011192896319
3.8183930098061 0.94872755558915
3.8183946686818 0.94839403532253
3.8183963275575 0.94866127830649
3.8183979864332 0.94499278144201
3.8183996453088 0.93916339218728
3.8184013041845 0.92769468713292
3.8184029630602 0.91325508515521
3.8184046219359 0.90888811094872
3.8184062808116 0.909606080843
3.8184079396872 0.91613952104856
3.8184095985629 0.92548330696376
3.8184112574386 0.94400133533798
3.8184129163143 0.96675787539316
3.8184145751899 0.96026938269322
3.8184162340656 0.94088177414537
3.8184178929413 0.93721271176316
3.818419551817 0.94015265229492
3.8184212106927 0.94451416392435
3.8184228695683 0.9494446496874
3.818424528444 0.95145663506927
3.8184261873197 0.95235882325557
3.8184278461954 0.95015110733371
3.818429505071 0.94682151523729
3.8184311639467 0.94330925947913
3.8184328228224 0.93973463247082
3.8184344816981 0.93753595697806
3.8184361405738 0.93578098346196
3.8184377994494 0.93822495142283
3.8184394583251 0.94194478142782
3.8184411172008 0.94219569185471
3.8184427760765 0.94145611484146
3.8184444349521 0.93269446845089
3.8184460938278 0.92178638626784
3.8184477527035 0.92959138736335
3.8184494115792 0.94207136226705
3.8184510704549 0.93240143154364
3.8184527293305 0.91758325691069
3.8184543882062 0.91541650157783
3.8184560470819 0.91597372312272
3.8184577059576 0.92011775469706
3.8184593648332 0.92497365512805
3.8184610237089 0.93110982603056
3.8184626825846 0.93747887770049
3.8184643414603 0.94339693203922
3.818466000336 0.94924027682117
3.8184676592116 0.94405782048694
3.8184693180873 0.93722511687302
3.818470976963 0.9377027882609
3.8184726358387 0.93915967167671
3.8184742947143 0.94206991676882
3.81847595359 0.94515235793304
3.8184776124657 0.94914701279686
3.8184792713414 0.95323591325193
3.8184809302171 0.95243121772705
3.8184825890927 0.95119394861666
3.8184842479684 0.95169808694723
3.8184859068441 0.95233060115409
3.8184875657198 0.95387904930026
