3.8159124932005 0.985009
3.8159141520762 0.98524510070522
3.8159158109518 0.98554018818002
3.8159174698275 0.98630781820604
3.8159191287032 0.9865353950663
3.8159207875789 0.98487084365708
3.8159224464546 0.9838003483462
3.8159241053302 0.98391842375595
3.8159257642059 0.98312961023724
3.8159274230816 0.98120800977037
3.8159290819573 0.97784220595335
3.8159307408329 0.97332355701792
3.8159323997086 0.97111371560355
3.8159340585843 0.97005292971387
3.81593571746 0.97536453654662
3.8159373763357 0.98247898654583
3.8159390352113 0.98686271531911
3.815940694087 0.99090386367239
3.8159423529627 0.99205702007082
3.8159440118384 0.99366744754495
3.815945670714 0.99878005015589
3.8159473295897 1.0016569393981
3.8159489884654 0.99695518846813
3.8159506473411 0.99108245184134
3.8159523062168 0.98293870772878
3.8159539650924 0.97077564205031
3.8159556239681 0.95375421870391
3.8159572828438 0.93122111541602
3.8159589417195 0.90445170341818
3.8159606005951 0.87787835771076
3.8159622594708 0.85139801679009
3.8159639183465 0.81715187131743
3.8159655772222 0.78085634397808
3.8159672360979 0.74887032619615
3.8159688949735 0.71758992631019
3.8159705538492 0.70029427799244
3.8159722127249 0.68666468002799
3.8159738716006 0.69738332389956
3.8159755304762 0.71329331205186
3.8159771893519 0.74525855970875
3.8159788482276 0.78044049010535
3.8159805071033 0.82139226035633
3.815982165979 0.85901236087706
3.8159838248546 0.89290141463697
3.8159854837303 0.92149877386915
3.815987142606 0.94635148156027
3.8159888014817 0.95917946844462
3.8159904603573 0.9668444141026
3.815992119233 0.9692930057725
3.8159937781087 0.97054769590793
3.8159954369844 0.96947252242766
3.8159970958601 0.96817418799655
3.8159987547357 0.96591850197389
3.8160004136114 0.96381878280044
3.8160020724871 0.96255640023966
3.8160037313628 0.961238651137
3.8160053902384 0.95977248618682
3.8160070491141 0.95557472439006
3.8160087079898 0.94704111344859
3.8160103668655 0.94174460889134
3.8160120257412 0.93966600966678
3.8160136846168 0.93632003282912
3.8160153434925 0.93218588461244
3.8160170023682 0.93045303399826
3.8160186612439 0.92960035857197
3.8160203201195 0.93172705468735
3.8160219789952 0.93439144643755
3.8160236378709 0.93376968327031
3.8160252967466 0.933443643746
3.8160269556223 0.93810383961328
3.8160286144979 0.94198252345564
3.8160302733736 0.94261411736307
3.8160319322493 0.93989645564084
3.816033591125 0.9297194259838
3.8160352500006 0.92119896684314
3.8160369088763 0.91491132789979
3.816038567752 0.90924904411522
3.8160402266277 0.90411505793406
3.8160418855033 0.9029418953506
3.816043544379 0.90382425393477
3.8160452032547 0.90677127675937
3.8160468621304 0.91031855759919
3.8160485210061 0.91429904826501
3.8160501798817 0.91829270431121
3.8160518387574 0.91738307631466
3.8160534976331 0.91620163120659
3.8160551565088 0.91311455897959
3.8160568153844 0.91148394842384
3.8160584742601 0.9144198133525
3.8160601331358 0.91671926941058
3.8160617920115 0.91788190761832
3.8160634508872 0.9179859705803
3.8160651097628 0.91692523365168
3.8160667686385 0.92071335317468
3.8160684275142 0.92782312351463
3.8160700863899 0.93313982246045
3.8160717452655 0.93772761584458
3.8160734041412 0.93935480668751
3.8160750630169 0.94036954809687
3.8160767218926 0.94241062489084
3.8160783807683 0.94424227992365
3.8160800396439 0.94217690852169
3.8160816985196 0.93570996266289
3.8160833573953 0.90949643088906
3.816085016271 0.88512699738228
3.8160866751466 0.86505184138606
3.8160883340223 0.85486205077046
3.816089992898 0.85839417826274
3.8160916517737 0.86820089816375
3.8160933106494 0.88341414784257
3.816094969525 0.90168224212071
3.8160966284007 0.92155436514465
3.8160982872764 0.93176249519423
3.8160999461521 0.93915570695191
3.8161016050277 0.9451304982006
3.8161032639034 0.95093147130251
3.8161049227791 0.95638477491943
3.8161065816548 0.9615959883788
3.8161082405305 0.96520565185741
3.8161098994061 0.96892876496345
3.8161115582818 0.97299127377211
3.8161132171575 0.9770601519671
3.8161148760332 0.98113987929321
3.8161165349088 0.98480254451771
3.8161181937845 0.98803007610525
3.8161198526602 0.99036024388099
3.8161215115359 0.99211430237481
3.8161231704116 0.99597096354557
3.8161248292872 1.0006100353209
3.8161264881629 1.0034409967759
3.8161281470386 1.0059495820421
3.8161298059143 1.005007650023
3.8161314647899 1.0035106933238
3.8161331236656 0.99746603841482
3.8161347825413 0.99239314914394
3.816136441417 0.99099337112991
3.8161381002927 0.98614942929908
3.8161397591683 0.97430103217373
3.816141418044 0.95186887361121
3.8161430769197 0.91651240950415
3.8161447357954 0.87170682667221
3.816146394671 0.81979913525308
3.8161480535467 0.78613111198294
3.8161497124224 0.76059054678891
3.8161513712981 0.77225730463112
3.8161530301738 0.79249865479484
3.8161546890494 0.83913180429513
3.8161563479251 0.88685117487748
3.8161580068008 0.92111534172305
3.8161596656765 0.95113747766935
3.8161613245521 0.96135905937144
3.8161629834278 0.97277890054052
3.8161646423035 0.98702200242388
3.8161663011792 0.99406771053974
3.8161679600549 0.99115695977013
3.8161696189305 0.99120329981712
3.8161712778062 0.99375479269091
3.8161729366819 0.99354668799641
3.8161745955576 0.99193748029052
3.8161762544332 0.99009607872818
3.8161779133089 0.98819119955193
3.8161795721846 0.98585223058756
3.8161812310603 0.98352148694474
3.816182889936 0.98289992981012
3.8161845488116 0.98235353798505
3.8161862076873 0.98222570224298
3.816187866563 0.98226417438291
3.8161895254387 0.98274146173019
3.8161911843143 0.9845140298417
3.81619284319 0.98824941534782
3.8161945020657 0.99054861951939
3.8161961609414 0.99152410761607
3.8161978198171 0.99422385154582
3.8161994786927 0.997879394663
3.8162011375684 0.9970315421441
3.8162027964441 0.99481173819331
3.8162044553198 0.99530567153075
3.8162061141954 0.99619261406726
3.8162077730711 1.0013544185423
3.8162094319468 1.0059009976879
3.8162110908225 1.0065597261419
3.8162127496982 1.0062871912851
3.8162144085738 1.0033680066617
3.8162160674495 1.0018471924178
3.8162177263252 1.0025689117803
3.8162193852009 1.0033128624432
3.8162210440765 1.0040783444816
3.8162227029522 1.0020616606481
3.8162243618279 0.99842536247216
3.8162260207036 0.99553960098467
3.8162276795793 0.9928957533549
3.8162293384549 0.98538629226321
3.8162309973306 0.977242588137
3.8162326562063 0.97417765624057
3.816234315082 0.97042232180841
3.8162359739576 0.96203102087337
3.8162376328333 0.9562918737117
3.816239291709 0.95832798614103
3.8162409505847 0.95960534786
3.8162426094604 0.95964054769678
3.816244268336 0.96320399424852
3.8162459272117 0.97023699510529
3.8162475860874 0.97794939663818
3.8162492449631 0.98606197948692
3.8162509038387 0.99043393343133
3.8162525627144 0.99358925860159
3.8162542215901 0.99390133847175
3.8162558804658 0.99384035209223
3.8162575393415 0.99645353575255
3.8162591982171 0.99894260588139
3.8162608570928 1.0006094426459
3.8162625159685 1.0022746646414
3.8162641748442 1.0039352168252
3.8162658337198 1.0041697101769
3.8162674925955 1.0021055682118
3.8162691514712 1.0022034689649
3.8162708103469 1.0043872563727
3.8162724692226 1.0019273338978
3.8162741280982 0.99679997849237
3.8162757869739 0.99133865926631
3.8162774458496 0.98577273165358
3.8162791047253 0.98074810493127
3.8162807636009 0.97592830878456
3.8162824224766 0.98034250189348
3.8162840813523 0.98442107119583
3.816285740228 0.98645989126428
3.8162873991037 0.98926657654682
3.8162890579793 0.99416895351388
3.816290716855 0.99608405043982
3.8162923757307 0.99342717357186
3.8162940346064 0.99340272681199
3.816295693482 0.99578586294995
3.8162973523577 0.99885111582316
3.8162990112334 1.0022843669481
3.8163006701091 1.0007345464751
3.8163023289848 0.99775453464385
3.8163039878604 0.99755454339707
3.8163056467361 0.99746216818838
3.8163073056118 0.99178705460359
3.8163089644875 0.98667811086525
3.8163106233631 0.98454139979989
3.8163122822388 0.98161052920282
3.8163139411145 0.97671604405741
3.8163155999902 0.9730508960714
3.8163172588659 0.97111106181221
3.8163189177415 0.96630245476374
3.8163205766172 0.95909165159979
3.8163222354929 0.95303749876943
3.8163238943686 0.94754630741032
3.8163255532442 0.93242481167516
3.8163272121199 0.91491197009953
3.8163288709956 0.9058870260825
3.8163305298713 0.89769742694889
3.8163321887469 0.89262555255518
3.8163338476226 0.89089684744476
3.8163355064983 0.90366749123212
3.816337165374 0.91875502928903
3.8163388242497 0.93884924797344
3.8163404831253 0.95574801303942
3.816342142001 0.9686698907078
3.8163438008767 0.98046881857498
3.8163454597524 0.9914371323701
3.816347118628 0.99557823967883
3.8163487775037 0.99685227358836
3.8163504363794 0.99580902364912
3.8163520952551 0.99430392043761
3.8163537541308 0.99206357117216
3.8163554130064 0.98978577822489
3.8163570718821 0.98741470234165
3.8163587307578 0.98625058432593
3.8163603896335 0.98928549961326
3.8163620485091 0.99060658404865
3.8163637073848 0.98879138819931
3.8163653662605 0.99010045422763
3.8163670251362 0.99474583911305
3.8163686840119 0.99367185460876
3.8163703428875 0.98900216742012
3.8163720017632 0.97698920388218
3.8163736606389 0.96245597332998
3.8163753195146 0.95940503886834
3.8163769783902 0.95799575458802
3.8163786372659 0.95710334866523
3.8163802961416 0.95718951077046
3.8163819550173 0.96345177898587
3.816383613893 0.96838221369315
3.8163852727686 0.96967127743357
3.8163869316443 0.96917470893803
3.81638859052 0.9659885451729
3.8163902493957 0.96300489342078
3.8163919082713 0.96020061254974
3.816393567147 0.95714115874333
3.8163952260227 0.95395126123314
3.8163968848984 0.95406184438803
3.8163985437741 0.95503224251235
3.8164002026497 0.95718710038504
3.8164018615254 0.95904123627008
3.8164035204011 0.95431371767039
3.8164051792768 0.94790419576655
3.8164068381524 0.93427021028931
3.8164084970281 0.90711187901613
3.8164101559038 0.8513389064448
3.8164118147795 0.8000445385419
3.8164134736552 0.75415345234455
3.8164151325308 0.73389641381385
3.8164167914065 0.73178124841016
3.8164184502822 0.76438320231372
3.8164201091579 0.81061330527384
3.8164217680335 0.85231593094371
3.8164234269092 0.89322444104266
3.8164250857849 0.91534430196778
3.8164267446606 0.93602264141194
3.8164284035363 0.94815162161605
3.8164300624119 0.95826946732671
3.8164317212876 0.96233891016572
3.8164333801633 0.96636462426945
3.816435039039 0.97031980169267
3.8164366979146 0.97661759388305
3.8164383567903 0.98511248313688
3.816440015666 0.99217055780282
3.8164416745417 0.99845323806692
3.8164433334174 1.0010785866043
3.816444992293 1.0026908954695
3.8164466511687 0.99925573420758
3.8164483100444 0.99546986645658
3.8164499689201 0.99369173276017
3.8164516277957 0.99111726035863
3.8164532866714 0.98502733418801
3.8164549455471 0.98156970446673
3.8164566044228 0.98373614275334
3.8164582632985 0.98409283814243
3.8164599221741 0.98226500989115
3.8164615810498 0.98498840427938
3.8164632399255 0.99090755971472
3.8164648988012 0.99394993342299
3.8164665576768 0.99588470581027
3.8164682165525 0.99232909916375
3.8164698754282 0.98785495844076
3.8164715343039 0.98552995270298
3.8164731931796 0.98267411827469
3.8164748520552 0.97602402517781
3.8164765109309 0.97022501418262
3.8164781698066 0.96682940881866
3.8164798286823 0.96456035681817
3.8164814875579 0.96400422625625
3.8164831464336 0.95988412787116
3.8164848053093 0.95262977970925
3.816486464185 0.93362155097858
3.8164881230607 0.90875945132433
3.8164897819363 0.88586522848012
3.816491440812 0.86345324705872
3.8164930996877 0.85187242555834
3.8164947585634 0.84149563879973
3.816496417439 0.83729339564038
3.8164980763147 0.83323776382373
3.8164997351904 0.82973100888184
3.8165013940661 0.82993982680342
3.8165030529418 0.8371416362274
3.8165047118174 0.8502914285901
3.8165063706931 0.86980092613005
3.8165080295688 0.88972090500963
3.8165096884445 0.90989282326578
3.8165113473201 0.930994030543
3.8165130061958 0.95239478261075
3.8165146650715 0.95878174052906
3.8165163239472 0.96338026421233
3.8165179828229 0.96836031604603
3.8165196416985 0.97256003328371
3.8165213005742 0.97286010311103
3.8165229594499 0.97403576317251
3.8165246183256 0.97721758952871
3.8165262772012 0.97851955753186
3.8165279360769 0.97743936653598
3.8165295949526 0.97439725309283
3.8165312538283 0.96992530793532
3.816532912704 0.96745367556164
3.8165345715796 0.96577570375163
3.8165362304553 0.96336288086705
3.816537889331 0.96082399522149
3.8165395482067 0.9538406609343
3.8165412070823 0.94729261671349
3.816542865958 0.94393917595616
3.8165445248337 0.94259626230794
3.8165461837094 0.94676535679088
3.8165478425851 0.94959247427572
3.8165495014607 0.95045190288089
3.8165511603364 0.95102802887386
3.8165528192121 0.95136646033653
3.8165544780878 0.95102465475178
3.8165561369634 0.95036602343561
3.8165577958391 0.94464397385458
3.8165594547148 0.93781649825029
3.8165611135905 0.93925265105361
3.8165627724662 0.94131765295128
3.8165644313418 0.9459495791485
3.8165660902175 0.95033549864897
3.8165677490932 0.95393106347896
3.8165694079689 0.9548016436069
3.8165710668445 0.95115898868914
3.8165727257202 0.94304067363711
3.8165743845959 0.9307199016861
3.8165760434716 0.91685497908665
3.8165777023473 0.90217724061201
3.8165793612229 0.88266052914106
3.8165810200986 0.8618932640971
3.8165826789743 0.85294082630854
3.81658433785 0.8460922948215
3.8165859967256 0.85515057766795
3.8165876556013 0.86561724496168
3.816589314477 0.88125544657245
3.8165909733527 0.89794677915496
3.8165926322284 0.91655900040612
3.816594291104 0.92903733970221
3.8165959499797 0.93524060252507
3.8165976088554 0.93990628425618
3.8165992677311 0.94368680238735
3.8166009266067 0.93975060638165
3.8166025854824 0.93357549763748
3.8166042443581 0.9318552422827
3.8166059032338 0.93059462056544
3.8166075621094 0.93016268985766
3.8166092209851 0.92874825978253
3.8166108798608 0.92333782819675
3.8166125387365 0.91597530744373
3.8166141976122 0.90479538752853
3.8166158564878 0.88754530752479
3.8166175153635 0.86370546901063
3.8166191742392 0.84057398278359
3.8166208331149 0.81787520667295
3.8166224919905 0.81045961543607
3.8166241508662 0.80781275686238
3.8166258097419 0.81851144681269
3.8166274686176 0.8311398933833
3.8166291274933 0.85445592567556
3.8166307863689 0.87833764327819
3.8166324452446 0.90467467051844
3.8166341041203 0.92699684947182
3.816635762996 0.94113887561303
3.8166374218716 0.95352831855837
3.8166390807473 0.96395159860482
3.816640739623 0.96640164259297
3.8166423984987 0.96382901187328
3.8166440573744 0.96435100759158
3.81664571625 0.96587240848895
3.8166473751257 0.96638589779645
3.8166490340014 0.96665884565901
3.8166506928771 0.96397366776327
3.8166523517527 0.96152815116789
3.8166540106284 0.96014696519418
3.8166556695041 0.95953050214597
3.8166573283798 0.96049013163642
3.8166589872555 0.95831574206085
3.8166606461311 0.95260332966468
3.8166623050068 0.94423259716261
3.8166639638825 0.9341828348977
3.8166656227582 0.91907736062274
3.8166672816338 0.902342178705
3.8166689405095 0.8908931009577
3.8166705993852 0.8806887609834
3.8166722582609 0.88498610701358
3.8166739171366 0.88996561148314
3.8166755760122 0.89791154766327
3.8166772348879 0.90857325583381
3.8166788937636 0.92472900124283
3.8166805526393 0.93997232150365
3.8166822115149 0.95420636240746
3.8166838703906 0.96055814625381
3.8166855292663 0.96205620886194
3.816687188142 0.96736186035622
3.8166888470177 0.97384911991957
3.8166905058933 0.96952217672659
3.816692164769 0.96451569502597
3.8166938236447 0.96719877367513
3.8166954825204 0.9696975845872
3.816697141396 0.97144402848387
3.8166988002717 0.97260283726106
3.8167004591474 0.97262871235797
3.8167021180231 0.96990350785902
3.8167037768988 0.96427419278269
3.8167054357744 0.95743452811151
3.8167070946501 0.94988869971744
3.8167087535258 0.93200893788397
3.8167104124015 0.91115883096751
3.8167120712771 0.8764827505817
3.8167137301528 0.84193759602527
3.8167153890285 0.82533331173954
3.8167170479042 0.81571143745503
3.8167187067799 0.83186748661257
3.8167203656555 0.85256637297425
3.8167220245312 0.88137980739154
3.8167236834069 0.90887681229512
3.8167253422826 0.935082282959
3.8167270011582 0.95056608369109
3.8167286600339 0.96029621331988
3.8167303189096 0.96171999447136
3.8167319777853 0.96102733935086
3.816733636661 0.96137829588491
3.8167352955366 0.96137921096645
3.8167369544123 0.95718707539695
3.816738613288 0.95465924669801
3.8167402721637 0.95751415758495
3.8167419310393 0.95752398992009
3.816743589915 0.95294803445178
3.8167452487907 0.95056359562414
3.8167469076664 0.95012485522486
3.8167485665421 0.94351715869444
3.8167502254177 0.93396186243662
3.8167518842934 0.92729558747998
3.8167535431691 0.92124733391031
3.8167552020448 0.91333487183772
3.8167568609204 0.90569271201695
3.8167585197961 0.90047813847415
3.8167601786718 0.89732518202683
3.8167618375475 0.89986463476667
3.8167634964232 0.90111891890631
3.8167651552988 0.90055041644936
3.8167668141745 0.90478397999553
3.8167684730502 0.91277112164791
3.8167701319259 0.9208778852837
3.8167717908015 0.92903370513403
3.8167734496772 0.92795008227832
3.8167751085529 0.92529214063019
3.8167767674286 0.91607178215887
3.8167784263043 0.90743317504916
3.8167800851799 0.90199670887917
3.8167817440556 0.89902102780603
3.8167834029313 0.9017281717758
3.816785061807 0.90867163380492
3.8167867206826 0.92077661020458
3.8167883795583 0.93262610609225
3.816790038434 0.94430490614524
3.8167916973097 0.95180115058767
3.8167933561854 0.95789083476212
3.816795015061 0.95756671894818
3.8167966739367 0.95669560901662
3.8167983328124 0.95965659729862
3.8167999916881 0.961530720443
3.8168016505637 0.95893912935753
3.8168033094394 0.95479380412083
3.8168049683151 0.94770046248553
3.8168066271908 0.94274720897856
3.8168082860665 0.93998014236612
3.8168099449421 0.93560297694841
3.8168116038178 0.93033706572384
3.8168132626935 0.92875335742194
3.8168149215692 0.92812419179169
3.8168165804448 0.93694840609549
3.8168182393205 0.94578336231746
3.8168198981962 0.94933400947567
3.8168215570719 0.9526371523432
3.8168232159476 0.9551749559732
3.8168248748232 0.95798236380299
3.8168265336989 0.96120316813967
3.8168281925746 0.96528820161937
3.8168298514503 0.97009417486343
3.8168315103259 0.96672502854214
3.8168331692016 0.95978229789054
3.8168348280773 0.96128538365147
3.816836486953 0.96431929260918
3.8168381458287 0.96372441355789
3.8168398047043 0.96249951615098
3.81684146358 0.95771487903941
3.8168431224557 0.95192500978724
3.8168447813314 0.94378578231689
3.816846440207 0.92975564147061
3.8168480990827 0.90855328896495
3.8168497579584 0.88888822553987
3.8168514168341 0.87023786041555
3.8168530757098 0.8557305092261
3.8168547345854 0.8425751977394
3.8168563934611 0.84313145230961
3.8168580523368 0.84574081561707
3.8168597112125 0.85858525333359
3.8168613700881 0.872509775056
3.8168630289638 0.89051016397006
3.8168646878395 0.90380056598662
3.8168663467152 0.90877477266868
3.8168680055909 0.9136965450517
3.8168696644665 0.91856870903118
3.8168713233422 0.92501666460009
3.8168729822179 0.93225414447332
3.8168746410936 0.9360563504778
3.8168762999692 0.93909803189502
3.8168779588449 0.93973032687802
3.8168796177206 0.94028888784623
3.8168812765963 0.94082757944509
3.816882935472 0.94043473349835
3.8168845943476 0.93761167832728
3.8168862532233 0.93407229550001
3.816887912099 0.92958399736555
3.8168895709747 0.92269436069663
3.8168912298503 0.91408968166645
3.816892888726 0.90496151210194
3.8168945476017 0.89564623677951
3.8168962064774 0.89208323231416
3.816897865353 0.88928536265625
3.8168995242287 0.8876951306163
3.8169011831044 0.88753309172544
3.8169028419801 0.89317351301567
3.8169045008558 0.89673016248672
3.8169061597314 0.89644034133758
3.8169078186071 0.89638516611477
3.8169094774828 0.89655960929862
3.8169111363585 0.89087548593899
3.8169127952341 0.88216713947186
3.8169144541098 0.8724129184138
3.8169161129855 0.86241946226874
3.8169177718612 0.84938362490858
3.8169194307369 0.83630541570311
3.8169210896125 0.8236375730886
3.8169227484882 0.81454064439095
3.8169244073639 0.81474116795868
3.8169260662396 0.81753349222843
3.8169277251152 0.82372903220803
3.8169293839909 0.8238450430686
3.8169310428666 0.81968872969151
3.8169327017423 0.81414221352734
3.816934360618 0.80811328250975
3.8169360194936 0.81509533422363
3.8169376783693 0.82374985460538
3.816939337245 0.83577176134414
3.8169409961207 0.84895301978593
3.8169426549963 0.86653514335053
3.816944313872 0.87893441672962
3.8169459727477 0.88228322050507
3.8169476316234 0.88419999307319
3.8169492904991 0.88479433123474
3.8169509493747 0.88716294088959
3.8169526082504 0.89038261537784
3.8169542671261 0.88857345318084
3.8169559260018 0.88574777112047
3.8169575848774 0.88886356651485
3.8169592437531 0.89170064248756
3.8169609026288 0.89246005215554
3.8169625615045 0.89481164540218
3.8169642203802 0.90086349117247
3.8169658792558 0.90154473477778
3.8169675381315 0.89585593745872
3.8169691970072 0.88326696831558
3.8169708558829 0.86634312421646
3.8169725147585 0.85774145716397
3.8169741736342 0.85161125628571
3.8169758325099 0.84331025137748
3.8169774913856 0.8359889515373
3.8169791502613 0.8410033292585
3.8169808091369 0.84659565280807
3.8169824680126 0.85399386046055
3.8169841268883 0.86115313603108
3.816985785764 0.86795376814119
3.8169874446396 0.86850046285603
3.8169891035153 0.86408045211971
3.816990762391 0.85926312617514
3.8169924212667 0.85428747395287
3.8169940801424 0.85311053533355
3.816995739018 0.85238284355934
3.8169973978937 0.84838535232771
3.8169990567694 0.84349291854934
3.8170007156451 0.83475785524347
3.8170023745207 0.82694975563799
3.8170040333964 0.82088505216183
3.8170056922721 0.81416627276709
3.8170073511478 0.80680762680028
3.8170090100235 0.79476815527301
3.8170106688991 0.78035989755523
3.8170123277748 0.77402246980565
3.8170139866505 0.76942547301678
3.8170156455262 0.75636818271379
3.8170173044018 0.74239456567613
3.8170189632775 0.72378813772718
3.8170206221532 0.70772674188309
3.8170222810289 0.6976230054085
3.8170239399046 0.68248381812986
3.8170255987802 0.66139803516282
3.8170272576559 0.64502454012443
3.8170289165316 0.63156573014111
3.8170305754073 0.61515340175062
3.8170322342829 0.59789471224971
3.8170338931586 0.58019246052676
3.8170355520343 0.56253755960341
3.81703721091 0.54560516145731
3.8170388697857 0.52889070673303
3.8170405286613 0.51280817123978
3.817042187537 0.49956390661674
3.8170438464127 0.49029697652914
3.8170455052884 0.47979301528718
3.817047164164 0.4683805525652
3.8170488230397 0.4590153907412
3.8170504819154 0.45038149798171
3.8170521407911 0.44198783309951
3.8170537996668 0.43381385041527
3.8170554585424 0.42877401370602
3.8170571174181 0.42192033634612
3.8170587762938 0.40857629390269
3.8170604351695 0.39746919483531
3.8170620940451 0.3900234631088
3.8170637529208 0.38441559210848
3.8170654117965 0.38037197476529
3.8170670706722 0.37736467016005
3.8170687295479 0.37479883150196
3.8170703884235 0.37250959636817
3.8170720472992 0.37022074713357
3.8170737061749 0.36614244420143
3.8170753650506 0.36198565243829
3.8170770239262 0.35748385604558
3.8170786828019 0.35407968748303
3.8170803416776 0.3527414542926
3.8170820005533 0.35090387251683
3.817083659429 0.34858405065991
3.8170853183046 0.34526182412711
3.8170869771803 0.34144730929666
3.817088636056 0.34102692398665
3.8170902949317 0.3412886432835
3.8170919538073 0.34029500762064
3.817093612683 0.3397673024457
3.8170952715587 0.34177378734001
3.8170969304344 0.34410104383729
3.8170985893101 0.34711119510201
3.8171002481857 0.3509919522747
3.8171019070614 0.35580777552442
3.8171035659371 0.36013204417827
3.8171052248128 0.3641856182698
3.8171068836884 0.3699344631918
3.8171085425641 0.37608684674781
3.8171102014398 0.38404752487907
3.8171118603155 0.39280950098801
3.8171135191912 0.40640419144034
3.8171151780668 0.42138299518077
3.8171168369425 0.43963654721974
3.8171184958182 0.45533977897518
3.8171201546939 0.46805539926024
3.8171218135695 0.48154197546155
3.8171234724452 0.49549302845494
3.8171251313209 0.50675882237743
3.8171267901966 0.51730083779336
3.8171284490723 0.52353389105869
3.8171301079479 0.52876130235356
3.8171317668236 0.52796716360513
3.8171334256993 0.52746260371778
3.817135084575 0.52770446292339
3.8171367434506 0.53096268621382
3.8171384023263 0.53800216887508
3.817140061202 0.54462618863202
3.8171417200777 0.55098244728251
3.8171433789534 0.55619411455389
3.817145037829 0.56106885120856
3.8171466967047 0.56184941788914
3.8171483555804 0.56211065175239
3.8171500144561 0.56021485894364
3.8171516733317 0.56023732497388
3.8171533322074 0.56552947027932
3.8171549910831 0.57236831426825
3.8171566499588 0.58124170667028
3.8171583088345 0.58759293923759
3.8171599677101 0.59224215356958
3.8171616265858 0.60169886403156
3.8171632854615 0.6126541618541
3.8171649443372 0.61876986622776
3.8171666032128 0.62357206890938
3.8171682620885 0.61927937918462
3.8171699209642 0.6162836450218
3.8171715798399 0.61699623719743
3.8171732387155 0.61508074192273
3.8171748975912 0.60960914352593
3.8171765564669 0.59760161944407
3.8171782153426 0.5810700366256
3.8171798742183 0.57109323501161
3.8171815330939 0.56321975681509
3.8171831919696 0.57617033483122
3.8171848508453 0.59254043606842
3.817186509721 0.62605364156564
3.8171881685966 0.65641179990585
3.8171898274723 0.67761275264023
3.817191486348 0.69564574087531
3.8171931452237 0.70935633200999
3.8171948040994 0.71905633868439
3.817196462975 0.72596653328274
3.8171981218507 0.72996021748008
3.8171997807264 0.73301600334318
3.8172014396021 0.74423301922908
3.8172030984777 0.75502968988061
3.8172047573534 0.75489436682129
3.8172064162291 0.75585025696295
3.8172080751048 0.75993925313895
3.8172097339805 0.76311153819952
3.8172113928561 0.76504781091812
3.8172130517318 0.77043976413009
3.8172147106075 0.7781990593422
3.8172163694832 0.7810732551996
3.8172180283588 0.78241489842602
3.8172196872345 0.78946217920806
3.8172213461102 0.79672314003916
3.8172230049859 0.80192398768669
3.8172246638616 0.80640795402706
3.8172263227372 0.80890674703993
3.8172279816129 0.81295303591721
3.8172296404886 0.81902056812287
3.8172312993643 0.82105135234435
3.8172329582399 0.82041414167481
3.8172346171156 0.81960519828254
3.8172362759913 0.81874514739216
3.817237934867 0.80860501816266
3.8172395937427 0.79920134269753
3.8172412526183 0.80080321515983
3.817242911494 0.80104552454813
3.8172445703697 0.79774330479867
3.8172462292454 0.7949266087302
3.817247888121 0.79271217622881
3.8172495469967 0.79906267960284
3.8172512058724 0.81076087142336
3.8172528647481 0.81898620298757
3.8172545236238 0.82626036065246
3.8172561824994 0.84337920653959
3.8172578413751 0.85932432990015
3.8172595002508 0.8636900024853
3.8172611591265 0.86931414976246
3.8172628180021 0.87795979053309
3.8172644768778 0.88195682035554
3.8172661357535 0.8805835383783
3.8172677946292 0.88075359675021
3.8172694535049 0.8818143739941
3.8172711123805 0.88096919751471
3.8172727712562 0.87966018116571
3.8172744301319 0.87930469547948
3.8172760890076 0.87999857703696
3.8172777478832 0.88672773107266
3.8172794067589 0.89435929448403
3.8172810656346 0.90394622735598
3.8172827245103 0.91000609089285
3.817284383386 0.91234332064618
3.8172860422616 0.91737512141776
3.8172877011373 0.92381103323081
3.817289360013 0.92323570757065
3.8172910188887 0.92120872156561
3.8172926777643 0.92593920809054
3.81729433664 0.93003016086878
3.8172959955157 0.93100798007214
3.8172976543914 0.93198339636615
3.8172993132671 0.93295419760061
3.8173009721427 0.93247433998484
3.8173026310184 0.93062288733091
3.8173042898941 0.93484629804018
3.8173059487698 0.9418540365536
3.8173076076454 0.94247153210317
3.8173092665211 0.94194512666118
3.8173109253968 0.93870198474742
3.8173125842725 0.93695823491959
3.8173142431482 0.94114869087692
3.8173159020238 0.94379676021692
3.8173175608995 0.9438629675411
3.8173192197752 0.94241689879231
3.8173208786509 0.93971533486359
3.8173225375265 0.9369715331089
3.8173241964022 0.93421121803229
3.8173258552779 0.93708952390669
3.8173275141536 0.93976384106596
3.8173291730293 0.93829067211446
3.8173308319049 0.93748732535659
3.8173324907806 0.94061450982891
3.8173341496563 0.94286182886054
3.817335808532 0.93831813165349
3.8173374674076 0.9343339923451
3.8173391262833 0.93645353199887
3.817340785159 0.93860562863479
3.8173424440347 0.94133545223725
3.8173441029104 0.94413954857171
3.817345761786 0.95012507226229
3.8173474206617 0.95611059595286
3.8173490795374 0.95601424491585
3.8173507384131 0.95587140630899
3.8173523972887 0.95978876885208
3.8173540561644 0.96386585150686
3.8173557150401 0.96128866850609
3.8173573739158 0.95822615612304
3.8173590327915 0.96159686935203
3.8173606916671 0.96566661336364
3.8173623505428 0.96288675053476
3.8173640094185 0.95910263722129
3.8173656682942 0.95827691020889
3.8173673271698 0.95800493899925
3.8173689860455 0.95633141912077
3.8173706449212 0.95433489886845
3.8173723037969 0.95479153297887
3.8173739626726 0.95592733901589
3.8173756215482 0.95585226114945
3.8173772804239 0.95538164635508
3.8173789392996 0.9592670476152
3.8173805981753 0.96480873590678
3.8173822570509 0.9677605413569
3.8173839159266 0.96957766607066
3.8173855748023 0.97229506109329
3.817387233678 0.97546328910943
3.8173888925537 0.97713449766462
3.8173905514293 0.97795419447157
3.817392210305 0.97989417968847
3.8173938691807 0.98255455175278
3.8173955280564 0.98139820129231
3.817397186932 0.97747762498465
3.8173988458077 0.97797706180601
3.8174005046834 0.98207192903251
3.8174021635591 0.98324544850068
3.8174038224348 0.98175503601513
3.8174054813104 0.98072122694788
3.8174071401861 0.9801537181118
3.8174087990618 0.9800062959713
3.8174104579375 0.98033913178402
3.8174121168131 0.97977623189159
3.8174137756888 0.97806660808951
3.8174154345645 0.97839711056626
3.8174170934402 0.98165582063914
3.8174187523159 0.98251001176077
3.8174204111915 0.97948781022852
3.8174220700672 0.97891933967964
3.8174237289429 0.98280577390017
3.8174253878186 0.98586773152251
3.8174270466942 0.98723747266424
3.8174287055699 0.98773871227915
3.8174303644456 0.98621550027664
3.8174320233213 0.9851323676697
3.817433682197 0.98522165340463
3.8174353410726 0.98576273240427
3.8174369999483 0.98769068157327
3.817438658824 0.98882400970116
3.8174403176997 0.98711847387413
3.8174419765753 0.98641432054063
3.817443635451 0.98993071194834
3.8174452943267 0.9921885393446
3.8174469532024 0.98807593907385
3.8174486120781 0.98468538160706
3.8174502709537 0.98579464885117
3.8174519298294 0.98674979067934
3.8174535887051 0.98647936406689
3.8174552475808 0.98620106550641
3.8174569064564 0.98583833406859
3.8174585653321 0.98556620264128
3.8174602242078 0.98673933627738
3.8174618830835 0.98774995578503
3.8174635419591 0.98396724800667
3.8174652008348 0.98016436270457
3.8174668597105 0.9733837617434
3.8174685185862 0.96660316078224
3.8174701774619 0.959350061364
3.8174718363375 0.95208771432198
3.8174734952132 0.94338476365755
3.8174751540889 0.93461395100348
3.8174768129646 0.92093257300304
3.8174784718402 0.90687769953125
3.8174801307159 0.89735469334695
3.8174817895916 0.88831430177524
3.8174834484673 0.86676382333292
3.817485107343 0.84347975356545
3.8174867662186 0.81440122316584
3.8174884250943 0.78432411791919
3.81749008397 0.76383523776712
3.8174917428457 0.74534083804223
3.8174934017213 0.74389209054787
3.817495060597 0.74663293356163
3.8174967194727 0.76645654962777
3.8174983783484 0.79116085716062
3.8175000372241 0.82273660144416
3.8175016960997 0.85656690132636
3.8175033549754 0.88391395519818
3.8175050138511 0.90884185764957
3.8175066727268 0.92873041237881
3.8175083316024 0.94649709681596
3.8175099904781 0.95435585032511
3.8175116493538 0.95753567090297
3.8175133082295 0.96314736143489
3.8175149671052 0.97004047937496
3.8175166259808 0.96943282319357
3.8175182848565 0.96443345962845
3.8175199437322 0.96170536624437
3.8175216026079 0.96044990806721
3.8175232614835 0.95601434956358
3.8175249203592 0.94930132545242
3.8175265792349 0.94282479153602
3.8175282381106 0.9365349262454
3.8175298969863 0.93176855158225
3.8175315558619 0.92832560380547
3.8175332147376 0.92466084611844
3.8175348736133 0.92078432037518
3.817536532489 0.91735976277007
3.8175381913646 0.91440917569723
3.8175398502403 0.91203284393411
3.817541509116 0.91031776527509
3.8175431679917 0.90973628854029
3.8175448268674 0.91058846474474
3.817546485743 0.9130090002424
3.8175481446187 0.91760869470786
3.8175498034944 0.92119031200404
3.8175514623701 0.92321615146938
3.8175531212457 0.92534707873194
3.8175547801214 0.92765489642662
3.8175564389971 0.93012039191527
3.8175580978728 0.93287872990347
3.8175597567485 0.93481591125531
3.8175614156241 0.93506610166654
3.8175630744998 0.93553282434311
3.8175647333755 0.9364931054754
3.8175663922512 0.93594602868793
3.8175680511268 0.93157263701189
3.8175697100025 0.92915478014984
3.8175713688782 0.9322916274629
3.8175730277539 0.93492011835098
3.8175746866296 0.93592360071709
3.8175763455052 0.93524245346165
3.8175780043809 0.92845861268044
3.8175796632566 0.9222168961562
3.8175813221323 0.91822081030592
3.8175829810079 0.91437626027155
3.8175846398836 0.91125743298088
3.8175862987593 0.90835159434529
3.817587957635 0.90664193728912
3.8175896165107 0.90508503009643
3.8175912753863 0.90455321065663
3.817592934262 0.90393729692114
3.8175945931377 0.90262915521287
3.8175962520134 0.90216286943944
3.817597910889 0.91051610785217
3.8175995697647 0.91864701398914
3.8176012286404 0.92363178031003
3.8176028875161 0.92874171989345
3.8176045463918 0.93650523849774
3.8176062052674 0.94409533794697
3.8176078641431 0.94468819391276
3.8176095230188 0.94529756992463
3.8176111818945 0.95066827375876
3.8176128407701 0.9560389775929
3.8176144996458 0.95084369577015
3.8176161585215 0.94546421881327
3.8176178173972 0.94133540588372
3.8176194762729 0.93725544270986
3.8176211351485 0.93787420902486
3.8176227940242 0.93878202813499
3.8176244528999 0.94388172053912
3.8176261117756 0.94933691995756
3.8176277706512 0.95582220107698
3.8176294295269 0.9624197393302
3.8176310884026 0.97048572501947
3.8176327472783 0.97874867084405
3.817634406154 0.98508797577049
3.8176360650296 0.99111899290992
3.8176377239053 0.99271107897327
3.817639382781 0.99347113402749
3.8176410416567 0.99175763395374
3.8176427005323 0.98951053784055
3.817644359408 0.99402788464196
3.8176460182837 1.000204098328
3.8176476771594 0.99743252331183
3.8176493360351 0.99219140380079
3.8176509949107 0.9877512490461
3.8176526537864 0.98355785847711
3.8176543126621 0.98924798025114
3.8176559715378 0.99831486864565
3.8176576304134 0.99951624990344
3.8176592892891 0.99775436418132
3.8176609481648 0.99347149838534
3.8176626070405 0.98814635390473
3.8176642659162 0.98558581010724
3.8176659247918 0.98427449841349
3.8176675836675 0.98594102520004
3.8176692425432 0.98907306286051
3.8176709014189 0.98947045723934
3.8176725602945 0.98840622643678
3.8176742191702 0.98967253488915
3.8176758780459 0.99228814918494
3.8176775369216 0.99119327723329
3.8176791957973 0.98777618318544
3.8176808546729 0.98538195468345
3.8176825135486 0.98367828244873
3.8176841724243 0.981192954421
3.8176858313 0.97813922231081
3.8176874901756 0.97533791506656
3.8176891490513 0.97273404202272
3.817690807927 0.96605253516141
3.8176924668027 0.95594413286885
3.8176941256784 0.94042855154995
3.817695784554 0.92003502132951
3.8176974434297 0.89373031332574
3.8176991023054 0.861706887841
3.8177007611811 0.83758075453768
3.8177024200567 0.82164548338892
3.8177040789324 0.82297443029515
3.8177057378081 0.84348824921506
3.8177073966838 0.86960866770486
3.8177090555595 0.90240352576676
3.8177107144351 0.92881664467956
3.8177123733108 0.94709210100562
3.8177140321865 0.95784566419488
3.8177156910622 0.9583251454756
3.8177173499378 0.95151198809195
3.8177190088135 0.93402536957862
3.8177206676892 0.91295857454893
3.8177223265649 0.88627511579186
3.8177239854406 0.85812043009223
3.8177256443162 0.82749044776786
3.8177273031919 0.80244793529922
3.8177289620676 0.7874940291103
3.8177306209433 0.78061567926458
3.8177322798189 0.78940150771306
3.8177339386946 0.80526459169919
3.8177355975703 0.83588821853619
3.817737256446 0.86649257575079
3.8177389153216 0.89705365723572
3.8177405741973 0.92527606635689
3.817742233073 0.94783329029219
3.8177438919487 0.96726370160087
3.8177455508244 0.97850955488587
3.8177472097 0.98913778273506
3.8177488685757 0.99801583562149
3.8177505274514 1.0038516584355
3.8177521863271 1.0003282135514
3.8177538452027 0.99819625803827
3.8177555040784 1.0007239690493
3.8177571629541 1.0029236787555
3.8177588218298 1.0039236157233
3.8177604807055 1.0042450414545
3.8177621395811 1.0018450319474
3.8177637984568 0.99962701413876
3.8177654573325 0.99821301802405
3.8177671162082 0.99688653216547
3.8177687750838 0.99598816296414
3.8177704339595 0.99498941078215
3.8177720928352 0.99344321875343
3.8177737517109 0.99241903680227
3.8177754105866 0.99459278594965
3.8177770694622 0.9965824543874
3.8177787283379 0.99729333719714
3.8177803872136 0.9978090919565
3.8177820460893 0.99676898808772
3.8177837049649 0.99551790189591
3.8177853638406 0.99230757763114
3.8177870227163 0.98915524625232
3.817788681592 0.98664287257246
3.8177903404677 0.98425036773015
3.8177919993433 0.98347374846128
3.817793658219 0.98246510948186
3.8177953170947 0.97748537419672
3.8177969759704 0.97267759046003
3.817798634846 0.97184724787154
3.8178002937217 0.9710596705032
3.8178019525974 0.97176689963202
3.8178036114731 0.97255772391772
3.8178052703488 0.97910188916896
3.8178069292244 0.98563320840584
3.8178085881001 0.97829223883691
3.8178102469758 0.97095126926799
3.8178119058515 0.96313321612214
3.8178135647271 0.95530922341411
3.8178152236028 0.93435561991129
3.8178168824785 0.91305896001061
3.8178185413542 0.8786933965944
3.8178202002299 0.84380517148186
3.8178218591055 0.81775247342067
3.8178235179812 0.79217766172498
3.8178251768569 0.79227122738632
3.8178268357326 0.79412204254554
3.8178284946082 0.8196407040519
3.8178301534839 0.8471254901868
3.8178318123596 0.88055990860841
3.8178334712353 0.9145772357268
3.817835130111 0.94046268907719
3.8178367889866 0.96542862666251
3.8178384478623 0.97874646456067
3.817840106738 0.99056778735791
3.8178417656137 0.99382156092045
3.8178434244893 0.99584045579504
3.817845083365 0.99727500395626
3.8178467422407 0.99861602706328
3.8178484011164 0.9988305226287
3.8178500599921 0.99884642908442
3.8178517188677 0.99449132000311
3.8178533777434 0.98929353699651
3.8178550366191 0.98402066169491
3.8178566954948 0.97873204994498
3.8178583543704 0.97780606998232
3.8178600132461 0.97786871301535
3.8178616721218 0.96501151372554
3.8178633309975 0.94900184498279
3.8178649898732 0.93651838619714
3.8178666487488 0.92495743592348
3.8178683076245 0.89665527401866
3.8178699665002 0.863671554608
3.8178716253759 0.8245992823678
3.8178732842515 0.78371323675315
3.8178749431272 0.7530993559943
3.8178766020029 0.72573609953483
3.8178782608786 0.70201737423632
3.8178799197543 0.67952091183824
3.8178815786299 0.65783954048726
3.8178832375056 0.63644719425766
3.8178848963813 0.63902305625089
3.817886555257 0.65056776939671
3.8178882141326 0.68751373817123
3.8178898730083 0.73446880305915
3.817891531884 0.78449623552123
3.8178931907597 0.83579646448842
3.8178948496354 0.87291697535167
3.817896508511 0.9038718157697
3.8178981673867 0.92324585864416
3.8178998262624 0.93734259720953
3.8179014851381 0.94345343223343
3.8179031440137 0.94575519657666
3.8179048028894 0.94971897502222
3.8179064617651 0.95451140481738
3.8179081206408 0.96123566036794
3.8179097795165 0.96896547122758
3.8179114383921 0.97201951434149
3.8179130972678 0.97253559957273
3.8179147561435 0.97526295043533
3.8179164150192 0.97924052834362
3.8179180738948 0.98116804073143
3.8179197327705 0.98188924909926
3.8179213916462 0.98017358842202
3.8179230505219 0.97696707074686
3.8179247093976 0.9727350302299
3.8179263682732 0.96785116180832
3.8179280271489 0.9633052019857
3.8179296860246 0.9589821441894
3.8179313449003 0.95926364663887
3.8179330037759 0.96269534148228
3.8179346626516 0.96355235370933
3.8179363215273 0.9625839662709
3.817937980403 0.96420081732469
3.8179396392787 0.96771562756354
3.8179412981543 0.96943193259992
3.81794295703 0.96978198622272
3.8179446159057 0.97254994716537
3.8179462747814 0.97721747622115
3.817947933657 0.97402141679477
3.8179495925327 0.96444071117036
3.8179512514084 0.95584035424598
3.8179529102841 0.94806207470109
3.8179545691598 0.94377250205884
3.8179562280354 0.9425029306623
3.8179578869111 0.94100964685979
3.8179595457868 0.93931657170458
3.8179612046625 0.93931650342651
3.8179628635381 0.94087513180035
3.8179645224138 0.94411656521472
3.8179661812895 0.94895476134959
3.8179678401652 0.95278622560122
3.8179694990409 0.95563388191786
3.8179711579165 0.95897587271109
3.8179728167922 0.96281518579371
3.8179744756679 0.96422522178093
3.8179761345436 0.96312058528016
3.8179777934192 0.96569852895954
3.8179794522949 0.97219673930286
3.8179811111706 0.97626373081383
3.8179827700463 0.97767047234048
3.817984428922 0.98012991485178
3.8179860877976 0.98377291004774
3.8179877466733 0.98626189452995
3.817989405549 0.98741861469546
3.8179910644247 0.98624733649067
3.8179927233003 0.98231683709296
3.817994382176 0.97811832938287
3.8179960410517 0.97359391393497
3.8179976999274 0.97097274797449
3.8179993588031 0.97072500742691
3.8180010176787 0.97263850291125
3.8180026765544 0.97731498227641
3.8180043354301 0.98250260666602
3.8180059943058 0.98835982421379
3.8180076531814 0.99167171861683
3.8180093120571 0.99156801555254
3.8180109709328 0.99468599689859
3.8180126298085 1.0022297549098
3.8180142886842 1.0060498186568
3.8180159475598 1.0046347080094
3.8180176064355 1.0041311258022
3.8180192653112 1.0049384612924
3.8180209241869 1.0055774636918
3.8180225830625 1.0059689405027
3.8180242419382 1.006986522145
3.8180259008139 1.0089449963484
3.8180275596896 1.0112273248686
3.8180292185652 1.0140068793367
3.8180308774409 1.0144746470362
3.8180325363166 1.0113178225649
3.8180341951923 1.0097945209248
3.818035854068 1.0108854203002
3.8180375129436 1.010166793877
3.8180391718193 1.0064932307384
3.818040830695 1.004402401179
3.8180424895707 1.0049471758914
3.8180441484463 1.003696850313
3.818045807322 0.99939922680264
3.8180474661977 0.99690210397851
3.8180491250734 0.99751929897711
3.8180507839491 0.99874124973506
3.8180524428247 1.0010285220986
3.8180541017004 1.0025357631644
3.8180557605761 1.0026440466454
3.8180574194518 1.0051939669557
3.8180590783274 1.0121999301507
3.8180607372031 1.0159787638504
3.8180623960788 1.0137673876495
3.8180640549545 1.0124952277464
3.8180657138302 1.0129953288445
3.8180673727058 1.0141295193757
3.8180690315815 1.0164794071378
3.8180706904572 1.017420609141
3.8180723493329 1.0156186411395
3.8180740082085 1.0157615224901
3.8180756670842 1.0197490816356
3.8180773259599 1.0222339476878
3.8180789848356 1.0217047773067
3.8180806437113 1.0206215986678
3.8180823025869 1.0184113709292
3.8180839614626 1.0181794197692
3.8180856203383 1.0220264068574
3.818087279214 1.0242751281159
3.8180889380896 1.0231851167287
3.8180905969653 1.0215635523764
3.818092255841 1.0188176174961
3.8180939147167 1.0164551569929
3.8180955735924 1.0149135852957
3.818097232468 1.014322038953
3.8180988913437 1.0157878042034
3.8181005502194 1.0166081241419
3.8181022090951 1.0160152858419
3.8181038679707 1.0158478517203
3.8181055268464 1.016621540274
3.8181071857221 1.0172378591414
3.8181088445978 1.0175025993122
3.8181105034735 1.0178694062078
3.8181121623491 1.0184663486648
3.8181138212248 1.0176399639634
3.8181154801005 1.0135759860035
3.8181171389762 1.0104342576375
3.8181187978518 1.0094075782624
3.8181204567275 1.0076044412327
3.8181221156032 1.0040070743389
3.8181237744789 1.0011233430998
3.8181254333546 0.99990018036289
3.8181270922302 0.99774298737197
3.8181287511059 0.99339816883183
3.8181304099816 0.99143188608352
3.8181320688573 0.99506938611217
3.8181337277329 0.99796824265706
3.8181353866086 0.99911768807349
3.8181370454843 0.99951024277057
3.81813870436 0.99810185547171
3.8181403632357 0.99811857379887
3.8181420221113 1.0015403836884
3.818143680987 1.0045939788426
3.8181453398627 1.0067648268015
3.8181469987384 1.0083085723402
3.818148657614 1.0083445639532
3.8181503164897 1.0072553086665
3.8181519753654 1.0034545140562
3.8181536342411 1.0006904122697
3.8181552931168 1.0004289379884
3.8181569519924 0.99903311792818
3.8181586108681 0.99489632860017
3.8181602697438 0.99235507942318
3.8181619286195 0.99367110101035
3.8181635874951 0.9935738641462
3.8181652463708 0.99006056997218
3.8181669052465 0.98696131325673
3.8181685641222 0.98486203791151
3.8181702229979 0.98465780348581
3.8181718818735 0.98902467025509
3.8181735407492 0.99326084843072
3.8181751996249 0.9971823908232
3.8181768585006 1.0011645950295
3.8181785173762 1.0052924701663
3.8181801762519 1.0077030141613
3.8181818351276 1.0060028333145
3.8181834940033 1.0056959369216
3.818185152879 1.0087112874356
3.8181868117546 1.0103781359539
3.8181884706303 1.0088433146811
3.818190129506 1.0082810392644
3.8181917883817 1.0100160153964
3.8181934472573 1.0085705182487
3.818195106133 0.99965272319277
3.8181967650087 0.99363420490598
3.8181984238844 0.99438524350925
3.8182000827601 0.99447399805216
3.8182017416357 0.99302689164908
3.8182034005114 0.99305663287118
3.8182050593871 0.9964864860758
3.8182067182628 0.99670089575102
3.8182083771384 0.98957048420232
3.8182100360141 0.9830276389887
3.8182116948898 0.97781560159666
3.8182133537655 0.97222152869462
3.8182150126412 0.96576998744634
3.8182166715168 0.95909811005424
3.8182183303925 0.95193636670249
3.8182199892682 0.94780407969794
3.8182216481439 0.9503394916558
3.8182233070195 0.95423298158882
3.8182249658952 0.96108381094667
3.8182266247709 0.97011535322614
3.8182282836466 0.98384246674082
3.8182299425223 0.99439748467152
3.8182316013979 0.9982025474031
3.8182332602736 1.0025250020654
3.8182349191493 1.007935064379
3.818236578025 1.011200447686
3.8182382369006 1.0100147104376
3.8182398957763 1.0100950122797
3.818241554652 1.0127681085763
3.8182432135277 1.0126450408351
3.8182448724034 1.0068744243113
3.818246531279 1.0026395262845
3.8182481901547 1.0014625642848
3.8182498490304 1.0002987742648
3.8182515079061 0.99916082335926
3.8182531667817 0.99667541305464
3.8182548256574 0.99158684679612
3.8182564845331 0.98691096843741
3.8182581434088 0.98301985123917
3.8182598022845 0.9796164702723
3.8182614611601 0.97712569728352
3.8182631200358 0.97427323932718
3.8182647789115 0.97075533134626
3.8182664377872 0.96409819378278
3.8182680966628 0.95176364297385
3.8182697555385 0.93751145666926
3.8182714144142 0.9198519028813
3.8182730732899 0.89992715213744
3.8182747321656 0.87604992069434
3.8182763910412 0.85224488307122
3.8182780499169 0.82856350751794
3.8182797087926 0.81042720755593
3.8182813676683 0.80160910070377
3.8182830265439 0.79708887905493
3.8182846854196 0.79965189562185
3.8182863442953 0.80639224584513
3.818288003171 0.81988131832748
3.8182896620467 0.84013001008699
3.8182913209223 0.87107870933862
3.818292979798 0.90090796147109
3.8182946386737 0.92900152098013
3.8182962975494 0.95179505834914
3.818297956425 0.96654314746074
3.8182996153007 0.97797537757737
3.8183012741764 0.98448271266052
3.8183029330521 0.98773564119642
3.8183045919277 0.98626064201878
3.8183062508034 0.98744114415649
3.8183079096791 0.99239400456736
3.8183095685548 0.99298173012933
3.8183112274305 0.98750965747648
3.8183128863061 0.984604324428
3.8183145451818 0.98518000143636
3.8183162040575 0.98617556864726
3.8183178629332 0.98772719306157
3.8183195218088 0.98950025470188
3.8183211806845 0.99155953061508
3.8183228395602 0.99407538388162
3.8183244984359 0.99716695229277
3.8183261573116 0.99850262611812
3.8183278161872 0.99767902166569
3.8183294750629 0.99641667616297
3.8183311339386 0.9946284008947
3.8183327928143 0.99286367245141
3.8183344516899 0.99112644520464
3.8183361105656 0.98825123840847
3.8183377694413 0.98408171200029
3.818339428317 0.97938468422596
3.8183410871927 0.97410366860093
3.8183427460683 0.96842248037581
3.818344404944 0.9623102179801
3.8183460638197 0.96003799284678
3.8183477226954 0.961788700675
3.818349381571 0.96461453942067
3.8183510404467 0.96853520535576
3.8183526993224 0.97287553332922
3.8183543581981 0.9776310354435
3.8183560170738 0.98383830728473
3.8183576759494 0.99144014504279
3.8183593348251 0.99422982652245
3.8183609937008 0.99253288664301
3.8183626525765 0.99484602863438
3.8183643114521 1.0007859701086
3.8183659703278 1.0048448094588
3.8183676292035 1.0072542774169
3.8183692880792 1.004538269889
3.8183709469549 0.99746801203849
3.8183726058305 0.9919946257433
3.8183742647062 0.98783480311583
3.8183759235819 0.97877328610246
3.8183775824576 0.96580948789666
3.8183792413332 0.95832014707694
3.8183809002089 0.95504596575571
3.8183825590846 0.9566514234063
3.8183842179603 0.96188815743725
3.818385876836 0.96400115940546
3.8183875357116 0.96386909242486
3.8183891945873 0.96708517728041
3.818390853463 0.9726239384235
3.8183925123387 0.97448409851889
3.8183941712143 0.97388343904402
3.81839583009 0.97475350772952
3.8183974889657 0.97657168008843
3.8183991478414 0.98050671542007
3.8184008067171 0.9857556613658
3.8184024655927 0.98883801581423
3.8184041244684 0.99062676083609
3.8184057833441 0.99382128065915
3.8184074422198 0.99782257272592
3.8184091010954 0.99578199040794
3.8184107599711 0.99041251850574
3.8184124188468 0.98851129622629
3.8184140777225 0.98844296749268
3.8184157365982 0.98961112276835
3.8184173954738 0.99140533978406
3.8184190543495 0.99265743983376
3.8184207132252 0.9936468328767
3.8184223721009 0.99468708906666
3.8184240309765 0.995750900499
3.8184256898522 0.99805822791078
3.8184273487279 1.0009152413492
3.8184290076036 1.0022415136632
3.8184306664793 1.0029230078638
3.8184323253549 1.0008827108712
3.8184339842306 0.99775150817048
3.8184356431063 0.99259574842065
3.818437301982 0.98666906404661
3.8184389608576 0.97741631192835
3.8184406197333 0.96696281413674
3.818442278609 0.95927443242443
3.8184439374847 0.95253067646897
3.8184455963604 0.94536843457053
3.818447255236 0.93807121262621
3.8184489141117 0.93487476412525
3.8184505729874 0.93292401424463
3.8184522318631 0.93017277597466
3.8184538907387 0.92719315611633
3.8184555496144 0.92831102309025
3.8184572084901 0.93052346846198
3.8184588673658 0.93822019983679
3.8184605262415 0.9472842960081
3.8184621851171 0.95871965633084
3.8184638439928 0.97070468492762
3.8184655028685 0.97945723537179
3.8184671617442 0.98751619305034
3.8184688206198 0.99562894183508
3.8184704794955 1.0037523207557
3.8184721383712 1.0071589677705
3.8184737972469 1.0097121368635
3.8184754561226 1.0105183152559
3.8184771149982 1.011036931348
3.8184787738739 1.01145221694
3.8184804327496 1.0118521547816
3.8184820916253 1.0093420058735
3.8184837505009 1.0064457722944
3.8184854093766 1.002809379821
