3.8159107900706 0.990018
3.8159124489462 0.98796809064589
3.8159141078219 0.98608713336426
3.8159157666976 0.98556415464338
3.8159174255733 0.98450397798736
3.815919084449 0.98155539748294
3.8159207433246 0.97955954647568
3.8159224022003 0.97947696095358
3.815924061076 0.97789896617269
3.8159257199517 0.97444435036094
3.8159273788273 0.97120752534311
3.815929037703 0.96814553964429
3.8159306965787 0.96625117558916
3.8159323554544 0.96494223492269
3.81593401433 0.96422897560982
3.8159356732057 0.96368618130023
3.8159373320814 0.96456822143005
3.8159389909571 0.96562657909159
3.8159406498328 0.96515045147357
3.8159423087084 0.96496236956566
3.8159439675841 0.96704131588642
3.8159456264598 0.96911112795448
3.8159472853355 0.97114943409347
3.8159489442111 0.97311334994079
3.8159506030868 0.97493085907237
3.8159522619625 0.97612355839202
3.8159539208382 0.97655003155086
3.8159555797139 0.97604015561127
3.8159572385895 0.97479932227633
3.8159588974652 0.97247431752829
3.8159605563409 0.96962528545373
3.8159622152166 0.96724477678627
3.8159638740922 0.96499119033527
3.8159655329679 0.96817465690728
3.8159671918436 0.97195879687621
3.8159688507193 0.97527851555424
3.815970509595 0.9778171009468
3.8159721684706 0.97492174291916
3.8159738273463 0.9728998141439
3.815975486222 0.97366095575952
3.8159771450977 0.9737994366545
3.8159788039733 0.97279281390225
3.815980462849 0.97050603893847
3.8159821217247 0.96675068321647
3.8159837806004 0.96366171356799
3.8159854394761 0.96105658461399
3.8159870983517 0.95824110098918
3.8159887572274 0.9553324618796
3.8159904161031 0.95916060928515
3.8159920749788 0.9646002450653
3.8159937338544 0.97313018215625
3.8159953927301 0.98167338666767
3.8159970516058 0.98330566766166
3.8159987104815 0.98490807992665
3.8160003693572 0.98634050674014
3.8160020282328 0.98640229085171
3.8160036871085 0.98263976913763
3.8160053459842 0.97909572231993
3.8160070048599 0.97591055973076
3.8160086637355 0.97003846231872
3.8160103226112 0.96140423013723
3.8160119814869 0.95049791816777
3.8160136403626 0.93812627756868
3.8160152992383 0.9164218876267
3.8160169581139 0.89113995586767
3.8160186169896 0.86065780567812
3.8160202758653 0.82917027979557
3.816021934741 0.79472583003568
3.8160235936166 0.76077134251731
3.8160252524923 0.73544901375011
3.816026911368 0.71567019813706
3.8160285702437 0.72046915132179
3.8160302291194 0.73156320236204
3.816031887995 0.75736889029022
3.8160335468707 0.78882838305459
3.8160352057464 0.82824344169367
3.8160368646221 0.86481657541809
3.8160385234977 0.89888295861824
3.8160401823734 0.9221633141448
3.8160418412491 0.93956823374628
3.8160435001248 0.95246759048996
3.8160451590005 0.96397153527031
3.8160468178761 0.96854153464571
3.8160484767518 0.97216444575814
3.8160501356275 0.96933484812092
3.8160517945032 0.9666824059484
3.8160534533788 0.96561353811576
3.8160551122545 0.96405773699265
3.8160567711302 0.96086736778848
3.8160584300059 0.9576936583002
3.8160600888816 0.95455138916521
3.8160617477572 0.95241937120752
3.8160634066329 0.95145755730159
3.8160650655086 0.94764164190854
3.8160667243843 0.94176252925873
3.8160683832599 0.93651235898359
3.8160700421356 0.93153475746213
3.8160717010113 0.92915151029541
3.816073359887 0.92735708811101
3.8160750187627 0.92358194807255
3.8160766776383 0.91997851926595
3.816078336514 0.92234166964837
3.8160799953897 0.92449054302279
3.8160816542654 0.92557762679037
3.816083313141 0.92496615308553
3.8160849720167 0.92011048978723
3.8160866308924 0.91459603562484
3.8160882897681 0.90810927410809
3.8160899486438 0.90044425603085
3.8160916075194 0.89170056324843
3.8160932663951 0.88827352220387
3.8160949252708 0.88783240023086
3.8160965841465 0.89052374632276
3.8160982430221 0.89421083091408
3.8160999018978 0.89772658933299
3.8161015607735 0.90121840017161
3.8161032196492 0.90676860855561
3.8161048785249 0.91162811740589
3.8161065374005 0.91110712677111
3.8161081962762 0.91041848445339
3.8161098551519 0.90918075175831
3.8161115140276 0.90741363845901
3.8161131729032 0.90467645435344
3.8161148317789 0.90389121841574
3.8161164906546 0.90528702613711
3.8161181495303 0.90855969223101
3.816119808406 0.91312772809654
3.8161214672816 0.91842173312482
3.8161231261573 0.92401054280201
3.816124785033 0.92653176574799
3.8161264439087 0.92842838137234
3.8161281027843 0.93058953258951
3.81612976166 0.93291392094392
3.8161314205357 0.93720815143896
3.8161330794114 0.94148218101887
3.8161347382871 0.94567041285709
3.8161363971627 0.94959383725567
3.8161380560384 0.95293001249683
3.8161397149141 0.95512754496589
3.8161413737898 0.95582240174462
3.8161430326654 0.95262133006206
3.8161446915411 0.94625277628138
3.8161463504168 0.93304529832964
3.8161480092925 0.91650241140678
3.8161496681682 0.90323172295185
3.8161513270438 0.89081582953253
3.8161529859195 0.89064074587046
3.8161546447952 0.89208020073206
3.8161563036709 0.90628404992455
3.8161579625465 0.92024771005289
3.8161596214222 0.93291056344362
3.8161612802979 0.94411944920849
3.8161629391736 0.95153602387254
3.8161645980493 0.95781638941064
3.8161662569249 0.96238183943369
3.8161679158006 0.96681483618765
3.8161695746763 0.97112559579007
3.816171233552 0.97581752080056
3.8161728924276 0.98072224329271
3.8161745513033 0.98530604930259
3.816176210179 0.98979047255062
3.8161778690547 0.98948969482362
3.8161795279304 0.98856801741508
3.816181186806 0.98737406047006
3.8161828456817 0.98628463088658
3.8161845045574 0.98589638090998
3.8161861634331 0.98536768733182
3.8161878223087 0.98442229272408
3.8161894811844 0.98520002521931
3.8161911400601 0.98885510055189
3.8161927989358 0.99004309232445
3.8161944578115 0.98873586525101
3.8161961166871 0.98615747045578
3.8161977755628 0.98279967187857
3.8161994344385 0.97985404966193
3.8162010933142 0.97705115681499
3.8162027521898 0.97350539570505
3.8162044110655 0.96984448611746
3.8162060699412 0.96666758726537
3.8162077288169 0.96418974540178
3.8162093876925 0.96719946107754
3.8162110465682 0.97014104189783
3.8162127054439 0.97286159617398
3.8162143643196 0.97575222892225
3.8162160231953 0.97894631080567
3.8162176820709 0.98158736302656
3.8162193409466 0.98363619698538
3.8162209998223 0.98643118492359
3.816222658698 0.98970987210416
3.8162243175736 0.98874683543914
3.8162259764493 0.98622007848619
3.816227635325 0.98476394757704
3.8162292942007 0.98348978995395
3.8162309530764 0.98170876926531
3.816232611952 0.98010194491206
3.8162342708277 0.98010141172726
3.8162359297034 0.98053367170094
3.8162375885791 0.98243305145066
3.8162392474547 0.98331774274384
3.8162409063304 0.98233814298748
3.8162425652061 0.98050010186818
3.8162442240818 0.97772155725541
3.8162458829575 0.97815740867513
3.8162475418331 0.98071742369945
3.8162492007088 0.98177940193964
3.8162508595845 0.98227918440009
3.8162525184602 0.98122597285415
3.8162541773358 0.97990364369636
3.8162558362115 0.98024426685204
3.8162574950872 0.98066414357312
3.8162591539629 0.98144198596614
3.8162608128386 0.98233973706796
3.8162624717142 0.98364207441458
3.8162641305899 0.98405651856566
3.8162657894656 0.98285277226723
3.8162674483413 0.98192287589497
3.8162691072169 0.98128947673527
3.8162707660926 0.98194051901463
3.8162724249683 0.98342620453564
3.816274083844 0.98415265683587
3.8162757427197 0.98460148960113
3.8162774015953 0.9833875537733
3.816279060471 0.98189955366633
3.8162807193467 0.98102593213145
3.8162823782224 0.97986566575915
3.816284037098 0.9763425639336
3.8162856959737 0.97156722380192
3.8162873548494 0.96278286532381
3.8162890137251 0.95538572540054
3.8162906726008 0.9504040978026
3.8162923314764 0.94752703041265
3.8162939903521 0.94682546310774
3.8162956492278 0.9478888189921
3.8162973081035 0.95003959085679
3.8162989669791 0.95473430664416
3.8163006258548 0.96029543138043
3.8163022847305 0.96596173185591
3.8163039436062 0.97164322615116
3.8163056024819 0.977239204349
3.8163072613575 0.98226225073013
3.8163089202332 0.98339402415269
3.8163105791089 0.98435225801495
3.8163122379846 0.98480629125305
3.8163138968602 0.98506754119265
3.8163155557359 0.98501946468879
3.8163172146116 0.9848639071885
3.8163188734873 0.98460587824815
3.816320532363 0.98466790722103
3.8163221912386 0.98490993191717
3.8163238501143 0.98251354925098
3.81632550899 0.97932165606275
3.8163271678657 0.97596227108494
3.8163288267413 0.97254729603926
3.816330485617 0.96773259004522
3.8163321444927 0.96328240256411
3.8163338033684 0.96083581382881
3.8163354622441 0.95915942924383
3.8163371211197 0.95943680863803
3.8163387799954 0.96165381458648
3.8163404388711 0.96664282993824
3.8163420977468 0.97177772106618
3.8163437566224 0.97703649854606
3.8163454154981 0.98138867902066
3.8163470743738 0.98529428636013
3.8163487332495 0.98466141175386
3.8163503921252 0.98288920616857
3.8163520510008 0.98316522714658
3.8163537098765 0.9833690652204
3.8163553687522 0.97987754225375
3.8163570276279 0.97646737144864
3.8163586865035 0.97340819441667
3.8163603453792 0.97063571009016
3.8163620042549 0.96847793019108
3.8163636631306 0.96465655007335
3.8163653220063 0.95878600790915
3.8163669808819 0.95430659653736
3.8163686397576 0.95084189015478
3.8163702986333 0.94986989736272
3.816371957509 0.94992338537253
3.8163736163846 0.94661734494144
3.8163752752603 0.94266635455418
3.816376934136 0.93559646706115
3.8163785930117 0.92819474953133
3.8163802518874 0.91869378284781
3.816381910763 0.90886568886858
3.8163835696387 0.89794888379958
3.8163852285144 0.890617710274
3.8163868873901 0.88960586988932
3.8163885462657 0.89150353565563
3.8163902051414 0.89639175519517
3.8163918640171 0.90741818545395
3.8163935228928 0.92213771887509
3.8163951817685 0.93702485145952
3.8163968406441 0.95196615093016
3.8163984995198 0.9604132805661
3.8164001583955 0.9679389529608
3.8164018172712 0.97047662763588
3.8164034761468 0.97283917689722
3.8164051350225 0.97421439109361
3.8164067938982 0.97451495459285
3.8164084527739 0.97208714568871
3.8164101116496 0.9674802569083
3.8164117705252 0.95979707615259
3.8164134294009 0.94705801158501
3.8164150882766 0.9301283890298
3.8164167471523 0.91964571484588
3.8164184060279 0.9122091935935
3.8164200649036 0.91814886908817
3.8164217237793 0.92719403317379
3.816423382655 0.93888178808534
3.8164250415307 0.95022005991921
3.8164267004063 0.9554874732796
3.816428359282 0.96002143017597
3.8164300181577 0.96179217859534
3.8164316770334 0.96207069726909
3.816433335909 0.95948776987679
3.8164349947847 0.95842614330118
3.8164366536604 0.95904004747992
3.8164383125361 0.95992028028009
3.8164399714118 0.96097140742558
3.8164416302874 0.961541975768
3.8164432891631 0.96194594592437
3.8164449480388 0.95754122116895
3.8164466069145 0.9524779036866
3.8164482657901 0.9495971961586
3.8164499246658 0.94687707003186
3.8164515835415 0.9451150452916
3.8164532424172 0.94513545093574
3.8164549012929 0.94979636778069
3.8164565601685 0.9543004032217
3.8164582190442 0.95858014035611
3.8164598779199 0.9622875158929
3.8164615367956 0.96551858622282
3.8164631956712 0.96593984842755
3.8164648545469 0.96503984210913
3.8164665134226 0.96566824473403
3.8164681722983 0.96664445889759
3.816469831174 0.96696067289585
3.8164714900496 0.96704425728751
3.8164731489253 0.9649762750953
3.816474807801 0.96309948021606
3.8164764666767 0.96190484849986
3.8164781255523 0.96149832011936
3.816479784428 0.96253058200747
3.8164814433037 0.96221268673343
3.8164831021794 0.96048426201396
3.8164847610551 0.958200234727
3.8164864199307 0.95558193751012
3.8164880788064 0.95348345944118
3.8164897376821 0.95154932257182
3.8164913965578 0.94706863817598
3.8164930554334 0.9425464190707
3.8164947143091 0.94600157374993
3.8164963731848 0.95004580711021
3.8164980320605 0.95703010628519
3.8164996909361 0.96329829700393
3.8165013498118 0.96791826660036
3.8165030086875 0.9710545960376
3.8165046675632 0.97229509117324
3.8165063264389 0.97273001734099
3.8165079853145 0.97257011511243
3.8165096441902 0.97182021097628
3.8165113030659 0.97083119361511
3.8165129619416 0.97101191070152
3.8165146208172 0.97140207184126
3.8165162796929 0.97100102037622
3.8165179385686 0.97057470684487
3.8165195974443 0.97005405983302
3.81652125632 0.9693667529492
3.8165229151956 0.96820138654362
3.8165245740713 0.96703557239702
3.816526232947 0.96586907409307
3.8165278918227 0.96300137928957
3.8165295506983 0.9586415022973
3.816531209574 0.95696663990715
3.8165328684497 0.95661389469699
3.8165345273254 0.95717210887695
3.8165361862011 0.95794745207336
3.8165378450767 0.96123706313357
3.8165395039524 0.96430043189762
3.8165411628281 0.96324355777547
3.8165428217038 0.9607680898142
3.8165444805794 0.95328528309135
3.8165461394551 0.94317460452514
3.8165477983308 0.92836690154674
3.8165494572065 0.90947569512626
3.8165511160822 0.88644987065555
3.8165527749578 0.86656610919523
3.8165544338335 0.84848721257589
3.8165560927092 0.84030883728017
3.8165577515849 0.83502806343632
3.8165594104605 0.84782466103366
3.8165610693362 0.86273305377312
3.8165627282119 0.8845538810441
3.8165643870876 0.90543382529495
3.8165660459633 0.92229276441406
3.8165677048389 0.93653982124224
3.8165693637146 0.94545003814809
3.8165710225903 0.95279210383576
3.816572681466 0.95834937802169
3.8165743403416 0.96168963462769
3.8165759992173 0.96359382696341
3.816577658093 0.96513672380749
3.8165793169687 0.96655677345314
3.8165809758444 0.96426792643312
3.81658263472 0.96153035998363
3.8165842935957 0.95993002218884
3.8165859524714 0.9582171657181
3.8165876113471 0.95593556701518
3.8165892702227 0.95301865819828
3.8165909290984 0.94865450670715
3.8165925879741 0.94489340075582
3.8165942468498 0.94188399106486
3.8165959057255 0.93856476091913
3.8165975646011 0.93502601841356
3.8165992234768 0.93583513171691
3.8166008823525 0.93828844350058
3.8166025412282 0.94107675325606
3.8166042001038 0.94390471630411
3.8166058589795 0.94491587064187
3.8166075178552 0.94558941054502
3.8166091767309 0.94430980597177
3.8166108356066 0.94211777462069
3.8166124944822 0.93767236227865
3.8166141533579 0.93384863655831
3.8166158122336 0.93085164186214
3.8166174711093 0.9306312099853
3.8166191299849 0.93250234074423
3.8166207888606 0.93522086985934
3.8166224477363 0.93828285834638
3.816624106612 0.93996856402063
3.8166257654877 0.94141707269953
3.8166274243633 0.93747703217753
3.816629083239 0.93190528528171
3.8166307421147 0.916172832023
3.8166324009904 0.90013858534348
3.816634059866 0.88332054404893
3.8166357187417 0.86778998002032
3.8166373776174 0.85403782959571
3.8166390364931 0.84636135680181
3.8166406953688 0.84341916427112
3.8166423542444 0.85406766325936
3.8166440131201 0.87042367811998
3.8166456719958 0.88898278554369
3.8166473308715 0.90794114124855
3.8166489897471 0.91814113415131
3.8166506486228 0.92746487297535
3.8166523074985 0.93164799256732
3.8166539663742 0.93378782516826
3.8166556252499 0.93052627676761
3.8166572841255 0.92743232724932
3.8166589430012 0.92457233857668
3.8166606018769 0.92184710018624
3.8166622607526 0.91922757840133
3.8166639196282 0.91457841978313
3.8166655785039 0.90907401398732
3.8166672373796 0.90195545975477
3.8166688962553 0.89454498633464
3.816670555131 0.87768523525314
3.8166722140066 0.85990372649032
3.8166738728823 0.83675762891301
3.816675531758 0.816637214745
3.8166771906337 0.80439205965637
3.8166788495093 0.80035194195402
3.816680508385 0.80757773592474
3.8166821672607 0.82439977300046
3.8166838261364 0.8485977780047
3.8166854850121 0.87172186776177
3.8166871438877 0.89440627646092
3.8166888027634 0.91030876145881
3.8166904616391 0.92504983941223
3.8166921205148 0.93390434385996
3.8166937793904 0.94154306854424
3.8166954382661 0.9419429898433
3.8166970971418 0.94211865387389
3.8166987560175 0.94173810030958
3.8167004148932 0.94206594598563
3.8167020737688 0.94332466588128
3.8167037326445 0.94328207190152
3.8167053915202 0.94228580592398
3.8167070503959 0.94131791065314
3.8167087092715 0.94036093076203
3.8167103681472 0.93698184488854
3.8167120270229 0.9331300015438
3.8167136858986 0.92132160340719
3.8167153447743 0.90905647420875
3.8167170036499 0.89436057342829
3.8167186625256 0.87993368628548
3.8167203214013 0.86612333833657
3.816721980277 0.8560637974658
3.8167236391526 0.850597500843
3.8167252980283 0.85061131928942
3.816726956904 0.85434865217889
3.8167286157797 0.86345395269157
3.8167302746554 0.87443126755598
3.816731933531 0.88676893165649
3.8167335924067 0.89930078056521
3.8167352512824 0.91245818325608
3.8167369101581 0.92441770299918
3.8167385690337 0.9309321310317
3.8167402279094 0.93690555260565
3.8167418867851 0.94176501473528
3.8167435456608 0.94500485438543
3.8167452045365 0.94644455843565
3.8167468634121 0.94919351199743
3.8167485222878 0.95274338170933
3.8167501811635 0.95329605830974
3.8167518400392 0.95294039824407
3.8167534989148 0.9523388999728
3.8167551577905 0.95176753705973
3.8167568166662 0.95200287853622
3.8167584755419 0.95187310449111
3.8167601344176 0.95036267587917
3.8167617932932 0.94976610471274
3.8167634521689 0.95081773537022
3.8167651110446 0.94847644445076
3.8167667699203 0.94280045651587
3.8167684287959 0.94136050077753
3.8167700876716 0.94218011288425
3.8167717465473 0.94043409838005
3.816773405423 0.93804684989644
3.8167750642986 0.93708997269526
3.8167767231743 0.93608769668342
3.81677838205 0.93392530930232
3.8167800409257 0.93232107168323
3.8167816998014 0.93243989014026
3.816783358677 0.93353418645371
3.8167850175527 0.9361344490237
3.8167866764284 0.93643695125589
3.8167883353041 0.93479590550702
3.8167899941797 0.93518435662108
3.8167916530554 0.93648248563297
3.8167933119311 0.93760701312867
3.8167949708068 0.93869831932872
3.8167966296825 0.93553783606784
3.8167982885581 0.93261915549667
3.8167999474338 0.93152985394695
3.8168016063095 0.92916116645134
3.8168032651852 0.9236114783242
3.8168049240608 0.91728905879565
3.8168065829365 0.90996818244737
3.8168082418122 0.90346312220946
3.8168099006879 0.89753485839194
3.8168115595636 0.89191398470079
3.8168132184392 0.88640363839006
3.8168148773149 0.88364521877267
3.8168165361906 0.88159777789626
3.8168181950663 0.88922958179095
3.8168198539419 0.89647036845906
3.8168215128176 0.90199379523577
3.8168231716933 0.90824043932832
3.816824830569 0.91591821324408
3.8168264894447 0.92314999297464
3.8168281483203 0.92991022822399
3.816829807196 0.93411154050542
3.8168314660717 0.93685200857066
3.8168331249474 0.93697478898989
3.816834783823 0.93639022016746
3.8168364426987 0.9343410021187
3.8168381015744 0.93239750249234
3.8168397604501 0.9325267643042
3.8168414193258 0.93249945582821
3.8168430782014 0.93197641043382
3.8168447370771 0.93369878249782
3.8168463959528 0.93891500695653
3.8168480548285 0.94223058485973
3.8168497137041 0.94394384521564
3.8168513725798 0.94414432376341
3.8168530314555 0.94367797184516
3.8168546903312 0.94200457375116
3.8168563492069 0.94011089743726
3.8168580080825 0.93582464017385
3.8168596669582 0.93178886763599
3.8168613258339 0.92921580338612
3.8168629847096 0.92645352122496
3.8168646435852 0.92325244920925
3.8168663024609 0.92246875195816
3.8168679613366 0.92459839717566
3.8168696202123 0.92834881749814
3.816871279088 0.9331540925781
3.8168729379636 0.93505923839574
3.8168745968393 0.93603950316085
3.816876255715 0.93833373814349
3.8168779145907 0.94069327818484
3.8168795734663 0.94211600695117
3.816881232342 0.94291926051619
3.8168828912177 0.94147802147245
3.8168845500934 0.94049721944304
3.8168862089691 0.94030283852279
3.8168878678447 0.94085691965802
3.8168895267204 0.94209530718481
3.8168911855961 0.94145059907873
3.8168928444718 0.93990182647272
3.8168945033474 0.93674246336981
3.8168961622231 0.93325090019307
3.8168978210988 0.92537310183054
3.8168994799745 0.91669502109445
3.8169011388502 0.90343524780786
3.8169027977258 0.88917771925999
3.8169044566015 0.87247758167644
3.8169061154772 0.85534242911803
3.8169077743529 0.83766235558713
3.8169094332285 0.82895712051582
3.8169110921042 0.82628508983041
3.8169127509799 0.83287430566901
3.8169144098556 0.84251424666962
3.8169160687313 0.85273003680048
3.8169177276069 0.8632465826425
3.8169193864826 0.87747664481956
3.8169210453583 0.8897411077231
3.816922704234 0.89485638640726
3.8169243631096 0.89927582973262
3.8169260219853 0.90251246939256
3.816927680861 0.90656324444808
3.8169293397367 0.91134982168764
3.8169309986124 0.91365920021516
3.816932657488 0.91480454576353
3.8169343163637 0.91159669169829
3.8169359752394 0.90753150002408
3.8169376341151 0.90561724747998
3.8169392929907 0.9037918195476
3.8169409518664 0.90236809657386
3.8169426107421 0.90045134576718
3.8169442696178 0.89739379616491
3.8169459284935 0.89278944343164
3.8169475873691 0.88635072087087
3.8169492462448 0.87958876005762
3.8169509051205 0.87262300773283
3.8169525639962 0.86697434813463
3.8169542228718 0.86172066503889
3.8169558817475 0.8618811305906
3.8169575406232 0.86274493779614
3.8169591994989 0.86661232108792
3.8169608583746 0.87022486202535
3.8169625172502 0.87302178982131
3.8169641761259 0.87408818699559
3.8169658350016 0.87249978187505
3.8169674938773 0.86717578984746
3.8169691527529 0.85881092532852
3.8169708116286 0.84580621536293
3.8169724705043 0.83088857741473
3.81697412938 0.81751331464087
3.8169757882557 0.80451272410076
3.8169774471313 0.7974413728157
3.816979106007 0.792891181065
3.8169807648827 0.79988000914725
3.8169824237584 0.80754523569002
3.816984082634 0.81654322636811
3.8169857415097 0.82672255681714
3.8169874003854 0.83811127294478
3.8169890592611 0.84763443893494
3.8169907181368 0.85616093598473
3.8169923770124 0.86268588771542
3.8169940358881 0.86873989858925
3.8169956947638 0.87020802176102
3.8169973536395 0.87151032138308
3.8169990125151 0.87273248257186
3.8170006713908 0.87309084602729
3.8170023302665 0.87126751733703
3.8170039891422 0.870824523925
3.8170056480179 0.872124513
3.8170073068935 0.87207341644734
3.8170089657692 0.87112306358015
3.8170106246449 0.87020728313071
3.8170122835206 0.86930248202329
3.8170139423962 0.86994325783307
3.8170156012719 0.87057163026267
3.8170172601476 0.86937827223303
3.8170189190233 0.86856311612003
3.817020577899 0.86897542546842
3.8170222367746 0.86980692957077
3.8170238956503 0.87128132212441
3.817025554526 0.86941730001676
3.8170272134017 0.86486494436831
3.8170288722773 0.86171815604728
3.817030531153 0.85913618290055
3.8170321900287 0.85870127875606
3.8170338489044 0.85853886993478
3.8170355077801 0.85718411680014
3.8170371666557 0.85601200211814
3.8170388255314 0.85560657946226
3.8170404844071 0.854220321344
3.8170421432828 0.85103105643378
3.8170438021584 0.84650501560649
3.8170454610341 0.84070694491251
3.8170471199098 0.83701917362958
3.8170487787855 0.83435835179788
3.8170504376612 0.8295363441862
3.8170520965368 0.82428106801134
3.8170537554125 0.81633657212209
3.8170554142882 0.80869691996625
3.8170570731639 0.80282607855538
3.8170587320395 0.79673982824308
3.8170603909152 0.79018494480104
3.8170620497909 0.78197542487888
3.8170637086666 0.7719430926908
3.8170653675422 0.76279959180023
3.8170670264179 0.7541628953274
3.8170686852936 0.74450453159895
3.8170703441693 0.73458768358876
3.817072003045 0.72418642307816
3.8170736619206 0.71314345627495
3.8170753207963 0.69758087514284
3.817076979672 0.68183645801419
3.8170786385477 0.66563010374171
3.8170802974233 0.65030916632534
3.817081956299 0.63609626576604
3.8170836151747 0.62048863573954
3.8170852740504 0.60397436628079
3.8170869329261 0.58636007888717
3.8170885918017 0.56841360103555
3.8170902506774 0.5543052357976
3.8170919095531 0.54046312450239
3.8170935684288 0.52640774711894
3.8170952273044 0.51298135019281
3.8170968861801 0.50139358934858
3.8170985450558 0.49034316610236
3.8171002039315 0.48004263263552
3.8171018628072 0.47172428638339
3.8171035216828 0.46484040696069
3.8171051805585 0.45753017209829
3.8171068394342 0.45007243496887
3.8171084983099 0.44329235522617
3.8171101571855 0.43669148183964
3.8171118160612 0.43155796700903
3.8171134749369 0.42636592970495
3.8171151338126 0.42098049542925
3.8171167926883 0.41493237475485
3.8171184515639 0.40787216034567
3.8171201104396 0.40244172874728
3.8171217693153 0.39829601750837
3.817123428191 0.39294274421825
3.8171250870666 0.38712645733246
3.8171267459423 0.38373381681631
3.817128404818 0.38068291769979
3.8171300636937 0.37822915781053
3.8171317225694 0.37523805867681
3.817133381445 0.37028050790208
3.8171350403207 0.36573040338893
3.8171366991964 0.36184840608487
3.8171383580721 0.35729569623248
3.8171400169477 0.35217889140352
3.8171416758234 0.35059200795653
3.8171433346991 0.3504634247863
3.8171449935748 0.35234289873258
3.8171466524505 0.35448556913325
3.8171483113261 0.35582498896823
3.8171499702018 0.35698751874636
3.8171516290775 0.35745074650495
3.8171532879532 0.35873330015564
3.8171549468288 0.36142942181604
3.8171566057045 0.36452502171465
3.8171582645802 0.36797193409598
3.8171599234559 0.37157411818142
3.8171615823316 0.37524367704389
3.8171632412072 0.38124315850839
3.8171649000829 0.3876886036953
3.8171665589586 0.39671826571477
3.8171682178343 0.40650693862026
3.8171698767099 0.41944640914815
3.8171715355856 0.43201976906454
3.8171731944613 0.44394219368378
3.817174853337 0.45687503681255
3.8171765122127 0.47071858594163
3.8171781710883 0.47950138642807
3.817179829964 0.48603278287928
3.8171814888397 0.49214760898402
3.8171831477154 0.49822558786652
3.817184806591 0.50556022204889
3.8171864654667 0.51348412212399
3.8171881243424 0.52389964917558
3.8171897832181 0.53444900192443
3.8171914420938 0.54523840217434
3.8171931009694 0.55265218342868
3.8171947598451 0.55700884341227
3.8171964187208 0.55900562868794
3.8171980775965 0.55995058795123
3.8171997364721 0.55702508090831
3.8172013953478 0.5534963666073
3.8172030542235 0.55120510933219
3.8172047130992 0.54953610456195
3.8172063719749 0.55046214887091
3.8172080308505 0.55258213717009
3.8172096897262 0.5568165824397
3.8172113486019 0.56254658510992
3.8172130074776 0.569610689697
3.8172146663532 0.57792403554412
3.8172163252289 0.58678223242412
3.8172179841046 0.59585609948358
3.8172196429803 0.60494423392302
3.817221301856 0.61344396105374
3.8172229607316 0.62157189080473
3.8172246196073 0.62821671496413
3.817226278483 0.63492146471507
3.8172279373587 0.64172878169679
3.8172295962343 0.64671681513798
3.81723125511 0.65013772097012
3.8172329139857 0.65496674208292
3.8172345728614 0.66038258550599
3.8172362317371 0.66361765802694
3.8172378906127 0.66648560377459
3.8172395494884 0.66815737792801
3.8172412083641 0.6702046613621
3.8172428672398 0.67364403520774
3.8172445261154 0.67835833793172
3.8172461849911 0.68513886294359
3.8172478438668 0.69026951899938
3.8172495027425 0.69405518033005
3.8172511616182 0.69758845807122
3.8172528204938 0.70102373646289
3.8172544793695 0.7052438818148
3.8172561382452 0.7095864876073
3.8172577971209 0.71432925662388
3.8172594559965 0.71952991049488
3.8172611148722 0.72626862705162
3.8172627737479 0.73123093097834
3.8172644326236 0.73352177950205
3.8172660914993 0.73709596924615
3.8172677503749 0.74164028794076
3.8172694092506 0.74669549531373
3.8172710681263 0.75193044834596
3.817272727002 0.75744294563772
3.8172743858776 0.76281100458063
3.8172760447533 0.76622039365212
3.817277703629 0.76928448027994
3.8172793625047 0.77131980992492
3.8172810213804 0.77353244241479
3.817282680256 0.77598780827853
3.8172843391317 0.77851559092219
3.8172859980074 0.7810930642209
3.8172876568831 0.78198011461826
3.8172893157587 0.782345383352
3.8172909746344 0.77890824345529
3.8172926335101 0.77511597914408
3.8172942923858 0.77055099992378
3.8172959512615 0.76668130795339
3.8172976101371 0.76461555990694
3.8172992690128 0.76296011135086
3.8173009278885 0.76180653096417
3.8173025867642 0.76153830603392
3.8173042456398 0.76180907473353
3.8173059045155 0.76860651067938
3.8173075633912 0.77710288431017
3.8173092222669 0.78977282424125
3.8173108811426 0.80237115734423
3.8173125400182 0.81358694461613
3.8173141988939 0.82527240069759
3.8173158577696 0.83800331931288
3.8173175166453 0.84711122121928
3.8173191755209 0.8523327708713
3.8173208343966 0.85379451678401
3.8173224932723 0.8532762529382
3.817324152148 0.85264334725493
3.8173258110237 0.85198598714736
3.8173274698993 0.85035926768573
3.817329128775 0.84940553783088
3.8173307876507 0.85165475537594
3.8173324465264 0.85604356370748
3.817334105402 0.86130537344853
3.8173357642777 0.86599040160677
3.8173374231534 0.86988481203041
3.8173390820291 0.87360156562173
3.8173407409047 0.87691899358895
3.8173423997804 0.88012873211308
3.8173440586561 0.8829930365099
3.8173457175318 0.88574752289136
3.8173473764075 0.88978196196918
3.8173490352831 0.89428960400171
3.8173506941588 0.89701111210262
3.8173523530345 0.89897269911644
3.8173540119102 0.90194282287474
3.8173556707858 0.90540282188849
3.8173573296615 0.90599686322068
3.8173589885372 0.90501176727333
3.8173606474129 0.90587062556687
3.8173623062886 0.90787645023221
3.8173639651642 0.90980952455088
3.8173656240399 0.91169171323951
3.8173672829156 0.91276194011947
3.8173689417913 0.91319540140406
3.8173706006669 0.91115882395231
3.8173722595426 0.90695461004597
3.8173739184183 0.9068418233055
3.817375577294 0.9107414460635
3.8173772361697 0.91230640440821
3.8173788950453 0.91131404769012
3.817380553921 0.9098977280514
3.8173822127967 0.90796270061385
3.8173838716724 0.90707002027043
3.817385530548 0.90760275746277
3.8173871894237 0.90855125107749
3.8173888482994 0.91013621883145
3.8173905071751 0.91209481360457
3.8173921660508 0.91469521414146
3.8173938249264 0.91652943891286
3.8173954838021 0.91688268076787
3.8173971426778 0.91543855155262
3.8173988015535 0.91006792324885
3.8174004604291 0.90734807863533
3.8174021193048 0.91120563939373
3.8174037781805 0.91484930399937
3.8174054370562 0.91788601589147
3.8174070959319 0.92056368475735
3.8174087548075 0.92206632094183
3.8174104136832 0.92273119676569
3.8174120725589 0.92019850589525
3.8174137314346 0.91759796826715
3.8174153903102 0.91469106030991
3.8174170491859 0.91317158560845
3.8174187080616 0.91921036206412
3.8174203669373 0.92432237730527
3.817422025813 0.92317821560538
3.8174236846886 0.92192820735504
3.8174253435643 0.91975725820973
3.81742700244 0.91804265510267
3.8174286613157 0.92177962243667
3.8174303201913 0.92534906074741
3.817431979067 0.92583533368963
3.8174336379427 0.92642454077636
3.8174352968184 0.93088127069037
3.8174369556941 0.93533710728816
3.8174386145697 0.93780380400864
3.8174402734454 0.94027050072912
3.8174419323211 0.94323668591692
3.8174435911968 0.94621564268677
3.8174452500724 0.94272624076651
3.8174469089481 0.93889541360576
3.8174485678238 0.94119622681669
3.8174502266995 0.94399626138656
3.8174518855752 0.9440766021172
3.8174535444508 0.94385387282723
3.8174552033265 0.94502284662208
3.8174568622022 0.94639089361728
3.8174585210779 0.94862855290116
3.8174601799535 0.95101958461781
3.8174618388292 0.95024361828646
3.8174634977049 0.94879783904491
3.8174651565806 0.95016608678147
3.8174668154563 0.95223384114203
3.8174684743319 0.95198367558031
3.8174701332076 0.9510663138148
3.8174717920833 0.95131095446506
3.817473450959 0.95193837895181
3.8174751098346 0.95112772559657
3.8174767687103 0.94977993454038
3.817478427586 0.95198218147725
3.8174800864617 0.95567699631188
3.8174817453374 0.95484139783652
3.817483404213 0.95187473382185
3.8174850630887 0.95055600107049
3.8174867219644 0.9501003969775
3.8174883808401 0.94534491414964
3.8174900397157 0.93809196798657
3.8174916985914 0.93422336640667
3.8174933574671 0.93252771939205
3.8174950163428 0.93477058277746
3.8174966752185 0.93980082720755
3.8174983340941 0.94424553417183
3.8174999929698 0.94823429275807
3.8175016518455 0.95084007429193
3.8175033107212 0.95226314457177
3.8175049695968 0.95242764540573
3.8175066284725 0.95141133057966
3.8175082873482 0.95101735546132
3.8175099462239 0.95126354155489
3.8175116050996 0.95131544867575
3.8175132639752 0.95114834734848
3.8175149228509 0.9518670525458
3.8175165817266 0.95368003907929
3.8175182406023 0.95306041471271
3.8175198994779 0.94914594136714
3.8175215583536 0.94740884519718
3.8175232172293 0.94890758989604
3.817524876105 0.94735048159851
3.8175265349807 0.9408048469116
3.8175281938563 0.93116756625428
3.817529852732 0.91597664329429
3.8175315116077 0.90662081122307
3.8175331704834 0.90882304993596
3.817534829359 0.90718252794039
3.8175364882347 0.89712514683983
3.8175381471104 0.88332946013328
3.8175398059861 0.86044992336348
3.8175414648618 0.83620492247929
3.8175431237374 0.80826412812598
3.8175447826131 0.78198254027453
3.8175464414888 0.76072886255688
3.8175481003645 0.74467492342087
3.8175497592401 0.74636929589635
3.8175514181158 0.75240532847119
3.8175530769915 0.77525891462975
3.8175547358672 0.79905451691577
3.8175563947429 0.82703087349516
3.8175580536185 0.85456466465976
3.8175597124942 0.87982057695242
3.8175613713699 0.90409797648056
3.8175630302456 0.92244590642438
3.8175646891212 0.93897175177555
3.8175663479969 0.94222534746621
3.8175680068726 0.94534942375192
3.8175696657483 0.94730616561176
3.817571324624 0.94887197950943
3.8175729834996 0.94589064381971
3.8175746423753 0.94291347598953
3.817576301251 0.9400032700462
3.8175779601267 0.93724499997079
3.8175796190023 0.93832056127933
3.817581277878 0.93918376357726
3.8175829367537 0.92831506624427
3.8175845956294 0.91744636891129
3.8175862545051 0.91058699118908
3.8175879133807 0.90373736426845
3.8175895722564 0.91252884089534
3.8175912311321 0.92168093481722
3.8175928900078 0.90165056844634
3.8175945488834 0.88032454510734
3.8175962077591 0.88352294734871
3.8175978666348 0.88835326126972
3.8175995255105 0.88922901813062
3.8176011843862 0.88975090122614
3.8176028432618 0.8917481678672
3.8176045021375 0.89391254986092
3.8176061610132 0.89610099258877
3.8176078198889 0.89829275548973
3.8176094787645 0.89892699901113
3.8176111376402 0.8993063489245
3.8176127965159 0.89886604503412
3.8176144553916 0.89826975411514
3.8176161142673 0.90119719274443
3.8176177731429 0.90489305700992
3.8176194320186 0.90766870067734
3.8176210908943 0.91021709505117
3.81762274977 0.91122226362964
3.8176244086456 0.91179983927339
3.8176260675213 0.90696766756448
3.817627726397 0.90046678213142
3.8176293852727 0.89490979513418
3.8176310441483 0.88967485664094
3.817632703024 0.88383270996201
3.8176343618997 0.8777626087928
3.8176360207754 0.87903875205473
3.8176376796511 0.88333538945173
3.8176393385267 0.88087468414627
3.8176409974024 0.87538251893274
3.8176426562781 0.87171580892239
3.8176443151538 0.86893942436691
3.8176459740294 0.86776961003576
3.8176476329051 0.86744947798306
3.8176492917808 0.86767601251597
3.8176509506565 0.86821520773573
3.8176526095322 0.87093451112648
3.8176542684078 0.87499948164308
3.8176559272835 0.87917897726553
3.8176575861592 0.88343462986323
3.8176592450349 0.89350171832769
3.8176609039105 0.90772457640571
3.8176625627862 0.91843090650652
3.8176642216619 0.92643641289269
3.8176658805376 0.92816876379872
3.8176675394133 0.92473186647072
3.8176691982889 0.91481559308925
3.8176708571646 0.89917673755525
3.8176725160403 0.89649253683947
3.817674174916 0.90606122158678
3.8176758337916 0.90934421185253
3.8176774926673 0.90626368235966
3.817679151543 0.90926665710339
3.8176808104187 0.91885844092807
3.8176824692944 0.92850603595682
3.81768412817 0.93821827476164
3.8176857870457 0.94400115813335
3.8176874459214 0.9449171035232
3.8176891047971 0.94409824785765
3.8176907636727 0.94098174200509
3.8176924225484 0.93995898528482
3.8176940814241 0.94190168576477
3.8176957402998 0.94089055784928
3.8176973991755 0.9354038098108
3.8176990580511 0.93099753920764
3.8177007169268 0.92834331979828
3.8177023758025 0.92353321618939
3.8177040346782 0.91497922156475
3.8177056935538 0.90881246246082
3.8177073524295 0.90708855139198
3.8177090113052 0.90904162487426
3.8177106701809 0.91833481253944
3.8177123290566 0.92706905823638
3.8177139879322 0.93460502254391
3.8177156468079 0.94046102093381
3.8177173056836 0.94244425006433
3.8177189645593 0.94305895317526
3.8177206234349 0.94027624758427
3.8177222823106 0.93813466210263
3.8177239411863 0.93771038024031
3.817725600062 0.93775535477264
3.8177272589377 0.93915930074897
3.8177289178133 0.93930874609278
3.817730576689 0.93552103955198
3.8177322355647 0.93256893415519
3.8177338944404 0.93246718731688
3.817735553316 0.9337123947464
3.8177372121917 0.93996739096465
3.8177388710674 0.94490668384937
3.8177405299431 0.9444892259594
3.8177421888188 0.94341636011479
3.8177438476944 0.93940978648621
3.8177455065701 0.93592196570017
3.8177471654458 0.93500007761687
3.8177488243215 0.93445338816898
3.8177504831971 0.9359706088451
3.8177521420728 0.93788186194364
3.8177538009485 0.94222132446277
3.8177554598242 0.94642635493658
3.8177571186999 0.94969500842124
3.8177587775755 0.95267905039848
3.8177604364512 0.9533965835702
3.8177620953269 0.95365404514774
3.8177637542026 0.94966347835378
3.8177654130782 0.94461957254096
3.8177670719539 0.92808479589825
3.8177687308296 0.91201025722142
3.8177703897053 0.9020133309722
3.817772048581 0.8917078086437
3.8177737074566 0.87628520903731
3.8177753663323 0.86079511328766
3.817777025208 0.84382205104366
3.8177786840837 0.82670775763449
3.8177803429593 0.805071129002
3.817782001835 0.78347845211938
3.8177836607107 0.76440163138954
3.8177853195864 0.74545549446398
3.8177869784621 0.75786058149005
3.8177886373377 0.77026566851613
3.8177902962134 0.7954015700129
3.8177919550891 0.82064962694921
3.8177936139648 0.8464827574724
3.8177952728404 0.87232873233326
3.8177969317161 0.89663341224243
3.8177985905918 0.92088361968523
3.8178002494675 0.93244200409568
3.8178019083432 0.94337928092755
3.8178035672188 0.94037672516402
3.8178052260945 0.93649954808619
3.8178068849702 0.94577162971857
3.8178085438459 0.95605364665382
3.8178102027215 0.95950619805138
3.8178118615972 0.96233668834271
3.8178135204729 0.95080354649399
3.8178151793486 0.93775384749696
3.8178168382243 0.93949231699122
3.8178184970999 0.94301057883465
3.8178201559756 0.94550752107706
3.8178218148513 0.94786622999233
3.817823473727 0.95384360590852
3.8178251326026 0.96036603994011
3.8178267914783 0.9584090803478
3.817828450354 0.95504386927376
3.8178301092297 0.95706396802626
3.8178317681054 0.960063536995
3.817833426981 0.95796262615221
3.8178350858567 0.9548525331538
3.8178367447324 0.95315152789907
3.8178384036081 0.9517522650946
3.8178400624837 0.94971734725537
3.8178417213594 0.9475358063171
3.8178433802351 0.94748250924452
3.8178450391108 0.9479559458331
3.8178466979865 0.95080799662804
3.8178483568621 0.95428938158757
3.8178500157378 0.95412034414134
3.8178516746135 0.95292219371411
3.8178533334892 0.94394157416918
3.8178549923648 0.93262953383204
3.8178566512405 0.9407565521224
3.8178583101162 0.95505392757964
3.8178599689919 0.95859858193839
3.8178616278676 0.95853391157139
3.8178632867432 0.94907170037649
3.8178649456189 0.93628178418723
3.8178666044946 0.926811604661
3.8178682633703 0.91857928315604
3.8178699222459 0.89972012679343
3.8178715811216 0.8766952868828
3.8178732399973 0.84748320700284
3.817874898873 0.81572627314274
3.8178765577487 0.78720608208557
3.8178782166243 0.7600808158035
3.8178798755 0.75278935213681
3.8178815343757 0.75444252884481
3.8178831932514 0.75846735481374
3.817884852127 0.76360966202206
3.8178865110027 0.78089093921784
3.8178881698784 0.80414257920405
3.8178898287541 0.83293033439335
3.8178914876298 0.86455631060047
3.8178931465054 0.88740114040496
3.8178948053811 0.90555789243296
3.8178964642568 0.91793150225707
3.8178981231325 0.92709337018612
3.8178997820081 0.93827534855461
3.8179014408838 0.95062317386418
3.8179030997595 0.95646936721245
3.8179047586352 0.95841944297192
3.8179064175108 0.94973870609012
3.8179080763865 0.93444922499774
3.8179097352622 0.93618304265771
3.8179113941379 0.9488856282233
3.8179130530136 0.94366656389258
3.8179147118892 0.92648664712983
3.8179163707649 0.91523241556783
3.8179180296406 0.90807120534362
3.8179196885163 0.89491357902998
3.8179213473919 0.8774718933369
3.8179230062676 0.85530154573271
3.8179246651433 0.82964005322335
3.817926324019 0.80248139730739
3.8179279828947 0.77418092360033
3.8179296417703 0.75107030321851
3.817931300646 0.73204486615903
3.8179329595217 0.72716387161138
3.8179346183974 0.73376845346426
3.817936277273 0.74969865307115
3.8179379361487 0.77343569687553
3.8179395950244 0.79983288132633
3.8179412539001 0.82852442963072
3.8179429127758 0.8538761111217
3.8179445716514 0.87626123697412
3.8179462305271 0.89106087696104
3.8179478894028 0.89892601072244
3.8179495482785 0.90162846235203
3.8179512071541 0.89947540265989
3.8179528660298 0.90192476166107
3.8179545249055 0.90882411005934
3.8179561837812 0.91027517527667
3.8179578426569 0.90631191564246
3.8179595015325 0.90578039941171
3.8179611604082 0.90875161438425
3.8179628192839 0.90993080586604
3.8179644781596 0.90923205992833
3.8179661370352 0.91075648096028
3.8179677959109 0.91467161515314
3.8179694547866 0.91709641939719
3.8179711136623 0.91787748951543
3.817972772538 0.92254339493309
3.8179744314136 0.93160232351686
3.8179760902893 0.93478069293976
3.817977749165 0.93114458695615
3.8179794080407 0.92681081073639
3.8179810669163 0.92164882572321
3.817982725792 0.91815194815632
3.8179843846677 0.91667866361958
3.8179860435434 0.91435936686354
3.8179877024191 0.91098785354969
3.8179893612947 0.90927313065217
3.8179910201704 0.90966655798163
3.8179926790461 0.90955503851299
3.8179943379218 0.90878661241171
3.8179959967974 0.90791755673004
3.8179976556731 0.90691467584845
3.8179993145488 0.9076008343414
3.8180009734245 0.9105816911039
3.8180026323002 0.90838071583371
3.8180042911758 0.89899016139726
3.8180059500515 0.89024897928044
3.8180076089272 0.88242748027804
3.8180092678029 0.87744960464257
3.8180109266785 0.87658067430076
3.8180125855542 0.87899765719543
3.8180142444299 0.88625735491421
3.8180159033056 0.89327781948867
3.8180175621813 0.89993885164299
3.8180192210569 0.90495894567482
3.8180208799326 0.90746692912375
3.8180225388083 0.91017986355313
3.818024197684 0.91321239753964
3.8180258565596 0.91657089013315
3.8180275154353 0.9204468868407
3.818029174311 0.92249970040196
3.8180308331867 0.92160700129626
3.8180324920624 0.91938733891213
3.818034150938 0.91498683223757
3.8180358098137 0.91618886381542
3.8180374686894 0.92675126875782
3.8180391275651 0.92869617293739
3.8180407864407 0.91600720634317
3.8180424453164 0.90878279129433
3.8180441041921 0.910983900262
3.8180457630678 0.91442107878793
3.8180474219435 0.9200230532562
3.8180490808191 0.92267663289659
3.8180507396948 0.92008990854443
3.8180523985705 0.91944469190772
3.8180540574462 0.92230016441151
3.8180557163218 0.92586902951668
3.8180573751975 0.93074213125609
3.8180590340732 0.93513929972382
3.8180606929489 0.93865469952201
3.8180623518246 0.94315225718574
3.8180640107002 0.94949285908102
3.8180656695759 0.95575422966557
3.8180673284516 0.96186506564945
3.8180689873273 0.96555267474717
3.8180706462029 0.96458142622884
3.8180723050786 0.9653709938505
3.8180739639543 0.96958493178418
3.81807562283 0.97277743064002
3.8180772817057 0.97396204025251
3.8180789405813 0.97357483071285
3.818080599457 0.97006514381584
3.8180822583327 0.96395767368141
3.8180839172084 0.95263893379391
3.818085576084 0.94681421641369
3.8180872349597 0.95211456638294
3.8180888938354 0.95529376170502
3.8180905527111 0.95413980521187
3.8180922115868 0.9525533108754
3.8180938704624 0.95007593357573
3.8180955293381 0.94698188372838
3.8180971882138 0.94260774998806
3.8180988470895 0.94039381467277
3.8181005059651 0.9426956066675
3.8181021648408 0.94493920202526
3.8181038237165 0.94706031315295
3.8181054825922 0.95092098880228
3.8181071414679 0.95846490709472
3.8181088003435 0.96309318897888
3.8181104592192 0.96151354197633
3.8181121180949 0.96092914631766
3.8181137769706 0.9624743852141
3.8181154358462 0.96441732427222
3.8181170947219 0.96721513462967
3.8181187535976 0.96792445209877
3.8181204124733 0.96412681113653
3.818122071349 0.95997612807128
3.8181237302246 0.95506105601754
3.8181253891003 0.95121267094848
3.818127047976 0.94968004350566
3.8181287068517 0.94835768218559
3.8181303657273 0.94749283418011
3.818132024603 0.94873566658844
3.8181336834787 0.9545720338597
3.8181353423544 0.95999441616605
3.8181370012301 0.96451364060564
3.8181386601057 0.96660195157209
3.8181403189814 0.96338393111281
3.8181419778571 0.95855625464845
3.8181436367328 0.95021513999896
3.8181452956084 0.94634519207608
3.8181469544841 0.95222790460058
3.8181486133598 0.95459820255977
3.8181502722355 0.94931570707091
3.8181519311112 0.94763183758477
3.8181535899868 0.95377490884486
3.8181552488625 0.95759941522242
3.8181569077382 0.95639302543378
3.8181585666139 0.9556424739359
3.8181602254895 0.95587806122831
3.8181618843652 0.95696622560216
3.8181635432409 0.95989250688626
3.8181652021166 0.96303867706217
3.8181668609923 0.96665700495343
3.8181685198679 0.96738274958779
3.8181701787436 0.96192623431958
3.8181718376193 0.95926380735745
3.818173496495 0.96254284009073
3.8181751553706 0.96499520457722
3.8181768142463 0.96569968872403
3.818178473122 0.96348548686896
3.8181801319977 0.95513885496379
3.8181817908733 0.94575072244989
3.818183449749 0.93418895024336
3.8181851086247 0.92960378224171
3.8181867675004 0.93947286127663
3.8181884263761 0.9519605970508
3.8181900852517 0.96983097884432
3.8181917441274 0.98285049747963
3.8181934030031 0.98598164085482
3.8181950618788 0.98241534684493
3.8181967207544 0.96531987402347
3.8181983796301 0.95519147438432
3.8182000385058 0.959004163513
3.8182016973815 0.96043718735803
3.8182033562572 0.95715529524946
3.8182050151328 0.95607340081812
3.8182066740085 0.95930438573643
3.8182083328842 0.9624391764975
3.8182099917599 0.96538745251329
3.8182116506355 0.96710477960078
3.8182133095112 0.9664624008586
3.8182149683869 0.96508760550736
3.8182166272626 0.96232569642053
3.8182182861383 0.96103714451242
3.8182199450139 0.96250431982923
3.8182216038896 0.96487394287292
3.8182232627653 0.96890961769893
3.818224921641 0.9732792820821
3.8182265805166 0.97825733283785
3.8182282393923 0.97907559684969
3.818229898268 0.97242265436405
3.8182315571437 0.9680061275191
3.8182332160194 0.96754933638145
3.818234874895 0.96538625775326
3.8182365337707 0.96024701102357
3.8182381926464 0.95668396342098
3.8182398515221 0.9558278825511
3.8182415103977 0.95574004204672
3.8182431692734 0.95695083532905
3.8182448281491 0.9585819120315
3.8182464870248 0.96091202849109
3.8182481459005 0.96364274206288
3.8182498047761 0.96702861066364
3.8182514636518 0.96855952626499
3.8182531225275 0.96710848503685
3.8182547814032 0.96420079995576
3.8182564402788 0.9589925335507
3.8182580991545 0.95471314970428
3.8182597580302 0.95187437439795
3.8182614169059 0.95012424568263
3.8182630757816 0.95003153450052
3.8182647346572 0.9466984033042
3.8182663935329 0.93852473499555
3.8182680524086 0.93278821254946
3.8182697112843 0.93062202992264
3.8182713701599 0.92092628336517
3.8182730290356 0.90041633312974
3.8182746879113 0.88721165560942
3.818276346787 0.88428826800756
3.8182780056627 0.89053576099194
3.8182796645383 0.90942476555135
3.818281323414 0.91668815192837
3.8182829822897 0.9082633960409
3.8182846411654 0.90939333459715
3.818286300041 0.92314157854161
3.8182879589167 0.93700836523937
3.8182896177924 0.9510282882832
3.8182912766681 0.96123375632955
3.8182929355438 0.96662146931695
3.8182945944194 0.97189247024283
3.8182962532951 0.97701939370446
3.8182979121708 0.97921406578402
3.8182995710465 0.97787309896569
3.8183012299221 0.9755004636955
3.8183028887978 0.97191318193226
3.8183045476735 0.96800698035234
3.8183062065492 0.96373426610565
3.8183078654249 0.95556172107247
3.8183095243005 0.94301733071676
3.8183111831762 0.9347954840422
3.8183128420519 0.93129883866696
3.8183145009276 0.92442900725442
3.8183161598032 0.91396474100465
3.8183178186789 0.91679229236877
3.8183194775546 0.93341701912519
3.8183211364303 0.94141596215952
3.818322795306 0.94069602212368
3.8183244541816 0.93035365774215
3.8183261130573 0.91054519025665
3.818327771933 0.89699655745232
3.8183294308087 0.88943807373463
3.8183310896843 0.88038443445091
3.81833274856 0.86993963511107
3.8183344074357 0.85628009783856
3.8183360663114 0.83971382405665
3.8183377251871 0.82661300678901
3.8183393840627 0.8165554375724
3.8183410429384 0.81452869209723
3.8183427018141 0.819348375992
3.8183443606898 0.83480306930476
3.8183460195654 0.85905270771636
3.8183476784411 0.88330716454756
3.8183493373168 0.90756548492736
3.8183509961925 0.92696972483973
3.8183526550682 0.9426020457654
3.8183543139438 0.95461244728095
3.8183559728195 0.96389760686824
3.8183576316952 0.96517369228502
3.8183592905709 0.96061765247622
3.8183609494465 0.94541927774596
3.8183626083222 0.92272635931511
3.8183642671979 0.91265168234645
3.8183659260736 0.91116546420017
3.8183675849493 0.91718862410277
3.8183692438249 0.92814793125571
3.8183709027006 0.94776447103555
3.8183725615763 0.97287139204758
3.818374220452 0.97720263659175
3.8183758793276 0.96882841077438
3.8183775382033 0.96097446196773
3.818379197079 0.95342700466879
3.8183808559547 0.95181237193648
3.8183825148304 0.95356174438283
3.818384173706 0.95232971845323
3.8183858325817 0.94947216691784
3.8183874914574 0.94848472533292
3.8183891503331 0.94847668824396
3.8183908092087 0.94587662602245
3.8183924680844 0.94197385342421
3.8183941269601 0.93560497575478
3.8183957858358 0.92804808673902
3.8183974447115 0.92037542132207
3.8183991035871 0.91264936315257
3.8184007624628 0.91008659503707
3.8184024213385 0.90980069882705
3.8184040802142 0.91087161392898
3.8184057390898 0.91251371104602
3.8184073979655 0.91573083504563
3.8184090568412 0.91958007423992
3.8184107157169 0.92259744851129
3.8184123745926 0.92529706948798
3.8184140334682 0.92931208866105
3.8184156923439 0.93380455744862
3.8184173512196 0.94862162900554
3.8184190100953 0.96699279066005
3.8184206689709 0.96645966822336
3.8184223278466 0.95976805625215
3.8184239867223 0.95721910787906
3.818425645598 0.95594435873215
3.8184273044737 0.94900176138143
3.8184289633493 0.9404170620825
3.818430622225 0.93159070963262
3.8184322811007 0.92269861202958
3.8184339399764 0.92089340067312
3.818435598852 0.92089390343637
3.8184372577277 0.91726483993345
3.8184389166034 0.91277293933261
3.8184405754791 0.90305748477417
3.8184422343548 0.89218778254675
3.8184438932304 0.89672787787735
3.8184455521061 0.90441788773238
3.8184472109818 0.90490508087864
3.8184488698575 0.90403659135597
3.8184505287331 0.90623605438333
3.8184521876088 0.90896385483074
3.8184538464845 0.91902614549781
3.8184555053602 0.93023633245078
3.8184571642359 0.95075353531944
3.8184588231115 0.97258341613239
3.8184604819872 0.97424735356072
3.8184621408629 0.97337411941839
3.8184637997386 0.97182473889856
3.8184654586142 0.97020042595809
3.8184671174899 0.96823959394033
3.8184687763656 0.96624641866524
3.8184704352413 0.96340889129402
3.8184720941169 0.96050244200734
3.8184737529926 0.95507353218834
3.8184754118683 0.94947469068132
3.818477070744 0.95328845206917
3.8184787296197 0.95760460140721
3.8184803884953 0.95953765505234
3.818482047371 0.9613763442709
3.8184837062467 0.96919243682074
3.8184853651224 0.97716415152397
