3.8159113590641 0.992657
3.8159130179398 0.99028079826038
3.8159146768155 0.98806207954707
3.8159163356912 0.98710655547713
3.8159179945669 0.98616980720068
3.8159196534425 0.98529892171975
3.8159213123182 0.9834167121042
3.8159229711939 0.9795083866971
3.8159246300696 0.97552417376525
3.8159262889452 0.9714449937425
3.8159279478209 0.96700410872409
3.8159296066966 0.9622738525717
3.8159312655723 0.95987520935672
3.815932924448 0.95864026724584
3.8159345833236 0.95703246563094
3.8159362421993 0.95531871314487
3.815937901075 0.95578986062584
3.8159395599507 0.95653337541185
3.8159412188263 0.95878608720375
3.815942877702 0.96082064553854
3.8159445365777 0.96116707812232
3.8159461954534 0.96198928425756
3.8159478543291 0.96443509244128
3.8159495132047 0.96671938292878
3.8159511720804 0.96868860647579
3.8159528309561 0.96983141621106
3.8159544898318 0.96996970077546
3.8159561487074 0.97041785437243
3.8159578075831 0.97110560251896
3.8159594664588 0.97203146840415
3.8159611253345 0.97307113403047
3.8159627842101 0.97488987772146
3.8159644430858 0.9769163623326
3.8159661019615 0.9755433328307
3.8159677608372 0.97382873039895
3.8159694197129 0.97374710832225
3.8159710785885 0.97380784089165
3.8159727374642 0.97483136939615
3.8159743963399 0.97552817200334
3.8159760552156 0.97520270453742
3.8159777140912 0.9746720771441
3.8159793729669 0.97376980255572
3.8159810318426 0.96956731742718
3.8159826907183 0.9616334188424
3.815984349594 0.95609163795965
3.8159860084696 0.95225995538089
3.8159876673453 0.9515310419832
3.815989326221 0.95215089104216
3.8159909850967 0.95714264488623
3.8159926439723 0.96315279613288
3.815994302848 0.96969412534121
3.8159959617237 0.97626475448032
3.8159976205994 0.98250486896549
3.8159992794751 0.9875032644838
3.8160009383507 0.98568031762666
3.8160025972264 0.98415552652235
3.8160042561021 0.98344264838401
3.8160059149778 0.9817229308817
3.8160075738534 0.97838312884496
3.8160092327291 0.97383400879515
3.8160108916048 0.96806651676314
3.8160125504805 0.96055852172316
3.8160142093562 0.95195211355999
3.8160158682318 0.93569121726383
3.8160175271075 0.91657347154215
3.8160191859832 0.88769478346769
3.8160208448589 0.85700469411782
3.8160225037345 0.81286069795506
3.8160241626102 0.76864202989334
3.8160258214859 0.73068684897236
3.8160274803616 0.69779398583823
3.8160291392373 0.68648684121416
3.8160307981129 0.68452189187089
3.8160324569886 0.70376848830513
3.8160341158643 0.73139967487131
3.81603577474 0.7705296051689
3.8160374336156 0.81125649976076
3.8160390924913 0.85335636880455
3.816040751367 0.8861620561901
3.8160424102427 0.91404853389933
3.8160440691184 0.93455878007725
3.816045727994 0.95286860128457
3.8160473868697 0.96107719241387
3.8160490457454 0.96798788079023
3.8160507046211 0.97288138686202
3.8160523634967 0.97707176971754
3.8160540223724 0.97610264305037
3.8160556812481 0.97547655528663
3.8160573401238 0.97595610784904
3.8160589989995 0.97567544722381
3.8160606578751 0.97400622401123
3.8160623167508 0.97015403522446
3.8160639756265 0.96384885716311
3.8160656345022 0.95766869136258
3.8160672933778 0.9515760689527
3.8160689522535 0.94515417309406
3.8160706111292 0.9385948497782
3.8160722700049 0.93374330395854
3.8160739288806 0.92925898659963
3.8160755877562 0.92703986580298
3.8160772466319 0.92507884775348
3.8160789055076 0.92497364672044
3.8160805643833 0.92507471572605
3.8160822232589 0.92613904447374
3.8160838821346 0.92687638771637
3.8160855410103 0.92683015548019
3.816087199886 0.92496649690247
3.8160888587617 0.92051575878933
3.8160905176373 0.91650245284063
3.816092176513 0.9128756305301
3.8160938353887 0.90800848809019
3.8160954942644 0.90247166390429
3.81609715314 0.89735345660869
3.8160988120157 0.89236172197007
3.8161004708914 0.8952490889707
3.8161021297671 0.89912774938233
3.8161037886428 0.9001670884842
3.8161054475184 0.90130104333418
3.8161071063941 0.90310017290773
3.8161087652698 0.90362123137498
3.8161104241455 0.90017417681173
3.8161120830211 0.89808258489172
3.8161137418968 0.89837079037609
3.8161154007725 0.89660418309439
3.8161170596482 0.89263177026553
3.8161187185239 0.89346540512057
3.8161203773995 0.89747896466939
3.8161220362752 0.90097901568494
3.8161236951509 0.90428078803332
3.8161253540266 0.9082633260188
3.8161270129022 0.91237434563724
3.8161286717779 0.9155448994306
3.8161303306536 0.91874851142645
3.8161319895293 0.92275584839146
3.816133648405 0.92610462893302
3.8161353072806 0.92684250928799
3.8161369661563 0.92883764860344
3.816138625032 0.93348347825428
3.8161402839077 0.93722057207033
3.8161419427833 0.93981129017945
3.816143601659 0.94265366529119
3.8161452605347 0.94569154982527
3.8161469194104 0.94080845345419
3.8161485782861 0.93225770997404
3.8161502371617 0.92481565474721
3.8161518960374 0.91764322802652
3.8161535549131 0.91529852602876
3.8161552137888 0.9138213624668
3.8161568726644 0.92215729246424
3.8161585315401 0.93041519574327
3.8161601904158 0.93828594564206
3.8161618492915 0.94468877075525
3.8161635081672 0.94748253708997
3.8161651670428 0.95090211197216
3.8161668259185 0.95521976711806
3.8161684847942 0.95972719756338
3.8161701436699 0.96440135130005
3.8161718025455 0.96816944664851
3.8161734614212 0.97145846572471
3.8161751202969 0.97623661803732
3.8161767791726 0.98144446837151
3.8161784380483 0.98304732039751
3.8161800969239 0.98430080446933
3.8161817557996 0.9884234729228
3.8161834146753 0.99175938085734
3.816185073551 0.99036712908468
3.8161867324266 0.98913612425357
3.8161883913023 0.98835206143141
3.816190050178 0.9878499005027
3.8161917090537 0.98779290275615
3.8161933679294 0.98724315650571
3.816195026805 0.98622085325643
3.8161966856807 0.98490259259101
3.8161983445564 0.98341298185619
3.8162000034321 0.9803891777052
3.8162016623077 0.97687108090422
3.8162033211834 0.97597510912773
3.8162049800591 0.97542923386586
3.8162066389348 0.97147634099828
3.8162082978105 0.96786378019517
3.8162099566861 0.96660929500205
3.8162116155618 0.96624786786092
3.8162132744375 0.96857053206384
3.8162149333132 0.97138815096775
3.8162165921888 0.97503648227752
3.8162182510645 0.97655644196146
3.8162199099402 0.97592373529921
3.8162215688159 0.97579524495736
3.8162232276916 0.97597435578396
3.8162248865672 0.97790534989801
3.8162265454429 0.98043547018242
3.8162282043186 0.98093471574299
3.8162298631943 0.98112878419804
3.8162315220699 0.97992726011464
3.8162331809456 0.97896059185978
3.8162348398213 0.97981161026394
3.816236498697 0.979686784332
3.8162381575726 0.97651870172157
3.8162398164483 0.97437034547716
3.816241475324 0.97397676509233
3.8162431341997 0.97367824908014
3.8162447930754 0.97347771575513
3.816246451951 0.97420522993421
3.8162481108267 0.97550775027063
3.8162497697024 0.976729510821
3.8162514285781 0.97792328055244
3.8162530874537 0.97736432443743
3.8162547463294 0.97653854830748
3.8162564052051 0.97726056906806
3.8162580640808 0.97809008361439
3.8162597229565 0.97963890089166
3.8162613818321 0.98095238606664
3.8162630407078 0.98153878206119
3.8162646995835 0.98193092439432
3.8162663584592 0.98199282186808
3.8162680173348 0.98127766284183
3.8162696762105 0.9797738420599
3.8162713350862 0.97926944245622
3.8162729939619 0.97937137435048
3.8162746528376 0.97789350809263
3.8162763117132 0.97588510394909
3.8162779705889 0.98015846783666
3.8162796294646 0.9853181816294
3.8162812883403 0.98266626247202
3.8162829472159 0.97996344906426
3.8162846060916 0.97691416561705
3.8162862649673 0.9732060563291
3.816287923843 0.96757164788184
3.8162895827187 0.96097874867206
3.8162912415943 0.95283335479215
3.81629290047 0.94566778901677
3.8162945593457 0.93944831467504
3.8162962182214 0.9360368948919
3.816297877097 0.93423307623771
3.8162995359727 0.9385959002973
3.8163011948484 0.94487166503337
3.8163028537241 0.95111750475128
3.8163045125998 0.95739850439422
3.8163061714754 0.96577325777336
3.8163078303511 0.9733164790638
3.8163094892268 0.97599253144871
3.8163111481025 0.97855954488157
3.8163128069781 0.98083728934008
3.8163144658538 0.98321660968796
3.8163161247295 0.9857472015489
3.8163177836052 0.98675612398173
3.8163194424809 0.98641474150155
3.8163211013565 0.9854422460884
3.8163227602322 0.98414177368771
3.8163244191079 0.98242354772805
3.8163260779836 0.98059185634092
3.8163277368592 0.97789371213448
3.8163293957349 0.97505160328898
3.8163310546106 0.97081748488069
3.8163327134863 0.96641356030516
3.816334372362 0.96119404389715
3.8163360312376 0.95728340529832
3.8163376901133 0.95640845399647
3.816339348989 0.95636426703754
3.8163410078647 0.95741994932319
3.8163426667403 0.96161476782606
3.816344325616 0.9682812749425
3.8163459844917 0.97363502589548
3.8163476433674 0.97839562846472
3.8163493022431 0.98350515762398
3.8163509611187 0.98869220494231
3.8163526199944 0.98599432624354
3.8163542788701 0.98294823570135
3.8163559377458 0.98092648550109
3.8163575966214 0.978967915666
3.8163592554971 0.97725082959846
3.8163609143728 0.97503664865045
3.8163625732485 0.97184602756164
3.8163642321242 0.96841730526895
3.8163658909998 0.96471736933764
3.8163675498755 0.96024902296299
3.8163692087512 0.95526354156476
3.8163708676269 0.94999574558077
3.8163725265025 0.94462252383964
3.8163741853782 0.9411006143874
3.8163758442539 0.93788347474195
3.8163775031296 0.93570497438883
3.8163791620053 0.93269561352728
3.8163808208809 0.92351630973764
3.8163824797566 0.91378803732362
3.8163841386323 0.90242159690928
3.816385797508 0.89136704364212
3.8163874563836 0.8808168994333
3.8163891152593 0.87475634136909
3.816390774135 0.87295294513325
3.8163924330107 0.88037608759681
3.8163940918864 0.89288650217276
3.816395750762 0.91175811718678
3.8163974096377 0.93246524996938
3.8163990685134 0.94789622300864
3.8164007273891 0.96251796494802
3.8164023862647 0.97049067076426
3.8164040451404 0.97763230791579
3.8164057040161 0.98075223826229
3.8164073628918 0.98288264978852
3.8164090217675 0.98273970524453
3.8164106806431 0.98087001706552
3.8164123395188 0.97676127304076
3.8164139983945 0.97171675443309
3.8164156572702 0.96595960481082
3.8164173161458 0.96282453303591
3.8164189750215 0.96081270698518
3.8164206338972 0.96185114922718
3.8164222927729 0.96350271005995
3.8164239516486 0.96950792310756
3.8164256105242 0.97515455105293
3.8164272693999 0.97606721679076
3.8164289282756 0.97622591400097
3.8164305871513 0.97387552496045
3.8164322460269 0.97078813659036
3.8164339049026 0.9664137869848
3.8164355637783 0.96192311600387
3.816437222654 0.95731488190442
3.8164388815297 0.95688283080194
3.8164405404053 0.95889624046785
3.816442199281 0.95962199511321
3.8164438581567 0.95995043624218
3.8164455170324 0.95861919283707
3.816447175908 0.95694719415176
3.8164488347837 0.95061415288301
3.8164504936594 0.94470172527613
3.8164521525351 0.94091071397455
3.8164538114108 0.93882028166852
3.8164554702864 0.94070788339444
3.8164571291621 0.94396354810771
3.8164587880378 0.94900619565165
3.8164604469135 0.95416503420717
3.8164621057891 0.95941227057781
3.8164637646648 0.96209563384153
3.8164654235405 0.96369255876127
3.8164670824162 0.96529409446434
3.8164687412919 0.96689652867305
3.8164704001675 0.96437176291038
3.8164720590432 0.96197341790449
3.8164737179189 0.96164848857365
3.8164753767946 0.96121611061312
3.8164770356702 0.96044609109445
3.8164786945459 0.96083342439419
3.8164803534216 0.96313721270439
3.8164820122973 0.96502224115528
3.816483671173 0.96650776548037
3.8164853300486 0.96272557722857
3.8164869889243 0.9560706686414
3.8164886478 0.95280677880547
3.8164903066757 0.95048479651237
3.8164919655513 0.95526749998044
3.816493624427 0.96044026760902
3.8164952833027 0.96137048066813
3.8164969421784 0.96257045357512
3.8164986010541 0.96492083099005
3.8165002599297 0.96690500999
3.8165019188054 0.96813205793167
3.8165035776811 0.97029901728328
3.8165052365568 0.97355975313953
3.8165068954324 0.97212278772772
3.8165085543081 0.96753415164292
3.8165102131838 0.96810667752479
3.8165118720595 0.97054037006683
3.8165135309352 0.97194284099097
3.8165151898108 0.97318775157163
3.8165168486865 0.97376366803817
3.8165185075622 0.97380744115492
3.8165201664379 0.97071676751844
3.8165218253135 0.96843363970587
3.8165234841892 0.96820549970295
3.8165251430649 0.96880128414004
3.8165268019406 0.97053853032056
3.8165284608162 0.96720477475839
3.8165301196919 0.95982969932268
3.8165317785676 0.95560153216266
3.8165334374433 0.95276172742228
3.816535096319 0.95204236630502
3.8165367551946 0.95175294219237
3.8165384140703 0.95447870538741
3.816540072946 0.95739561872819
3.8165417318217 0.96110657692679
3.8165433906973 0.96334345892269
3.816545049573 0.96103347746039
3.8165467084487 0.95445906956367
3.8165483673244 0.94101205990284
3.8165500262001 0.92199940781493
3.8165516850757 0.8978713957107
3.8165533439514 0.87281697136674
3.8165550028271 0.84728408058396
3.8165566617028 0.83308953669621
3.8165583205784 0.82176680004056
3.8165599794541 0.82344557876353
3.8165616383298 0.82733101573414
3.8165632972055 0.84750057639769
3.8165649560812 0.86897152673674
3.8165666149568 0.89521833330255
3.8165682738325 0.91719396275521
3.8165699327082 0.93134636130807
3.8165715915839 0.94336938359871
3.8165732504595 0.95319675055844
3.8165749093352 0.96008576344226
3.8165765682109 0.96526100585674
3.8165782270866 0.96673319906426
3.8165798859623 0.96710568836261
3.8165815448379 0.96372732884051
3.8165832037136 0.9601953304235
3.8165848625893 0.96071893283243
3.816586521465 0.96089158371297
3.8165881803406 0.95956901522626
3.8165898392163 0.95716208589758
3.816591498092 0.95255437076852
3.8165931569677 0.94812948557422
3.8165948158434 0.94391064133372
3.816596474719 0.94006843475746
3.8165981335947 0.93646661981448
3.8165997924704 0.9357583596597
3.8166014513461 0.93601057461442
3.8166031102217 0.93724258151919
3.8166047690974 0.93870726955159
3.8166064279731 0.94360448719822
3.8166080868488 0.94699768708999
3.8166097457245 0.94318559872418
3.8166114046001 0.93918026359952
3.8166130634758 0.93475196435619
3.8166147223515 0.93109814299431
3.8166163812272 0.92837329598753
3.8166180401028 0.92695752467549
3.8166196989785 0.92642973273267
3.8166213578542 0.92633621500904
3.8166230167299 0.92639755301838
3.8166246756056 0.93234478357265
3.8166263344812 0.93893447298352
3.8166279933569 0.93722268231614
3.8166296522326 0.93400091089473
3.8166313111083 0.92296146571559
3.8166329699839 0.90994550113282
3.8166346288596 0.89239850711863
3.8166362877353 0.874432460604
3.816637946611 0.85594534972776
3.8166396054867 0.84392146838378
3.8166412643623 0.83642893489556
3.816642923238 0.8396035232258
3.8166445821137 0.84672068300862
3.8166462409894 0.86253564061287
3.816647899865 0.87961335430687
3.8166495587407 0.89616321441243
3.8166512176164 0.91164283172857
3.8166528764921 0.92140653752256
3.8166545353678 0.92900954477028
3.8166561942434 0.93158351793498
3.8166578531191 0.92993208158103
3.8166595119948 0.92297808670994
3.8166611708705 0.92035508176221
3.8166628297461 0.92078484757508
3.8166644886218 0.91751067293827
3.8166661474975 0.91286467655691
3.8166678063732 0.90949566229822
3.8166694652489 0.90609825276253
3.8166711241245 0.88998953760769
3.8166727830002 0.8729013625797
3.8166744418759 0.85067762634045
3.8166761007516 0.82887179590367
3.8166777596272 0.80802293416182
3.8166794185029 0.79340868264895
3.8166810773786 0.78648137331972
3.8166827362543 0.79454382996294
3.81668439513 0.81294343925464
3.8166860540056 0.84065927715063
3.8166877128813 0.8717168654626
3.816689371757 0.89403002700979
3.8166910306327 0.91493147100764
3.8166926895083 0.92704304136539
3.816694348384 0.93773512947679
3.8166960072597 0.94146278253597
3.8166976661354 0.94389898504529
3.8166993250111 0.94351357147105
3.8167009838867 0.943625310496
3.8167026427624 0.94432340224514
3.8167043016381 0.94287871201292
3.8167059605138 0.94002786014316
3.8167076193894 0.9391266687913
3.8167092782651 0.93887919625251
3.8167109371408 0.93750355182212
3.8167125960165 0.93596196619544
3.8167142548922 0.93363355747896
3.8167159137678 0.93067855261249
3.8167175726435 0.92496388940655
3.8167192315192 0.91521548899633
3.8167208903949 0.89730283172819
3.8167225492705 0.88414118054117
3.8167242081462 0.87619980425723
3.8167258670219 0.86699582133986
3.8167275258976 0.85702577773039
3.8167291847733 0.85851026878418
3.8167308436489 0.86344666647585
3.8167325025246 0.87383311960669
3.8167341614003 0.88487574000089
3.816735820276 0.89819177268464
3.8167374791516 0.91122706702736
3.8167391380273 0.92318952100948
3.816740796903 0.93145320364999
3.8167424557787 0.93296780798668
3.8167441146544 0.93449599361252
3.81674577353 0.93603772076727
3.8167474324057 0.93711258844859
3.8167490912814 0.93793342680006
3.8167507501571 0.939835923166
3.8167524090327 0.94201796620452
3.8167540679084 0.94505102950634
3.8167557267841 0.9476450835034
3.8167573856598 0.94520848809364
3.8167590445355 0.94406722853008
3.8167607034111 0.94710914257275
3.8167623622868 0.94907089556894
3.8167640211625 0.94929979780016
3.8167656800382 0.94804610085136
3.8167673389138 0.94548642319087
3.8167689977895 0.9429563012037
3.8167706566652 0.9404401209141
3.8167723155409 0.93707309793384
3.8167739744166 0.93352866953904
3.8167756332922 0.93471478256689
3.8167772921679 0.93592243270467
3.8167789510436 0.93644305930056
3.8167806099193 0.93693047452288
3.8167822687949 0.93732906551182
3.8167839276706 0.93801666804225
3.8167855865463 0.9391023626962
3.816787245422 0.94043378619271
3.8167889042977 0.94195113414004
3.8167905631733 0.94076343702136
3.816792222049 0.93851340354415
3.8167938809247 0.93650631520579
3.8167955398004 0.9345259616636
3.816797198676 0.93189577311743
3.8167988575517 0.92929152380139
3.8168005164274 0.9268183855381
3.8168021753031 0.92408025731175
3.8168038341787 0.92076449028513
3.8168054930544 0.91606115608834
3.8168071519301 0.90975447764378
3.8168088108058 0.90381689582221
3.8168104696815 0.89811183353458
3.8168121285571 0.88964959999776
3.8168137874328 0.88033199583272
3.8168154463085 0.8808817159782
3.8168171051842 0.88228388465237
3.8168187640598 0.8823930828043
3.8168204229355 0.88312675022406
3.8168220818112 0.88616499000703
3.8168237406869 0.89162736331001
3.8168253995626 0.90133550003507
3.8168270584382 0.91116085779338
3.8168287173139 0.92109711251389
3.8168303761896 0.92582158879849
3.8168320350653 0.92791317191579
3.8168336939409 0.93102524751432
3.8168353528166 0.93436888433062
3.8168370116923 0.93412204910341
3.816838670568 0.93308991474759
3.8168403294437 0.92707991478752
3.8168419883193 0.9221634083922
3.816843647195 0.92023511565638
3.8168453060707 0.92260503412578
3.8168469649464 0.9309321787872
3.816848623822 0.93622422634943
3.8168502826977 0.93923095591073
3.8168519415734 0.9420597371201
3.8168536004491 0.94481998114627
3.8168552593248 0.94377944466458
3.8168569182004 0.94214345009636
3.8168585770761 0.93876210628242
3.8168602359518 0.93537123843537
3.8168618948275 0.9319361529435
3.8168635537031 0.92859236418597
3.8168652125788 0.92543458266598
3.8168668714545 0.92374410953256
3.8168685303302 0.92363424460259
3.8168701892059 0.92542796396474
3.8168718480815 0.92832206587597
3.8168735069572 0.93165931239086
3.8168751658329 0.93511711147274
3.8168768247086 0.9368367189721
3.8168784835842 0.93845415658964
3.8168801424599 0.94018384604082
3.8168818013356 0.94209568579952
3.8168834602113 0.94457102495685
3.816885119087 0.94657171025965
3.8168867779626 0.94785224348969
3.8168884368383 0.94744541400181
3.816890095714 0.9456601194726
3.8168917545897 0.94369752337142
3.8168934134653 0.94166024523148
3.816895072341 0.94226805257757
3.8168967312167 0.94324030836312
3.8168983900924 0.93701561444788
3.8169000489681 0.93002995245295
3.8169017078437 0.91917079172128
3.8169033667194 0.90676390439018
3.8169050255951 0.89103789859752
3.8169066844708 0.87163901397688
3.8169083433464 0.8481308902215
3.8169100022221 0.83068920333521
3.8169116610978 0.81687177579939
3.8169133199735 0.81695562792359
3.8169149788492 0.82095529800426
3.8169166377248 0.83470341639696
3.8169182966005 0.84907506951632
3.8169199554762 0.86284345698074
3.8169216143519 0.87551212258132
3.8169232732275 0.88476721681502
3.8169249321032 0.89218548183594
3.8169265909789 0.89683016289026
3.8169282498546 0.90236276816081
3.8169299087303 0.90861226447774
3.8169315676059 0.91236513409044
3.8169332264816 0.91509000820244
3.8169348853573 0.91717428345358
3.816936544233 0.9191379171823
3.8169382031086 0.92009097427457
3.8169398619843 0.92066170454285
3.81694152086 0.91942012035681
3.8169431797357 0.91757338648775
3.8169448386114 0.91449685566417
3.816946497487 0.91026341775324
3.8169481563627 0.90480399912985
3.8169498152384 0.89507297103089
3.8169514741141 0.88295325238752
3.8169531329897 0.87753967743678
3.8169547918654 0.87383066490909
3.8169564507411 0.8685560674581
3.8169581096168 0.86386054238113
3.8169597684925 0.8644853994517
3.8169614273681 0.86654765380522
3.8169630862438 0.87257481235041
3.8169647451195 0.87641744604602
3.8169664039952 0.87727513931106
3.8169680628708 0.87553040491916
3.8169697217465 0.87189546871203
3.8169713806222 0.85941763292201
3.8169730394979 0.84376858107762
3.8169746983736 0.82743513628363
3.8169763572492 0.8114819560397
3.8169780161249 0.80430586349665
3.8169796750006 0.79881045267274
3.8169813338763 0.79974388944607
3.8169829927519 0.80315399588408
3.8169846516276 0.81088036957676
3.8169863105033 0.81930752063044
3.816987969379 0.82837618792109
3.8169896282547 0.83730510076456
3.8169912871303 0.84616815216381
3.816992946006 0.85644327665873
3.8169946048817 0.8669925222347
3.8169962637574 0.86894189410738
3.816997922633 0.87101137178626
3.8169995815087 0.87396762746047
3.8170012403844 0.876134422082
3.8170028992601 0.87655631847797
3.8170045581358 0.87513297338657
3.8170062170114 0.87162731017135
3.8170078758871 0.87053381630111
3.8170095347628 0.8708677978536
3.8170111936385 0.87072021504306
3.8170128525141 0.87044214858167
3.8170145113898 0.86916675203138
3.8170161702655 0.86780701095318
3.8170178291412 0.8662165892339
3.8170194880169 0.86461855546497
3.8170211468925 0.86299922870726
3.8170228057682 0.86124651162771
3.8170244646439 0.85931143697797
3.8170261235196 0.85705487301678
3.8170277823952 0.85456712868267
3.8170294412709 0.85451571819981
3.8170311001466 0.85531552229247
3.8170327590223 0.85586969551657
3.817034417898 0.85621083425935
3.8170360767736 0.85365293988109
3.8170377356493 0.85162654376595
3.817039394525 0.8514836161854
3.8170410534007 0.84971965647541
3.8170427122763 0.84531076961244
3.817044371152 0.8421055653684
3.8170460300277 0.8399254223796
3.8170476889034 0.8390900441142
3.8170493477791 0.8388302127827
3.8170510066547 0.83206718142438
3.8170526655304 0.8242786767255
3.8170543244061 0.81777271461705
3.8170559832818 0.81177695172849
3.8170576421574 0.80807863930127
3.8170593010331 0.80285894952952
3.8170609599088 0.79471866338029
3.8170626187845 0.78643328190778
3.8170642776602 0.77800475120384
3.8170659365358 0.77051799165376
3.8170675954115 0.76350697160114
3.8170692542872 0.75454150037654
3.8170709131629 0.7451630681515
3.8170725720385 0.73386955851178
3.8170742309142 0.72278417354093
3.8170758897899 0.71304048942391
3.8170775486656 0.70157710859656
3.8170792075413 0.68628354008126
3.8170808664169 0.66986629074144
3.8170825252926 0.65218988502073
3.8170841841683 0.63400229239372
3.817085843044 0.61551885497121
3.8170875019196 0.59774683272667
3.8170891607953 0.58015781588553
3.817090819671 0.56484384037198
3.8170924785467 0.5498030515954
3.8170941374223 0.53602846040075
3.817095796298 0.52273820681577
3.8170974551737 0.51067993362712
3.8170991140494 0.49892781964874
3.8171007729251 0.4875580055467
3.8171024318007 0.47768069849697
3.8171040906764 0.46876816765072
3.8171057495521 0.46247547650278
3.8171074084278 0.4569644850941
3.8171090673034 0.45012727212212
3.8171107261791 0.443193514252
3.8171123850548 0.43624552692118
3.8171140439305 0.42950334720557
3.8171157028062 0.42334869142055
3.8171173616818 0.41673322270846
3.8171190205575 0.4094885654668
3.8171206794332 0.40486032116444
3.8171223383089 0.40207872145783
3.8171239971845 0.39987364310453
3.8171256560602 0.39786085702746
3.8171273149359 0.39290662919675
3.8171289738116 0.38770595442247
3.8171306326873 0.38288176406181
3.8171322915629 0.37841752530387
3.8171339504386 0.37508332624844
3.8171356093143 0.37122296028859
3.81713726819 0.36659200577572
3.8171389270656 0.36313108122171
3.8171405859413 0.36055257395598
3.817142244817 0.35771020879299
3.8171439036927 0.3547724705545
3.8171455625684 0.35574970027186
3.817147221444 0.35691881488616
3.8171488803197 0.35445467175737
3.8171505391954 0.35265618262921
3.8171521980711 0.35310304228603
3.8171538569467 0.35422827725627
3.8171555158224 0.35639847523915
3.8171571746981 0.3587426649834
3.8171588335738 0.3612242383333
3.8171604924495 0.36468545692757
3.8171621513251 0.36852001654395
3.8171638102008 0.37305016686856
3.8171654690765 0.37780166788613
3.8171671279522 0.38487184128535
3.8171687868278 0.39276055728008
3.8171704457035 0.40354046376206
3.8171721045792 0.41568043016755
3.8171737634549 0.42997930350232
3.8171754223306 0.44402029250373
3.8171770812062 0.45785235068879
3.8171787400819 0.47132016521937
3.8171803989576 0.48464527712295
3.8171820578333 0.49392711870077
3.8171837167089 0.50276331107847
3.8171853755846 0.51310478690714
3.8171870344603 0.52312027330932
3.817188693336 0.53196360773397
3.8171903522117 0.53911825929118
3.8171920110873 0.54356670215004
3.817193669963 0.54733869111309
3.8171953288387 0.55055947649299
3.8171969877144 0.55258073895206
3.81719864659 0.55413069027482
3.8172003054657 0.55266393755843
3.8172019643414 0.55063601418532
3.8172036232171 0.54553751403956
3.8172052820928 0.5417639971233
3.8172069409684 0.5427025935521
3.8172085998441 0.54354702756679
3.8172102587198 0.54424227888626
3.8172119175955 0.54736324563203
3.8172135764711 0.5524329449862
3.8172152353468 0.56303263225993
3.8172168942225 0.57575883060151
3.8172185530982 0.58610404954082
3.8172202119739 0.59604552560492
3.8172218708495 0.60420717029198
3.8172235297252 0.61166085482222
3.8172251886009 0.61669380534222
3.8172268474766 0.62175042331276
3.8172285063522 0.62684335960937
3.8172301652279 0.63301234594709
3.8172318241036 0.64001657933024
3.8172334829793 0.64426660688616
3.817235141855 0.64750585089943
3.8172368007306 0.64755123922615
3.8172384596063 0.64754852836961
3.817240118482 0.65166971370484
3.8172417773577 0.65603562749785
3.8172434362333 0.66118502398438
3.817245095109 0.66547352765384
3.8172467539847 0.66850832999812
3.8172484128604 0.67195790501748
3.8172500717361 0.67571235164262
3.8172517306117 0.67927028750725
3.8172533894874 0.68276121901771
3.8172550483631 0.68682886840058
3.8172567072388 0.69096719656958
3.8172583661144 0.69529187910621
3.8172600249901 0.69953463975835
3.8172616838658 0.70353770058138
3.8172633427415 0.70722534771089
3.8172650016172 0.71048558651414
3.8172666604928 0.71418081912776
3.8172683193685 0.71817252336372
3.8172699782442 0.72170626405736
3.8172716371199 0.7250992395867
3.8172732959955 0.73050191826273
3.8172749548712 0.73584680314438
3.8172766137469 0.73952514319954
3.8172782726226 0.74353361763498
3.8172799314983 0.74840661240678
3.8172815903739 0.75182326275685
3.8172832492496 0.75343878237534
3.8172849081253 0.756561619265
3.817286567001 0.76061638135514
3.8172882258766 0.76362389896465
3.8172898847523 0.76635132850726
3.817291543628 0.76494050631926
3.8172932025037 0.76285109934889
3.8172948613794 0.75741295044985
3.817296520255 0.75227154404469
3.8172981791307 0.74781307665715
3.8172998380064 0.7448539179062
3.8173014968821 0.74355544293239
3.8173031557577 0.74238095292606
3.8173048146334 0.74127435546045
3.8173064735091 0.74359464945128
3.8173081323848 0.74667719630179
3.8173097912605 0.75899357464693
3.8173114501361 0.77213859491815
3.8173131090118 0.78908384252582
3.8173147678875 0.80486032945711
3.8173164267632 0.81831023219932
3.8173180856388 0.82709567087385
3.8173197445145 0.83134144420943
3.8173214033902 0.83570570923067
3.8173230622659 0.840125910754
3.8173247211416 0.83948415305019
3.8173263800172 0.83792743045392
3.8173280388929 0.83496366458181
3.8173296977686 0.83338962441058
3.8173313566443 0.83745334964289
3.8173330155199 0.840820133194
3.8173346743956 0.84499687372029
3.8173363332713 0.849197497307
3.817337992147 0.85372720427983
3.8173396510227 0.85834819939942
3.8173413098983 0.86534056773859
3.817342968774 0.8723041195936
3.8173446276497 0.87491005614978
3.8173462865254 0.87751599270595
3.817347945401 0.88076827867193
3.8173496042767 0.88403631915535
3.8173512631524 0.88548133567367
3.8173529220281 0.88682216068677
3.8173545809038 0.89175378477003
3.8173562397794 0.89701536652388
3.8173578986551 0.89817197110708
3.8173595575308 0.89879958747577
3.8173612164065 0.89749627004515
3.8173628752821 0.8958679724404
3.8173645341578 0.89794319523775
3.8173661930335 0.90079740755677
3.8173678519092 0.8984942784201
3.8173695107848 0.89487416859187
3.8173711696605 0.89675590963259
3.8173728285362 0.90030818939021
3.8173744874119 0.9041020800062
3.8173761462876 0.90798188484157
3.8173778051632 0.90790460897885
3.8173794640389 0.90619895214673
3.8173811229146 0.90534766249351
3.8173827817903 0.90489966624928
3.8173844406659 0.90631163817798
3.8173860995416 0.90872383062121
3.8173877584173 0.90953346636006
3.817389417293 0.90936686247663
3.8173910761687 0.9098389002694
3.8173927350443 0.91074986036672
3.81739439392 0.91187273639946
3.8173960527957 0.9131594054743
3.8173977116714 0.91096413656893
3.817399370547 0.90574918412071
3.8174010294227 0.90589045594224
3.8174026882984 0.9112369029853
3.8174043471741 0.91287355187917
3.8174060060498 0.91047330838172
3.8174076649254 0.91198643386088
3.8174093238011 0.91826789253087
3.8174109826768 0.92138932662263
3.8174126415525 0.92019547890833
3.8174143004281 0.9206784683946
3.8174159593038 0.92373158873119
3.8174176181795 0.9258933705591
3.8174192770552 0.92651823917018
3.8174209359309 0.92832140097136
3.8174225948065 0.9324175162515
3.8174242536822 0.93434998302639
3.8174259125579 0.93150939278252
3.8174275714336 0.92853556045395
3.8174292303092 0.92522666118417
3.8174308891849 0.9227528827592
3.8174325480606 0.92269023245347
3.8174342069363 0.92258943480459
3.817435865812 0.9223610217577
3.8174375246876 0.92279515351015
3.8174391835633 0.9258288588249
3.817440842439 0.92871958197721
3.8174425013147 0.93094184912404
3.8174441601903 0.93285596600118
3.817445819066 0.93301632808439
3.8174474779417 0.93274160061649
3.8174491368174 0.92935847499599
3.8174507956931 0.92656582255191
3.8174524545687 0.92931701629395
3.8174541134444 0.93225750747628
3.8174557723201 0.93771820559175
3.8174574311958 0.94300537824314
3.8174590900714 0.94448307758248
3.8174607489471 0.94590622560824
3.8174624078228 0.94425669196799
3.8174640666985 0.94260715832773
3.8174657255742 0.94241340011725
3.8174673844498 0.94223224534128
3.8174690433255 0.9446095511485
3.8174707022012 0.94707820971506
3.8174723610769 0.94836683141869
3.8174740199525 0.94957976864383
3.8174756788282 0.94734369371684
3.8174773377039 0.94478337119259
3.8174789965796 0.93106980199252
3.8174806554553 0.91595716316803
3.8174823143309 0.92416687219022
3.8174839732066 0.93607427072318
3.8174856320823 0.94062055460223
3.817487290958 0.94374228292997
3.8174889498336 0.94758897477733
3.8174906087093 0.95160275242054
3.817492267585 0.94803603100265
3.8174939264607 0.94242584903063
3.8174955853364 0.9435885069422
3.817497244212 0.94685748084208
3.8174989030877 0.94747087947113
3.8175005619634 0.9471414413061
3.8175022208391 0.9476519723477
3.8175038797147 0.94850007296075
3.8175055385904 0.95173025807616
3.8175071974661 0.9560366584436
3.8175088563418 0.95338835808722
3.8175105152175 0.94722670179084
3.8175121740931 0.95166480850577
3.8175138329688 0.9620632054268
3.8175154918445 0.9632823389777
3.8175171507202 0.9587774493586
3.8175188095958 0.94481136010199
3.8175204684715 0.92432199085184
3.8175221273472 0.91738148760395
3.8175237862229 0.92074695137027
3.8175254450986 0.92033006702398
3.8175271039742 0.91674497366632
3.8175287628499 0.91371564178881
3.8175304217256 0.91119824885796
3.8175320806013 0.90891241936419
3.8175337394769 0.90686094892152
3.8175353983526 0.90408569753103
3.8175370572283 0.90050588706796
3.817538716104 0.89359529852991
3.8175403749797 0.88261839076107
3.8175420338553 0.8622878547862
3.817543692731 0.82941192991849
3.8175453516067 0.7968541063401
3.8175470104824 0.76476543516587
3.817548669358 0.74012691601241
3.8175503282337 0.72758533111101
3.8175519871094 0.72469197038117
3.8175536459851 0.73907454869774
3.8175553048608 0.76068984497607
3.8175569637364 0.79661807282054
3.8175586226121 0.8312388914774
3.8175602814878 0.86299186244857
3.8175619403635 0.88969458862613
3.8175635992391 0.90407531713154
3.8175652581148 0.91763797024696
3.8175669169905 0.92897093165661
3.8175685758662 0.94078472341024
3.8175702347419 0.9540701894854
3.8175718936175 0.96307596881005
3.8175735524932 0.95727308043125
3.8175752113689 0.95127911817218
3.8175768702446 0.94453162859039
3.8175785291202 0.9382263451368
3.8175801879959 0.93392887346683
3.8175818468716 0.92940139043478
3.8175835057473 0.9236558233732
3.817585164623 0.91819747080726
3.8175868234986 0.91454410450756
3.8175884823743 0.90999572238413
3.81759014125 0.89861706476619
3.8175918001257 0.88784116586097
3.8175934590013 0.8828390707194
3.817595117877 0.87853967436321
3.8175967767527 0.88311450644502
3.8175984356284 0.88755251394581
3.8176000945041 0.88951201496858
3.8176017533797 0.89151787767906
3.8176034122554 0.89495416177064
3.8176050711311 0.89834591686715
3.8176067300068 0.89758380179807
3.8176083888824 0.89682168672898
3.8176100477581 0.89709423498042
3.8176117066338 0.89737732522255
3.8176133655095 0.89847605879908
3.8176150243852 0.89960057636127
3.8176166832608 0.90089754630661
3.8176183421365 0.90220379645036
3.8176200010122 0.89578328992323
3.8176216598879 0.88876910368717
3.8176233187635 0.89826095288624
3.8176249776392 0.90941608659742
3.8176266365149 0.90604993673866
3.8176282953906 0.90085963565258
3.8176299542663 0.90212780529231
3.8176316131419 0.90437403828737
3.8176332720176 0.90504763687669
3.8176349308933 0.90544077408004
3.817636589769 0.89921523470174
3.8176382486446 0.89162445685265
3.8176399075203 0.88452960757674
3.817641566396 0.87755150664186
3.8176432252717 0.87228842771267
3.8176448841474 0.86748128223453
3.817646543023 0.86294610498026
3.8176482018987 0.85849184454311
3.8176498607744 0.85512048577419
3.8176515196501 0.85210719539
3.8176531785257 0.85419610133954
3.8176548374014 0.85814870920222
3.8176564962771 0.8651169990597
3.8176581551528 0.87329601412757
3.8176598140284 0.87077787448666
3.8176614729041 0.86355883605339
3.8176631317798 0.8668868791996
3.8176647906555 0.87526960916737
3.8176664495312 0.88303153740759
3.8176681084068 0.89047002984652
3.8176697672825 0.89951211495824
3.8176714261582 0.90945997019286
3.8176730850339 0.91028255350097
3.8176747439095 0.90552928314629
3.8176764027852 0.90237943882992
3.8176780616609 0.90028732472325
3.8176797205366 0.90270660254434
3.8176813794123 0.9083331903014
3.8176830382879 0.91344386256856
3.8176846971636 0.9181598336748
3.8176863560393 0.92211938334277
3.817688014915 0.9254568649767
3.8176896737906 0.92804905070152
3.8176913326663 0.92998307581426
3.817692991542 0.93148625187313
3.8176946504177 0.9325812153484
3.8176963092934 0.93530163745901
3.817697968169 0.93967327108172
3.8176996270447 0.93585537504927
3.8177012859204 0.92312081978586
3.8177029447961 0.92307231409117
3.8177046036717 0.93782303779689
3.8177062625474 0.94330975531363
3.8177079214231 0.93721927629337
3.8177095802988 0.93658368079194
3.8177112391745 0.94325060091206
3.8177128980501 0.94676185983762
3.8177145569258 0.9457463335339
3.8177162158015 0.94405208777527
3.8177178746772 0.94131424784853
3.8177195335528 0.93787877790704
3.8177211924285 0.93329301426963
3.8177228513042 0.92971493288238
3.8177245101799 0.92792004611966
3.8177261690556 0.92825911107315
3.8177278279312 0.93265354256337
3.8177294868069 0.9356432792526
3.8177311456826 0.93576281740088
3.8177328045583 0.93455712937235
3.8177344634339 0.93043592988506
3.8177361223096 0.93041729632801
3.8177377811853 0.94012896364634
3.817739440061 0.94545231096322
3.8177410989367 0.93953373550477
3.8177427578123 0.9346517686009
3.817744416688 0.93264388265338
3.8177460755637 0.93132740757478
3.8177477344394 0.93209050973032
3.817749393315 0.9321132180464
3.8177510521907 0.9297130585181
3.8177527110664 0.92877456622342
3.8177543699421 0.93305547275629
3.8177560288178 0.93738807346828
3.8177576876934 0.94192294282979
3.8177593465691 0.94638779972966
3.8177610054448 0.95055124555456
3.8177626643205 0.95310110662236
3.8177643231961 0.94796864424772
3.8177659820718 0.94200604611703
3.8177676409475 0.93164463706961
3.8177692998232 0.92149323855551
3.8177709586989 0.91258952369875
3.8177726175745 0.90347139739917
3.8177742764502 0.89291222556487
3.8177759353259 0.88186418514293
3.8177775942016 0.86705622671512
3.8177792530772 0.8504746051128
3.8177809119529 0.81806004200551
3.8177825708286 0.78659896296294
3.8177842297043 0.76520080938053
3.81778588858 0.74503627925819
3.8177875474556 0.74065386224126
3.8177892063313 0.73785155498425
3.817790865207 0.76046025470854
3.8177925240827 0.78345814154888
3.8177941829583 0.81476191128638
3.817795841834 0.84604347505829
3.8177975007097 0.87663259074498
3.8177991595854 0.90705103200074
3.8178008184611 0.92787632289802
3.8178024773367 0.94867742311848
3.8178041362124 0.96354886358179
3.8178057950881 0.97842030404511
3.8178074539638 0.98003979014491
3.8178091128394 0.98153542853517
3.8178107717151 0.97839118286616
3.8178124305908 0.97514039781663
3.8178140894665 0.96308897883891
3.8178157483422 0.95071365283955
3.8178174072178 0.95712144675581
3.8178190660935 0.96448573386275
3.8178207249692 0.95626611084446
3.8178223838449 0.94702920595239
3.8178240427205 0.95055342658016
3.8178257015962 0.95509691115161
3.8178273604719 0.95519904096652
3.8178290193476 0.95488052486162
3.8178306782233 0.95569885442546
3.8178323370989 0.95664206202383
3.8178339959746 0.96342785650942
3.8178356548503 0.97094504961339
3.817837313726 0.97075992906566
3.8178389726016 0.96949010649109
3.8178406314773 0.96368156542336
3.817842290353 0.95716141693212
3.8178439492287 0.95936385514076
3.8178456081044 0.9630749185557
3.81784726698 0.95663240525071
3.8178489258557 0.94826629403749
3.8178505847314 0.93674644984396
3.8178522436071 0.92457624746433
3.8178539024827 0.9238705184382
3.8178555613584 0.9257243981934
3.8178572202341 0.93357327122607
3.8178588791098 0.9428648547097
3.8178605379855 0.9435549010585
3.8178621968611 0.94202346750503
3.8178638557368 0.93697528706102
3.8178655146125 0.93095567303427
3.8178671734882 0.93372967022961
3.8178688323638 0.93909388785663
3.8178704912395 0.91892319375834
3.8178721501152 0.89075710864784
3.8178738089909 0.86366938265242
3.8178754678666 0.83693972168118
3.8178771267422 0.79836808354564
3.8178787856179 0.75563655177396
3.8178804444936 0.74526604263938
3.8178821033693 0.74689601973183
3.8178837622449 0.74964740761337
3.8178854211206 0.75283700829829
3.8178870799963 0.77867195307782
3.817888738872 0.81381294631705
3.8178903977477 0.83932098613665
3.8178920566233 0.86067216413631
3.817893715499 0.88651721049408
3.8178953743747 0.91439540550693
3.8178970332504 0.9293798177493
3.817898692126 0.93825589924006
3.8179003510017 0.94604876650418
3.8179020098774 0.95330511602753
3.8179036687531 0.95687079050448
3.8179053276288 0.95852734472792
3.8179069865044 0.95896449123949
3.8179086453801 0.95874353178691
3.8179103042558 0.95724678952574
3.8179119631315 0.95503261135127
3.8179136220071 0.93378297980029
3.8179152808828 0.90138916058957
3.8179169397585 0.89341911844683
3.8179185986342 0.90031775217591
3.8179202575099 0.89699780860187
3.8179219163855 0.88721294320644
3.8179235752612 0.87136295228441
3.8179252341369 0.85152945519605
3.8179268930126 0.82337314659708
3.8179285518882 0.78954593370389
3.8179302107639 0.76364872797058
3.8179318696396 0.74335153943952
3.8179335285153 0.72770103660538
3.8179351873909 0.71544935510081
3.8179368462666 0.72221699036319
3.8179385051423 0.74338580554357
3.817940164018 0.76988597761478
3.8179418228937 0.80056137250376
3.8179434817693 0.82512460018459
3.817945140645 0.84473960600653
3.8179467995207 0.86284877033304
3.8179484583964 0.87969854838093
3.817950117272 0.8900082394254
3.8179517761477 0.89467099731992
3.8179534350234 0.89992392963698
3.8179550938991 0.90570271090307
3.8179567527748 0.90616852759919
3.8179584116504 0.90175221009042
3.8179600705261 0.90353136922156
3.8179617294018 0.9111784979758
3.8179633882775 0.91683635533606
3.8179650471531 0.92055331578995
3.8179667060288 0.92390053508598
3.8179683649045 0.92687633668261
3.8179700237802 0.93034390168615
3.8179716826559 0.934319875551
3.8179733415315 0.93455768817222
3.8179750004072 0.9308201213291
3.8179766592829 0.92910080207674
3.8179783181586 0.92958813888774
3.8179799770342 0.92958764137989
3.8179816359099 0.92903896600071
3.8179832947856 0.92429975231505
3.8179849536613 0.91472414118608
3.817986612537 0.90683254560608
3.8179882714126 0.90093647552183
3.8179899302883 0.90064488597403
3.817991589164 0.90716875032681
3.8179932480397 0.90573387890314
3.8179949069153 0.89436983240424
3.817996565791 0.89236908752234
3.8179982246667 0.90234487780918
3.8179998835424 0.90827062803804
3.8180015424181 0.90888680360052
3.8180032012937 0.9065544959046
3.8180048601694 0.90026220271429
3.8180065190451 0.89447649568507
3.8180081779208 0.88938747912142
3.8180098367964 0.88525853390635
3.8180114956721 0.88248119581006
3.8180131545478 0.88192011904652
3.8180148134235 0.88455098615029
3.8180164722992 0.8881054591106
3.8180181311748 0.89302036704008
3.8180197900505 0.89759036183498
3.8180214489262 0.90164092574004
3.8180231078019 0.90526212596845
3.8180247666775 0.90822263891883
3.8180264255532 0.91014623079994
3.8180280844289 0.91044000764345
3.8180297433046 0.91303176290885
3.8180314021803 0.9193112286131
3.8180330610559 0.92399485547766
3.8180347199316 0.92606503854101
3.8180363788073 0.92216651644158
3.818038037683 0.90829762831722
3.8180396965586 0.90075966595909
3.8180413554343 0.9040054863439
3.81804301431 0.9073611627988
3.8180446731857 0.91090755727887
3.8180463320614 0.91417414877095
3.818047990937 0.91694589130557
3.8180496498127 0.91759917604176
3.8180513086884 0.91443759318948
3.8180529675641 0.91305555733133
3.8180546264397 0.91493540581933
3.8180562853154 0.91702452319531
3.8180579441911 0.91950382497188
3.8180596030668 0.92277350211768
3.8180612619425 0.92754169284746
3.8180629208181 0.93381526276177
3.8180645796938 0.94299011285794
3.8180662385695 0.95016633994279
3.8180678974452 0.9534297504767
3.8180695563208 0.95726908827509
3.8180712151965 0.96225338710607
3.8180728740722 0.96429185797091
3.8180745329479 0.96038652072849
3.8180761918236 0.95661054928793
3.8180778506992 0.95309935354579
3.8180795095749 0.9556400080165
3.8180811684506 0.97073841591949
3.8180828273263 0.98030255671008
3.8180844862019 0.97822841062106
3.8180861450776 0.97281056304324
3.8180878039533 0.9602717207049
3.818089462829 0.95588896451493
3.8180911217047 0.96909005358256
3.8180927805803 0.97665586343036
3.818094439456 0.97192750799007
3.8180960983317 0.96527131517544
3.8180977572074 0.9543623202829
3.818099416083 0.94509511443214
3.8181010749587 0.93948866355031
3.8181027338344 0.93562657933581
3.8181043927101 0.93569351162688
3.8181060515858 0.93749737978699
3.8181077104614 0.94325094697235
3.8181093693371 0.94693075948639
3.8181110282128 0.94585272626661
3.8181126870885 0.94753333312038
3.8181143459641 0.95559714458533
3.8181160048398 0.96136034915112
3.8181176637155 0.96175804606507
3.8181193225912 0.96161734361859
3.8181209814669 0.96021182011582
3.8181226403425 0.9607238237634
3.8181242992182 0.96577055696049
3.8181259580939 0.96822493133189
3.8181276169696 0.96451051166263
3.8181292758452 0.96304223258806
3.8181309347209 0.96694773053229
3.8181325935966 0.96893321726491
3.8181342524723 0.96630244105509
3.818135911348 0.95977509469358
3.8181375702236 0.94383711837462
3.8181392290993 0.93160161247402
3.818140887975 0.92834069022524
3.8181425468507 0.93023649809298
3.8181442057263 0.94467198635385
3.818145864602 0.95436789063765
3.8181475234777 0.95251129116389
3.8181491823534 0.95132949233706
3.8181508412291 0.95179593239939
3.8181525001047 0.95152278897877
3.8181541589804 0.9494409163231
3.8181558178561 0.94934256319512
3.8181574767318 0.95409799788112
3.8181591356074 0.95862594943887
3.8181607944831 0.96259716227575
3.8181624533588 0.96503494474778
3.8181641122345 0.96372178595722
3.8181657711102 0.96162941550606
3.8181674299858 0.95763324273968
3.8181690888615 0.95661439231247
3.8181707477372 0.96285798801334
3.8181724066129 0.96739939837573
3.8181740654885 0.96779901946144
3.8181757243642 0.96569107272982
3.8181773832399 0.95749953921163
3.8181790421156 0.952725953857
3.8181807009913 0.95621498080929
3.8181823598669 0.95407886711427
3.8181840187426 0.93840176265106
3.8181856776183 0.93394152148918
3.818187336494 0.95635690343196
3.8181889953696 0.97428262505876
3.8181906542453 0.98150810270554
3.818192313121 0.98702219223673
3.8181939719967 0.98848169494079
3.8181956308724 0.98094066774457
3.818197289748 0.95221549945362
3.8181989486237 0.93347313513854
3.8182006074994 0.93805831129702
3.8182022663751 0.94774033557374
3.8182039252507 0.96924202181859
3.8182055841264 0.98251638533887
3.8182072430021 0.97686809645648
3.8182089018778 0.97246922739612
3.8182105607535 0.97091867113877
3.8182122196291 0.96824204248354
3.8182138785048 0.96302245238892
3.8182155373805 0.95874367268653
3.8182171962562 0.95656823969446
3.8182188551318 0.95461996179754
3.8182205140075 0.95317424761698
3.8182221728832 0.9540383860692
3.8182238317589 0.95995680184767
3.8182254906345 0.96357708289362
3.8182271495102 0.96222680011345
3.8182288083859 0.95757246140993
3.8182304672616 0.94585844005698
3.8182321261373 0.9436076216909
3.8182337850129 0.96132404485643
3.8182354438886 0.96648433697656
3.8182371027643 0.94549680736285
3.81823876164 0.93366719204976
3.8182404205156 0.9406496517004
3.8182420793913 0.94533575406669
3.818243738267 0.9453713122716
3.8182453971427 0.94639935687333
3.8182470560184 0.94940792417589
3.818248714894 0.95525503049542
3.8182503737697 0.96668154497131
3.8182520326454 0.97259251233153
3.8182536915211 0.96783035057103
3.8182553503967 0.9627499951989
3.8182570092724 0.95706377007092
3.8182586681481 0.94997385864801
3.8182603270238 0.94025537410928
3.8182619858995 0.93138309489052
3.8182636447751 0.92406845947867
3.8182653036508 0.91717997725978
3.8182669625265 0.91106232519933
3.8182686214022 0.90254650807952
3.8182702802778 0.88977022552922
3.8182719391535 0.8833784709114
3.8182735980292 0.88812141813993
3.8182752569049 0.8917663530222
3.8182769157806 0.89353232659588
3.8182785746562 0.89175333819041
3.8182802335319 0.88402392640869
3.8182818924076 0.89003529886519
3.8182835512833 0.91866005834222
3.8182852101589 0.93830687017743
3.8182868690346 0.94347454081962
3.8182885279103 0.94866352646709
3.818290186786 0.95388618327982
3.8182918456617 0.96015300821083
3.8182935045373 0.9680347371552
3.818295163413 0.97355918571079
3.8182968222887 0.97551533788914
3.8182984811644 0.97629782228607
3.81830014004 0.9753422411631
3.8183017989157 0.97520607522464
3.8183034577914 0.97625648314378
3.8183051166671 0.9746820356575
3.8183067755428 0.96939253655258
3.8183084344184 0.95825423441067
3.8183100932941 0.93902880724414
3.8183117521698 0.92113717343034
3.8183134110455 0.90504670206876
3.8183150699211 0.89343427331597
3.8183167287968 0.88772504548992
3.8183183876725 0.88539378562371
3.8183200465482 0.8874074975257
3.8183217054239 0.89099289039766
3.8183233642995 0.89654990645348
3.8183250231752 0.8972326490068
3.8183266820509 0.89195476277545
3.8183283409266 0.88934363553732
3.8183299998022 0.88991048726497
3.8183316586779 0.88365840435631
3.8183333175536 0.86949117160488
3.8183349764293 0.85523940400021
3.818336635305 0.8408921060058
3.8183382941806 0.82445836926927
3.8183399530563 0.80573028431174
3.818341611932 0.79554212668045
3.8183432708077 0.79448892381586
3.8183449296833 0.80235249345977
3.818346588559 0.81948939606614
3.8183482474347 0.84549319043801
3.8183499063104 0.88045782224229
3.8183515651861 0.90492617832563
3.8183532240617 0.91909234187117
3.8183548829374 0.92490034219113
3.8183565418131 0.92274518534435
3.8183582006888 0.92482019447026
3.8183598595644 0.93080512970553
3.8183615184401 0.94348611900037
3.8183631773158 0.96216897098643
3.8183648361915 0.95493215767017
3.8183664950672 0.92517913799655
3.8183681539428 0.91760416714534
3.8183698128185 0.92868966430973
3.8183714716942 0.93377611950823
3.8183731305699 0.93397593899268
3.8183747894455 0.93572585456041
3.8183764483212 0.93869718103153
3.8183781071969 0.94576775541717
3.8183797660726 0.95596122814079
3.8183814249483 0.95944272401457
3.8183830838239 0.95798397627937
3.8183847426996 0.95551351902339
3.8183864015753 0.95232414468007
3.818388060451 0.95105649766101
3.8183897193266 0.95110621629984
3.8183913782023 0.94812867525465
3.818393037078 0.94315044870489
3.8183946959537 0.9389536885803
3.8183963548294 0.93525442357997
3.818398013705 0.93174967408825
3.8183996725807 0.92836410314132
3.8184013314564 0.91513205399559
3.8184029903321 0.8960992386117
3.8184046492077 0.89348146391613
3.8184063080834 0.90015291160906
3.8184079669591 0.90811686308315
3.8184096258348 0.91678279487205
3.8184112847105 0.93147135679326
3.8184129435861 0.9492957734546
3.8184146024618 0.94055944205014
3.8184162613375 0.9185804054501
3.8184179202132 0.91508496761958
3.8184195790888 0.92040296537877
3.8184212379645 0.92835323429719
3.8184228968402 0.93750225377112
3.8184245557159 0.94552879156101
3.8184262145916 0.95306771902542
3.8184278734672 0.94996445688291
3.8184295323429 0.94245819137191
3.8184311912186 0.93596808685946
3.8184328500943 0.92987772431548
3.8184345089699 0.92824213052597
3.8184361678456 0.92826977702046
3.8184378267213 0.9255419755509
3.818439485597 0.92183968245717
3.8184411444727 0.91692924678141
3.8184428033483 0.911614872382
3.818444462224 0.91219105773626
3.8184461210997 0.91462439384863
3.8184477799754 0.9086063159798
3.818449438851 0.90008169262628
3.8184510977267 0.90403522409065
3.8184527566024 0.91146091935942
3.8184544154781 0.92484467015627
3.8184560743538 0.93977852734254
3.8184577332294 0.93701060237052
3.8184593921051 0.92995216088609
3.8184610509808 0.94186300849558
3.8184627098565 0.95804078655749
3.8184643687321 0.95128626543354
3.8184660276078 0.93976671571961
3.8184676864835 0.93833938444491
3.8184693453592 0.93883883682518
3.8184710042349 0.94232974641665
3.8184726631105 0.94634231506099
3.8184743219862 0.94393143835407
3.8184759808619 0.94050522474853
3.8184776397376 0.94191849499903
3.8184792986132 0.94401933706659
3.8184809574889 0.94278276674666
3.8184826163646 0.94112451875575
3.8184842752403 0.94611868483466
3.818485934116 0.95185049259274
3.8184875929916 0.9482133367208
