3.8159101204819 0.990254
3.8159117793576 0.98969341997155
3.8159134382333 0.98874793249935
3.815915097109 0.98471612936516
3.8159167559847 0.98108722356274
3.8159184148603 0.97887105734696
3.815920073736 0.97651041608914
3.8159217326117 0.97386046466804
3.8159233914874 0.97462813626969
3.815925050363 0.9796695962062
3.8159267092387 0.98273544299054
3.8159283681144 0.98422237937384
3.8159300269901 0.98627166734124
3.8159316858658 0.98860125993007
3.8159333447414 0.98984628330745
3.8159350036171 0.99078369423373
3.8159366624928 0.99135831605742
3.8159383213685 0.99188516423696
3.8159399802441 0.99123365088166
3.8159416391198 0.99033123388998
3.8159432979955 0.9874961556319
3.8159449568712 0.98096050077834
3.8159466157469 0.96183243354682
3.8159482746225 0.94302980740486
3.8159499334982 0.92486038048833
3.8159515923739 0.89945262743148
3.8159532512496 0.86526816224717
3.8159549101252 0.82516339960835
3.8159565690009 0.78049297454697
3.8159582278766 0.74939925429503
3.8159598867523 0.72477272468618
3.815961545628 0.71455468218947
3.8159632045036 0.70816032764845
3.8159648633793 0.72608921339143
3.815966522255 0.74693535649758
3.8159681811307 0.78651324940017
3.8159698400063 0.82637609347336
3.815971498882 0.868150180025
3.8159731577577 0.90579010717915
3.8159748166334 0.93056318955492
3.8159764755091 0.95171251431073
3.8159781343847 0.9663272982056
3.8159797932604 0.97579960946053
3.8159814521361 0.97948272370846
3.8159831110118 0.98248356127985
3.8159847698874 0.98499888176295
3.8159864287631 0.98605935958547
3.8159880876388 0.98649098182021
3.8159897465145 0.98697518014521
3.8159914053902 0.98747152784232
3.8159930642658 0.98665451667591
3.8159947231415 0.98552116062534
3.8159963820172 0.97940927900737
3.8159980408929 0.9736511901063
3.8159996997685 0.96981640753885
3.8160013586442 0.9651130925724
3.8160030175199 0.95806147280974
3.8160046763956 0.95235734990644
3.8160063352713 0.94880794939265
3.8160079941469 0.94598656781258
3.8160096530226 0.94389423073099
3.8160113118983 0.94503164526831
3.816012970774 0.94819371741454
3.8160146296496 0.94848572686737
3.8160162885253 0.94771531510995
3.816017947401 0.9520423365663
3.8160196062767 0.95730347557141
3.8160212651524 0.9510996163958
3.816022924028 0.94449088063242
3.8160245829037 0.93868237555792
3.8160262417794 0.93246577438913
3.8160279006551 0.92452966368236
3.8160295595307 0.91811422854985
3.8160312184064 0.91512119036761
3.8160328772821 0.91535985310348
3.8160345361578 0.91999596735564
3.8160361950335 0.92224574451772
3.8160378539091 0.92246020786956
3.8160395127848 0.92261722476494
3.8160411716605 0.92274410687961
3.8160428305362 0.92439833852603
3.8160444894118 0.9265029257887
3.8160461482875 0.92392678434379
3.8160478071632 0.92075348240444
3.8160494660389 0.91548011721939
3.8160511249146 0.91109597561061
3.8160527837902 0.91310117535516
3.8160544426659 0.91514297418773
3.8160561015416 0.91730126590969
3.8160577604173 0.92061839325173
3.8160594192929 0.92603096965314
3.8160610781686 0.92960041995226
3.8160627370443 0.93111844960977
3.81606439592 0.93432704996006
3.8160660547956 0.93870776316577
3.8160677136713 0.94054550843032
3.816069372547 0.94133437958817
3.8160710314227 0.94748235229176
3.8160726902984 0.95476279473346
3.816074349174 0.95960313629017
3.8160760080497 0.96361616931625
3.8160776669254 0.95716783430668
3.8160793258011 0.9505771875993
3.8160809846767 0.94333398646198
3.8160826435524 0.93584683138759
3.8160843024281 0.92778261204302
3.8160859613038 0.9214490026598
3.8160876201795 0.91755124734276
3.8160892790551 0.92036955897176
3.8160909379308 0.92905410853996
3.8160925968065 0.93756259024049
3.8160942556822 0.94597720822678
3.8160959145578 0.95597528103408
3.8160975734335 0.96644393391814
3.8160992323092 0.97379557114592
3.8161008911849 0.98069301101533
3.8161025500606 0.97975998100382
3.8161042089362 0.97953165413696
3.8161058678119 0.98412163684015
3.8161075266876 0.98804819204192
3.8161091855633 0.98994961019205
3.8161108444389 0.99299972279138
3.8161125033146 0.99803915751689
3.8161141621903 1.0002176221139
3.816115821066 0.99936409602468
3.8161174799417 1.0002169903607
3.8161191388173 1.0021837384036
3.816120797693 1.0016544827889
3.8161224565687 1.000177486894
3.8161241154444 1.0018380406498
3.81612577432 1.0040757658116
3.8161274331957 1.0035125891313
3.8161290920714 1.0025436503075
3.8161307509471 0.99830057213837
3.8161324098228 0.99408359777254
3.8161340686984 0.9899679028235
3.8161357275741 0.98647948471535
3.8161373864498 0.98429215495195
3.8161390453255 0.98139998749236
3.8161407042011 0.97763169762504
3.8161423630768 0.96886219232372
3.8161440219525 0.95626503618816
3.8161456808282 0.94576285187349
3.8161473397039 0.93621413301124
3.8161489985795 0.93402459387069
3.8161506574552 0.93358232954366
3.8161523163309 0.94001479459196
3.8161539752066 0.94742382008021
3.8161556340822 0.96336303340513
3.8161572929579 0.97791681221072
3.8161589518336 0.98578557775439
3.8161606107093 0.9925585183383
3.816162269585 0.9966885561338
3.8161639284606 0.99965417778623
3.8161655873363 1.0009761461391
3.816167246212 1.0037947042461
3.8161689050877 1.0079066935546
3.8161705639633 1.005713464856
3.816172222839 1.0002465746487
3.8161738817147 1.0012358138146
3.8161755405904 1.0040437979893
3.8161771994661 0.99461101231171
3.8161788583417 0.98421523834661
3.8161805172174 0.98817075089818
3.8161821760931 0.99117884926545
3.8161838349688 0.98868718420909
3.8161854938444 0.98765880689367
3.8161871527201 0.99059696600327
3.8161888115958 0.99301530688655
3.8161904704715 0.99462782120295
3.8161921293472 0.99786930900423
3.8161937882228 1.0026452951994
3.8161954470985 1.0032335402862
3.8161971059742 1.0014439499205
3.8161987648499 0.99878787641887
3.8162004237255 0.9958594759676
3.8162020826012 0.99273968836397
3.8162037414769 0.98962992878546
3.8162054003526 0.99124727935593
3.8162070592283 0.99300257285829
3.8162087181039 0.99567413198695
3.8162103769796 0.99709296189539
3.8162120358553 0.99484060763581
3.816213694731 0.9928585018158
3.8162153536066 0.9913207910981
3.8162170124823 0.98918949921292
3.816218671358 0.98646933879467
3.8162203302337 0.9811732099223
3.8162219891094 0.97433808682649
3.816223647985 0.96846384811199
3.8162253068607 0.96290973078289
3.8162269657364 0.95751796729219
3.8162286246121 0.95214952963638
3.8162302834877 0.95078288530161
3.8162319423634 0.95050213554073
3.8162336012391 0.95790884956086
3.8162352601148 0.96528735811119
3.8162369189905 0.97258032172774
3.8162385778661 0.97868681068944
3.8162402367418 0.98279654834039
3.8162418956175 0.9855705040553
3.8162435544932 0.98699616068323
3.8162452133688 0.9880156410983
3.8162468722445 0.98878906015134
3.8162485311202 0.98880645788547
3.8162501899959 0.98856908642415
3.8162518488716 0.99222389039436
3.8162535077472 0.99644362487034
3.8162551666229 0.99858776633257
3.8162568254986 1.0001340314335
3.8162584843743 0.99748818562512
3.8162601432499 0.99425426861097
3.8162618021256 0.98925684449381
3.8162634610013 0.98441510736907
3.816265119877 0.97983184399388
3.8162667787527 0.9757455507471
3.8162684376283 0.97215243073733
3.816270096504 0.96937869536943
3.8162717553797 0.96709020661233
3.8162734142554 0.9696168477039
3.816275073131 0.97371165530194
3.8162767320067 0.98185581691562
3.8162783908824 0.99048584346609
3.8162800497581 0.99060168023748
3.8162817086338 0.99176087880464
3.8162833675094 0.99966556604648
3.8162850263851 1.005238638768
3.8162866852608 1.0042018321839
3.8162883441365 1.0013638496285
3.8162900030121 0.99568129668674
3.8162916618878 0.99274093513788
3.8162933207635 0.99238531645695
3.8162949796392 0.99156001739837
3.8162966385149 0.99047279342052
3.8162982973905 0.98334437515219
3.8162999562662 0.97440457903916
3.8163016151419 0.97080269863838
3.8163032740176 0.96780430383698
3.8163049328932 0.96437529173722
3.8163065917689 0.96098931593429
3.8163082506446 0.95784316030933
3.8163099095203 0.95522408093079
3.816311568396 0.953960187184
3.8163132272716 0.94907354048168
3.8163148861473 0.93893100307003
3.816316545023 0.92669489185533
3.8163182038987 0.91264796600229
3.8163198627743 0.90068373077577
3.81632152165 0.88977110175638
3.8163231805257 0.89494819542139
3.8163248394014 0.90432803926485
3.8163264982771 0.91564088169373
3.8163281571527 0.92742024496656
3.8163298160284 0.94491442991426
3.8163314749041 0.9619462179203
3.8163331337798 0.97685648310352
3.8163347926554 0.98854061427908
3.8163364515311 0.99297273721483
3.8163381104068 0.99590505331073
3.8163397692825 0.99690516372244
3.8163414281581 0.99580592528487
3.8163430870338 0.99309832503959
3.8163447459095 0.99280203522732
3.8163464047852 0.99356119581451
3.8163480636609 0.99466093077984
3.8163497225365 0.99583287655479
3.8163513814122 0.99265938919434
3.8163530402879 0.98966407761992
3.8163546991636 0.99083728490154
3.8163563580392 0.99178960700195
3.8163580169149 0.99193238820932
3.8163596757906 0.99013694599139
3.8163613346663 0.98465139358394
3.816362993542 0.981450219598
3.8163646524176 0.98077846396564
3.8163663112933 0.98030854130604
3.816367970169 0.9799704928288
3.8163696290447 0.97551366043038
3.8163712879203 0.96957385379003
3.816372946796 0.96649349652991
3.8163746056717 0.96385618495626
3.8163762645474 0.96596515708929
3.8163779234231 0.967465310425
3.8163795822987 0.96468043069747
3.8163812411744 0.96237088135444
3.8163829000501 0.96142593454273
3.8163845589258 0.96265272210248
3.8163862178014 0.96728414771963
3.8163878766771 0.96841446517357
3.8163895355528 0.96632201398043
3.8163911944285 0.9674509137405
3.8163928533042 0.97029860899218
3.8163945121798 0.97333229555108
3.8163961710555 0.97641736164266
3.8163978299312 0.97381177225067
3.8163994888069 0.97079856876674
3.8164011476825 0.97021454949565
3.8164028065582 0.9694610226036
3.8164044654339 0.96792940181985
3.8164061243096 0.96378852752951
3.8164077831853 0.95386499629342
3.8164094420609 0.94188627108857
3.8164111009366 0.92732496395959
3.8164127598123 0.9184018633316
3.816414418688 0.9136384192162
3.8164160775636 0.91728682332814
3.8164177364393 0.92440625971808
3.816419395315 0.93556805017922
3.8164210541907 0.94749710292601
3.8164227130664 0.95580143727764
3.816424371942 0.96364387591771
3.8164260308177 0.96843395543161
3.8164276896934 0.97279489064534
3.8164293485691 0.97578971026012
3.8164310074447 0.9795156543834
3.8164326663204 0.98447505661566
3.8164343251961 0.98790354642376
3.8164359840718 0.98983381035596
3.8164376429475 0.98697944549281
3.8164393018231 0.98141981487342
3.8164409606988 0.98176955473977
3.8164426195745 0.98386137426113
3.8164442784502 0.97970767221592
3.8164459373258 0.97555643746688
3.8164475962015 0.98710649391662
3.8164492550772 0.99611977798415
3.8164509139529 0.99306772690349
3.8164525728286 0.99112622194095
3.8164542317042 0.99168255608266
3.8164558905799 0.99104727376798
3.8164575494556 0.98890753928718
3.8164592083313 0.98657095347803
3.8164608672069 0.98408965946387
3.8164625260826 0.97987259998767
3.8164641849583 0.9749492215574
3.816465843834 0.97248521912913
3.8164675027097 0.97047101474733
3.8164691615853 0.97037424522227
3.816470820461 0.97084108094648
3.8164724793367 0.97534557506174
3.8164741382124 0.97785333006753
3.816475797088 0.97437048223966
3.8164774559637 0.96982180491936
3.8164791148394 0.96357153710906
3.8164807737151 0.95198400084375
3.8164824325908 0.93547793251283
3.8164840914664 0.91581938245951
3.8164857503421 0.89450643876033
3.8164874092178 0.8686299398064
3.8164890680935 0.84155037186793
3.8164907269691 0.8355891725418
3.8164923858448 0.83284165510597
3.8164940447205 0.85322893447972
3.8164957035962 0.87406532985773
3.8164973624719 0.89671161992797
3.8164990213475 0.91773520617622
3.8165006802232 0.93553658424887
3.8165023390989 0.95143140108094
3.8165039979746 0.9651860914303
3.8165056568502 0.97541516546597
3.8165073157259 0.98336623839636
3.8165089746016 0.98542555644052
3.8165106334773 0.98545721985876
3.816512292353 0.98701545225215
3.8165139512286 0.98870103841102
3.8165156101043 0.98588050505137
3.81651726898 0.98256657743745
3.8165189278557 0.97654709144156
3.8165205867313 0.97140707346592
3.816522245607 0.96840684255935
3.8165239044827 0.96656043613655
3.8165255633584 0.96625335231229
3.8165272222341 0.96446551946501
3.8165288811097 0.96154109772881
3.8165305399854 0.95909823880126
3.8165321988611 0.95685867642569
3.8165338577368 0.95838953505248
3.8165355166124 0.96063462721348
3.8165371754881 0.95982968088888
3.8165388343638 0.95934812374982
3.8165404932395 0.96183408263453
3.8165421521152 0.96375163333687
3.8165438109908 0.96400191730453
3.8165454698665 0.96178625289899
3.8165471287422 0.95575161479701
3.8165487876179 0.94984500892708
3.8165504464935 0.94405166456727
3.8165521053692 0.94320137058709
3.8165537642449 0.94479687013853
3.8165554231206 0.94525150067604
3.8165570819963 0.94543416351286
3.8165587408719 0.94868828415578
3.8165603997476 0.95114454094466
3.8165620586233 0.94312073458814
3.816563717499 0.93575487329481
3.8165653763746 0.93067038365891
3.8165670352503 0.92043695941454
3.816568694126 0.90116374296332
3.8165703530017 0.88223494655783
3.8165720118774 0.86364773230563
3.816573670753 0.8571812556661
3.8165753296287 0.85749192239137
3.8165769885044 0.86733288520875
3.8165786473801 0.87984832813647
3.8165803062557 0.89520961380085
3.8165819651314 0.91088962523087
3.8165836240071 0.92770632230656
3.8165852828828 0.94203518802389
3.8165869417585 0.94641524262668
3.8165886006341 0.94805459609796
3.8165902595098 0.94437419079497
3.8165919183855 0.93942573139142
3.8165935772612 0.93310447348394
3.8165952361368 0.93019621491081
3.8165968950125 0.92937613878705
3.8165985538882 0.92624912599546
3.8166002127639 0.92239691255754
3.8166018716396 0.91855906867772
3.8166035305152 0.91422283220409
3.8166051893909 0.89848851359534
3.8166068482666 0.88094642814849
3.8166085071423 0.85532475906984
3.8166101660179 0.83360445881874
3.8166118248936 0.82003205027294
3.8166134837693 0.81509635193813
3.816615142645 0.82010284704717
3.8166168015207 0.83529584373263
3.8166184603963 0.85710949759146
3.816620119272 0.88287195542337
3.8166217781477 0.90996879395378
3.8166234370234 0.92652798291117
3.816625095899 0.94153021139445
3.8166267547747 0.94890864533148
3.8166284136504 0.95599772428724
3.8166300725261 0.96169649381108
3.8166317314017 0.96500780832067
3.8166333902774 0.96310682667417
3.8166350491531 0.96259132800923
3.8166367080288 0.96372760937052
3.8166383669045 0.96213713973696
3.8166400257801 0.95871628244736
3.8166416846558 0.9581615181247
3.8166433435315 0.95861048731711
3.8166450024072 0.96094782896694
3.8166466612828 0.96331637278131
3.8166483201585 0.95735941063676
3.8166499790342 0.95094063466357
3.8166516379099 0.94223966637707
3.8166532967856 0.93284926249786
3.8166549556612 0.92193252462661
3.8166566145369 0.90933113899856
3.8166582734126 0.89470448245752
3.8166599322883 0.88649685519074
3.8166615911639 0.88261857476948
3.8166632500396 0.88745433144365
3.8166649089153 0.89534448538001
3.816666567791 0.90732588132991
3.8166682266667 0.9198681642039
3.8166698855423 0.93323631954862
3.816671544418 0.94589249491015
3.8166732032937 0.95509615076927
3.8166748621694 0.96015967832192
3.816676521045 0.95620943023318
3.8166781799207 0.95571020467813
3.8166798387964 0.95928410981821
3.8166814976721 0.95917078228667
3.8166831565478 0.95662689342209
3.8166848154234 0.95768715804383
3.8166864742991 0.95996884176487
3.8166881331748 0.96407964328802
3.8166897920505 0.96835814467641
3.8166914509261 0.97113648948393
3.8166931098018 0.97328691208709
3.8166947686775 0.97258190037174
3.8166964275532 0.97196375554597
3.8166980864289 0.97152604694128
3.8166997453045 0.96804732098145
3.8167014041802 0.96113743160553
3.8167030630559 0.95807756638142
3.8167047219316 0.95742953540717
3.8167063808072 0.95791525973955
3.8167080396829 0.958759036215
3.8167096985586 0.95016391492137
3.8167113574343 0.9407151054802
3.81671301631 0.93378690893624
3.8167146751856 0.92793518882537
3.8167163340613 0.92649371949136
3.816717992937 0.92666167190546
3.8167196518127 0.92992833618122
3.8167213106883 0.93598839145364
3.816722969564 0.94498328420355
3.8167246284397 0.95162827973187
3.8167262873154 0.95691437844817
3.8167279461911 0.95766766391384
3.8167296050667 0.95714009501798
3.8167312639424 0.95247215340337
3.8167329228181 0.94768374821068
3.8167345816938 0.94560392230186
3.8167362405694 0.94373495120277
3.8167378994451 0.94261915655151
3.8167395583208 0.93930605215118
3.8167412171965 0.93217574004769
3.8167428760722 0.9256123252596
3.8167445349478 0.91958897605529
3.8167461938235 0.91571376566556
3.8167478526992 0.91295012265006
3.8167495115749 0.90940671929599
3.8167511704505 0.90567564215648
3.8167528293262 0.9061029438308
3.8167544882019 0.9077019693265
3.8167561470776 0.9179634985232
3.8167578059533 0.92807558227044
3.8167594648289 0.93773431188643
3.8167611237046 0.94565200797007
3.8167627825803 0.95090864610862
3.816764441456 0.95514497794381
3.8167661003316 0.95852321079486
3.8167677592073 0.96078374394576
3.816769418083 0.96254452509637
3.8167710769587 0.95796354885578
3.8167727358344 0.95216567593651
3.81677439471 0.94818197377046
3.8167760535857 0.94431701690207
3.8167777124614 0.94105932962955
3.8167793713371 0.9398275847985
3.8167810302127 0.94370986867962
3.8167826890884 0.94718718065998
3.8167843479641 0.9501325915062
3.8167860068398 0.95346158285426
3.8167876657155 0.95706730966611
3.8167893245911 0.9562669576742
3.8167909834668 0.95383433548901
3.8167926423425 0.95271875213537
3.8167943012182 0.95180730630979
3.8167959600938 0.95167385218304
3.8167976189695 0.95161627315133
3.8167992778452 0.95191184489946
3.8168009367209 0.95240713912444
3.8168025955966 0.95331497362077
3.8168042544722 0.95467603222976
3.8168059133479 0.95653672626659
3.8168075722236 0.95815484795972
3.8168092310993 0.95962758855263
3.8168108899749 0.95910491287533
3.8168125488506 0.95800282170093
3.8168142077263 0.95933478161466
3.816815866602 0.96057949875171
3.8168175254777 0.95830202112178
3.8168191843533 0.95684512854068
3.816820843229 0.95821452447459
3.8168225021047 0.9604568528346
3.8168241609804 0.96415227064875
3.816825819856 0.96530523891419
3.8168274787317 0.96416436231815
3.8168291376074 0.9628541237918
3.8168307964831 0.96146280327258
3.8168324553588 0.95401029218445
3.8168341142344 0.94528917384253
3.8168357731101 0.93334377604989
3.8168374319858 0.92066796190737
3.8168390908615 0.90354502837166
3.8168407497371 0.88461703015072
3.8168424086128 0.86104270557835
3.8168440674885 0.84647561164094
3.8168457263642 0.8437995589762
3.8168473852399 0.84789625581281
3.8168490441155 0.85684953118706
3.8168507029912 0.86878337554002
3.8168523618669 0.88179792628272
3.8168540207426 0.89260915277644
3.8168556796182 0.90306484872904
3.8168573384939 0.91169647622484
3.8168589973696 0.91961665597016
3.8168606562453 0.92448798833756
3.816862315121 0.92874521265531
3.8168639739966 0.93181693775656
3.8168656328723 0.93599649223528
3.816867291748 0.94131340483925
3.8168689506237 0.94600774136088
3.8168706094993 0.95036051864271
3.816872268375 0.94940062750483
3.8168739272507 0.94709741954376
3.8168755861264 0.94683783205448
3.8168772450021 0.94611919848111
3.8168789038777 0.94050570929608
3.8168805627534 0.93327776491107
3.8168822216291 0.92136537839335
3.8168838805048 0.90930957522617
3.8168855393804 0.89704681304912
3.8168871982561 0.8899078724732
3.8168888571318 0.88675525516846
3.8168905160075 0.88628843575173
3.8168921748832 0.88688844873741
3.8168938337588 0.89097152275043
3.8168954926345 0.89554360141149
3.8168971515102 0.89857503480137
3.8168988103859 0.90020792711997
3.8169004692615 0.89530701922185
3.8169021281372 0.88812008007645
3.8169037870129 0.87629432700233
3.8169054458886 0.86417314865675
3.8169071047642 0.85173709399633
3.8169087636399 0.83917047490467
3.8169104225156 0.82652981912884
3.8169120813913 0.82148457533953
3.816913740267 0.81842983752354
3.8169153991426 0.82995136369137
3.8169170580183 0.84163313345444
3.816918716894 0.84744653209346
3.8169203757697 0.85424535065139
3.8169220346453 0.86391140946503
3.816923693521 0.87130229237535
3.8169253523967 0.87542667048283
3.8169270112724 0.88318543495159
3.8169286701481 0.8937374593804
3.8169303290237 0.8904806741828
3.8169319878994 0.88186647607601
3.8169336467751 0.88238371464076
3.8169353056508 0.88406742315974
3.8169369645264 0.88165600258435
3.8169386234021 0.88046356243202
3.8169402822778 0.88459276669092
3.8169419411535 0.88782932972869
3.8169436000292 0.88934807098025
3.8169452589048 0.88990860800956
3.8169469177805 0.88950191828965
3.8169485766562 0.88896975630125
3.8169502355319 0.88837106595256
3.8169518944075 0.88663620105283
3.8169535532832 0.8846339149637
3.8169552121589 0.88882584495641
3.8169568710346 0.89231378601391
3.8169585299103 0.88913526880822
3.8169601887859 0.88688582019835
3.8169618476616 0.88704693077773
3.8169635065373 0.88653636870143
3.816965165413 0.88515248393552
3.8169668242886 0.88306843715009
3.8169684831643 0.88050060496319
3.81697014204 0.87527325022184
3.8169718009157 0.86915081109786
3.8169734597914 0.86939509781704
3.816975118667 0.86994437516258
3.8169767775427 0.86502846213071
3.8169784364184 0.86105896686561
3.8169800952941 0.86045711896943
3.8169817541697 0.85817173769603
3.8169834130454 0.85310098044749
3.8169850719211 0.84967054647308
3.8169867307968 0.84767043023454
3.8169883896725 0.84241747316236
3.8169900485481 0.83571537991895
3.8169917074238 0.8328345903758
3.8169933662995 0.8305734387775
3.8169950251752 0.82070587631638
3.8169966840508 0.8113034411206
3.8169983429265 0.80424699600614
3.8170000018022 0.79598235175649
3.8170016606779 0.78519226053025
3.8170033195536 0.77569591193018
3.8170049784292 0.76759044675733
3.8170066373049 0.7588485045549
3.8170082961806 0.74974902703305
3.8170099550563 0.73410361935922
3.8170116139319 0.71681032521131
3.8170132728076 0.69987366978593
3.8170149316833 0.68350520444328
3.817016590559 0.67132856574452
3.8170182494347 0.65514333427721
3.8170199083103 0.62840954561505
3.817021567186 0.60890922206107
3.8170232260617 0.59882263393637
3.8170248849374 0.58287751950374
3.817026543813 0.56292400970498
3.8170282026887 0.54792233904802
3.8170298615644 0.53454387967156
3.8170315204401 0.52454258737305
3.8170331793158 0.51481549168724
3.8170348381914 0.50445786993937
3.8170364970671 0.49469390637839
3.8170381559428 0.48689432199761
3.8170398148185 0.47993084571472
3.8170414736941 0.47426431203214
3.8170431325698 0.46763675411029
3.8170447914455 0.46022939869892
3.8170464503212 0.45494883689662
3.8170481091969 0.45052746431408
3.8170497680725 0.44706863727264
3.8170514269482 0.44354836236071
3.8170530858239 0.43411373887108
3.8170547446996 0.42580831432301
3.8170564035752 0.42220523966261
3.8170580624509 0.41823381519033
3.8170597213266 0.41359130170215
3.8170613802023 0.40872534963945
3.817063039078 0.40364921375959
3.8170646979536 0.39870706782003
3.8170663568293 0.39382905794468
3.817068015705 0.3900737904378
3.8170696745807 0.38653649361217
3.8170713334563 0.38241073164636
3.817072992332 0.37880668245322
3.8170746512077 0.37794290053215
3.8170763100834 0.37720160257196
3.8170779689591 0.37671855658806
3.8170796278347 0.37540925838159
3.8170812867104 0.37321685075255
3.8170829455861 0.37404777960192
3.8170846044618 0.37654121110074
3.8170862633374 0.37769219728529
3.8170879222131 0.37852249424012
3.8170895810888 0.37997046293241
3.8170912399645 0.3820883667026
3.8170928988402 0.3885009689788
3.8170945577158 0.39359565968176
3.8170962165915 0.39552382406157
3.8170978754672 0.39985506490075
3.8170995343429 0.40704866938523
3.8171011932185 0.41647177490002
3.8171028520942 0.42726680814881
3.8171045109699 0.44165627613849
3.8171061698456 0.45704879418711
3.8171078287213 0.47345574403171
3.8171094875969 0.48938171869393
3.8171111464726 0.50083590158873
3.8171128053483 0.51295295642522
3.817114464224 0.5268531605209
3.8171161230996 0.53836540452109
3.8171177819753 0.54676765796983
3.817119440851 0.55279910375236
3.8171210997267 0.55723550448546
3.8171227586024 0.56216806978288
3.817124417478 0.56725611249361
3.8171260763537 0.57217116969631
3.8171277352294 0.57657981303845
3.8171293941051 0.57594854974777
3.8171310529807 0.57382706891758
3.8171327118564 0.5673057626745
3.8171343707321 0.5604193497438
3.8171360296078 0.55302286085382
3.8171376884835 0.55188872420258
3.8171393473591 0.55526262009582
3.8171410062348 0.55770365427508
3.8171426651105 0.55982686139089
3.8171443239862 0.56889805525573
3.8171459828618 0.57823064144307
3.8171476417375 0.58236650736691
3.8171493006132 0.58768448743603
3.8171509594889 0.59674699301973
3.8171526183646 0.60680631518341
3.8171542772402 0.61833064370215
3.8171559361159 0.6269528485285
3.8171575949916 0.63338581332875
3.8171592538673 0.63898082339856
3.8171609127429 0.64427408710964
3.8171625716186 0.64918219771081
3.8171642304943 0.65367187871156
3.81716588937 0.65285361448047
3.8171675482457 0.65336957621246
3.8171692071213 0.65830797329096
3.817170865997 0.66229922270446
3.8171725248727 0.66485529226365
3.8171741837484 0.665130644086
3.817175842624 0.66363934645745
3.8171775014997 0.6598087311195
3.8171791603754 0.65511083833748
3.8171808192511 0.65581389744219
3.8171824781268 0.65753096671429
3.8171841370024 0.66507104264529
3.8171857958781 0.67450649888327
3.8171874547538 0.69034043899136
3.8171891136295 0.70318981413625
3.8171907725051 0.7114702760863
3.8171924313808 0.71728931122983
3.8171940902565 0.72118918032144
3.8171957491322 0.72633763643375
3.8171974080078 0.73195082053947
3.8171990668835 0.73871884270244
3.8172007257592 0.74518181626385
3.8172023846349 0.74509942421603
3.8172040435106 0.74680135369247
3.8172057023862 0.75446965798202
3.8172073612619 0.76097414023213
3.8172090201376 0.7657153694245
3.8172106790133 0.77075074285608
3.8172123378889 0.77601242509126
3.8172139967646 0.77927999329786
3.8172156556403 0.78182069463938
3.817217314516 0.78479966767429
3.8172189733917 0.78781163521363
3.8172206322673 0.79061581786288
3.817222291143 0.79226439467696
3.8172239500187 0.79018826507774
3.8172256088944 0.78769191623439
3.81722726777 0.78457824778245
3.8172289266457 0.78419112674021
3.8172305855214 0.78583239632465
3.8172322443971 0.78008526400055
3.8172339032728 0.77176784192777
3.8172355621484 0.76862675271263
3.8172372210241 0.76664522777928
3.8172388798998 0.77221737416925
3.8172405387755 0.77902393554328
3.8172421976511 0.78956770375078
3.8172438565268 0.80122925590592
3.8172455154025 0.81445129475388
3.8172471742782 0.82702732978295
3.8172488331539 0.83914799916986
3.8172504920295 0.84785281282931
3.8172521509052 0.85545438641075
3.8172538097809 0.86394637672268
3.8172554686566 0.87152874439402
3.8172571275322 0.86975688162554
3.8172587864079 0.86744392517189
3.8172604452836 0.863627750453
3.8172621041593 0.86314136806778
3.817263763035 0.86698732757126
3.8172654219106 0.86816866458663
3.8172670807863 0.86760741334497
3.817268739662 0.86939027552988
3.8172703985377 0.87185460366221
3.8172720574133 0.88506426454904
3.817273716289 0.89705576213024
3.8172753751647 0.89493216473323
3.8172770340404 0.89494634074084
3.8172786929161 0.90029644422977
3.8172803517917 0.90406595047493
3.8172820106674 0.90595536491581
3.8172836695431 0.90980751325379
3.8172853284188 0.9148243373159
3.8172869872944 0.91620570089255
3.8172886461701 0.91666992112287
3.8172903050458 0.9183961456522
3.8172919639215 0.9201774217575
3.8172936227972 0.9220536708848
3.8172952816728 0.92395730136607
3.8172969405485 0.92592123181578
3.8172985994242 0.92885716052777
3.8173002582999 0.93283015516968
3.8173019171755 0.93365725425086
3.8173035760512 0.93283074536529
3.8173052349269 0.92905450223675
3.8173068938026 0.92466246010818
3.8173085526783 0.92470218384447
3.8173102115539 0.92485953110152
3.8173118704296 0.92556913728464
3.8173135293053 0.92555124715531
3.817315188181 0.92414290578381
3.8173168470566 0.9234409604554
3.8173185059323 0.92340210977103
3.817320164808 0.92840560274947
3.8173218236837 0.93569254904186
3.8173234825594 0.93788583017997
3.817325141435 0.93940011393715
3.8173268003107 0.94143153850431
3.8173284591864 0.942540593563
3.8173301180621 0.93962767336263
3.8173317769377 0.93731618083365
3.8173334358134 0.93826850726527
3.8173350946891 0.93926704773476
3.8173367535648 0.94058973081532
3.8173384124405 0.94205792110816
3.8173400713161 0.94492753691991
3.8173417301918 0.94783405427738
3.8173433890675 0.95128501332856
3.8173450479432 0.95459407026949
3.8173467068188 0.95374838856541
3.8173483656945 0.95290099049155
3.8173500245702 0.95142233244178
3.8173516834459 0.94994367439201
3.8173533423216 0.9520155685268
3.8173550011972 0.95418789255913
3.8173566600729 0.95181950035802
3.8173583189486 0.94917362047436
3.8173599778243 0.94828299045247
3.8173616366999 0.94756075650435
3.8173632955756 0.94596268086618
3.8173649544513 0.94424815674697
3.817366613327 0.94665281120574
3.8173682722027 0.94976773771389
3.8173699310783 0.95181906042193
3.817371589954 0.95364218130396
3.8173732488297 0.95942316235421
3.8173749077054 0.96623187476695
3.817376566581 0.97056243854062
3.8173782254567 0.97412982565863
3.8173798843324 0.97166029274192
3.8173815432081 0.96701788805194
3.8173832020838 0.96854853274059
3.8173848609594 0.97264721328846
3.8173865198351 0.97427878097678
3.8173881787108 0.97473470424248
3.8173898375865 0.9757020370232
3.8173914964621 0.97694666732648
3.8173931553378 0.97616051098992
3.8173948142135 0.97412809428319
3.8173964730892 0.97173365986264
3.8173981319649 0.96908877573228
3.8173997908405 0.96853254171076
3.8174014497162 0.96959991236902
3.8174031085919 0.9699083894405
3.8174047674676 0.96955537634451
3.8174064263432 0.96939372522512
3.8174080852189 0.9694188721844
3.8174097440946 0.97079022714897
3.8174114029703 0.97363196727019
3.817413061846 0.97556357100158
3.8174147207216 0.97638266613604
3.8174163795973 0.97695092748913
3.817418038473 0.97717580705519
3.8174196973487 0.97590050492694
3.8174213562243 0.97232142619971
3.8174230151 0.97187333590191
3.8174246739757 0.97683121105094
3.8174263328514 0.97935308993346
3.8174279917271 0.97713097314564
3.8174296506027 0.97533226373151
3.8174313094784 0.9744675288425
3.8174329683541 0.97340628580323
3.8174346272298 0.97185136699751
3.8174362861054 0.97108245517485
3.8174379449811 0.97257876972855
3.8174396038568 0.97437457450789
3.8174412627325 0.97716950394022
3.8174429216082 0.97969426148116
3.8174445804838 0.98116311589323
3.8174462393595 0.98271696178867
3.8174478982352 0.98466602533537
3.8174495571109 0.98564755375768
3.8174512159865 0.98116243451379
3.8174528748622 0.97686620770026
3.8174545337379 0.97390570309587
3.8174561926136 0.97085987394778
3.8174578514893 0.96702470734544
3.8174595103649 0.96316390266728
3.8174611692406 0.95896917137792
3.8174628281163 0.95483583638826
3.817464486992 0.95199973086226
3.8174661458676 0.94903311394912
3.8174678047433 0.93938971912889
3.817469463619 0.92974632430867
3.8174711224947 0.91776202713331
3.8174727813703 0.90576201059088
3.817474440246 0.88033858980737
3.8174760991217 0.8544654365513
3.8174777579974 0.82372816795068
3.8174794168731 0.79269103025831
3.8174810757487 0.77212938242282
3.8174827346244 0.75252270433748
3.8174843935001 0.75484226159709
3.8174860523758 0.75984214776146
3.8174877112514 0.78664499205113
3.8174893701271 0.81682654935527
3.8174910290028 0.84852091759188
3.8174926878785 0.8805019073041
3.8174943467542 0.9086173877435
3.8174960056298 0.93585949217514
3.8174976645055 0.94958124276161
3.8174993233812 0.95972671759487
3.8175009822569 0.96639076105518
3.8175026411325 0.97199172998426
3.8175043000082 0.97447020742763
3.8175059588839 0.97585970373186
3.8175076177596 0.97677750826612
3.8175092766353 0.97750909054971
3.8175109355109 0.97674900350892
3.8175125943866 0.97532677216968
3.8175142532623 0.97247121788363
3.817515912138 0.9689042160172
3.8175175710136 0.96445423079812
3.8175192298893 0.95951651665755
3.817520888765 0.95317303078955
3.8175225476407 0.94596854614335
3.8175242065164 0.93725294691518
3.817525865392 0.92751425424964
3.8175275242677 0.92118219345674
3.8175291831434 0.91739391013259
3.8175308420191 0.91364865900724
3.8175325008947 0.90993877342419
3.8175341597704 0.91227997479243
3.8175358186461 0.92008755891495
3.8175374775218 0.92698173019589
3.8175391363975 0.93296964416832
3.8175407952731 0.93561444035115
3.8175424541488 0.93461896143884
3.8175441130245 0.93417203334787
3.8175457719002 0.93438063323499
3.8175474307758 0.93369347657452
3.8175490896515 0.93183127684447
3.8175507485272 0.93312963916898
3.8175524074029 0.93898197771805
3.8175540662786 0.94239803206913
3.8175557251542 0.9419535647632
3.8175573840299 0.94157788630832
3.8175590429056 0.94132226344417
3.8175607017813 0.94223296939506
3.8175623606569 0.94539014748965
3.8175640195326 0.94497613722191
3.8175656784083 0.93695153252193
3.817567337284 0.93029842151053
3.8175689961597 0.92689015972192
3.8175706550353 0.92242609722248
3.817572313911 0.91517786394406
3.8175739727867 0.90822828143919
3.8175756316624 0.90216076523446
3.817577290538 0.89686012479435
3.8175789494137 0.89411205064996
3.8175806082894 0.89161441500507
3.8175822671651 0.8900632025053
3.8175839260408 0.88920864085654
3.8175855849164 0.8913708867555
3.8175872437921 0.89414487886224
3.8175889026678 0.89999029228327
3.8175905615435 0.90601341813051
3.8175922204191 0.91308715790185
3.8175938792948 0.9203827056763
3.8175955381705 0.92925392084651
3.8175971970462 0.93755325293698
3.8175988559219 0.94083181412908
3.8176005147975 0.94393799560314
3.8176021736732 0.94509489833469
3.8176038325489 0.9456778342074
3.8176054914246 0.93732164691616
3.8176071503002 0.92931291377369
3.8176088091759 0.92974050045107
3.8176104680516 0.93034845018346
3.8176121269273 0.9403122819903
3.817613785803 0.95027611379715
3.8176154446786 0.95546930683351
3.8176171035543 0.96065488147928
3.81761876243 0.97157821233247
3.8176204213057 0.98263065487163
3.8176220801813 0.98462976305406
3.817623739057 0.98622915533941
3.8176253979327 0.98897595866368
3.8176270568084 0.99179916027222
3.8176287156841 0.99294638668387
3.8176303745597 0.99394296479748
3.8176320334354 0.99053369531726
3.8176336923111 0.98662187694204
3.8176353511868 0.98608314897341
3.8176370100624 0.98601382974693
3.8176386689381 0.9867293809405
3.8176403278138 0.98757462023449
3.8176419866895 0.99059064897756
3.8176436455652 0.99402432288748
3.8176453044408 0.99726141621751
3.8176469633165 1.0004551347855
3.8176486221922 0.9983642562615
3.8176502810679 0.99495191431569
3.8176519399435 0.99197799579664
3.8176535988192 0.98912714429338
3.8176552576949 0.98468914057772
3.8176569165706 0.97975479676479
3.8176585754463 0.98155824454401
3.8176602343219 0.9856939194265
3.8176618931976 0.98608030797693
3.8176635520733 0.98503804297479
3.817665210949 0.98169619897026
3.8176668698246 0.97739400618479
3.8176685287003 0.98007535034071
3.817670187576 0.9859398665676
3.8176718464517 0.98575695038397
3.8176735053274 0.98257508839688
3.817675164203 0.97983699246823
3.8176768230787 0.97733766159967
3.8176784819544 0.97517493830349
3.8176801408301 0.97320818328027
3.8176817997057 0.97169106032934
3.8176834585814 0.97045661470466
3.8176851174571 0.96999433611459
3.8176867763328 0.97005529435438
3.8176884352085 0.97157400349134
3.8176900940841 0.97415568200276
3.8176917529598 0.97676135476119
3.8176934118355 0.97938583216845
3.8176950707112 0.97556095214748
3.8176967295868 0.96630997937169
3.8176983884625 0.95486272169975
3.8177000473382 0.94143371081169
3.8177017062139 0.93098796545344
3.8177033650896 0.92342691185944
3.8177050239652 0.91750630249692
3.8177066828409 0.91328477863515
3.8177083417166 0.90620218490821
3.8177100005923 0.89594688884343
3.8177116594679 0.87674171989656
3.8177133183436 0.84691388687447
3.8177149772193 0.81892741050661
3.817716636095 0.79327979697848
3.8177182949707 0.77527990699075
3.8177199538463 0.7676772951274
3.817721612722 0.77005804443852
3.8177232715977 0.78696830595786
3.8177249304734 0.80932062211178
3.817726589349 0.84015411951468
3.8177282482247 0.87048498307807
3.8177299071004 0.89997650513484
3.8177315659761 0.92726976294322
3.8177332248518 0.95062788937168
3.8177348837274 0.9691701202924
3.8177365426031 0.97846171253517
3.8177382014788 0.9861608513664
3.8177398603545 0.99057445446898
3.8177415192301 0.99443750123089
3.8177431781058 0.99707879569834
3.8177448369815 0.99938867025922
3.8177464958572 1.0009063751807
3.8177481547329 1.0013747206983
3.8177498136085 0.99913696073618
3.8177514724842 0.99762415054011
3.8177531313599 0.99813227020982
3.8177547902356 0.99792583962982
3.8177564491112 0.99556128438098
3.8177581079869 0.99310836923666
3.8177597668626 0.99036549989082
3.8177614257383 0.98897378350534
3.8177630846139 0.99241413888917
3.8177647434896 0.99519260378699
3.8177664023653 0.99538219955033
3.817768061241 0.99462953070868
3.8177697201167 0.98982826709027
3.8177713789923 0.98598460921461
3.817773037868 0.9866830306531
3.8177746967437 0.98676110432562
3.8177763556194 0.98357207804652
3.817778014495 0.98074279540859
3.8177796733707 0.98003186893568
3.8177813322464 0.97907847013806
3.8177829911221 0.97651514138028
3.8177846499978 0.97423459951534
3.8177863088734 0.97409408612097
3.8177879677491 0.97384166367635
3.8177896266248 0.97261122011544
3.8177912855005 0.97161822680166
3.8177929443761 0.97306275038148
3.8177946032518 0.97474625180054
3.8177962621275 0.97937906848095
3.8177979210032 0.98317589475649
3.8177995798789 0.97416590505055
3.8178012387545 0.96484319955888
3.8178028976302 0.94928202051124
3.8178045565059 0.93326743091748
3.8178062153816 0.90449743424534
3.8178078742572 0.87567357589107
3.8178095331329 0.84434040237065
3.8178111920086 0.81313914760027
3.8178128508843 0.79855604024263
3.81781450976 0.78397293288498
3.8178161686356 0.79303538114095
3.8178178275113 0.8022215940389
3.817819486387 0.83040927887129
3.8178211452627 0.8589475208965
3.8178228041383 0.89216873320923
3.817824463014 0.92553920161757
3.8178261218897 0.94640737719504
3.8178277807654 0.96670607565977
3.8178294396411 0.97801537547201
3.8178310985167 0.98879031382139
3.8178327573924 0.99169250842317
3.8178344162681 0.99401525495059
3.8178360751438 0.99786656893752
3.8178377340194 1.0018523001491
3.8178393928951 1.000495151564
3.8178410517708 0.99859012260208
3.8178427106465 0.99349557193695
3.8178443695222 0.9880266339168
3.8178460283978 0.98002967726068
3.8178476872735 0.97169788841606
3.8178493461492 0.96948035374032
3.8178510050249 0.96816652514723
3.8178526639005 0.96096685879679
3.8178543227762 0.95280546237931
3.8178559816519 0.93688195573983
3.8178576405276 0.91956721987302
3.8178592994033 0.88642231977953
3.8178609582789 0.85018557157773
3.8178626171546 0.81612278099501
3.8178642760303 0.78252008801796
3.817865934906 0.76283555196753
3.8178675937816 0.74632819883148
3.8178692526573 0.75599138328426
3.817870911533 0.7720706845549
3.8178725704087 0.79734700257494
3.8178742292844 0.8250358004434
3.81787588816 0.85044020246993
3.8178775470357 0.87520547708716
3.8178792059114 0.8851324719846
3.8178808647871 0.89064491208084
3.8178825236627 0.88802819033193
3.8178841825384 0.88284665631565
3.8178858414141 0.88488352854637
3.8178875002898 0.88932968950389
3.8178891591655 0.90604624973324
3.8178908180411 0.92708567453167
3.8178924769168 0.94579495237601
3.8178941357925 0.96363934105306
3.8178957946682 0.97150719855734
3.8178974535438 0.97548101078757
3.8178991124195 0.97958130996971
3.8179007712952 0.98373343612504
3.8179024301709 0.98434400710459
3.8179040890466 0.98343341383564
3.8179057479222 0.98361547203197
3.8179074067979 0.98428875912717
3.8179090656736 0.98463570136001
3.8179107245493 0.9848292906132
3.8179123834249 0.98114526356846
3.8179140423006 0.97555916683854
3.8179157011763 0.97464077522188
3.817917360052 0.97610953424834
3.8179190189277 0.96855466245513
3.8179206778033 0.95619306331643
3.817922336679 0.95116014032209
3.8179239955547 0.95018896661659
3.8179256544304 0.95133624380588
3.817927313306 0.9537038564312
3.8179289721817 0.95630236768819
3.8179306310574 0.9590389914063
3.8179322899331 0.95992387196062
3.8179339488088 0.95965950143877
3.8179356076844 0.9589576237825
3.8179372665601 0.95797425873899
3.8179389254358 0.95689075337048
3.8179405843115 0.95574051247035
3.8179422431871 0.95209175938552
3.8179439020628 0.94671973079649
3.8179455609385 0.94213456587692
3.8179472198142 0.93811075184603
3.8179488786899 0.93391077266891
3.8179505375655 0.92958089786305
3.8179521964412 0.93116973823819
3.8179538553169 0.93726603761604
3.8179555141926 0.94171766076514
3.8179571730682 0.94487653008903
3.8179588319439 0.94817419099452
3.8179604908196 0.95158439293539
3.8179621496953 0.95255738994112
3.817963808571 0.95149333266308
3.8179654674466 0.9521362054595
3.8179671263223 0.95424897723746
3.817968785198 0.9552599555666
3.8179704440737 0.95529383460007
3.8179721029493 0.95638120454547
3.817973761825 0.95842998660771
3.8179754207007 0.96243702578987
3.8179770795764 0.96828232659324
3.8179787384521 0.97186126804638
3.8179803973277 0.97325305237044
3.8179820562034 0.97202129311091
3.8179837150791 0.96818809874985
3.8179853739548 0.96247720665125
3.8179870328304 0.95485400807089
3.8179886917061 0.95213279316156
3.8179903505818 0.95453558999704
3.8179920094575 0.95902025828577
3.8179936683332 0.96573767557356
3.8179953272088 0.97364953076788
3.8179969860845 0.98287501462026
3.8179986449602 0.9894544161948
3.8180003038359 0.99305061423507
3.8180019627115 0.99539024900102
3.8180036215872 0.99627862276929
3.8180052804629 0.99844771016326
3.8180069393386 1.0021315681304
3.8180085982143 1.0042967278094
3.8180102570899 1.0046232999077
3.8180119159656 1.0058641697661
3.8180135748413 1.0082376331495
3.818015233717 1.010169408851
3.8180168925926 1.0115416946857
3.8180185514683 1.0114183170196
3.818020210344 1.0093582538636
3.8180218692197 1.0070664846364
3.8180235280954 1.0044681669262
3.818025186971 1.0036118176187
3.8180268458467 1.0051090381978
3.8180285047224 1.0050424630592
3.8180301635981 1.0028188819332
3.8180318224737 0.99939136595333
3.8180334813494 0.99426960451202
3.8180351402251 0.99248677588557
3.8180367991008 0.99549622762578
3.8180384579764 0.99982498225027
3.8180401168521 1.0060843688519
3.8180417757278 1.0076149359018
3.8180434346035 1.0020946207812
3.8180450934792 0.99741543726224
3.8180467523548 0.99401371660776
3.8180484112305 0.99508736988848
3.8180500701062 1.003080803305
3.8180517289819 1.0075305379996
3.8180533878575 1.0064047952809
3.8180550467332 1.0061213619855
3.8180567056089 1.0071857782037
3.8180583644846 1.0061226312088
3.8180600233603 1.0015980939103
3.8180616822359 0.99908074948313
3.8180633411116 0.99988129015229
3.8180649999873 1.0024279641628
3.818066658863 1.0079062376935
3.8180683177386 1.0119034404783
3.8180699766143 1.0133759545901
3.81807163549 1.0147279767339
3.8180732943657 1.0158716003601
3.8180749532414 1.0167174523092
3.818076612117 1.0170409433411
3.8180782709927 1.0174126004004
3.8180799298684 1.0178699116912
3.8180815887441 1.0176434689947
3.8180832476197 1.0161850671009
3.8180849064954 1.0158210536789
3.8180865653711 1.0174537822718
3.8180882242468 1.0172003259787
3.8180898831225 1.0134632731352
3.8180915419981 1.0105558314456
3.8180932008738 1.0091985368237
3.8180948597495 1.0086890093535
3.8180965186252 1.0097812106209
3.8180981775008 1.0094621780017
3.8180998363765 1.0064486184028
3.8181014952522 1.0055100847566
3.8181031541279 1.0085738543591
3.8181048130036 1.0108525792656
3.8181064718792 1.0116028238196
3.8181081307549 1.010154511283
3.8181097896306 1.0043869303948
3.8181114485063 0.99897299421617
3.8181131073819 0.99425969908902
3.8181147662576 0.99118534316766
3.8181164251333 0.99138418312481
3.818118084009 0.99142393290177
3.8181197428847 0.99114364520126
3.8181214017603 0.99149372598582
3.818123060636 0.9931206032968
3.8181247195117 0.99485885045769
3.8181263783874 0.99682408751375
3.818128037263 0.99860997649864
3.8181296961387 1.0000281888223
3.8181313550144 1.0009647112793
3.8181330138901 1.0009087397104
3.8181346727658 1.0007817881169
3.8181363316414 1.0005079087928
3.8181379905171 1.0005097207998
3.8181396493928 1.0010845062449
3.8181413082685 1.0016661045438
3.8181429671441 1.0022619104074
3.8181446260198 1.0013929940215
3.8181462848955 0.99746043235093
3.8181479437712 0.99447266226486
3.8181496026469 0.99346535482977
3.8181512615225 0.99157164350398
3.8181529203982 0.98781660850805
3.8181545792739 0.98639948573599
3.8181562381496 0.98989721850905
3.8181578970252 0.99297103664723
3.8181595559009 0.99515306027213
3.8181612147766 0.99760080018572
3.8181628736523 1.0006074753521
3.818164532528 1.0043822705215
3.8181661914036 1.0097719473931
3.8181678502793 1.0141121726678
3.818169509155 1.0162485848089
3.8181711680307 1.0167920639762
3.8181728269063 1.0139963364239
3.818174485782 1.0116746253075
3.8181761446577 1.010344215988
3.8181778035334 1.0094133878337
3.8181794624091 1.0093158512588
3.8181811212847 1.0080258894295
3.8181827801604 1.0042577227449
3.8181844390361 1.0008013658525
3.8181860979118 0.99799043333008
3.8181877567874 0.99543953936765
3.8181894156631 0.99342441684863
3.8181910745388 0.99172895557099
3.8181927334145 0.99068878543219
3.8181943922902 0.98844517251073
3.8181960511658 0.98374892421747
3.8181977100415 0.97862567828499
3.8181993689172 0.97263763341033
3.8182010277929 0.9674967734596
3.8182026866685 0.96406000201737
3.8182043455442 0.96001011970676
3.8182060044199 0.95473590659782
3.8182076632956 0.95096523046484
3.8182093221713 0.95017298493954
3.8182109810469 0.94972110905281
3.8182126399226 0.94993782757786
3.8182142987983 0.95360278774245
3.818215957674 0.96398045039003
3.8182176165496 0.9737753458831
3.8182192754253 0.98244658413976
3.818220934301 0.98949047312197
3.8182225931767 0.99342773819644
3.8182242520524 0.99749366255759
3.818225910928 1.0018025817042
3.8182275698037 1.0044085832212
3.8182292286794 1.0038338216861
3.8182308875551 1.0040937631695
3.8182325464307 1.0058947347585
3.8182342053064 1.0067282147964
3.8182358641821 1.0057968554262
3.8182375230578 1.0046663259807
3.8182391819335 1.0031770817519
3.8182408408091 1.0000005967324
3.8182424996848 0.99382487458279
3.8182441585605 0.98767992160868
3.8182458174362 0.98158892295136
3.8182474763118 0.97519860193669
3.8182491351875 0.96829079761643
3.8182507940632 0.96380887266316
3.8182524529389 0.96345975953795
3.8182541118146 0.96163569115973
3.8182557706902 0.9573363512033
3.8182574295659 0.95324334029304
3.8182590884416 0.94949124578211
3.8182607473173 0.94398559245227
3.8182624061929 0.93562872888058
3.8182640650686 0.92543835270967
3.8182657239443 0.91231577444152
3.81826738282 0.89584308037886
3.8182690416957 0.87410351913472
3.8182707005713 0.85168846214046
3.818272359447 0.82822975914522
3.8182740183227 0.81443772243874
3.8182756771984 0.81531566034542
3.818277336074 0.82319735567792
3.8182789949497 0.84151401909354
3.8182806538254 0.86256359514796
3.8182823127011 0.88760875012052
3.8182839715768 0.91310758514874
3.8182856304524 0.93925708380017
3.8182872893281 0.9590449687696
3.8182889482038 0.96988860677736
3.8182906070795 0.9779501389957
3.8182922659551 0.98217831018068
3.8182939248308 0.98511177476727
3.8182955837065 0.98629782435167
3.8182972425822 0.98803046758318
3.8182989014579 0.99048549395854
3.8183005603335 0.99229389984498
3.8183022192092 0.9932660301885
3.8183038780849 0.99355843656912
3.8183055369606 0.99299086267552
3.8183071958362 0.99175981242185
3.8183088547119 0.9897079846437
3.8183105135876 0.9885350588282
3.8183121724633 0.98842473806492
3.8183138313389 0.988060339728
3.8183154902146 0.98739587628822
3.8183171490903 0.98814260387446
3.818318807966 0.99051677907723
3.8183204668417 0.98839176449899
3.8183221257173 0.98120255380328
3.818323784593 0.97672708104458
3.8183254434687 0.97523135948844
3.8183271023444 0.97198891516816
3.81832876122 0.96687643269981
3.8183304200957 0.96294396523656
3.8183320789714 0.96024262826254
3.8183337378471 0.95885437764788
3.8183353967228 0.95880069736386
3.8183370555984 0.95736880395605
3.8183387144741 0.95457328285229
3.8183403733498 0.95678679299073
3.8183420322255 0.9638230907786
3.8183436911011 0.96818080659754
3.8183453499768 0.97002985286034
3.8183470088525 0.97213189795393
3.8183486677282 0.97446426580613
3.8183503266039 0.979532130191
3.8183519854795 0.98701964563448
3.8183536443552 0.99044903035295
3.8183553032309 0.99039332299895
3.8183569621066 0.98894096241029
3.8183586209822 0.98632459987635
3.8183602798579 0.98496848368597
3.8183619387336 0.98463118282088
3.8183635976093 0.98285684522566
3.818365256485 0.97995652223192
3.8183669153606 0.97358018813252
3.8183685742363 0.96456538777455
3.818370233112 0.95939383897551
3.8183718919877 0.95704635861438
3.8183735508633 0.95665116848628
3.818375209739 0.95764374376679
3.8183768686147 0.95813668533805
3.8183785274904 0.95828630972078
3.8183801863661 0.95770828256202
3.8183818452417 0.95664730486508
3.8183835041174 0.95817743441054
3.8183851629931 0.96136761256725
3.8183868218688 0.96337346590006
3.8183884807444 0.96464751414616
3.8183901396201 0.96820162341336
3.8183917984958 0.97311334327173
3.8183934573715 0.97998930561495
3.8183951162472 0.98799122846327
3.8183967751228 0.99137117278483
3.8183984339985 0.99220294622426
3.8184000928742 0.98994066434457
3.8184017517499 0.98603920261444
3.8184034106255 0.98033868435276
3.8184050695012 0.97372328334037
3.8184067283769 0.97419427193026
3.8184083872526 0.97812037496758
3.8184100461283 0.98331015134378
3.8184117050039 0.98908992615603
3.8184133638796 0.99145476580362
3.8184150227553 0.99229484257369
3.818416681631 0.9941931129641
3.8184183405066 0.99654267297343
3.8184199993823 1.0024412948489
3.818421658258 1.0097834121346
3.8184233171337 1.0093617061156
3.8184249760094 1.005933377597
3.818426634885 1.0045712717807
3.8184282937607 1.0039696906478
3.8184299526364 0.99644509497773
3.8184316115121 0.98650320480652
3.8184332703877 0.97571956984245
3.8184349292634 0.96465764665669
3.8184365881391 0.95353195304372
3.8184382470148 0.94238634253736
3.8184399058905 0.94011843796512
3.8184415647661 0.94046329005822
3.8184432236418 0.94472981831754
3.8184448825175 0.95008091703956
3.8184465413932 0.95895090655028
3.8184482002688 0.96873256107695
3.8184498591445 0.97704676434257
3.8184515180202 0.98500595717029
3.8184531768959 0.9894967877432
3.8184548357716 0.99320713854158
3.8184564946472 0.99529308640861
3.8184581535229 0.9970405237929
3.8184598123986 0.99905722470679
3.8184614712743 1.0011256263602
3.8184631301499 1.0049185801242
3.8184647890256 1.0090148439886
3.8184664479013 1.0087731447624
3.818468106777 1.0078371518413
3.8184697656527 1.0065987324917
3.8184714245283 1.0053166222096
3.818473083404 1.0014015641726
3.8184747422797 0.99714652139513
3.8184764011554 0.99820025796417
3.818478060031 0.99985932875077
3.8184797189067 0.99931467977703
3.8184813777824 0.99855151113283
3.8184830366581 0.99344489090262
3.8184846955338 0.98797092758274
3.8184863544094 0.98450522010722
