3.8159117134655 0.993312
3.8159133723412 0.99053191050949
3.8159150312168 0.98802279604757
3.8159166900925 0.98768717835935
3.8159183489682 0.98666498164577
3.8159200078439 0.9832338488745
3.8159216667195 0.97997310282046
3.8159233255952 0.97705376878061
3.8159249844709 0.97353888481926
3.8159266433466 0.96927861622491
3.8159283022223 0.96554943503803
3.8159299610979 0.96224518982596
3.8159316199736 0.96189067172818
3.8159332788493 0.96300855753684
3.815934937725 0.96290754322375
3.8159365966006 0.96246003002588
3.8159382554763 0.96373242627962
3.815939914352 0.96521578097179
3.8159415732277 0.96641443861266
3.8159432321034 0.96775862736838
3.815944890979 0.97022969018675
3.8159465498547 0.97243956239061
3.8159482087304 0.97375758376011
3.8159498676061 0.97478248324803
3.8159515264817 0.97523544311651
3.8159531853574 0.97627706088915
3.8159548442331 0.97803449489168
3.8159565031088 0.97930800191984
3.8159581619845 0.9802071808806
3.8159598208601 0.97941673642914
3.8159614797358 0.97781858778773
3.8159631386115 0.97672398987136
3.8159647974872 0.97576374062637
3.8159664563628 0.97371260723636
3.8159681152385 0.97161817305664
3.8159697741142 0.97428096297961
3.8159714329899 0.97668819530739
3.8159730918656 0.97736560105394
3.8159747507412 0.97772948716686
3.8159764096169 0.97711194660115
3.8159780684926 0.97504323571734
3.8159797273683 0.97034472443371
3.8159813862439 0.96512392423742
3.8159830451196 0.95931238910317
3.8159847039953 0.95704819136799
3.815986362871 0.95732124519143
3.8159880217467 0.95712388957456
3.8159896806223 0.95672196829976
3.815991339498 0.96309958707451
3.8159929983737 0.97105728079917
3.8159946572494 0.97829935490175
3.815996316125 0.98531375357438
3.8159979750007 0.98819615461115
3.8159996338764 0.99066805548717
3.8160012927521 0.99088286319154
3.8160029516278 0.99045014870997
3.8160046105034 0.98825312021673
3.8160062693791 0.98488622314518
3.8160079282548 0.97963632693267
3.8160095871305 0.97040941727359
3.8160112460061 0.95717391976482
3.8160129048818 0.93902330334702
3.8160145637575 0.91776988253379
3.8160162226332 0.88816405126019
3.8160178815089 0.85543979879549
3.8160195403845 0.81371196086385
3.8160211992602 0.77031190723149
3.8160228581359 0.73486958700462
3.8160245170116 0.7015698790426
3.8160261758872 0.69070476049832
3.8160278347629 0.68541468025877
3.8160294936386 0.7039062951173
3.8160311525143 0.72910644505216
3.81603281139 0.76954280119033
3.8160344702656 0.80900917072456
3.8160361291413 0.84714496015376
3.816037788017 0.88080060627351
3.8160394468927 0.91060358802916
3.8160411057683 0.93403843210098
3.816042764644 0.95410191155815
3.8160444235197 0.96429854821573
3.8160460823954 0.97155085834508
3.8160477412711 0.97496402523547
3.8160494001467 0.97787039443631
3.8160510590224 0.97580165311476
3.8160527178981 0.97415370608748
3.8160543767738 0.97559385604168
3.8160560356494 0.97641861657901
3.8160576945251 0.97525982970738
3.8160593534008 0.97269405826816
3.8160610122765 0.9675582821214
3.8160626711522 0.96281656743539
3.8160643300278 0.95851759775962
3.8160659889035 0.9539081770718
3.8160676477792 0.94908135013022
3.8160693066549 0.94211235585138
3.8160709655305 0.93424928124474
3.8160726244062 0.92963761502671
3.8160742832819 0.92572492407831
3.8160759421576 0.9219854027295
3.8160776010333 0.91880093482988
3.8160792599089 0.92437033662374
3.8160809187846 0.92905076150748
3.8160825776603 0.92958212926375
3.816084236536 0.92844121885185
3.8160858954116 0.92329455709718
3.8160875542873 0.9178345866919
3.816089213163 0.91192878454185
3.8160908720387 0.90537076594635
3.8160925309143 0.89823669859914
3.81609418979 0.8939961627693
3.8160958486657 0.89131730929316
3.8160975075414 0.89328362702721
3.8160991664171 0.89665263057725
3.8161008252927 0.90040039460232
3.8161024841684 0.90418199385527
3.8161041430441 0.9054164426341
3.8161058019198 0.90640367765537
3.8161074607954 0.90565508712542
3.8161091196711 0.90400180918377
3.8161107785468 0.89954238141922
3.8161124374225 0.89524017945646
3.8161140962982 0.89121380730383
3.8161157551738 0.89007261618436
3.8161174140495 0.89202638547945
3.8161190729252 0.89584999037249
3.8161207318009 0.90090983673942
3.8161223906765 0.90442951012665
3.8161240495522 0.90735526149442
3.8161257084279 0.91150668655218
3.8161273673036 0.91588897640113
3.8161290261793 0.91892346989366
3.8161306850549 0.92215874444753
3.8161323439306 0.9282663075954
3.8161340028063 0.93410505415671
3.816135661682 0.93887983601516
3.8161373205576 0.94255818630736
3.8161389794333 0.94392820704705
3.816140638309 0.94473414554814
3.8161422971847 0.94482939072874
3.8161439560604 0.94137250625913
3.816145614936 0.93515997677498
3.8161472738117 0.92809118798897
3.8161489326874 0.92062657655525
3.8161505915631 0.91549522770176
3.8161522504387 0.91093003318282
3.8161539093144 0.91567192768605
3.8161555681901 0.92136403918375
3.8161572270658 0.93119247113247
3.8161588859415 0.94010377986504
3.8161605448171 0.94447884723293
3.8161622036928 0.94988751243503
3.8161638625685 0.95783192863912
3.8161655214442 0.96321723615454
3.8161671803198 0.96493737858774
3.8161688391955 0.96859827495959
3.8161704980712 0.97396085780171
3.8161721569469 0.97919897781238
3.8161738158226 0.98437143003781
3.8161754746982 0.98580365512873
3.8161771335739 0.98615989794156
3.8161787924496 0.98734459304993
3.8161804513253 0.98856521269386
3.8161821102009 0.98709210712321
3.8161837690766 0.98646679199857
3.8161854279523 0.99091261542438
3.816187086828 0.9939895910066
3.8161887457037 0.99328436001395
3.8161904045793 0.99215439901456
3.816192063455 0.99035546774856
3.8161937223307 0.98878956740547
3.8161953812064 0.98744656136676
3.816197040082 0.98570423014005
3.8161986989577 0.98373135799665
3.8162003578334 0.97945684114476
3.8162020167091 0.97444358887555
3.8162036755848 0.9700703109936
3.8162053344604 0.96579639453855
3.8162069933361 0.9650450192086
3.8162086522118 0.96492472306502
3.8162103110875 0.96914604718187
3.8162119699631 0.97363414946956
3.8162136288388 0.97892052720358
3.8162152877145 0.98295410603638
3.8162169465902 0.98489210838049
3.8162186054659 0.98639510536948
3.8162202643415 0.98745958991254
3.8162219232172 0.98796776703334
3.8162235820929 0.98813781946658
3.8162252409686 0.98806286948868
3.8162268998442 0.98790453355363
3.8162285587199 0.98635414561174
3.8162302175956 0.98459633183121
3.8162318764713 0.98227201556153
3.816233535347 0.98026463498964
3.8162351942226 0.98062243322501
3.8162368530983 0.9808235739014
3.816238511974 0.98053880811327
3.8162401708497 0.98009422838655
3.8162418297253 0.97937586360496
3.816243488601 0.97819582603871
3.8162451474767 0.97654192284149
3.8162468063524 0.97781095577272
3.8162484652281 0.98088270872427
3.8162501241037 0.98289224813491
3.8162517829794 0.98453571817238
3.8162534418551 0.98472967532283
3.8162551007308 0.98470513621254
3.8162567596064 0.98451028931572
3.8162584184821 0.98443632941947
3.8162600773578 0.98525530535688
3.8162617362335 0.98583982228664
3.8162633951092 0.98570482837675
3.8162650539848 0.98475681383142
3.8162667128605 0.98243400634671
3.8162683717362 0.98231799617738
3.8162700306119 0.98443017768246
3.8162716894875 0.98586410145261
3.8162733483632 0.98688880168687
3.8162750072389 0.98601420516374
3.8162766661146 0.9845064330922
3.8162783249903 0.98345837890878
3.8162799838659 0.98246672577672
3.8162816427416 0.97852452435334
3.8162833016173 0.97444163818689
3.816284960493 0.96941341268507
3.8162866193686 0.96334560223007
3.8162882782443 0.95426149871011
3.81628993712 0.94605181003149
3.8162915959957 0.93924920466309
3.8162932548714 0.93659866566175
3.816294913747 0.93793250761137
3.8162965726227 0.94233740301631
3.8162982314984 0.94848844028902
3.8162998903741 0.95492460111047
3.8163015492497 0.96144843335407
3.8163032081254 0.9653081550987
3.8163048670011 0.9689040578896
3.8163065258768 0.9753449627641
3.8163081847525 0.98144629867288
3.8163098436281 0.98558706069072
3.8163115025038 0.98877538052817
3.8163131613795 0.98945913176323
3.8163148202552 0.98924448137752
3.8163164791308 0.98770162487819
3.8163181380065 0.98788819264701
3.8163197968822 0.98959838492493
3.8163214557579 0.98774391905364
3.8163231146336 0.98405239771835
3.8163247735092 0.97978154191353
3.8163264323849 0.97535512892549
3.8163280912606 0.97208263799227
3.8163297501363 0.9688319633978
3.8163314090119 0.96384368406016
3.8163330678876 0.95917305556958
3.8163347267633 0.95600692407244
3.816336385639 0.9545627042623
3.8163380445147 0.95707430310474
3.8163397033903 0.9616601789432
3.816341362266 0.96896940404982
3.8163430211417 0.97432612684393
3.8163446800174 0.97815847782152
3.816346338893 0.9809999962516
3.8163479977687 0.98339825976728
3.8163496566444 0.98265390347931
3.8163513155201 0.98122154883457
3.8163529743958 0.98300767639137
3.8163546332714 0.98471231942887
3.8163562921471 0.98352576476749
3.8163579510228 0.98163089236446
3.8163596098985 0.97706615499264
3.8163612687741 0.97137116886512
3.8163629276498 0.96347910828632
3.8163645865255 0.95778700495785
3.8163662454012 0.95457736597482
3.8163679042768 0.95201574608052
3.8163695631525 0.94988586439049
3.8163712220282 0.94735526962114
3.8163728809039 0.94467689052632
3.8163745397796 0.94168145141963
3.8163761986552 0.9386348906138
3.8163778575309 0.9316427997488
3.8163795164066 0.92371878490758
3.8163811752823 0.90936286352295
3.8163828341579 0.89599824440811
3.8163844930336 0.88555081829991
3.8163861519093 0.87918332286081
3.816387810785 0.87934010896061
3.8163894696607 0.88759157613128
3.8163911285363 0.90343700215367
3.816392787412 0.91932404100902
3.8163944462877 0.93523374952551
3.8163961051634 0.94895804864214
3.816397764039 0.96206185438082
3.8163994229147 0.97006422172815
3.8164010817904 0.97726442271835
3.8164027406661 0.9776530565897
3.8164043995418 0.97840879769472
3.8164060584174 0.98090511857562
3.8164077172931 0.98275356770545
3.8164093761688 0.98313422623198
3.8164110350445 0.9815919466834
3.8164126939201 0.97758644807476
3.8164143527958 0.97202129601926
3.8164160116715 0.96528305392192
3.8164176705472 0.96240262221746
3.8164193294229 0.96115062495264
3.8164209882985 0.96184284968553
3.8164226471742 0.96291713781168
3.8164243060499 0.96621254781889
3.8164259649256 0.96926038376331
3.8164276238012 0.96947141562048
3.8164292826769 0.96890025597748
3.8164309415526 0.96577305234174
3.8164326004283 0.96239047723434
3.816434259304 0.95856832716391
3.8164359181796 0.95701543044941
3.8164375770553 0.95772527069254
3.816439235931 0.95868078316688
3.8164408948067 0.95977805686813
3.8164425536823 0.95854568581382
3.816444212558 0.95660821518018
3.8164458714337 0.95129425298726
3.8164475303094 0.94568623213014
3.8164491891851 0.94215898526116
3.8164508480607 0.93956555419607
3.8164525069364 0.94156239076179
3.8164541658121 0.94457263783459
3.8164558246878 0.9499130365045
3.8164574835634 0.95525828992781
3.8164591424391 0.96060978987722
3.8164608013148 0.96322222411574
3.8164624601905 0.96378238004614
3.8164641190662 0.96276255319528
3.8164657779418 0.96108514597759
3.8164674368175 0.96053268229994
3.8164690956932 0.96019331682934
3.8164707545689 0.96207572079456
3.8164724134445 0.9638083452044
3.8164740723202 0.96388394925342
3.8164757311959 0.96461278276955
3.8164773900716 0.96735027371502
3.8164790489473 0.9683784475063
3.8164807078229 0.96662429037618
3.8164823666986 0.96526236233385
3.8164840255743 0.96426857290206
3.81648568445 0.96173220500807
3.8164873433256 0.95836981387497
3.8164890022013 0.95511991840898
3.816490661077 0.95190050341933
3.8164923199527 0.95484578810922
3.8164939788284 0.95830335444495
3.816495637704 0.96167022118931
3.8164972965797 0.96472289464509
3.8164989554554 0.96647247588368
3.8165006143311 0.9684700904127
3.8165022732067 0.97097038360477
3.8165039320824 0.97182602895427
3.8165055909581 0.97080169406145
3.8165072498338 0.9713932183898
3.8165089087095 0.97304872734481
3.8165105675851 0.97219022143322
3.8165122264608 0.97044608105152
3.8165138853365 0.97237324346817
3.8165155442122 0.97480051289988
3.8165172030878 0.97577041429568
3.8165188619635 0.97647549257657
3.8165205208392 0.97567784701185
3.8165221797149 0.973990462271
3.8165238385906 0.97009097668714
3.8165254974662 0.96638578341098
3.8165271563419 0.96294449920387
3.8165288152176 0.96027464061253
3.8165304740933 0.95820757495669
3.8165321329689 0.95693813597456
3.8165337918446 0.95601247379358
3.8165354507203 0.95835533978505
3.816537109596 0.96133770950684
3.8165387684717 0.96428105447506
3.8165404273473 0.96653251244776
3.816542086223 0.96330320881825
3.8165437450987 0.95826194922513
3.8165454039744 0.94778274646582
3.81654706285 0.93157466374611
3.8165487217257 0.90633221496719
3.8165503806014 0.88099325406659
3.8165520394771 0.85556744239321
3.8165536983528 0.83828478452176
3.8165553572284 0.82510924036003
3.8165570161041 0.82594907338704
3.8165586749798 0.83022178777986
3.8165603338555 0.85178570005781
3.8165619927311 0.8741801096305
3.8165636516068 0.89388802188731
3.8165653104825 0.9126178153704
3.8165669693582 0.92787274259032
3.8165686282339 0.94117227433073
3.8165702871095 0.95097658662952
3.8165719459852 0.95904641017289
3.8165736048609 0.96536735059393
3.8165752637366 0.96836220109574
3.8165769226122 0.9694640508065
3.8165785814879 0.96796304050333
3.8165802403636 0.96571407958173
3.8165818992393 0.96254177914784
3.816583558115 0.95938402308373
3.8165852169906 0.95788787397242
3.8165868758663 0.95609861854815
3.816588534742 0.95310718159438
3.8165901936177 0.94985169302562
3.8165918524933 0.94607449178674
3.816593511369 0.94270737379626
3.8165951702447 0.93979132717691
3.8165968291204 0.93888252239721
3.8165984879961 0.93922238470477
3.8166001468717 0.94084330063693
3.8166018057474 0.94287562901832
3.8166034646231 0.9457721041105
3.8166051234988 0.94866613682976
3.8166067823744 0.9490103824561
3.8166084412501 0.94831672378187
3.8166101001258 0.94286338489897
3.8166117590015 0.93752025806723
3.8166134178772 0.93241135443559
3.8166150767528 0.92850033221765
3.8166167356285 0.92598948967297
3.8166183945042 0.92704948434843
3.8166200533799 0.93046702675954
3.8166217122555 0.9356887193861
3.8166233711312 0.94153222759366
3.8166250300069 0.94185003598791
3.8166266888826 0.94119129294268
3.8166283477583 0.93110199518077
3.8166300066339 0.91947659276553
3.8166316655096 0.90027767663679
3.8166333243853 0.88070174957486
3.816634983261 0.86028882631081
3.8166366421366 0.84616615133561
3.8166383010123 0.83965094516252
3.816639959888 0.84162777036398
3.8166416187637 0.84938962451861
3.8166432776394 0.86170154142892
3.816644936515 0.87563608721121
3.8166465953907 0.89318615957822
3.8166482542664 0.91106480110608
3.8166499131421 0.92160712358452
3.8166515720177 0.93088151507985
3.8166532308934 0.93373482287492
3.8166548897691 0.93363226599377
3.8166565486448 0.92688109007129
3.8166582075204 0.92233235331036
3.8166598663961 0.92046735377767
3.8166615252718 0.91718592532873
3.8166631841475 0.91293601233892
3.8166648430232 0.90967611878317
3.8166665018988 0.90676920926581
3.8166681607745 0.89449791304685
3.8166698196502 0.88064433600062
3.8166714785259 0.85416485257938
3.8166731374015 0.8288984955017
3.8166747962772 0.8096480011764
3.8166764551529 0.79509354444342
3.8166781140286 0.79091367582
3.8166797729043 0.7973118047021
3.8166814317799 0.81635155952885
3.8166830906556 0.83826314497136
3.8166847495313 0.86209202525485
3.816686408407 0.88589090704452
3.8166880672826 0.90967946044507
3.8166897261583 0.92355839457482
3.816691385034 0.93587820366167
3.8166930439097 0.93896976280988
3.8166947027854 0.94184473178613
3.816696361661 0.94371510816454
3.8166980205367 0.94556087096059
3.8166996794124 0.94735483597949
3.8167013382881 0.94774604802844
3.8167029971637 0.94653632868424
3.8167046560394 0.94404525475871
3.8167063149151 0.94074193873963
3.8167079737908 0.94201403846886
3.8167096326665 0.94475301133578
3.8167112915421 0.94100313794201
3.8167129504178 0.93634590555053
3.8167146092935 0.92759126011134
3.8167162681692 0.91770596101314
3.8167179270448 0.90310939063719
3.8167195859205 0.88842097531328
3.8167212447962 0.87355369157125
3.8167229036719 0.86254424117425
3.8167245625476 0.85562909192314
3.8167262214232 0.85456255099084
3.8167278802989 0.85691492423001
3.8167295391746 0.86741297080464
3.8167311980503 0.8802459492475
3.8167328569259 0.89499985597527
3.8167345158016 0.90953063498345
3.8167361746773 0.91897182599644
3.816737833553 0.92707265489217
3.8167394924287 0.93031976395809
3.8167411513043 0.93286542099894
3.81674281018 0.93418043798748
3.8167444690557 0.93656333794516
3.8167461279314 0.93997287924395
3.816747786807 0.93970066708687
3.8167494456827 0.93750470007664
3.8167511045584 0.94050116736907
3.8167527634341 0.94476451493299
3.8167544223098 0.94673384013114
3.8167560811854 0.94849374445985
3.8167577400611 0.94941573993578
3.8167593989368 0.95040492118904
3.8167610578125 0.9516001204944
3.8167627166881 0.95053851032333
3.8167643755638 0.94599859679702
3.8167660344395 0.94297117006597
3.8167676933152 0.9412255887388
3.8167693521909 0.93814473797233
3.8167710110665 0.93446163731002
3.8167726699422 0.93368026107599
3.8167743288179 0.93346317960789
3.8167759876936 0.93608926597745
3.8167776465692 0.93880426928711
3.8167793054449 0.94182170265589
3.8167809643206 0.94407880248282
3.8167826231963 0.94440071394429
3.816784282072 0.94468123083524
3.8167859409476 0.9449070171556
3.8167875998233 0.94482643536807
3.816789258699 0.94452338461242
3.8167909175747 0.93969525165299
3.8167925764503 0.93317770164917
3.816794235326 0.93290350343106
3.8167958942017 0.9335199402612
3.8167975530774 0.93473729338867
3.8167992119531 0.93460680531395
3.8168008708287 0.92814418905777
3.8168025297044 0.92158921107355
3.8168041885801 0.91484227993114
3.8168058474558 0.9077610583149
3.8168075063314 0.9003094471997
3.8168091652071 0.89364068006304
3.8168108240828 0.88744352986534
3.8168124829585 0.88383056924602
3.8168141418342 0.88097284332436
3.8168158007098 0.88513780937245
3.8168174595855 0.8898589248424
3.8168191184612 0.89428695482428
3.8168207773369 0.89982289837217
3.8168224362125 0.90919644209288
3.8168240950882 0.91708825376284
3.8168257539639 0.92250365091415
3.8168274128396 0.92707479224218
3.8168290717153 0.93088149718454
3.8168307305909 0.93278174757662
3.8168323894666 0.93376591675525
3.8168340483423 0.93341559345186
3.816835707218 0.93278447657623
3.8168373660936 0.92860231673713
3.8168390249693 0.9250362742557
3.816840683845 0.9262332428002
3.8168423427207 0.92795477189891
3.8168440015964 0.93103043933574
3.816845660472 0.93478642483372
3.8168473193477 0.93944235162025
3.8168489782234 0.942648222282
3.8168506370991 0.94481221057434
3.8168522959747 0.94509812491143
3.8168539548504 0.94470154556689
3.8168556137261 0.94145863318445
3.8168572726018 0.93780184031281
3.8168589314775 0.93298420108099
3.8168605903531 0.92826039728281
3.8168622492288 0.92393929399479
3.8168639081045 0.92165387825529
3.8168655669802 0.92330126505598
3.8168672258558 0.9255248995003
3.8168688847315 0.92834044060258
3.8168705436072 0.93355535638008
3.8168722024829 0.94008685237884
3.8168738613586 0.94153289387322
3.8168755202342 0.94169312454661
3.8168771791099 0.94160217002471
3.8168788379856 0.94184880383058
3.8168804968613 0.94512859086873
3.8168821557369 0.94729365058668
3.8168838146126 0.94622810339871
3.8168854734883 0.94517583200604
3.816887132364 0.94414269674992
3.8168887912397 0.94241375473709
3.8168904501153 0.94014426777028
3.816892108991 0.93836680221739
3.8168937678667 0.93678438330187
3.8168954267424 0.93087801491423
3.816897085618 0.92429777484267
3.8168987444937 0.91664885852309
3.8169004033694 0.90751171533393
3.8169020622451 0.89144976387314
3.8169037211208 0.8741287087174
3.8169053799964 0.85426044285516
3.8169070388721 0.83742525451051
3.8169086977478 0.8238135395064
3.8169103566235 0.82073164329389
3.8169120154991 0.82359986392795
3.8169136743748 0.83729078764131
3.8169153332505 0.85380329245133
3.8169169921262 0.86921957250168
3.8169186510019 0.88365754360258
3.8169203098775 0.89003304366564
3.8169219687532 0.89557794680357
3.8169236276289 0.89871965795722
3.8169252865046 0.90275619791387
3.8169269453802 0.9080715295811
3.8169286042559 0.91340925730772
3.8169302631316 0.91876411353267
3.8169319220073 0.92060769049941
3.8169335808829 0.9210977232529
3.8169352397586 0.92053281215969
3.8169368986343 0.9197952037517
3.81693855751 0.91831784599561
3.8169402163857 0.91664694971857
3.8169418752613 0.91413927297871
3.816943534137 0.91133519003589
3.8169451930127 0.90796462997206
3.8169468518884 0.90099564763396
3.816948510764 0.89041819379018
3.8169501696397 0.88106630706288
3.8169518285154 0.87235940057327
3.8169534873911 0.86919144008247
3.8169551462668 0.86731217491346
3.8169568051424 0.86916157519838
3.8169584640181 0.87109771535107
3.8169601228938 0.87275973479981
3.8169617817695 0.87441023429143
3.8169634406451 0.87603114538134
3.8169650995208 0.875040072564
3.8169667583965 0.87068152600634
3.8169684172722 0.86098543133776
3.8169700761479 0.84763431920755
3.8169717350235 0.83439179860111
3.8169733938992 0.82118539627991
3.8169750527749 0.81075160728206
3.8169767116506 0.80130950092566
3.8169783705262 0.80213817426268
3.8169800294019 0.80402605054557
3.8169816882776 0.80962896755588
3.8169833471533 0.81693787279874
3.816985006029 0.82703915675077
3.8169866649046 0.83785587216777
3.8169883237803 0.84928990953693
3.816989982656 0.85677958393551
3.8169916415317 0.86253419866951
3.8169933004073 0.86719810137444
3.816994959283 0.87164538938753
3.8169966181587 0.87343320902936
3.8169982770344 0.87497466993968
3.8169999359101 0.87529935659357
3.8170015947857 0.87540414357222
3.8170032536614 0.87505553426947
3.8170049125371 0.87475880034363
3.8170065714128 0.87451715088364
3.8170082302884 0.87283882494042
3.8170098891641 0.87036453705686
3.8170115480398 0.87025053586315
3.8170132069155 0.87071869731876
3.8170148657912 0.86834500930093
3.8170165246668 0.86584402634992
3.8170181835425 0.86325730427365
3.8170198424182 0.86141775595617
3.8170215012939 0.86151010674122
3.8170231601695 0.86133899156622
3.8170248190452 0.86082993908993
3.8170264779209 0.85897773569448
3.8170281367966 0.8562203957962
3.8170297956723 0.8573685481525
3.8170314545479 0.85977127440322
3.8170331134236 0.85999042602804
3.8170347722993 0.85968408370089
3.817036431175 0.85541910797863
3.8170380900506 0.85126570474257
3.8170397489263 0.84747333721334
3.817041407802 0.84521249232564
3.8170430666777 0.84528695536207
3.8170447255534 0.84255087422911
3.817046384429 0.83757247041324
3.8170480433047 0.83356120600279
3.8170497021804 0.82993264810859
3.8170513610561 0.82434881171705
3.8170530199317 0.8184083842536
3.8170546788074 0.81035807653241
3.8170563376831 0.80267591835386
3.8170579965588 0.79648347119009
3.8170596554345 0.78965490115106
3.8170613143101 0.78169043425275
3.8170629731858 0.7731739360776
3.8170646320615 0.76414774491686
3.8170662909372 0.75550459891039
3.8170679498128 0.74704082645954
3.8170696086885 0.73645048295245
3.8170712675642 0.72545622182945
3.8170729264399 0.71289307900006
3.8170745853156 0.70022376616342
3.8170762441912 0.68701783396697
3.8170779030669 0.67207765485889
3.8170795619426 0.65356546087013
3.8170812208183 0.63553141136451
3.8170828796939 0.61799785359536
3.8170845385696 0.60147253377604
3.8170861974453 0.585488902085
3.817087856321 0.57082234466776
3.8170895151967 0.55645959905464
3.8170911740723 0.54175106575076
3.817092832948 0.52737027775489
3.8170944918237 0.51510908752971
3.8170961506994 0.50385171147054
3.817097809575 0.49494135498472
3.8170994684507 0.48637573951172
3.8171011273264 0.47821131896563
3.8171027862021 0.47038917941206
3.8171044450778 0.46277247943245
3.8171061039534 0.45714547113384
3.8171077628291 0.45205449241181
3.8171094217048 0.44511472296309
3.8171110805805 0.43821906610197
3.8171127394561 0.43241030947246
3.8171143983318 0.42698879303211
3.8171160572075 0.42257678140362
3.8171177160832 0.41760145066037
3.8171193749589 0.41191110766294
3.8171210338345 0.40823194708285
3.8171226927102 0.40587014814123
3.8171243515859 0.40277551236156
3.8171260104616 0.39945938788599
3.8171276693372 0.39509706337251
3.8171293282129 0.39086396107707
3.8171309870886 0.38857572813685
3.8171326459643 0.38621483530828
3.81713430484 0.38364693641917
3.8171359637156 0.38006823451254
3.8171376225913 0.37511674572252
3.817139281467 0.37189055344688
3.8171409403427 0.36987095883988
3.8171425992183 0.36762025338579
3.817144258094 0.36529371465024
3.8171459169697 0.36590499181814
3.8171475758454 0.36686594171926
3.8171492347211 0.36878306662709
3.8171508935967 0.37023678375153
3.8171525524724 0.37028038174335
3.8171542113481 0.37202858303087
3.8171558702238 0.37620557230281
3.8171575290994 0.37931050789404
3.8171591879751 0.38163139667507
3.8171608468508 0.38607199810076
3.8171625057265 0.39124602078637
3.8171641646022 0.39912232326917
3.8171658234778 0.40747157098992
3.8171674823535 0.41832835722727
3.8171691412292 0.42940090316756
3.8171708001049 0.44115754644518
3.8171724589805 0.45420451823688
3.8171741178562 0.46914198109453
3.8171757767319 0.48209460198174
3.8171774356076 0.49356011708991
3.8171790944833 0.5036614024991
3.8171807533589 0.51327794877997
3.8171824122346 0.52122108772266
3.8171840711103 0.52893591388051
3.817185729986 0.53598071173264
3.8171873888616 0.54293599367108
3.8171890477373 0.54960328904004
3.817190706613 0.55545495148529
3.8171923654887 0.56010260149166
3.8171940243644 0.56118705896441
3.81719568324 0.55959077930805
3.8171973421157 0.55690778408103
3.8171990009914 0.55383829725305
3.8172006598671 0.5494510030782
3.8172023187427 0.54515683157921
3.8172039776184 0.54384941001724
3.8172056364941 0.54372590392031
3.8172072953698 0.54736359263482
3.8172089542455 0.5518255791199
3.8172106131211 0.55748892241609
3.8172122719968 0.56338294052993
3.8172139308725 0.56944772328979
3.8172155897482 0.5785789092094
3.8172172486238 0.58877407376395
3.8172189074995 0.59673152286307
3.8172205663752 0.60440644592222
3.8172222252509 0.61135051102968
3.8172238841265 0.61752950548412
3.8172255430022 0.62137140169458
3.8172272018779 0.62593981489532
3.8172288607536 0.63153245220818
3.8172305196293 0.63585128092304
3.8172321785049 0.63926072667811
3.8172338373806 0.64340878125121
3.8172354962563 0.6478003164581
3.817237155132 0.64941527993209
3.8172388140076 0.65118043142718
3.8172404728833 0.65688992540505
3.817242131759 0.66186162725254
3.8172437906347 0.66471992016051
3.8172454495104 0.66804092601432
3.817247108386 0.67198044439772
3.8172487672617 0.67651944547003
3.8172504261374 0.6814626656937
3.8172520850131 0.68422566986519
3.8172537438887 0.68632519285995
3.8172554027644 0.69148899804724
3.8172570616401 0.69703691574709
3.8172587205158 0.70406545100145
3.8172603793915 0.7103623486936
3.8172620382671 0.71473880718154
3.8172636971428 0.71845511062661
3.8172653560185 0.7213509193056
3.8172670148942 0.72417855647029
3.8172686737698 0.72696369151266
3.8172703326455 0.73034068449984
3.8172719915212 0.7338785751878
3.8172736503969 0.73966999591513
3.8172753092726 0.74559234224648
3.8172769681482 0.75171211409003
3.8172786270239 0.75685577918586
3.8172802858996 0.7596985766006
3.8172819447753 0.76317644388765
3.8172836036509 0.76737424745712
3.8172852625266 0.76950147983476
3.8172869214023 0.77046215641713
3.817288580278 0.76886452922398
3.8172902391537 0.76666958383179
3.8172918980293 0.76158445893186
3.817293556905 0.75671583031245
3.8172952157807 0.75333597808522
3.8172968746564 0.75010850132214
3.817298533532 0.74719774344021
3.8173001924077 0.74612709472248
3.8173018512834 0.74692295187406
3.8173035101591 0.75070962179563
3.8173051690348 0.75598125806581
3.8173068279104 0.76570449119767
3.8173084867861 0.77633010782486
3.8173101456618 0.7914410016724
3.8173118045375 0.80560766864451
3.8173134634131 0.81559700930365
3.8173151222888 0.82644047374474
3.8173167811645 0.83882422795067
3.8173184400402 0.84476764361629
3.8173200989159 0.84498051629374
3.8173217577915 0.8442659090591
3.8173234166672 0.84315716387815
3.8173250755429 0.84151754397077
3.8173267344186 0.8398535220673
3.8173283932942 0.83923118571797
3.8173300521699 0.84028975003466
3.8173317110456 0.84729468870191
3.8173333699213 0.85650613723112
3.817335028797 0.86112089420826
3.8173366876726 0.86549403673859
3.8173383465483 0.86926583585191
3.817340005424 0.87299978395236
3.8173416642997 0.8753276602757
3.8173433231753 0.87751821843252
3.817344982051 0.88046193176403
3.8173466409267 0.88350698039912
3.8173482998024 0.88726917565877
3.8173499586781 0.89115606003334
3.8173516175537 0.89343968366771
3.8173532764294 0.89537730389367
3.8173549353051 0.89609541241524
3.8173565941808 0.89649557837521
3.8173582530564 0.90000462382414
3.8173599119321 0.90447377030792
3.8173615708078 0.9068255986916
3.8173632296835 0.90841412282111
3.8173648885592 0.91208502437871
3.8173665474348 0.91662270001213
3.8173682063105 0.91378578997081
3.8173698651862 0.90743528219219
3.8173715240619 0.90501086724184
3.8173731829375 0.90471311926537
3.8173748418132 0.90641156080916
3.8173765006889 0.90933303798337
3.8173781595646 0.90919612718354
3.8173798184403 0.90694842165381
3.8173814773159 0.90592727920257
3.8173831361916 0.90585677316697
3.8173847950673 0.90715001618748
3.817386453943 0.90962775371233
3.8173881128186 0.91044190268643
3.8173897716943 0.9096391272589
3.81739143057 0.90931007987408
3.8173930894457 0.90949599297554
3.8173947483214 0.91053438307489
3.817396407197 0.91260915391192
3.8173980660727 0.91278686686615
3.8173997249484 0.91038348371319
3.8174013838241 0.91172825074957
3.8174030426997 0.91878830527028
3.8174047015754 0.9218836694333
3.8174063604511 0.9181877438701
3.8174080193268 0.91521249495476
3.8174096782025 0.91362853094332
3.8174113370781 0.91402786270097
3.8174129959538 0.91875925913425
3.8174146548295 0.92240182590843
3.8174163137052 0.92333867762159
3.8174179725808 0.92313500613748
3.8174196314565 0.91968429151355
3.8174212903322 0.91812230850179
3.8174229492079 0.92277364081149
3.8174246080836 0.92626794521691
3.8174262669592 0.92531316090145
3.8174279258349 0.92473472406798
3.8174295847106 0.92587365566561
3.8174312435863 0.92723529525151
3.8174329024619 0.92982707718981
3.8174345613376 0.93228193456648
3.8174362202133 0.93379459606865
3.817437879089 0.93524462009485
3.8174395379647 0.93613498545773
3.8174411968403 0.93685751766327
3.817442855716 0.93549572052597
3.8174445145917 0.93428260726634
3.8174461734674 0.93598509074059
3.817447832343 0.93770655646768
3.8174494912187 0.94024682683934
3.8174511500944 0.94278709721101
3.8174528089701 0.94081267242717
3.8174544678458 0.9388241585816
3.8174561267214 0.9419489953064
3.8174577855971 0.94522516196584
3.8174594444728 0.94850387015367
3.8174611033485 0.9517827242203
3.8174627622241 0.95009591658476
3.8174644210998 0.94797915916512
3.8174660799755 0.95061737261692
3.8174677388512 0.9538131503737
3.8174693977269 0.95144281754155
3.8174710566025 0.94823984987149
3.8174727154782 0.94819069411196
3.8174743743539 0.94872058596199
3.8174760332296 0.94380064770917
3.8174776921052 0.93768389276707
3.8174793509809 0.93831733269569
3.8174810098566 0.94068956990628
3.8174826687323 0.95135572558415
3.817484327608 0.96449230539311
3.8174859864836 0.95846026765959
3.8174876453593 0.94589901868685
3.817489304235 0.94364173266235
3.8174909631107 0.94536133498831
3.8174926219863 0.94652335892151
3.817494280862 0.94744324212148
3.8174959397377 0.94714546182525
3.8174975986134 0.94625616656885
3.817499257489 0.94688830973899
3.8175009163647 0.94834339278991
3.8175025752404 0.94881333396694
3.8175042341161 0.94869227482795
3.8175058929918 0.94884721148751
3.8175075518674 0.94918520476323
3.8175092107431 0.95189513987085
3.8175108696188 0.95634024607598
3.8175125284945 0.9584177208487
3.8175141873701 0.95858871353547
3.8175158462458 0.9555440838217
3.8175175051215 0.94965322209146
3.8175191639972 0.93781398215922
3.8175208228729 0.9201944390136
3.8175224817485 0.91029656596157
3.8175241406242 0.90863229875298
3.8175257994999 0.9122964310014
3.8175274583756 0.92219441309487
3.8175291172512 0.92517256717948
3.8175307761269 0.91926849829573
3.8175324350026 0.91296335598388
3.8175340938783 0.90609299575619
3.817535752754 0.89546727486438
3.8175374116296 0.87902467280435
3.8175390705053 0.85830911100442
3.817540729381 0.83030878657809
3.8175423882567 0.80235399872651
3.8175440471323 0.77448481689755
3.817545706008 0.75051628264999
3.8175473648837 0.73465322797852
3.8175490237594 0.72801513800803
3.8175506826351 0.74263352512842
3.8175523415107 0.761753918276
3.8175540003864 0.79242045832699
3.8175556592621 0.82207035316344
3.8175573181378 0.84880487182876
3.8175589770134 0.87535485132538
3.8175606358891 0.90130965426828
3.8175622947648 0.92371702242482
3.8175639536405 0.93316672954152
3.8175656125162 0.94097998344942
3.8175672713918 0.94196292909169
3.8175689302675 0.94414174557098
3.8175705891432 0.95208533002798
3.8175722480189 0.95840094680056
3.8175739068945 0.95552208416452
3.8175755657702 0.95269865727951
3.8175772246459 0.95024906079145
3.8175788835216 0.94744763496166
3.8175805423973 0.94174010417242
3.8175822012729 0.93668346851074
3.8175838601486 0.93845942844349
3.8175855190243 0.93864169551056
3.8175871779 0.91630679570468
3.8175888367756 0.89428262913446
3.8175904956513 0.87880492482521
3.817592154527 0.86379136733658
3.8175938134027 0.86713061769876
3.8175954722784 0.87046196106023
3.817597131154 0.87189730754636
3.8175987900297 0.87333265403249
3.8176004489054 0.88985998157502
3.8176021077811 0.90663683940787
3.8176037666567 0.90691710877101
3.8176054255324 0.90657158950402
3.8176070844081 0.90940238553998
3.8176087432838 0.91242408909183
3.8176104021595 0.91150828736538
3.8176120610351 0.91026516725307
3.8176137199108 0.90667490752343
3.8176153787865 0.90283348024206
3.8176170376622 0.90402384488638
3.8176186965378 0.9058776339869
3.8176203554135 0.90136143517173
3.8176220142892 0.8958413989157
3.8176236731649 0.89946224270837
3.8176253320406 0.90476862043745
3.8176269909162 0.90554767573017
3.8176286497919 0.90536543271173
3.8176303086676 0.90584585511379
3.8176319675433 0.90648621201462
3.8176336264189 0.90060520387818
3.8176352852946 0.89295275124225
3.8176369441703 0.88323419781364
3.817638603046 0.87288904379578
3.8176402619217 0.86843916417872
3.8176419207973 0.86597138724597
3.817643579673 0.86513052994293
3.8176452385487 0.86489275619401
3.8176468974244 0.86333334726946
3.8176485563 0.86123629830755
3.8176502151757 0.86292255365645
3.8176518740514 0.86629047511059
3.8176535329271 0.87081528949387
3.8176551918028 0.87590010987028
3.8176568506784 0.88109142223708
3.8176585095541 0.88633871005282
3.8176601684298 0.89054722534746
3.8176618273055 0.89416450662385
3.8176634861811 0.8917663239884
3.8176651450568 0.8856685670798
3.8176668039325 0.89214055584852
3.8176684628082 0.90694931418392
3.8176701216839 0.91138511384866
3.8176717805595 0.90841295440226
3.8176734394352 0.9053739567835
3.8176750983109 0.90228363583976
3.8176767571866 0.90291082511272
3.8176784160622 0.90660352401973
3.8176800749379 0.91555426107778
3.8176817338136 0.9291571909587
3.8176833926893 0.94061207454487
3.817685051565 0.95002946978175
3.8176867104406 0.9545495350471
3.8176883693163 0.9540929365455
3.817690028192 0.95603839877308
3.8176916870677 0.96059765830743
3.8176933459433 0.95825511282946
3.817695004819 0.9478721368775
3.8176966636947 0.94214618993285
3.8176983225704 0.94222750832468
3.8176999814461 0.94392458971563
3.8177016403217 0.94777862232844
3.8177032991974 0.94799991063283
3.8177049580731 0.94302989796981
3.8177066169488 0.93989249100152
3.8177082758244 0.939559719504
3.8177099347001 0.9417205314575
3.8177115935758 0.94797070621882
3.8177132524515 0.95162629758419
3.8177149113272 0.95071960938598
3.8177165702028 0.950621861906
3.8177182290785 0.95205043789538
3.8177198879542 0.95199769487676
3.8177215468299 0.94894297739576
3.8177232057055 0.94523273283893
3.8177248645812 0.94009373673916
3.8177265234569 0.93563079595684
3.8177281823326 0.93275476970354
3.8177298412083 0.93139730828784
3.8177315000839 0.93388498754183
3.8177331589596 0.93514377632073
3.8177348178353 0.93303893968012
3.817736476711 0.9301416009831
3.8177381355866 0.92489474717107
3.8177397944623 0.92439208202159
3.817741453338 0.93916930623229
3.8177431122137 0.94935376522912
3.8177447710894 0.94342383736508
3.817746429965 0.93810070533603
3.8177480888407 0.93510551641068
3.8177497477164 0.93266709717715
3.8177514065921 0.93257378779594
3.8177530654677 0.93339546533895
3.8177547243434 0.93846975109487
3.8177563832191 0.94327646166058
3.8177580420948 0.94670306263756
3.8177597009705 0.94946951533916
3.8177613598461 0.94843148798986
3.8177630187218 0.94547733309891
3.8177646775975 0.93008242694647
3.8177663364732 0.91571255057715
3.8177679953488 0.90891967014575
3.8177696542245 0.90106457019262
3.8177713131002 0.88415471535924
3.8177729719759 0.86781198015346
3.8177746308516 0.85713687238759
3.8177762897272 0.8454994318966
3.8177779486029 0.82233032810632
3.8177796074786 0.79882691587363
3.8177812663543 0.77036988500692
3.8177829252299 0.74300297481413
3.8177845841056 0.73654480133562
3.8177862429813 0.73129460310553
3.817787901857 0.75840892939076
3.8177895607326 0.78558675200651
3.8177912196083 0.81551767417943
3.817792878484 0.84543481169269
3.8177945373597 0.8738740743701
3.8177961962354 0.90231333704752
3.817797855111 0.91723493932484
3.8177995139867 0.93210325710627
3.8178011728624 0.94179027289149
3.8178028317381 0.95138768992539
3.8178044906137 0.95092655135185
3.8178061494894 0.95015500556444
3.8178078083651 0.95046062607987
3.8178094672408 0.95081438545182
3.8178111261165 0.94697284916323
3.8178127849921 0.94288504591785
3.8178144438678 0.95370893621499
3.8178161027435 0.96562112037479
3.8178177616192 0.95851452760959
3.8178194204948 0.9497429836297
3.8178210793705 0.95194022077382
3.8178227382462 0.95525946112995
3.8178243971219 0.95659370384488
3.8178260559976 0.95769505583076
3.8178277148732 0.95738253406706
3.8178293737489 0.95688252843812
3.8178310326246 0.95720761804973
3.8178326915003 0.95765496919029
3.8178343503759 0.95936043903496
3.8178360092516 0.96127224779605
3.8178376681273 0.9624764487445
3.817839327003 0.96355321825361
3.8178409858787 0.96590029470324
3.8178426447543 0.96849689352271
3.81784430363 0.96236387425147
3.8178459625057 0.95437070566926
3.8178476213814 0.94877389639022
3.817849280257 0.94372827158111
3.8178509391327 0.95539654146951
3.8178525980084 0.97119756143764
3.8178542568841 0.96880542106417
3.8178559157598 0.961596986777
3.8178575746354 0.9506665505158
3.8178592335111 0.9386845093943
3.8178608923868 0.93516324878132
3.8178625512625 0.93418550300177
3.8178642101381 0.9298971539491
3.8178658690138 0.9245525145214
3.8178675278895 0.91338591865513
3.8178691867652 0.90025272225922
3.8178708456409 0.88213620097899
3.8178725045165 0.86224158516235
3.8178741633922 0.82475483130987
3.8178758222679 0.78065131423367
3.8178774811436 0.75966483783034
3.8178791400192 0.74782818953832
3.8178807988949 0.74977550370207
3.8178824577706 0.75745404237119
3.8178841166463 0.78081422589801
3.817885775522 0.81101409465215
3.8178874343976 0.8415858831373
3.8178890932733 0.87232754663795
3.817890752149 0.89734473477343
3.8178924110247 0.91962713192905
3.8178940699003 0.93153753418237
3.817895728776 0.93827198438368
3.8178973876517 0.94636974580767
3.8178990465274 0.95517742332256
3.8179007054031 0.96117977817194
3.8179023642787 0.96565956271969
3.8179040231544 0.96143679626587
3.8179056820301 0.9522964467557
3.8179073409058 0.94540865979357
3.8179089997814 0.93984474884085
3.8179106586571 0.92933017322056
3.8179123175328 0.91579180812381
3.8179139764085 0.911807102529
3.8179156352842 0.91388103037317
3.8179172941598 0.91243559253303
3.8179189530355 0.90867486468258
3.8179206119112 0.89273136531686
3.8179222707869 0.86847918307347
3.8179239296625 0.8407306004816
3.8179255885382 0.81051237705062
3.8179272474139 0.77887837400722
3.8179289062896 0.74620912100402
3.8179305651653 0.72818316727679
3.8179322240409 0.72123200760625
3.8179338829166 0.72662933418799
3.8179355417923 0.74168098246099
3.817937200668 0.76507856388154
3.8179388595436 0.79521675246835
3.8179405184193 0.82554774146138
3.817942177295 0.85603948501274
3.8179438361707 0.87776570847074
3.8179454950464 0.89195041946694
3.817947153922 0.90007096329353
3.8179488127977 0.90281116049963
3.8179504716734 0.91229653931191
3.8179521305491 0.92794974052669
3.8179537894247 0.92781906652679
3.8179554483004 0.91282222924628
3.8179571071761 0.91022479391645
3.8179587660518 0.91965156927715
3.8179604249275 0.9242278246052
3.8179620838031 0.92396375153494
3.8179637426788 0.92333401701795
3.8179654015545 0.92232899702218
3.8179670604302 0.92326852906592
3.8179687193058 0.92625987281599
3.8179703781815 0.92831308740694
3.8179720370572 0.92934913962593
3.8179736959329 0.9296014310485
3.8179753548086 0.92898095405202
3.8179770136842 0.92850837122785
3.8179786725599 0.92820484642319
3.8179803314356 0.92487657893377
3.8179819903113 0.91800020854731
3.8179836491869 0.91218746498943
3.8179853080626 0.90765441814825
3.8179869669383 0.90440374701678
3.817988625814 0.90273480491571
3.8179902846897 0.90057215359377
3.8179919435653 0.89778541127752
3.817993602441 0.89263841222476
3.8179952613167 0.88443516722923
3.8179969201924 0.88235587878138
3.817998579068 0.88839567554203
3.8180002379437 0.88773850118524
3.8180018968194 0.87799340754178
3.8180035556951 0.87142049068171
3.8180052145708 0.86925087798374
3.8180068734464 0.87056301021723
3.8180085323221 0.87681733594214
3.8180101911978 0.88624861501166
3.8180118500735 0.90028990610371
3.8180135089491 0.90653878286438
3.8180151678248 0.90123570632747
3.8180168267005 0.89847905962064
3.8180184855762 0.89957785233569
3.8180201444519 0.90218484948794
3.8180218033275 0.90712291719432
3.8180234622032 0.91102294589448
3.8180251210789 0.91328567576666
3.8180267799546 0.91183502508147
3.8180284388302 0.90441096397873
3.8180300977059 0.89907695107242
3.8180317565816 0.89717070988616
3.8180334154573 0.89550662866871
3.818035074333 0.8942473322011
3.8180367332086 0.89257427538729
3.8180383920843 0.89019676668787
3.81804005096 0.8938711125329
3.8180417098357 0.90803682772747
3.8180433687113 0.91721935006255
3.818045027587 0.91761008241844
3.8180466864627 0.91826135705831
3.8180483453384 0.9193802120387
3.8180500042141 0.92445437676334
3.8180516630897 0.93674663875068
3.8180533219654 0.94088802486887
3.8180549808411 0.92991158938598
3.8180566397168 0.92724032136751
3.8180582985924 0.94021680792259
3.8180599574681 0.95030151443647
3.8180616163438 0.95485351423771
3.8180632752195 0.95920295338945
3.8180649340951 0.96315912270834
3.8180665929708 0.96612260346222
3.8180682518465 0.96713103762706
3.8180699107222 0.96694325631893
3.8180715695979 0.96436653243936
3.8180732284735 0.95896523310685
3.8180748873492 0.94784799746447
3.8180765462249 0.94664532768594
3.8180782051006 0.96576550304959
3.8180798639762 0.97599041208221
3.8180815228519 0.96775647858853
3.8180831817276 0.9706870186828
3.8180848406033 0.99705842813574
3.818086499479 1.0132904203717
3.8180881583546 1.007991112458
3.8180898172303 0.99590413798779
3.818091476106 0.96924749000083
3.8180931349817 0.94993173339107
3.8180947938573 0.94653431311328
3.818096452733 0.94393609150027
3.8180981116087 0.94308791118646
3.8180997704844 0.94329715625416
3.8181014293601 0.94584281691196
3.8181030882357 0.94678579951401
3.8181047471114 0.94415709043689
3.8181064059871 0.94569200912089
3.8181080648628 0.95658196864337
3.8181097237384 0.962494703468
3.8181113826141 0.95714164761826
3.8181130414898 0.95695390690309
3.8181147003655 0.96853915108377
3.8181163592412 0.97363362388518
3.8181180181168 0.96384021548458
3.8181196769925 0.95745344915053
3.8181213358682 0.95892666132431
3.8181229947439 0.95864810717942
3.8181246536195 0.95430722259512
3.8181263124952 0.95023132302364
3.8181279713709 0.9467727755534
3.8181296302466 0.9453064879231
3.8181312891223 0.94850029809785
3.8181329479979 0.95229985668503
3.8181346068736 0.9575213669631
3.8181362657493 0.96292240437336
3.818137924625 0.96874601913414
3.8181395835006 0.97282186240074
3.8181412423763 0.97277437144435
3.818142901252 0.97306949308778
3.8181445601277 0.9741743790677
3.8181462190034 0.97636825130181
3.818147877879 0.98113848530848
3.8181495367547 0.98492412774277
3.8181511956304 0.98637914457762
3.8181528545061 0.98704956423188
3.8181545133817 0.98586297060964
3.8181561722574 0.98506154450194
3.8181578311331 0.98517105833699
3.8181594900088 0.98271830475638
3.8181611488845 0.9742129884008
3.8181628077601 0.96732398957104
3.8181644666358 0.96424524732414
3.8181661255115 0.96229942371062
3.8181677843872 0.96301815967776
3.8181694432628 0.96332129757948
3.8181711021385 0.96265003200595
3.8181727610142 0.9618593906254
3.8181744198899 0.96078991678807
3.8181760787656 0.96133914442144
3.8181777376412 0.96565334628761
3.8181793965169 0.96601629410828
3.8181810553926 0.95723339501263
3.8181827142683 0.94801091346559
3.8181843731439 0.9377763120246
3.8181860320196 0.92972495517405
3.8181876908953 0.92666983971331
3.818189349771 0.92901436282868
3.8181910086467 0.94363518006153
3.8181926675223 0.95167280403566
3.818194326398 0.94484715881971
3.8181959852737 0.94342625941545
3.8181976441494 0.95411360524411
3.818199303025 0.96268825427396
3.8182009619007 0.9665684085509
3.8182026207764 0.96841933924819
3.8182042796521 0.96580069678876
3.8182059385278 0.96456986946179
3.8182075974034 0.96636730422501
3.8182092562791 0.96814670992036
3.8182109151548 0.96988716586904
3.8182125740305 0.96986876582366
3.8182142329061 0.96608976458555
3.8182158917818 0.96351226702293
3.8182175506575 0.96347572103266
3.8182192095332 0.96458252396904
3.8182208684089 0.96807959054168
3.8182225272845 0.97352543374552
3.8182241861602 0.98299712803848
3.8182258450359 0.98990678188839
3.8182275039116 0.99159020674189
3.8182291627872 0.99743966574073
3.8182308216629 1.0116773490334
3.8182324805386 1.0116043837662
3.8182341394143 0.9831004894964
3.81823579829 0.96349000131176
3.8182374571656 0.96130044892964
3.8182391160413 0.95819877850721
3.818240774917 0.9533360618915
3.8182424337927 0.95159987064806
3.8182440926683 0.95581026835448
3.818245751544 0.95945822516042
3.8182474104197 0.96205290702229
3.8182490692954 0.96362083060551
3.8182507281711 0.96329622303882
3.8182523870467 0.96438302655814
3.8182540459224 0.96802909622761
3.8182557047981 0.9676724797648
3.8182573636738 0.96017944671778
3.8182590225494 0.95407838184079
3.8182606814251 0.95041628828923
3.8182623403008 0.94669778440462
3.8182639991765 0.94288219173794
3.8182656580522 0.93642379681643
3.8182673169278 0.92549889062725
3.8182689758035 0.91272066755678
3.8182706346792 0.89686822756738
3.8182722935549 0.88520343939908
3.8182739524305 0.88035417558629
3.8182756113062 0.88124257447341
3.8182772701819 0.89128738242128
3.8182789290576 0.90519557058976
3.8182805879333 0.92514720171663
3.8182822468089 0.93852944258222
3.8182839056846 0.94184324274398
3.8182855645603 0.94375242549952
3.818287223436 0.94355341760974
3.8182888823116 0.94625118077943
3.8182905411873 0.95320539652128
3.818292200063 0.96010736341505
3.8182938589387 0.96693420476168
3.8182955178144 0.9720472685075
3.81829717669 0.9747502122023
3.8182988355657 0.97759321565838
3.8183004944414 0.98062877955891
3.8183021533171 0.97901836455751
3.8183038121927 0.97116634051021
3.8183054710684 0.96127012055813
3.8183071299441 0.94869119094783
3.8183087888198 0.9412184429455
3.8183104476955 0.94028865069117
3.8183121065711 0.94407609671724
3.8183137654468 0.95376264521876
3.8183154243225 0.95522880664196
3.8183170831982 0.94666560891625
3.8183187420738 0.93172882957248
3.8183204009495 0.90920910451146
3.8183220598252 0.89522208132895
3.8183237187009 0.89112977213124
3.8183253775766 0.88529963585442
3.8183270364522 0.87750626573833
3.8183286953279 0.86978152187683
3.8183303542036 0.86213226783708
3.8183320130793 0.85386661438689
3.8183336719549 0.84494096259641
3.8183353308306 0.83194137829112
3.8183369897063 0.81469800274884
3.818338648582 0.80390984189236
3.8183403074577 0.79966026124054
3.8183419663333 0.80582959634483
3.818343625209 0.82225699764019
3.8183452840847 0.84397821418824
3.8183469429604 0.87076286842105
3.818348601836 0.89265710534889
3.8183502607117 0.9100096859259
3.8183519195874 0.91859932329768
3.8183535784631 0.9192919676263
3.8183552373387 0.91619110562652
3.8183568962144 0.90977480607776
3.8183585550901 0.91092748260132
3.8183602139658 0.91849273164705
3.8183618728415 0.91965015418525
3.8183635317171 0.91554824832566
3.8183651905928 0.91796205274329
3.8183668494685 0.92555342541239
3.8183685083442 0.92733386796669
3.8183701672198 0.92464681298893
3.8183718260955 0.92475348766487
3.8183734849712 0.92693711829449
3.8183751438469 0.92986217933766
3.8183768027226 0.93331986979927
3.8183784615982 0.93453586258637
3.8183801204739 0.934196899667
3.8183817793496 0.9368122618533
3.8183834382253 0.9414048000839
3.8183850971009 0.94250025806467
3.8183867559766 0.94133911367664
3.8183884148523 0.94158901791863
3.818390073728 0.94271608711128
3.8183917326037 0.943633276912
3.8183933914793 0.94442489055318
3.818395050355 0.94033282232882
3.8183967092307 0.93343098937318
3.8183983681064 0.92176680387251
3.818400026982 0.90747011862752
3.8184016858577 0.90435228294222
3.8184033447334 0.90716412992749
3.8184050036091 0.90952312128624
3.8184066624848 0.91165182637234
3.8184083213604 0.91523630400485
3.8184099802361 0.9195297609764
3.8184116391118 0.92299065876937
3.8184132979875 0.92606380469783
3.8184149568631 0.92768228144398
3.8184166157388 0.92865363402585
3.8184182746145 0.93084514081269
3.8184199334902 0.93355435734067
3.8184215923659 0.93709056692958
3.8184232512415 0.94096092235233
3.8184249101172 0.9438691346593
3.8184265689929 0.94640777838344
3.8184282278686 0.94303817582522
3.8184298867442 0.93751470704046
3.8184315456199 0.93143347511787
3.8184332044956 0.92515964928052
3.8184348633713 0.92353868077691
3.818436522247 0.92343612914194
3.8184381811226 0.92643986737771
3.8184398399983 0.93039935320994
3.818441498874 0.93322514567567
3.8184431577497 0.93572286722748
3.8184448166253 0.93585617441882
3.818446475501 0.93534784769843
3.8184481343767 0.92442106684413
3.8184497932524 0.91085169791285
3.8184514521281 0.91083469067694
3.8184531110037 0.91401876142022
3.8184547698794 0.92042482276136
3.8184564287551 0.92753680516037
3.8184580876308 0.93213028449164
3.8184597465064 0.93621451288328
3.8184614053821 0.93897969453925
3.8184630642578 0.94150000631198
3.8184647231335 0.94171961341311
3.8184663820092 0.94154960624381
3.8184680408848 0.94434487222383
3.8184696997605 0.94759490934967
3.8184713586362 0.95235609481818
3.8184730175119 0.95732520097749
3.8184746763875 0.95514329019813
3.8184763352632 0.95208807437218
3.8184779941389 0.95401058129841
3.8184796530146 0.95646523429055
3.8184813118903 0.96329046322979
3.8184829707659 0.97051770753845
3.8184846296416 0.96542485578662
3.8184862885173 0.95938022899463
3.818487947393 0.96597778525613
