3.8159099066195 0.981415
3.8159115654951 0.97891869956296
3.8159132243708 0.97649997688105
3.8159148832465 0.9747038093871
3.8159165421222 0.97281803703082
3.8159182009979 0.97061784778293
3.8159198598735 0.96825316931915
3.8159215187492 0.96555880157456
3.8159231776249 0.96350160286302
3.8159248365006 0.96224198042003
3.8159264953762 0.9652464141193
3.8159281542519 0.97166371878863
3.8159298131276 0.97669075064229
3.8159314720033 0.98102353303756
3.815933130879 0.98477972667631
3.8159347897546 0.98837192205465
3.8159364486303 0.98139546039494
3.815938107506 0.97312743338605
3.8159397663817 0.96970263273647
3.8159414252573 0.96733687808269
3.815943084133 0.97318436509474
3.8159447430087 0.97483661320569
3.8159464018844 0.96215362777239
3.81594806076 0.94626088229757
3.8159497196357 0.92410037646552
3.8159513785114 0.89999666066331
3.8159530373871 0.87352823580606
3.8159546962628 0.84326823778353
3.8159563551384 0.8100731088761
3.8159580140141 0.77507982355826
3.8159596728898 0.73922601661499
3.8159613317655 0.72133279609981
3.8159629906411 0.70823859085392
3.8159646495168 0.7178077990566
3.8159663083925 0.73022325414975
3.8159679672682 0.76773748321305
3.8159696261439 0.80503646697414
3.8159712850195 0.84087498661374
3.8159729438952 0.87526389212856
3.8159746027709 0.90510714469872
3.8159762616466 0.92884793582569
3.8159779205222 0.94151419591666
3.8159795793979 0.95243957067049
3.8159812382736 0.96139328428574
3.8159828971493 0.96583928269549
3.815984556025 0.96705659469143
3.8159862149006 0.96981040302309
3.8159878737763 0.97323361273049
3.815989532652 0.97254223068689
3.8159911915277 0.97088940012891
3.8159928504033 0.96752991187059
3.815994509279 0.96403289112894
3.8159961681547 0.96056970811082
3.8159978270304 0.95655456760299
3.8159994859061 0.94949473349389
3.8160011447817 0.94442323941529
3.8160028036574 0.94478232936074
3.8160044625331 0.94346139226238
3.8160061214088 0.93943040896244
3.8160077802844 0.93567435075702
3.8160094391601 0.93219593658602
3.8160110980358 0.93165644956157
3.8160127569115 0.93297639886839
3.8160144157872 0.93180234500188
3.8160160746628 0.92969441487413
3.8160177335385 0.93425389764742
3.8160193924142 0.94005720864162
3.8160210512899 0.93894043452661
3.8160227101655 0.9374566635679
3.8160243690412 0.93515724172058
3.8160260279169 0.93159089024653
3.8160276867926 0.92259721587309
3.8160293456683 0.91629891504625
3.8160310045439 0.91614128174646
3.8160326634196 0.91448470730992
3.8160343222953 0.91076599630055
3.816035981171 0.90962916027168
3.8160376400466 0.91071897141744
3.8160392989223 0.91138131109692
3.816040957798 0.91181662016222
3.8160426166737 0.91381765385817
3.8160442755494 0.91628794246384
3.816045934425 0.91353638929771
3.8160475933007 0.91011283497764
3.8160492521764 0.90713723641015
3.8160509110521 0.90492565753015
3.8160525699277 0.90836557439092
3.8160542288034 0.91122188493179
3.8160558876791 0.91218789068671
3.8160575465548 0.91357485423795
3.8160592054305 0.91573373737198
3.8160608643061 0.91861807898076
3.8160625231818 0.92232057379648
3.8160641820575 0.92803378934711
3.8160658409332 0.93516059333833
3.8160674998088 0.93675698609341
3.8160691586845 0.93603454926897
3.8160708175602 0.94190874760991
3.8160724764359 0.949210813264
3.8160741353116 0.9499825033788
3.8160757941872 0.95035915091409
3.8160774530629 0.95112743467992
3.8160791119386 0.95122244924593
3.8160807708143 0.94815115637931
3.8160824296899 0.94433985226206
3.8160840885656 0.93874642062148
3.8160857474413 0.93403270857498
3.816087406317 0.93057682161667
3.8160890651927 0.93047094156329
3.8160907240683 0.93333773731307
3.816092382944 0.93648579677644
3.8160940418197 0.93978644309086
3.8160957006954 0.94569038673227
3.816097359571 0.95238584150733
3.8160990184467 0.95984185525094
3.8161006773224 0.96732949019877
3.8161023361981 0.95969210111028
3.8161039950738 0.95441594658055
3.8161056539494 0.96591672700224
3.8161073128251 0.97507324364098
3.8161089717008 0.97690545987423
3.8161106305765 0.9812536769598
3.8161122894521 0.99004231964712
3.8161139483278 0.99243161035449
3.8161156072035 0.98791795431411
3.8161172660792 0.98867264627284
3.8161189249549 0.99293144591748
3.8161205838305 0.99130879253854
3.8161222427062 0.98740133045438
3.8161239015819 0.98761057022336
3.8161255604576 0.98860414752987
3.8161272193332 0.98646227150797
3.8161288782089 0.98463786969931
3.8161305370846 0.987977572003
3.8161321959603 0.98945854394192
3.816133854836 0.98350923719806
3.8161355137116 0.97761004006261
3.8161371725873 0.9718171375968
3.816138831463 0.96792803358625
3.8161404903387 0.96645366447476
3.8161421492143 0.96350020643432
3.81614380809 0.95939117402243
3.8161454669657 0.95863965834083
3.8161471258414 0.95945279578244
3.8161487847171 0.9621752920818
3.8161504435927 0.96536627019615
3.8161521024684 0.96266638057715
3.8161537613441 0.96005078850714
3.8161554202198 0.9695005336017
3.8161570790954 0.97801619045684
3.8161587379711 0.98184828428471
3.8161603968468 0.98503680808272
3.8161620557225 0.98663171966696
3.8161637145982 0.98690979050018
3.8161653734738 0.98528658379093
3.8161670323495 0.98490738223161
3.8161686912252 0.98562775002901
3.8161703501009 0.98496827650219
3.8161720089765 0.98357429508828
3.8161736678522 0.98558321452537
3.8161753267279 0.98858271335387
3.8161769856036 0.98289196526889
3.8161786444793 0.97633733870843
3.8161803033549 0.97704885746139
3.8161819622306 0.97816537304105
3.8161836211063 0.98174771969837
3.816185279982 0.98318276784848
3.8161869388576 0.97861699273108
3.8161885977333 0.97620476012946
3.816190256609 0.97721686626905
3.8161919154847 0.97800484455678
3.8161935743604 0.97857645879601
3.816195233236 0.97914473337434
3.8161968921117 0.97971106060087
3.8161985509874 0.98091269260698
3.8162002098631 0.98232085568086
3.8162018687387 0.98043885857304
3.8162035276144 0.97810057209684
3.8162051864901 0.97767800084029
3.8162068453658 0.97729566860984
3.8162085042415 0.97719654649128
3.8162101631171 0.97719282512098
3.8162118219928 0.97747848765794
3.8162134808685 0.97787328631269
3.8162151397442 0.97845264685286
3.8162167986198 0.97697239872358
3.8162184574955 0.97339417998086
3.8162201163712 0.96914430910061
3.8162217752469 0.96448157942403
3.8162234341225 0.95660068393639
3.8162250929982 0.9476088178583
3.8162267518739 0.94327228938619
3.8162284107496 0.93964639094756
3.8162300696253 0.94094231812664
3.8162317285009 0.9422566390365
3.8162333873766 0.94340519011739
3.8162350462523 0.94622434811594
3.816236705128 0.95430637131073
3.8162383640036 0.96089227617429
3.8162400228793 0.96488291223529
3.816241681755 0.9681877251049
3.8162433406307 0.9707802496791
3.8162449995064 0.97318411270421
3.816246658382 0.97547013421182
3.8162483172577 0.97572560900099
3.8162499761334 0.97527007908642
3.8162516350091 0.97106142869751
3.8162532938847 0.96627162305821
3.8162549527604 0.97532194355207
3.8162566116361 0.98329539750598
3.8162582705118 0.98221181590265
3.8162599293875 0.98152530626115
3.8162615882631 0.98207915249531
3.8162632471388 0.98031284997122
3.8162649060145 0.97456760965845
3.8162665648902 0.96861485716874
3.8162682237658 0.96244977094309
3.8162698826415 0.96001928623074
3.8162715415172 0.95987466083188
3.8162732003929 0.96022009444701
3.8162748592686 0.96073193424174
3.8162765181442 0.96952140815642
3.8162781770199 0.97951639200826
3.8162798358956 0.97963555459107
3.8162814947713 0.9798242862405
3.8162831536469 0.98054122846863
3.8162848125226 0.9824736892649
3.8162864713983 0.98800077246065
3.816288130274 0.98882755099647
3.8162897891497 0.98197104868598
3.8162914480253 0.97806135685952
3.816293106901 0.97702177772593
3.8162947657767 0.97241245951358
3.8162964246524 0.96573988352311
3.816298083528 0.96169369760148
3.8162997424037 0.95847245062072
3.8163014012794 0.95705018830257
3.8163030601551 0.9558976129295
3.8163047190308 0.95743793133882
3.8163063779064 0.95781867308867
3.8163080367821 0.95128613586493
3.8163096956578 0.94569042907637
3.8163113545335 0.94260881944991
3.8163130134091 0.93882725792454
3.8163146722848 0.93399313308403
3.8163163311605 0.9263807761598
3.8163179900362 0.9162798418504
3.8163196489119 0.90652827505549
3.8163213077875 0.89696016409644
3.8163229666632 0.8982443094176
3.8163246255389 0.90251735118154
3.8163262844146 0.91289058057823
3.8163279432902 0.92392740958392
3.8163296021659 0.93680473283774
3.8163312610416 0.94930203543104
3.8163329199173 0.95994283060521
3.816334578793 0.97087692249943
3.8163362376686 0.98249925152062
3.8163378965443 0.98721219686673
3.81633955542 0.98268533941819
3.8163412142957 0.97938297379751
3.8163428731713 0.97705443493519
3.816344532047 0.97768593396345
3.8163461909227 0.97967035819766
3.8163478497984 0.97939794843579
3.8163495086741 0.97861577724232
3.8163511675497 0.98006351818161
3.8163528264254 0.98133666182371
3.8163544853011 0.9788657608657
3.8163561441768 0.97700473270232
3.8163578030524 0.97751114038951
3.8163594619281 0.9779328696035
3.8163611208038 0.97818635888192
3.8163627796795 0.97558494306712
3.8163644385552 0.96969758271371
3.8163660974308 0.96794426654069
3.8163677563065 0.96900329671479
3.8163694151822 0.9629890017528
3.8163710740579 0.9542984515612
3.8163727329335 0.95242516114451
3.8163743918092 0.951698712679
3.8163760506849 0.95407740985053
3.8163777095606 0.95572132396889
3.8163793684363 0.95152456706956
3.8163810273119 0.94848918548237
3.8163826861876 0.94896912923267
3.8163843450633 0.94920610168524
3.816386003939 0.9490455739392
3.8163876628146 0.94793018827377
3.8163893216903 0.94589932410912
3.816390980566 0.94810451035627
3.8163926394417 0.95267324621502
3.8163942983174 0.95540753486012
3.816395957193 0.9576040241037
3.8163976160687 0.95603453376684
3.8163992749444 0.95427422666231
3.8164009338201 0.95791468804527
3.8164025926957 0.96010509652591
3.8164042515714 0.95513613685898
3.8164059104471 0.94986697916919
3.8164075693228 0.94389879048477
3.8164092281985 0.93906602363171
3.8164108870741 0.9357229284826
3.8164125459498 0.93363594526637
3.8164142048255 0.93251686020284
3.8164158637012 0.93399836667074
3.8164175225768 0.93660933852515
3.8164191814525 0.94212681762826
3.8164208403282 0.9482408925895
3.8164224992039 0.94966107183113
3.8164241580796 0.95114382562963
3.8164258169552 0.95496685786137
3.8164274758309 0.95869126647296
3.8164291347066 0.96208185741236
3.8164307935823 0.9649920069977
3.8164324524579 0.96705221915908
3.8164341113336 0.96932727431321
3.8164357702093 0.97182209815391
3.816437429085 0.97507802454048
3.8164390879607 0.9787854354597
3.8164407468363 0.97314195609996
3.816442405712 0.96456393823623
3.8164440645877 0.96264509405817
3.8164457234634 0.96168195819404
3.816447382339 0.9665974726885
3.8164490412147 0.97030436353758
3.8164507000904 0.96777488746817
3.8164523589661 0.96719601557276
3.8164540178418 0.97124882553453
3.8164556767174 0.97320952465469
3.8164573355931 0.97240233510482
3.8164589944688 0.97153214855166
3.8164606533445 0.97061340909088
3.8164623122201 0.96831538302067
3.8164639710958 0.96542381914556
3.8164656299715 0.95969353552429
3.8164672888472 0.95339707383112
3.8164689477229 0.95991936378696
3.8164706065985 0.96612906219514
3.8164722654742 0.96598429218355
3.8164739243499 0.96644904228479
3.8164755832256 0.96886360500479
3.8164772421012 0.96804296307565
3.8164789009769 0.96178921209273
3.8164805598526 0.95226208011487
3.8164822187283 0.93957000259417
3.816483877604 0.92101149253893
3.8164855364796 0.89920712353053
3.8164871953553 0.88096693228354
3.816488854231 0.86373636848691
3.8164905131067 0.85100449935689
3.8164921719823 0.83977772738781
3.816493830858 0.84891011205613
3.8164954897337 0.86021185267817
3.8164971486094 0.88097407658694
3.8164988074851 0.90075703394073
3.8165004663607 0.91848344491351
3.8165021252364 0.93535950795505
3.8165037841121 0.95123226865292
3.8165054429878 0.95748055399107
3.8165071018634 0.95717898758485
3.8165087607391 0.96119949846743
3.8165104196148 0.96680690059819
3.8165120784905 0.96602600482611
3.8165137373661 0.96429399069048
3.8165153962418 0.96683590385475
3.8165170551175 0.96793505271545
3.8165187139932 0.96028461426106
3.8165203728689 0.955852541044
3.8165220317445 0.95975721128841
3.8165236906202 0.96194082583292
3.8165253494959 0.96170461774181
3.8165270083716 0.95787542503758
3.8165286672472 0.95114032907773
3.8165303261229 0.94506261932375
3.8165319849986 0.93927993919619
3.8165336438743 0.93809287636644
3.81653530275 0.93786198715528
3.8165369616256 0.94348864086687
3.8165386205013 0.94892734433878
3.816540279377 0.95090790507597
3.8165419382527 0.95210608230128
3.8165435971283 0.95084126290371
3.816545256004 0.94688547409979
3.8165469148797 0.93852328380437
3.8165485737554 0.93004398204142
3.8165502326311 0.92145540951158
3.8165518915067 0.92108602024327
3.8165535503824 0.92503323318951
3.8165552092581 0.92434432936388
3.8165568681338 0.92245327317111
3.8165585270094 0.93135231050122
3.8165601858851 0.93982932109461
3.8165618447608 0.93269063787413
3.8165635036365 0.92604661984367
3.8165651625122 0.92126046921013
3.8165668213878 0.91219456131814
3.8165684802635 0.89515514123565
3.8165701391392 0.87951589455749
3.8165717980149 0.86534325450771
3.8165734568905 0.85394234815511
3.8165751157662 0.84418579370592
3.8165767746419 0.85217777799085
3.8165784335176 0.86555993554668
3.8165800923933 0.87816080212195
3.8165817512689 0.89064395648017
3.8165834101446 0.90235992456389
3.8165850690203 0.91286888942887
3.816586727896 0.91809774393701
3.8165883867716 0.92204949465001
3.8165900456473 0.92336083418238
3.816591704523 0.92272855101517
3.8165933633987 0.91986963711473
3.8165950222744 0.9192956225475
3.81659668115 0.92020548378942
3.8165983400257 0.9140597948515
3.8165999989014 0.90552000775134
3.8166016577771 0.90571248632439
3.8166033166527 0.90648106912888
3.8166049755284 0.88848055979677
3.8166066344041 0.87034087279254
3.8166082932798 0.85151434609471
3.8166099521555 0.83302543463945
3.8166116110311 0.81529024126574
3.8166132699068 0.80539471308033
3.8166149287825 0.80506548011052
3.8166165876582 0.81581112333274
3.8166182465338 0.83420415401693
3.8166199054095 0.85695248478459
3.8166215642852 0.88128854317042
3.8166232231609 0.90356566990831
3.8166248820366 0.92528341419349
3.8166265409122 0.93062110521097
3.8166281997879 0.93546946593981
3.8166298586636 0.93770070405243
3.8166315175393 0.94239346415344
3.8166331764149 0.95284733285127
3.8166348352906 0.95283759107169
3.8166364941663 0.9395801155172
3.816638153042 0.93680477697688
3.8166398119177 0.94151474469553
3.8166414707933 0.94503746113098
3.816643129669 0.94811127151978
3.8166447885447 0.94497620516143
3.8166464474204 0.94089570764483
3.816648106296 0.93669674445403
3.8166497651717 0.93200359501906
3.8166514240474 0.92457855999597
3.8166530829231 0.91646921710624
3.8166547417988 0.90673197838864
3.8166564006744 0.89467626679128
3.8166580595501 0.87965605391518
3.8166597184258 0.87330047388338
3.8166613773015 0.87317068009424
3.8166630361771 0.87420310727254
3.8166646950528 0.87567615208556
3.8166663539285 0.8836160597261
3.8166680128042 0.89259018362825
3.8166696716799 0.90607626497391
3.8166713305555 0.91893599083716
3.8166729894312 0.92839264206996
3.8166746483069 0.93465909983769
3.8166763071826 0.9334528244185
3.8166779660582 0.93458065521453
3.8166796249339 0.93864254273181
3.8166812838096 0.94084950100134
3.8166829426853 0.94175150830834
3.816684601561 0.94445258557889
3.8166862604366 0.94781514759476
3.8166879193123 0.94710691248625
3.816689578188 0.94594696368789
3.8166912370637 0.95108584559317
3.8166928959393 0.95457481556884
3.816694554815 0.9496764930788
3.8166962136907 0.94598598064599
3.8166978725664 0.94499578883641
3.8166995314421 0.94309959941501
3.8167011903177 0.9401131782338
3.8167028491934 0.93696102703398
3.8167045080691 0.93369783158188
3.8167061669448 0.93268754077558
3.8167078258204 0.93245300875725
3.8167094846961 0.92947780592287
3.8167111435718 0.92624831450321
3.8167128024475 0.92547345573358
3.8167144613232 0.92506347171359
3.8167161201988 0.92631673519714
3.8167177790745 0.92796680195358
3.8167194379502 0.9304389396041
3.8167210968259 0.93335702704658
3.8167227557015 0.93677541033583
3.8167244145772 0.93631395000353
3.8167260734529 0.9334460347453
3.8167277323286 0.93288598028865
3.8167293912043 0.93304187065509
3.8167310500799 0.92998209904092
3.8167327089556 0.92660171826179
3.8167343678313 0.92321958020972
3.816736026707 0.91982616144854
3.8167376855826 0.9163882081996
3.8167393444583 0.91104317729937
3.816741003334 0.90213580099768
3.8167426622097 0.89728012019434
3.8167443210854 0.89655163580432
3.816745979961 0.89472688734657
3.8167476388367 0.89229141636924
3.8167492977124 0.88997847349683
3.8167509565881 0.88769826014964
3.8167526154637 0.88677223331143
3.8167542743394 0.88678335021328
3.8167559332151 0.89606548477724
3.8167575920908 0.90474647109542
3.8167592509665 0.9114255600519
3.8167609098421 0.91874470460828
3.8167625687178 0.92711508388024
3.8167642275935 0.93176849876426
3.8167658864692 0.93307343872354
3.8167675453448 0.93501992122315
3.8167692042205 0.93727686799452
3.8167708630962 0.93390794571095
3.8167725219719 0.92931931025319
3.8167741808476 0.92621296680485
3.8167758397232 0.92383752447353
3.8167774985989 0.92657776681676
3.8167791574746 0.92998420899818
3.8167808163503 0.93522517202511
3.8167824752259 0.93832269706288
3.8167841341016 0.93839669530483
3.8167857929773 0.94034277982454
3.816787451853 0.94373938081973
3.8167891107286 0.94351011537262
3.8167907696043 0.94181547446991
3.81679242848 0.93343358380212
3.8167940873557 0.9240521132082
3.8167957462314 0.9224777133183
3.816797405107 0.9218068298694
3.8167990639827 0.92590683118963
3.8168007228584 0.92946781392303
3.8168023817341 0.93182056657562
3.8168040406097 0.93308684415876
3.8168056994854 0.93306684875795
3.8168073583611 0.93233640261061
3.8168090172368 0.93114688674268
3.8168106761125 0.93830760625482
3.8168123349881 0.94814675602411
3.8168139938638 0.94594651607829
3.8168156527395 0.9429112503146
3.8168173116152 0.94650010417597
3.8168189704908 0.94888199560169
3.8168206293665 0.9466406254396
3.8168222882422 0.94509550554702
3.8168239471179 0.9448030143917
3.8168256059936 0.94263946122034
3.8168272648692 0.93866107957687
3.8168289237449 0.93385867127813
3.8168305826206 0.92862822152499
3.8168322414963 0.92694091576254
3.8168339003719 0.92609137304609
3.8168355592476 0.91305486236478
3.8168372181233 0.89938507506085
3.816838876999 0.88475364244275
3.8168405358747 0.86927689978214
3.8168421947503 0.85141264561303
3.816843853626 0.83698117363142
3.8168455125017 0.82743587631389
3.8168471713774 0.82518938111719
3.816848830253 0.82858552684451
3.8168504891287 0.8420453155833
3.8168521480044 0.85950821195467
3.8168538068801 0.87058455374235
3.8168554657558 0.88064120456496
3.8168571246314 0.88860872690578
3.8168587835071 0.89584630171606
3.8168604423828 0.89953508469266
3.8168621012585 0.90273171828412
3.8168637601341 0.90489475825519
3.8168654190098 0.90799713748011
3.8168670778855 0.91213897747292
3.8168687367612 0.9150576668668
3.8168703956369 0.91724862115634
3.8168720545125 0.91344925499604
3.8168737133882 0.90795415458329
3.8168753722639 0.90911407363129
3.8168770311396 0.91037401800643
3.8168786900152 0.90745392024164
3.8168803488909 0.90308018505143
3.8168820077666 0.89403645624696
3.8168836666423 0.88569445517068
3.816885325518 0.87844838792492
3.8168869843936 0.87255912365843
3.8168886432693 0.86780982794381
3.816890302145 0.86609436885792
3.8168919610207 0.8657001366645
3.8168936198963 0.86655335265424
3.816895278772 0.86763062107228
3.8168969376477 0.86983278947926
3.8168985965234 0.87165615461243
3.8169002553991 0.87144707981546
3.8169019142747 0.8692065085353
3.8169035731504 0.86246254896947
3.8169052320261 0.85305719594236
3.8169068909018 0.84058701470268
3.8169085497774 0.82647451305016
3.8169102086531 0.81135015980634
3.8169118675288 0.80449374362628
3.8169135264045 0.80006615099799
3.8169151852802 0.80319918394368
3.8169168441558 0.8072771754006
3.8169185030315 0.81530727005538
3.8169201619072 0.82411908882369
3.8169218207829 0.8354576241762
3.8169234796585 0.8449034087701
3.8169251385342 0.85140092244247
3.8169267974099 0.8574141899224
3.8169284562856 0.86302450412063
3.8169301151613 0.86695371930494
3.8169317740369 0.87016527219185
3.8169334329126 0.86707066429822
3.8169350917883 0.86300504792686
3.816936750664 0.86694195216995
3.8169384095396 0.87032777116213
3.8169400684153 0.87095668021074
3.816941727291 0.87058133492235
3.8169433861667 0.86809268165961
3.8169450450424 0.86455576256706
3.816946703918 0.85987296928393
3.8169483627937 0.85925950386029
3.8169500216694 0.8609996804508
3.8169516805451 0.86123626561203
3.8169533394207 0.86107193938439
3.8169549982964 0.86121172756578
3.8169566571721 0.86141909322588
3.8169583160478 0.86206834257152
3.8169599749235 0.86371748703905
3.8169616337991 0.86824031969693
3.8169632926748 0.86783884904397
3.8169649515505 0.86048435356134
3.8169666104262 0.85841968883024
3.8169682693018 0.86032554138985
3.8169699281775 0.85773599393869
3.8169715870532 0.85346654955376
3.8169732459289 0.85010860580886
3.8169749048046 0.8468348229747
3.8169765636802 0.84277368142981
3.8169782225559 0.8386316923124
3.8169798814316 0.83416442877157
3.8169815403073 0.82892307063242
3.8169831991829 0.82228341794479
3.8169848580586 0.8185583638582
3.8169865169343 0.81759170757616
3.81698817581 0.81330997682214
3.8169898346857 0.80740527607719
3.8169914935613 0.80037114707543
3.816993152437 0.79310416699377
3.8169948113127 0.78695481874312
3.8169964701884 0.78087535370566
3.816998129064 0.77512085414269
3.8169997879397 0.76719527857982
3.8170014468154 0.75427564340648
3.8170031056911 0.74355518632897
3.8170047645668 0.73540356893297
3.8170064234424 0.72648316690102
3.8170080823181 0.71709084903304
3.8170097411938 0.70448022972822
3.8170114000695 0.69095198260168
3.8170130589451 0.67422502213607
3.8170147178208 0.65696269596305
3.8170163766965 0.63667717817592
3.8170180355722 0.61780959114695
3.8170196944479 0.60309478181241
3.8170213533235 0.58751517443841
3.8170230121992 0.57070945470012
3.8170246710749 0.55452853222659
3.8170263299506 0.53881359564078
3.8170279888262 0.52421974085422
3.8170296477019 0.51003606957093
3.8170313065776 0.49891025634652
3.8170329654533 0.48818915371988
3.817034624329 0.47808031828607
3.8170362832046 0.46829022173864
3.8170379420803 0.45969231387331
3.817039600956 0.45162285862067
3.8170412598317 0.44444990071338
3.8170429187073 0.43727444251457
3.817044577583 0.43009677499162
3.8170462364587 0.42385842843801
3.8170478953344 0.41804009149988
3.8170495542101 0.41428586131418
3.8170512130857 0.41085851400373
3.8170528719614 0.40460333486102
3.8170545308371 0.39899908443327
3.8170561897128 0.39652151564705
3.8170578485884 0.39351170827131
3.8170595074641 0.38943586944209
3.8170611663398 0.38479892259577
3.8170628252155 0.3795869582705
3.8170644840912 0.37624215465624
3.8170661429668 0.37388151109018
3.8170678018425 0.3713822372363
3.8170694607182 0.36885169014538
3.8170711195939 0.36433158774862
3.8170727784695 0.36022995910072
3.8170744373452 0.35901756265423
3.8170760962209 0.35744665115075
3.8170777550966 0.35503958177851
3.8170794139722 0.3542647412367
3.8170810728479 0.35539247337584
3.8170827317236 0.35540312030364
3.8170843905993 0.35473938057838
3.817086049475 0.35623427128638
3.8170877083506 0.35831867318151
3.8170893672263 0.35994331307698
3.817091026102 0.36190925523426
3.8170926849777 0.36685028891554
3.8170943438533 0.3716383474463
3.817096002729 0.37601712369551
3.8170976616047 0.38044519094898
3.8170993204804 0.38493739106964
3.8171009793561 0.39408012586468
3.8171026382317 0.40635999504979
3.8171042971074 0.41876815251209
3.8171059559831 0.43121683719024
3.8171076148588 0.45135597522571
3.8171092737344 0.47126860078706
3.8171109326101 0.48191407523336
3.8171125914858 0.49214397833562
3.8171142503615 0.50112038234062
3.8171159092372 0.51112249240538
3.8171175681128 0.52258678712415
3.8171192269885 0.53336156398486
3.8171208858642 0.54362817114054
3.8171225447399 0.54721888642239
3.8171242036155 0.54845509023722
3.8171258624912 0.55591733973476
3.8171275213669 0.56358445595007
3.8171291802426 0.56477342684209
3.8171308391183 0.56493198398355
3.8171324979939 0.56165615140282
3.8171341568696 0.55859191052065
3.8171358157453 0.55585186603963
3.817137474621 0.55306605071664
3.8171391334966 0.55024415275202
3.8171407923723 0.54974190841501
3.817142451248 0.55012600589486
3.8171441101237 0.55018254834631
3.8171457689994 0.5506520552082
3.817147427875 0.55928269156714
3.8171490867507 0.56850008935114
3.8171507456264 0.57982824297321
3.8171524045021 0.58965111895595
3.8171540633777 0.59704334105211
3.8171557222534 0.60682193299306
3.8171573811291 0.61857247520679
3.8171590400048 0.62364876412522
3.8171606988805 0.62603501595558
3.8171623577561 0.63210312626242
3.8171640166318 0.63856436391058
3.8171656755075 0.642429993028
3.8171673343832 0.64621309747168
3.8171689932588 0.64968421626865
3.8171706521345 0.65273867214247
3.8171723110102 0.65509840422381
3.8171739698859 0.65740072744946
3.8171756287616 0.65965430353636
3.8171772876372 0.66180624039102
3.8171789465129 0.66391601920667
3.8171806053886 0.6639364360286
3.8171822642643 0.66391401528523
3.8171839231399 0.67027371707929
3.8171855820156 0.67666493300591
3.8171872408913 0.68317781241723
3.817188899767 0.68953800425163
3.8171905586427 0.69564075493467
3.8171922175183 0.70119441303416
3.817193876394 0.70627847716403
3.8171955352697 0.70951106351611
3.8171971941454 0.71197204740631
3.817198853021 0.71646374905991
3.8172005118967 0.72126924785217
3.8172021707724 0.72650566478334
3.8172038296481 0.73163168797573
3.8172054885238 0.73633536379148
3.8172071473994 0.7386042283588
3.8172088062751 0.73680829841192
3.8172104651508 0.7398923465458
3.8172121240265 0.74709786988047
3.8172137829021 0.7518609145708
3.8172154417778 0.75562529911815
3.8172171006535 0.75690609456975
3.8172187595292 0.75795636651905
3.8172204184049 0.76143416298384
3.8172220772805 0.76492517525116
3.8172237361562 0.76846483494607
3.8172253950319 0.76665754426225
3.8172270539076 0.75619316415384
3.8172287127832 0.75100957672908
3.8172303716589 0.75014362446347
3.8172320305346 0.7478323566619
3.8172336894103 0.74495528700996
3.817235348286 0.7436425670459
3.8172370071616 0.7427655085477
3.8172386660373 0.74587946267519
3.817240324913 0.74946497565155
3.8172419837887 0.75467541378427
3.8172436426643 0.76367079687788
3.81724530154 0.77848797838613
3.8172469604157 0.79241971012678
3.8172486192914 0.80566455001058
3.8172502781671 0.81491061060774
3.8172519370427 0.82269610992706
3.8172535959184 0.83161060300659
3.8172552547941 0.84010306178035
3.8172569136698 0.84151705468745
3.8172585725454 0.8424977470672
3.8172602314211 0.8421152638164
3.8172618902968 0.84285000640804
3.8172635491725 0.8451855088422
3.8172652080482 0.84672761004167
3.8172668669238 0.84769761865338
3.8172685257995 0.85077701384773
3.8172701846752 0.85455521156881
3.8172718435509 0.85849927922096
3.8172735024265 0.86222993151653
3.8172751613022 0.86371016303227
3.8172768201779 0.86510966190755
3.8172784790536 0.86628220888094
3.8172801379293 0.86925709243578
3.8172817968049 0.87459172692731
3.8172834556806 0.87936236984929
3.8172851145563 0.88376302380007
3.817286773432 0.8865540707607
3.8172884323076 0.88887730746621
3.8172900911833 0.89069175056656
3.817291750059 0.89231840353669
3.8172934089347 0.89274877586851
3.8172950678104 0.89445735999931
3.817296726686 0.89931878321267
3.8172983855617 0.90229571276495
3.8173000444374 0.90306032223038
3.8173017033131 0.90250214480041
3.8173033621887 0.90117243038993
3.8173050210644 0.90410202097416
3.8173066799401 0.90807394837536
3.8173083388158 0.9080055338924
3.8173099976915 0.9075894171216
3.8173116565671 0.90575279797072
3.8173133154428 0.90480211342252
3.8173149743185 0.90573827158904
3.8173166331942 0.90584422202856
3.8173182920698 0.90509237950843
3.8173199509455 0.90755337745058
3.8173216098212 0.91163782913711
3.8173232686969 0.9180971557133
3.8173249275726 0.92440601186089
3.8173265864482 0.92877428523131
3.8173282453239 0.93151340691397
3.8173299041996 0.92809172579158
3.8173315630753 0.9252016108192
3.8173332219509 0.92476186914207
3.8173348808266 0.92429538957054
3.8173365397023 0.92367440375809
3.817338198578 0.92341795933383
3.8173398574537 0.92591585782589
3.8173415163293 0.92837761039043
3.817343175205 0.93045703280406
3.8173448340807 0.93239473282896
3.8173464929564 0.93194356264674
3.817348151832 0.93139789042121
3.8173498107077 0.92727354567496
3.8173514695834 0.92314920092871
3.8173531284591 0.92380191595027
3.8173547873347 0.92447580580839
3.8173564462104 0.92809899498727
3.8173581050861 0.93182731259572
3.8173597639618 0.93335132622906
3.8173614228375 0.93472389248417
3.8173630817131 0.93312114730314
3.8173647405888 0.93120947746204
3.8173663994645 0.92682540852302
3.8173680583402 0.92209232494476
3.8173697172158 0.9275302014792
3.8173713760915 0.93480882037279
3.8173730349672 0.94001895213076
3.8173746938429 0.94476695782329
3.8173763527186 0.94492203707787
3.8173780115942 0.94384228929805
3.8173796704699 0.94660277503456
3.8173813293456 0.95058305617078
3.8173829882213 0.95284343051156
3.8173846470969 0.95446745767429
3.8173863059726 0.95555355193381
3.8173879648483 0.95641022794865
3.817389623724 0.95528662955645
3.8173912825997 0.95319758250832
3.8173929414753 0.95322649872758
3.817394600351 0.95442837143284
3.8173962592267 0.95437277699841
3.8173979181024 0.95353024332281
3.817399576978 0.95336711451806
3.8174012358537 0.95368264811977
3.8174028947294 0.9541399804112
3.8174045536051 0.95470946913896
3.8174062124808 0.95520106066616
3.8174078713564 0.95562363625625
3.8174095302321 0.9570340550967
3.8174111891078 0.95942371429508
3.8174128479835 0.95824427836899
3.8174145068591 0.95310868570351
3.8174161657348 0.95283583893478
3.8174178246105 0.95859169654428
3.8174194834862 0.96009968443956
3.8174211423619 0.95571259081917
3.8174228012375 0.95341658732515
3.8174244601132 0.95437396977934
3.8174261189889 0.95515063333339
3.8174277778646 0.95561134291605
3.8174294367402 0.95572126221067
3.8174310956159 0.95513966387473
3.8174327544916 0.95439535383924
3.8174344133673 0.95328782593398
3.817436072243 0.95233016124691
3.8174377311186 0.95175341891821
3.8174393899943 0.95181652950457
3.81744104887 0.95374468615311
3.8174427077457 0.95556479761113
3.8174443666213 0.95702038659689
3.817446025497 0.95779343567554
3.8174476843727 0.95586950054516
3.8174493432484 0.9544934929035
3.8174510021241 0.95569365053249
3.8174526609997 0.9561833294862
3.8174543198754 0.95261476517704
3.8174559787511 0.94958281563808
3.8174576376268 0.95038827625544
3.8174592965024 0.95056795782363
3.8174609553781 0.94488948924357
3.8174626142538 0.9392184343168
3.8174642731295 0.93364521666689
3.8174659320052 0.92807215818745
3.8174675908808 0.92250251750579
3.8174692497565 0.91679869954558
3.8174709086322 0.90405179767237
3.8174725675079 0.89130489579917
3.8174742263835 0.87396135605832
3.8174758852592 0.85658553462994
3.8174775441349 0.83020391164401
3.8174792030106 0.80351931389553
3.8174808618863 0.77831631456613
3.8174825207619 0.753204514343
3.8174841796376 0.75072507821393
3.8174858385133 0.75030191168834
3.817487497389 0.76843147643586
3.8174891562646 0.78881889749695
3.8174908151403 0.8207987966114
3.817492474016 0.85456577321202
3.8174941328917 0.88223954755659
3.8174957917674 0.90876560106762
3.817497450643 0.92132014954152
3.8174991095187 0.93073879908712
3.8175007683944 0.93692165212704
3.8175024272701 0.94225463330914
3.8175040861457 0.95009244559298
3.8175057450214 0.9586894080659
3.8175074038971 0.95886092028057
3.8175090627728 0.95611780482197
3.8175107216485 0.95356623502628
3.8175123805241 0.95108965892439
3.8175140393998 0.95080614532671
3.8175156982755 0.95148744581266
3.8175173571512 0.94722481101333
3.8175190160268 0.94053154596351
3.8175206749025 0.93154848169498
3.8175223337782 0.92131298689188
3.8175239926539 0.91345695463968
3.8175256515296 0.90704334235335
3.8175273104052 0.90183540043135
3.8175289692809 0.89743484695026
3.8175306281566 0.89535019635159
3.8175322870323 0.89497509146297
3.8175339459079 0.89478490661714
3.8175356047836 0.89474487377438
3.8175372636593 0.89743480296137
3.817538922535 0.90255984349285
3.8175405814107 0.90767281744798
3.8175422402863 0.91277397980875
3.817543899162 0.91518542358976
3.8175455580377 0.91470939153059
3.8175472169134 0.91407531373146
3.817548875789 0.91325517877645
3.8175505346647 0.9133402197319
3.8175521935404 0.91459398781049
3.8175538524161 0.91656662659475
3.8175555112918 0.91955781522581
3.8175571701674 0.92264019924123
3.8175588290431 0.92586453462244
3.8175604879188 0.92710780806013
3.8175621467945 0.92495930360414
3.8175638056701 0.92126782339118
3.8175654645458 0.91466475498095
3.8175671234215 0.90956320068794
3.8175687822972 0.90759244467612
3.8175704411729 0.90444278401862
3.8175721000485 0.89856930807097
3.8175737589242 0.89299094672564
3.8175754177999 0.88817107056137
3.8175770766756 0.8837901914925
3.8175787355512 0.88067010815642
3.8175803944269 0.87787697729436
3.8175820533026 0.8761392154699
3.8175837121783 0.87471555728532
3.817585371054 0.87443902592839
3.8175870299296 0.87534713319892
3.8175886888053 0.88119315306792
3.817590347681 0.88758185876355
3.8175920065567 0.8965809669424
3.8175936654323 0.90558424590262
3.817595324308 0.91461099122176
3.8175969831837 0.92308286637923
3.8175986420594 0.92783504018866
3.8176003009351 0.93217739209466
3.8176019598107 0.93316411306794
3.8176036186864 0.93328315357302
3.8176052775621 0.92441016395249
3.8176069364378 0.91610134382962
3.8176085953134 0.91561584550689
3.8176102541891 0.91533483506716
3.8176119130648 0.91923194970194
3.8176135719405 0.92326664815703
3.8176152308162 0.93241711510738
3.8176168896918 0.94157857569985
3.8176185485675 0.95260648004379
3.8176202074432 0.96363438438772
3.8176218663189 0.96688143303678
3.8176235251945 0.97001493560012
3.8176251840702 0.97329538170779
3.8176268429459 0.97658107643238
3.8176285018216 0.97589678526115
3.8176301606973 0.97498385670274
3.8176318195729 0.97554480485126
3.8176334784486 0.9762241008218
3.8176351373243 0.98036594934396
3.8176367962 0.98486732892846
3.8176384550756 0.98587933791491
3.8176401139513 0.98644384303307
3.817641772827 0.98802961173325
3.8176434317027 0.98977223210043
3.8176450905783 0.98689103192008
3.817646749454 0.98317774925224
3.8176484083297 0.98007547064902
3.8176500672054 0.97709989116841
3.8176517260811 0.97442553253746
3.8176533849567 0.97182222158298
3.8176550438324 0.97187757829772
3.8176567027081 0.97263889445351
3.8176583615838 0.97265482078082
3.8176600204594 0.97244974206943
3.8176616793351 0.97038167764555
3.8176633382108 0.96770110961154
3.8176649970865 0.96555533469888
3.8176666559622 0.96360339672359
3.8176683148378 0.96577007351682
3.8176699737135 0.9695747006
3.8176716325892 0.97087863781701
3.8176732914649 0.97109615443425
3.8176749503405 0.9687890230328
3.8176766092162 0.96528778169972
3.8176782680919 0.96096414898478
3.8176799269676 0.9562182822186
3.8176815858433 0.95172965779235
3.8176832447189 0.94738398903835
3.8176849035946 0.94604791636004
3.8176865624703 0.94651824543999
3.817688221346 0.94886070910877
3.8176898802216 0.95241436417619
3.8176915390973 0.95739889868652
3.817693197973 0.96337966844449
3.8176948568487 0.96459712947629
3.8176965157244 0.96225150223639
3.8176981746 0.96072798235421
3.8176998334757 0.95986442440603
3.8177014923514 0.9573381981606
3.8177031512271 0.95338111153397
3.8177048101027 0.94809869747233
3.8177064689784 0.94159450112703
3.8177081278541 0.92983120926448
3.8177097867298 0.91287821192755
3.8177114456055 0.89050064855834
3.8177131044811 0.86239631783102
3.8177147633568 0.83313114182581
3.8177164222325 0.80255542652601
3.8177180811082 0.77854801544482
3.8177197399838 0.76246821567484
3.8177213988595 0.75762228214552
3.8177230577352 0.76727229592733
3.8177247166109 0.78461001088557
3.8177263754866 0.81255367610806
3.8177280343622 0.84229893204374
3.8177296932379 0.87470194048949
3.8177313521136 0.90251916039799
3.8177330109893 0.92309897116299
3.8177346698649 0.94166160944649
3.8177363287406 0.9568168532579
3.8177379876163 0.968551973381
3.817739646492 0.9740998259452
3.8177413053677 0.97932061986252
3.8177429642433 0.98390725305397
3.817744623119 0.98564308918808
3.8177462819947 0.98144761397766
3.8177479408704 0.97791386966419
3.817749599746 0.97585915979085
3.8177512586217 0.97440362721191
3.8177529174974 0.97438874060826
3.8177545763731 0.97409785568117
3.8177562352488 0.97309196998987
3.8177578941244 0.972194026604
3.8177595530001 0.97159799816136
3.8177612118758 0.97177840044673
3.8177628707515 0.97430858911068
3.8177645296271 0.97528657906707
3.8177661885028 0.97116899636474
3.8177678473785 0.96876288031103
3.8177695062542 0.97247031690314
3.8177711651299 0.97514580391188
3.8177728240055 0.97379758146756
3.8177744828812 0.97261002432608
3.8177761417569 0.97210913304934
3.8177778006326 0.97097421509228
3.8177794595082 0.96685453566584
3.8177811183839 0.96285997942886
3.8177827772596 0.95951760872497
3.8177844361353 0.95686306157644
3.817786095011 0.95820516399726
3.8177877538866 0.95983425179201
3.8177894127623 0.96333696174185
3.817791071638 0.96624548970919
3.8177927305137 0.96475326675709
3.8177943893893 0.96388420820099
3.817796048265 0.96831656958632
3.8177977071407 0.97197070845985
3.8177993660164 0.96790565611874
3.8178010248921 0.96338360969427
3.8178026837677 0.95346560530948
3.8178043426434 0.94280814889058
3.8178060015191 0.92145593950125
3.8178076603948 0.89931796179567
3.8178093192704 0.86268909791343
3.8178109781461 0.82644228849857
3.8178126370218 0.79978958699278
3.8178142958975 0.77383031304467
3.8178159547732 0.77459389965307
3.8178176136488 0.77568342339413
3.8178192725245 0.80268297562846
3.8178209314002 0.8296825278628
3.8178225902759 0.86364941057526
3.8178242491515 0.89761873846425
3.8178259080272 0.92321214982135
3.8178275669029 0.94869532607711
3.8178292257786 0.96070956492838
3.8178308846543 0.97237144037624
3.8178325435299 0.97850470584994
3.8178342024056 0.98442040071525
3.8178358612813 0.9865155710559
3.817837520157 0.98840907818846
3.8178391790326 0.98745551852699
3.8178408379083 0.98631287683721
3.817842496784 0.98524516517849
3.8178441556597 0.98418346603194
3.8178458145354 0.97841795751175
3.817847473411 0.97220901042822
3.8178491322867 0.96946424127716
3.8178507911624 0.9670955264252
3.8178524500381 0.95746154474432
3.8178541089137 0.9469336037072
3.8178557677894 0.93252857875781
3.8178574266651 0.9175895037299
3.8178590855408 0.8893927262043
3.8178607444165 0.85917208620856
3.8178624032921 0.82565210409669
3.8178640621678 0.79157838621211
3.8178657210435 0.76830513943914
3.8178673799192 0.74701080715401
3.8178690387948 0.74796566279498
3.8178706976705 0.75334443004245
3.8178723565462 0.77686734551598
3.8178740154219 0.80428513763565
3.8178756742976 0.83412215332267
3.8178773331732 0.86451745489221
3.8178789920489 0.88420328360307
3.8178806509246 0.90124278531874
3.8178823098003 0.90685041958634
3.8178839686759 0.90944397213929
3.8178856275516 0.91361141960433
3.8178872864273 0.91822024216756
3.817888945303 0.92311502032668
3.8178906041787 0.92809487177094
3.8178922630543 0.93818063693724
3.81789392193 0.94987341073045
3.8178955808057 0.95440998032919
3.8178972396814 0.95656832869658
3.817898898557 0.96063471548623
3.8179005574327 0.96536907604919
3.8179022163084 0.96720093706946
3.8179038751841 0.96796427290084
3.8179055340598 0.96896704115681
3.8179071929354 0.97006231387583
3.8179088518111 0.96639223399702
3.8179105106868 0.96079247022957
3.8179121695625 0.95771614190586
3.8179138284381 0.95570895068131
3.8179154873138 0.95216675941155
3.8179171461895 0.94794497011811
3.8179188050652 0.94398078795466
3.8179204639408 0.9401356022355
3.8179221228165 0.93822069275757
3.8179237816922 0.93723508396342
3.8179254405679 0.93813195119152
3.8179270994436 0.9399724120835
3.8179287583192 0.94294006024186
3.8179304171949 0.94649520038014
3.8179320760706 0.9484203480328
3.8179337349463 0.94946291395906
3.8179353938219 0.95153068667849
3.8179370526976 0.95417456778058
3.8179387115733 0.94665156571702
3.817940370449 0.9332039455779
3.8179420293247 0.92631517418309
3.8179436882003 0.92338559952969
3.817945347076 0.92020611230133
3.8179470059517 0.91687046574182
3.8179486648274 0.91497077243297
3.817950323703 0.91399909678779
3.8179519825787 0.91418842575813
3.8179536414544 0.91515317450346
3.8179553003301 0.91906650511554
3.8179569592058 0.92501378113137
3.8179586180814 0.9316418905948
3.8179602769571 0.93875469275545
3.8179619358328 0.94340797209863
3.8179635947085 0.94625547597948
3.8179652535841 0.94493782598754
3.8179669124598 0.94046858762664
3.8179685713355 0.93939775621077
3.8179702302112 0.94097565269928
3.8179718890869 0.94551074801695
3.8179735479625 0.95241804656919
3.8179752068382 0.95654097925411
3.8179768657139 0.95836617094052
3.8179785245896 0.95891609526422
3.8179801834652 0.95838388823521
3.8179818423409 0.95871664480021
3.8179835012166 0.95980353476587
3.8179851600923 0.95847934080469
3.817986818968 0.95499617513382
3.8179884778436 0.95224578885148
3.8179901367193 0.95016890710241
3.817991795595 0.95164825835143
3.8179934544707 0.95648068491218
3.8179951133463 0.96291353069866
3.817996772222 0.97089351831225
3.8179984310977 0.97650967712266
3.8180000899734 0.97978384044186
3.8180017488491 0.98344434946013
3.8180034077247 0.9874969472339
3.8180050666004 0.99276926564593
3.8180067254761 0.9993088698141
3.8180083843518 1.0039271328211
3.8180100432274 1.0065024164944
3.8180117021031 1.0083143331406
3.8180133609788 1.0092961286285
3.8180150198545 1.0086412841456
3.8180166787302 1.0061669333898
3.8180183376058 1.003795954452
3.8180199964815 1.0015424033352
3.8180216553572 0.99939449347507
3.8180233142329 0.99736916311115
3.8180249731085 0.99703907150201
3.8180266319842 0.99871686860931
3.8180282908599 0.9983149807984
3.8180299497356 0.99539958742264
3.8180316086113 0.99336327501947
3.8180332674869 0.99241055216007
3.8180349263626 0.99079441840047
3.8180365852383 0.98834456006774
3.818038244114 0.9865052206858
3.8180399029896 0.98544760600424
3.8180415618653 0.98607996215664
3.818043220741 0.98891625635677
3.8180448796167 0.98939553788244
3.8180465384924 0.98674565726583
3.818048197368 0.9856065415358
3.8180498562437 0.98650817232681
3.8180515151194 0.98878687380258
3.8180531739951 0.9929575913192
3.8180548328707 0.99665383377233
3.8180564917464 0.99968745342576
3.8180581506221 1.0006834352938
3.8180598094978 0.99878798172566
3.8180614683735 0.99853096956379
3.8180631272491 1.0006351325173
3.8180647861248 1.0013082712474
3.8180664450005 0.99988776591042
3.8180681038762 0.99966905307527
3.8180697627518 1.0012344405831
3.8180714216275 1.0008745008981
3.8180730805032 0.99761634865137
3.8180747393789 0.99732348761362
3.8180763982546 1.0015559100943
3.8180780571302 1.0043758176637
3.8180797160059 1.0050118720321
3.8180813748816 1.0035922311751
3.8180830337573 0.9989544061772
3.8180846926329 0.99747086260623
3.8180863515086 1.0009855408497
3.8180880103843 1.0013989864976
3.81808966926 0.9968410232071
3.8180913281357 0.9947819952371
3.8180929870113 0.99677403074468
3.818094645887 0.9987823815056
3.8180963047627 1.0008174603407
3.8180979636384 1.0014098951778
3.818099622514 0.99961490979743
3.8181012813897 0.99875288161362
3.8181029402654 0.99944964652273
3.8181045991411 0.9990955251666
3.8181062580168 0.9969696670791
3.8181079168924 0.99454185886042
3.8181095757681 0.99160056573673
3.8181112346438 0.98867339429203
3.8181128935195 0.9857704281478
3.8181145523951 0.98331422961871
3.8181162112708 0.98162958660193
3.8181178701465 0.98071486585242
3.8181195290222 0.98113904430256
3.8181211878979 0.98136412798459
3.8181228467735 0.98124071077398
3.8181245056492 0.98272281733715
3.8181261645249 0.98703163138193
3.8181278234006 0.99005451082849
3.8181294822762 0.99080109571221
3.8181311411519 0.99092505153743
3.8181328000276 0.98994153216247
3.8181344589033 0.98880122498449
3.818136117779 0.98738085170502
3.8181377766546 0.98749865809494
3.8181394355303 0.99037463999728
3.818141094406 0.99211976857373
3.8181427532817 0.99183085714259
3.8181444121573 0.99047657996425
3.818146071033 0.98720092875727
3.8181477299087 0.98434414990525
3.8181493887844 0.98224451081276
3.8181510476601 0.98066980774253
3.8181527065357 0.98004538545456
3.8181543654114 0.97917666420005
3.8181560242871 0.9778652130201
3.8181576831628 0.97893086474766
3.8181593420384 0.98430581266883
3.8181610009141 0.98881985455394
3.8181626597898 0.99177308353605
3.8181643186655 0.99549718598187
3.8181659775412 1.0006179277901
3.8181676364168 1.002141482891
3.8181692952925 0.9971560242222
3.8181709541682 0.99489934276029
3.8181726130439 0.99757203663822
3.8181742719195 0.99873539314327
3.8181759307952 0.99717838409367
3.8181775896709 0.99601331130538
3.8181792485466 0.99555263884511
3.8181809074223 0.99568440446978
3.8181825662979 0.99687745516091
3.8181842251736 0.9971094416738
3.8181858840493 0.99562668694334
3.818187542925 0.99161861618198
3.8181892018006 0.98312472095406
3.8181908606763 0.97715873814336
3.818192519552 0.97566080381611
3.8181941784277 0.97551731984594
3.8181958373033 0.97775491066928
3.818197496179 0.97840098115959
3.8181991550547 0.97626636232512
3.8182008139304 0.97338174549765
3.8182024728061 0.96919528880926
3.8182041316817 0.96336212452506
3.8182057905574 0.95469088115732
3.8182074494331 0.94890360328864
3.8182091083088 0.94804878240193
3.8182107671844 0.94687856359319
3.8182124260601 0.94517334521745
3.8182140849358 0.94813862292581
3.8182157438115 0.95895825426661
3.8182174026872 0.96786322462719
3.8182190615628 0.97357775248485
3.8182207204385 0.97875161917703
3.8182223793142 0.98303329842462
3.8182240381899 0.9866966102799
3.8182256970655 0.9893499456232
3.8182273559412 0.99396027795733
3.8182290148169 1.0017330717682
3.8182306736926 1.0036926878018
3.8182323325683 0.99636298751517
3.8182339914439 0.99217959374498
3.8182356503196 0.99296523995186
3.8182373091953 0.99047547339526
3.818238968071 0.98287587464934
3.8182406269466 0.97862936601355
3.8182422858223 0.97954731052139
3.818243944698 0.97817665783561
3.8182456035737 0.97332720023231
3.8182472624494 0.96798585179413
3.818248921325 0.96190696773183
3.8182505802007 0.959133323099
3.8182522390764 0.96124557341837
3.8182538979521 0.95913881310274
3.8182555568277 0.95088660595243
3.8182572157034 0.9468324481912
3.8182588745791 0.94880066850816
3.8182605334548 0.94700862442438
3.8182621923305 0.93990572063379
3.8182638512061 0.92966922355936
3.8182655100818 0.91507767911654
3.8182671689575 0.89749516398828
3.8182688278332 0.87582432756194
3.8182704867088 0.85279907355421
3.8182721455845 0.82795391887547
3.8182738044602 0.81271181743783
3.8182754633359 0.81014966348374
3.8182771222116 0.8145123197889
3.8182787810872 0.82785566252774
3.8182804399629 0.84786528060325
3.8182820988386 0.87636199928796
3.8182837577143 0.90365691536256
3.8182854165899 0.92945054065809
3.8182870754656 0.94865734680558
3.8182887343413 0.95979469943615
3.818290393217 0.96634296730048
3.8182920520927 0.96737958289925
3.8182937109683 0.96803994394942
3.818295369844 0.96825750754404
3.8182970287197 0.97047684069978
3.8182986875954 0.97500337109863
3.818300346471 0.97790430262579
3.8183020053467 0.97897118869332
3.8183036642224 0.97841238300628
3.8183053230981 0.9760588111513
3.8183069819738 0.97534142178987
3.8183086408494 0.97639040053938
3.8183102997251 0.97604797517119
3.8183119586008 0.97423721140522
3.8183136174765 0.97290590595638
3.8183152763521 0.97206893328353
3.8183169352278 0.97014187931293
3.8183185941035 0.96711717981918
3.8183202529792 0.96819918760492
3.8183219118549 0.97331699563584
3.8183235707305 0.97487170907211
3.8183252296062 0.97301033440996
3.8183268884819 0.9699000506985
3.8183285473576 0.96562226190565
3.8183302062332 0.9652137067731
3.8183318651089 0.96832996112692
3.8183335239846 0.96475578887629
3.8183351828603 0.95524554397652
3.818336841736 0.95048024575793
3.8183385006116 0.94981347525594
3.8183401594873 0.95183831488619
3.818341818363 0.95612520099059
3.8183434772387 0.96235757522389
3.8183451361143 0.97017976362541
3.81834679499 0.97560437654698
3.8183484538657 0.97912507562128
3.8183501127414 0.98198966835153
3.8183517716171 0.98434828753656
3.8183534304927 0.98644753096496
3.8183550893684 0.98835262091337
3.8183567482441 0.98861780921761
3.8183584071198 0.98769230263311
3.8183600659954 0.98789330608856
3.8183617248711 0.98888713837634
3.8183633837468 0.98187147315
3.8183650426225 0.96939577518568
3.8183667014982 0.96386289629131
3.8183683603738 0.96291160009224
3.8183700192495 0.95693785888324
3.8183716781252 0.94775879467981
3.8183733370009 0.94440418920588
3.8183749958765 0.94464216613566
3.8183766547522 0.94875176097818
3.8183783136279 0.95516740189393
3.8183799725036 0.95648195038224
3.8183816313793 0.95486459340834
3.8183832902549 0.95563320482723
3.8183849491306 0.95772366656191
3.8183866080063 0.95952441731632
3.818388266882 0.96117058505471
3.8183899257576 0.96527356136706
3.8183915846333 0.97063777886781
3.818393243509 0.97701456356258
3.8183949023847 0.98389092921314
3.8183965612604 0.98986086755126
3.818398220136 0.99540149985918
3.8183998790117 0.99369667404767
3.8184015378874 0.98870107884914
3.8184031967631 0.98218976239656
3.8184048556387 0.97501927296828
3.8184065145144 0.97248190580082
3.8184081733901 0.97187151396189
3.8184098322658 0.97181127002221
3.8184114911415 0.97196952728537
3.8184131500171 0.977512572214
3.8184148088928 0.98509501478388
3.8184164677685 0.98775034645376
3.8184181266442 0.98862967225727
3.8184197855198 0.99380574554897
3.8184214443955 1.0004533952053
3.8184231032712 1.0006141677109
3.8184247621469 0.99866833367972
3.8184264210226 0.99516959456291
3.8184280798982 0.99119373376026
3.8184297387739 0.98802774363756
3.8184313976496 0.98509659418113
3.8184330565253 0.97838350510718
3.8184347154009 0.97063795211698
3.8184363742766 0.95996844431658
3.8184380331523 0.94854966508467
3.818439692028 0.94276345073747
3.8184413509037 0.93832721605988
3.8184430097793 0.9423567719085
3.818444668655 0.94827796709136
3.8184463275307 0.95544498024617
3.8184479864064 0.96287035309726
3.818449645282 0.96767772067364
3.8184513041577 0.97198362622915
3.8184529630334 0.98240072611375
3.8184546219091 0.99389330302977
3.8184562807848 0.99249148568337
3.8184579396604 0.98901823604345
3.8184595985361 0.99445430271968
3.8184612574118 1.0011869043078
3.8184629162875 1.0079173586475
3.8184645751631 1.0146475323989
3.8184662340388 1.0131494867168
3.8184678929145 1.0106970962589
3.8184695517902 1.0082573404696
3.8184712106659 1.005818867822
3.8184728695415 0.99839418152619
3.8184745284172 0.99053400218382
3.8184761872929 0.99128260303022
3.8184778461686 0.99266247820761
3.8184795050442 0.98392744825169
3.8184811639199 0.97459033472548
3.8184828227956 0.97413382296067
3.8184844816713 0.97408552331439
3.8184861405469 0.97326196428572
