3.8159098380083 1.002264
3.8159114968839 0.99189345071349
3.8159131557596 0.98245996012698
3.8159148146353 0.98054631232906
3.815916473511 0.97859236968197
3.8159181323867 0.97649700210088
3.8159197912623 0.97597402829164
3.815921450138 0.97860321767203
3.8159231090137 0.9799016078727
3.8159247678894 0.9795336223915
3.815926426765 0.98144818149582
3.8159280856407 0.98519024968873
3.8159297445164 0.98785439104714
3.8159314033921 0.98997996149788
3.8159330622678 0.99496737236835
3.8159347211434 1.0007695375418
3.8159363800191 0.99408180562638
3.8159380388948 0.98587443550351
3.8159396977705 0.98858313141564
3.8159413566461 0.99024880376855
3.8159430155218 0.98380923656697
3.8159446743975 0.97593912963663
3.8159463332732 0.96317403683052
3.8159479921489 0.94760077067054
3.8159496510245 0.92653796281623
3.8159513099002 0.90314561713348
3.8159529687759 0.87691564327416
3.8159546276516 0.84761905854193
3.8159562865272 0.81594580637401
3.8159579454029 0.78557876641121
3.8159596042786 0.75583775127931
3.8159612631543 0.74230820288855
3.81596292203 0.7331187672567
3.8159645809056 0.74964021536444
3.8159662397813 0.76912196909407
3.815967898657 0.79918253152955
3.8159695575327 0.83014696791357
3.8159712164083 0.86726658359926
3.815972875284 0.89995452734803
3.8159745341597 0.91871495771738
3.8159761930354 0.93678947974437
3.8159778519111 0.95361702960125
3.8159795107867 0.96576061912878
3.8159811696624 0.97258895789132
3.8159828285381 0.97684086027013
3.8159844874138 0.97924367259777
3.8159861462894 0.98098080979657
3.8159878051651 0.98242726527968
3.8159894640408 0.9798141566705
3.8159911229165 0.97624919738074
3.8159927817922 0.97781690454599
3.8159944406678 0.97963846293135
3.8159960995435 0.97728593217734
3.8159977584192 0.97465837494115
3.8159994172949 0.97050659274551
3.8160010761705 0.96437985033459
3.8160027350462 0.95284229748691
3.8160043939219 0.9460496417279
3.8160060527976 0.94693072084162
3.8160077116733 0.94568251213464
3.8160093705489 0.94227836690551
3.8160110294246 0.94290586816564
3.8160126883003 0.94609114726761
3.816014347176 0.94422971028668
3.8160160060516 0.94047233749368
3.8160176649273 0.9481530751912
3.816019323803 0.95797875097217
3.8160209826787 0.95254475745728
3.8160226415544 0.94668871406056
3.81602430043 0.94409264437895
3.8160259593057 0.94030460689379
3.8160276181814 0.93138595548322
3.8160292770571 0.92480552899882
3.8160309359327 0.92357153113616
3.8160325948084 0.92175924905276
3.8160342536841 0.9191488822624
3.8160359125598 0.92112654591941
3.8160375714355 0.927073931697
3.8160392303111 0.92860147484788
3.8160408891868 0.92777279515791
3.8160425480625 0.92666334795385
3.8160442069382 0.92546934876746
3.8160458658138 0.92730120223545
3.8160475246895 0.9295268317425
3.8160491835652 0.93205587774305
3.8160508424409 0.93396119629591
3.8160525013166 0.93121319274524
3.8160541601922 0.9290085387434
3.8160558190679 0.92857255363047
3.8160574779436 0.92938243562183
3.8160591368193 0.9324866594767
3.8160607956949 0.93272185855156
3.8160624545706 0.92970876862913
3.8160641134463 0.93475992839
3.816065772322 0.94550328784342
3.8160674311977 0.94805040647144
3.8160690900733 0.94714417335943
3.816070748949 0.95241628949042
3.8160724078247 0.95903502281038
3.8160740667004 0.96238078607956
3.816075725576 0.96518149235796
3.8160773844517 0.96244255584153
3.8160790433274 0.95891888452557
3.8160807022031 0.95167758980489
3.8160823610788 0.94484839423482
3.8160840199544 0.93901689989847
3.8160856788301 0.93280416177222
3.8160873377058 0.92604384634307
3.8160889965815 0.92948223842748
3.8160906554571 0.94201051610151
3.8160923143328 0.9468595847246
3.8160939732085 0.94752183990588
3.8160956320842 0.95434052308284
3.8160972909598 0.96304293964903
3.8160989498355 0.9690477431173
3.8161006087112 0.97470043112738
3.8161022675869 0.98051473825533
3.8161039264626 0.98578073068939
3.8161055853382 0.98710508533247
3.8161072442139 0.98927860918599
3.8161089030896 0.99412350375117
3.8161105619653 0.99665140230525
3.8161122208409 0.99506843830196
3.8161138797166 0.99655614277252
3.8161155385923 1.0013729064567
3.816117197468 1.0025492508953
3.8161188563437 1.0012915279352
3.8161205152193 1.0000356525546
3.816122174095 0.99878049955237
3.8161238329707 0.99909499658551
3.8161254918464 0.99971144810289
3.816127150722 0.99540461824313
3.8161288095977 0.99152942959192
3.8161304684734 0.99521323702381
3.8161321273491 0.99690093113155
3.8161337862248 0.99053986076797
3.8161354451004 0.98594238668028
3.8161371039761 0.98510975459539
3.8161387628518 0.98161149563921
3.8161404217275 0.97471266237201
3.8161420806031 0.97176341054298
3.8161437394788 0.97191772210327
3.8161453983545 0.96443684026053
3.8161470572302 0.95337380904537
3.8161487161059 0.95354197080522
3.8161503749815 0.95649133671814
3.8161520338572 0.95953515998934
3.8161536927329 0.96314529444812
3.8161553516086 0.97901675474404
3.8161570104842 0.99294932567399
3.8161586693599 0.99705387383457
3.8161603282356 1.0012959219701
3.8161619871113 1.0058810259035
3.816163645987 1.0058551259773
3.8161653048626 0.99912912058242
3.8161669637383 0.99788847258368
3.816168622614 1.0015264383235
3.8161702814897 1.0005151269314
3.8161719403653 0.99701161238808
3.816173599241 0.99063547795345
3.8161752581167 0.98341533519034
3.8161769169924 0.98715127515858
3.8161785758681 0.99214121949745
3.8161802347437 0.99530783611023
3.8161818936194 0.99782465309113
3.8161835524951 0.99633014473617
3.8161852113708 0.99527763152608
3.8161868702464 0.99547097918315
3.8161885291221 0.99284278308853
3.8161901879978 0.98569640162384
3.8161918468735 0.98555572101833
3.8161935057492 0.99222437522322
3.8161951646248 0.99696646822074
3.8161968235005 1.000576926639
3.8161984823762 1.0012174803672
3.8162001412519 1.0008834213003
3.8162018001275 1.0007491127679
3.8162034590032 1.0006430778483
3.8162051178789 1.0010077447547
3.8162067767546 1.0007982445054
3.8162084356303 0.99647790636729
3.8162100945059 0.99272762810372
3.8162117533816 0.9907232367754
3.8162134122573 0.98744149262794
3.816215071133 0.98198260600735
3.8162167300086 0.97860792894397
3.8162183888843 0.97737186291988
3.81622004776 0.97534710904506
3.8162217066357 0.97283370249323
3.8162233655114 0.9651907587563
3.816225024387 0.95575961636043
3.8162266832627 0.95251857338487
3.8162283421384 0.95023784104637
3.8162300010141 0.95337042811536
3.8162316598897 0.95661820769774
3.8162333187654 0.96033358938821
3.8162349776411 0.96514153184305
3.8162366365168 0.97342832397367
3.8162382953925 0.98000488218836
3.8162399542681 0.98358968127503
3.8162416131438 0.986451501131
3.8162432720195 0.9885565603687
3.8162449308952 0.99053438089935
3.8162465897708 0.99243206869861
3.8162482486465 0.99396976132327
3.8162499075222 0.99538009026122
3.8162515663979 0.99417929020264
3.8162532252736 0.99256721865065
3.8162548841492 0.99471761308984
3.8162565430249 0.99616964832147
3.8162582019006 0.99192611164262
3.8162598607763 0.98820326112575
3.8162615196519 0.98612504845216
3.8162631785276 0.98255776423433
3.8162648374033 0.97641392778598
3.816266496279 0.97143445540795
3.8162681551547 0.96765631951908
3.8162698140303 0.96737638227906
3.816271472906 0.96925651218222
3.8162731317817 0.97136003284662
3.8162747906574 0.9735402420734
3.816276449533 0.97779671498777
3.8162781084087 0.98236133578648
3.8162797672844 0.98207963480944
3.8162814261601 0.98274841482893
3.8162830850358 0.99023851183598
3.8162847439114 0.99654659933221
3.8162864027871 0.99931894925404
3.8162880616628 0.99865887317115
3.8162897205385 0.9923364190586
3.8162913794141 0.98848499860265
3.8162930382898 0.9870615175776
3.8162946971655 0.98324472512899
3.8162963560412 0.97803150892821
3.8162980149169 0.97676386994563
3.8162996737925 0.97675051957364
3.8163013326682 0.97117144563809
3.8163029915439 0.96492041284764
3.8163046504196 0.9617489810349
3.8163063092952 0.95883831399196
3.8163079681709 0.95751100360229
3.8163096270466 0.95548424566533
3.8163112859223 0.9515586527092
3.816312944798 0.94766091917443
3.8163146036736 0.9438054794833
3.8163162625493 0.9341797632186
3.816317921425 0.91933795784756
3.8163195803007 0.91172267244511
3.8163212391763 0.90794049681398
3.816322898052 0.91092240527739
3.8163245569277 0.91579282792
3.8163262158034 0.92987721292484
3.8163278746791 0.94460430211772
3.8163295335547 0.95274972782949
3.8163311924304 0.96150402696741
3.8163328513061 0.97328240172907
3.8163345101818 0.9845719617821
3.8163361690574 0.99470147876535
3.8163378279331 1.001099803617
3.8163394868088 1.0024601300327
3.8163411456845 1.0001590725289
3.8163428045602 0.99491772263286
3.8163444634358 0.99362660999769
3.8163461223115 0.99416119554388
3.8163477811872 0.99103071218138
3.8163494400629 0.98705890839943
3.8163510989385 0.98692627181663
3.8163527578142 0.98684943336413
3.8163544166899 0.98451279521797
3.8163560755656 0.98294593390442
3.8163577344413 0.98441328605579
3.8163593933169 0.98384822838978
3.8163610521926 0.97919985606712
3.8163627110683 0.97683628177315
3.816364369944 0.97712883134025
3.8163660288196 0.97593598041622
3.8163676876953 0.97372217979009
3.816369346571 0.96675260558214
3.8163710054467 0.95796114815176
3.8163726643223 0.95900829949242
3.816374323198 0.96174451698159
3.8163759820737 0.96405237465468
3.8163776409494 0.96567593603784
3.8163792998251 0.96208009259581
3.8163809587007 0.95852153226204
3.8163826175764 0.95507738793398
3.8163842764521 0.95251726907882
3.8163859353278 0.95141925945852
3.8163875942034 0.95405639102211
3.8163892530791 0.96031153203109
3.8163909119548 0.96617865991346
3.8163925708305 0.97182683036095
3.8163942297062 0.97127776366067
3.8163958885818 0.96888480265553
3.8163975474575 0.96654099471373
3.8163992063332 0.96445951587359
3.8164008652089 0.96968173848715
3.8164025240845 0.97371213183019
3.8164041829602 0.9717469672009
3.8164058418359 0.96979195156905
3.8164075007116 0.96786086851604
3.8164091595873 0.96255669963015
3.8164108184629 0.95277980251574
3.8164124773386 0.94260068390385
3.8164141362143 0.9321082826933
3.81641579509 0.92781853339176
3.8164174539656 0.92625705765534
3.8164191128413 0.93335146224676
3.816420771717 0.94225595977436
3.8164224305927 0.94631093945536
3.8164240894684 0.95027803758087
3.816425748344 0.95538219725976
3.8164274072197 0.96076532730159
3.8164290660954 0.96710728477198
3.8164307249711 0.9728796727695
3.8164323838467 0.97763262872212
3.8164340427224 0.97949383519697
3.8164357015981 0.97836454855748
3.8164373604738 0.97754391030386
3.8164390193495 0.97690850731234
3.8164406782251 0.9776229431495
3.8164423371008 0.9787673685874
3.8164439959765 0.97523663900557
3.8164456548522 0.97150090326505
3.8164473137278 0.9814562520929
3.8164489726035 0.98951129456631
3.8164506314792 0.98755791767764
3.8164522903549 0.98807298919272
3.8164539492306 0.99452790006023
3.8164556081062 0.99498577040416
3.8164572669819 0.98741930745733
3.8164589258576 0.98456136291842
3.8164605847333 0.98537343414232
3.8164622436089 0.98070964455673
3.8164639024846 0.97365832622665
3.8164655613603 0.97013096664589
3.816467220236 0.96732074550195
3.8164688791117 0.96667474338886
3.8164705379873 0.96681408379715
3.816472196863 0.97330071278982
3.8164738557387 0.97838414563764
3.8164755146144 0.97890748849084
3.81647717349 0.97776386422927
3.8164788323657 0.9737864111439
3.8164804912414 0.96459485489409
3.8164821501171 0.95030491140698
3.8164838089928 0.92804814407584
3.8164854678684 0.90132834320785
3.8164871267441 0.88249439596312
3.8164887856198 0.8659314420512
3.8164904444955 0.85494167414557
3.8164921033711 0.84549000942988
3.8164937622468 0.85597637158153
3.8164954211225 0.86839394820705
3.8164970799982 0.88939651725512
3.8164987388739 0.91038261354307
3.8165003977495 0.93133365357197
3.8165020566252 0.94735033934119
3.8165037155009 0.95747591648801
3.8165053743766 0.96136801868106
3.8165070332522 0.96096610044861
3.8165086921279 0.96551143255156
3.8165103510036 0.97190005171139
3.8165120098793 0.97795583526347
3.816513668755 0.98394606089686
3.8165153276306 0.9822983260429
3.8165169865063 0.9807770643565
3.816518645382 0.98004170343997
3.8165203042577 0.9800301775888
3.8165219631333 0.98192131743657
3.816523622009 0.97854499157267
3.8165252808847 0.96767244210149
3.8165269397604 0.9607917266487
3.8165285986361 0.95717802204553
3.8165302575117 0.95461067496774
3.8165319163874 0.95251939801718
3.8165335752631 0.95069195193489
3.8165352341388 0.9489205486885
3.8165368930144 0.9541058854318
3.8165385518901 0.95910419444704
3.8165402107658 0.9599843838648
3.8165418696415 0.96032623159438
3.8165435285172 0.95894543310715
3.8165451873928 0.95523263987609
3.8165468462685 0.94765193870363
3.8165485051442 0.94363185852815
3.8165501640199 0.94297438080986
3.8165518228955 0.94459359299385
3.8165534817712 0.94742454143946
3.8165551406469 0.9478787281856
3.8165567995226 0.94770520231607
3.8165584583983 0.94892121815279
3.8165601172739 0.94970508494565
3.8165617761496 0.94316926303038
3.8165634350253 0.9364077507204
3.816565093901 0.92878296010524
3.8165667527766 0.91830128381301
3.8165684116523 0.90242476831732
3.816570070528 0.88705727956885
3.8165717294037 0.87222953596415
3.8165733882794 0.86235708304409
3.816575047155 0.85546305419997
3.8165767060307 0.86497311966799
3.8165783649064 0.87955067688422
3.8165800237821 0.89746483857578
3.8165816826577 0.91551801961517
3.8165833415334 0.92875963123308
3.8165850004091 0.94063130843648
3.8165866592848 0.94638702591401
3.8165883181605 0.94793253706443
3.8165899770361 0.94065108208918
3.8165916359118 0.93423002760832
3.8165932947875 0.92880685638638
3.8165949536632 0.92608152207653
3.8165966125388 0.92513081291909
3.8165982714145 0.92320240334205
3.8165999302902 0.92093677879572
3.8166015891659 0.9147701030713
3.8166032480416 0.90788224321318
3.8166049069172 0.89269903875286
3.8166065657929 0.87686629033778
3.8166082246686 0.85775576294466
3.8166098835443 0.83989802303949
3.8166115424199 0.82487811467214
3.8166132012956 0.81846072794574
3.8166148601713 0.82267467709732
3.816616519047 0.83193309394531
3.8166181779227 0.84471975859336
3.8166198367983 0.87009689845601
3.816621495674 0.90013789124794
3.8166231545497 0.91926603812399
3.8166248134254 0.93662883610396
3.816626472301 0.94221890830861
3.8166281311767 0.9475264848283
3.8166297900524 0.95128665328409
3.8166314489281 0.95415252802532
3.8166331078038 0.95489363616354
3.8166347666794 0.95451873514899
3.8166364255551 0.95271296729599
3.8166380844308 0.95213928013999
3.8166397433065 0.95245686648837
3.8166414021821 0.95268345941933
3.8166430610578 0.95287510151016
3.8166447199335 0.95044306992152
3.8166463788092 0.94761639413324
3.8166480376849 0.94685509998186
3.8166496965605 0.94488495272658
3.8166513554362 0.93606464118629
3.8166530143119 0.92671616190078
3.8166546731876 0.91609205683679
3.8166563320632 0.90448378914091
3.8166579909389 0.89160093742143
3.8166596498146 0.88079244105513
3.8166613086903 0.8714938060206
3.8166629675659 0.87386863057872
3.8166646264416 0.880740114002
3.8166662853173 0.89430813490161
3.816667944193 0.9089171829516
3.8166696030687 0.92332092288384
3.8166712619443 0.93661168269555
3.81667292082 0.94370751911208
3.8166745796957 0.95050215108849
3.8166762385714 0.95658039909873
3.816677897447 0.96027248149736
3.8166795563227 0.96092603964027
3.8166812151984 0.96010977832986
3.8166828740741 0.95824599356705
3.8166845329498 0.9598228237144
3.8166861918254 0.96268531198777
3.8166878507011 0.96016903857486
3.8166895095768 0.95693995171831
3.8166911684525 0.95813803591451
3.8166928273281 0.95940007753085
3.8166944862038 0.96099494264239
3.8166961450795 0.96146396306994
3.8166978039552 0.95937793054703
3.8166994628309 0.95949187550387
3.8167011217065 0.96228746719853
3.8167027805822 0.96153769078101
3.8167044394579 0.95838069924305
3.8167060983336 0.95650176355943
3.8167077572092 0.9550703097252
3.8167094160849 0.9512389898754
3.8167110749606 0.94701018123176
3.8167127338363 0.94003968863982
3.816714392712 0.93406122993632
3.8167160515876 0.9327044268105
3.8167177104633 0.93120365669999
3.816719369339 0.92940024764696
3.8167210282147 0.93190884747772
3.8167226870903 0.93931732113086
3.816724345966 0.94749711340648
3.8167260048417 0.95616180853456
3.8167276637174 0.95688726346497
3.8167293225931 0.95510612189089
3.8167309814687 0.94801889314798
3.8167326403444 0.94075681188294
3.8167342992201 0.94025777260366
3.8167359580958 0.9395095221549
3.8167376169714 0.93775763380393
3.8167392758471 0.93260227592966
3.8167409347228 0.92099916276791
3.8167425935985 0.91563606570714
3.8167442524742 0.91671098473929
3.8167459113498 0.91563060340988
3.8167475702255 0.9133327452424
3.8167492291012 0.91019865987719
3.8167508879769 0.90683689730511
3.8167525468525 0.90761071311613
3.8167542057282 0.90885097373433
3.8167558646039 0.91203563329597
3.8167575234796 0.91611202732572
3.8167591823553 0.92321216829679
3.8167608412309 0.93067720496522
3.8167625001066 0.93874975965799
3.8167641589823 0.94484718379037
3.816765817858 0.94914263302517
3.8167674767336 0.95074133188335
3.8167691356093 0.95101615508375
3.816770794485 0.94543217729782
3.8167724533607 0.93855015670025
3.8167741122364 0.94012411028516
3.816775771112 0.94184468814446
3.8167774299877 0.9424511574705
3.8167790888634 0.94429852533496
3.8167807477391 0.94961953455415
3.8167824066147 0.95398521557557
3.8167840654904 0.95698565480225
3.8167857243661 0.95879801506637
3.8167873832418 0.95967795498588
3.8167890421175 0.95513820581381
3.8167907009931 0.94837422887834
3.8167923598688 0.94555071920019
3.8167940187445 0.94341091560889
3.8167956776202 0.94570659994483
3.8167973364958 0.94771567886508
3.8167989953715 0.94817495675307
3.8168006542472 0.94877680542727
3.8168023131229 0.94970301223588
3.8168039719986 0.94858079385638
3.8168056308742 0.94500277565197
3.8168072897499 0.94947893436526
3.8168089486256 0.95922874175585
3.8168106075013 0.95917405119966
3.8168122663769 0.95592088946927
3.8168139252526 0.95549221505361
3.8168155841283 0.95525663336753
3.816817243004 0.95313056616257
3.8168189018797 0.95164809720697
3.8168205607553 0.95267850022316
3.816822219631 0.95383586974645
3.8168238785067 0.95522479704459
3.8168255373824 0.95500818506986
3.816827196258 0.95321472353356
3.8168288551337 0.95240686670374
3.8168305140094 0.95211811866691
3.8168321728851 0.94709147735546
3.8168338317608 0.94092188382501
3.8168354906364 0.92763885150486
3.8168371495121 0.91408122351034
3.8168388083878 0.90093574630151
3.8168404672635 0.88685663184728
3.8168421261391 0.87009794315198
3.8168437850148 0.85837927123491
3.8168454438905 0.85392641055617
3.8168471027662 0.85154045908277
3.8168487616419 0.85077282064084
3.8168504205175 0.861470257993
3.8168520793932 0.87679762030196
3.8168537382689 0.89381399098209
3.8168553971446 0.91098501936026
3.8168570560202 0.9211504400964
3.8168587148959 0.93043625508668
3.8168603737716 0.93535076963145
3.8168620326473 0.93829453319983
3.816863691523 0.93704119323504
3.8168653503986 0.93627715004547
3.8168670092743 0.93606120937965
3.81686866815 0.93671752951183
3.8168703270257 0.93789960546739
3.8168719859013 0.93809298383412
3.816873644777 0.93800150709715
3.8168753036527 0.93263851106587
3.8168769625284 0.92685243698806
3.8168786214041 0.92084808041927
3.8168802802797 0.91522648292952
3.8168819391554 0.91085522587093
3.8168835980311 0.90539521174286
3.8168852569068 0.89821288005094
3.8168869157824 0.89228863298866
3.8168885746581 0.88743429142578
3.8168902335338 0.88303750652013
3.8168918924095 0.87884283327464
3.8168935512852 0.88399530688222
3.8168952101608 0.89083390473186
3.8168968690365 0.8926671998235
3.8168985279122 0.89423761374104
3.8169001867879 0.89436490019206
3.8169018456635 0.89167171562643
3.8169035045392 0.88263751954887
3.8169051634149 0.87080786426299
3.8169068222906 0.85571981275317
3.8169084811663 0.84307736017603
3.8169101400419 0.83196071911373
3.8169117989176 0.82705103991838
3.8169134577933 0.82399528627735
3.816915116669 0.82647748666269
3.8169167755446 0.82966090058762
3.8169184344203 0.83574253146753
3.816920093296 0.84281300576953
3.8169217521717 0.85313219319259
3.8169234110474 0.86357541854762
3.816925069923 0.8742142485797
3.8169267287987 0.88027847301991
3.8169283876744 0.8824914393083
3.8169300465501 0.88470341524515
3.8169317054257 0.88691496246684
3.8169333643014 0.88324521330525
3.8169350231771 0.87861426098708
3.8169366820528 0.88021244220448
3.8169383409284 0.88170351802936
3.8169399998041 0.88264742362661
3.8169416586798 0.88234977132578
3.8169433175555 0.87940453057899
3.8169449764312 0.87802280834373
3.8169466353068 0.87836984253317
3.8169482941825 0.8797672343275
3.8169499530582 0.8817796351931
3.8169516119339 0.88483057563689
3.8169532708095 0.88816319781685
3.8169549296852 0.88461839509797
3.8169565885609 0.88055955415452
3.8169582474366 0.87562309190203
3.8169599063123 0.87171156021979
3.8169615651879 0.87078941889258
3.8169632240636 0.87069377410335
3.8169648829393 0.87177874782905
3.816966541815 0.86951195139388
3.8169682006906 0.86470028905885
3.8169698595663 0.86728194114958
3.816971518442 0.87266527079099
3.8169731773177 0.86976246396432
3.8169748361934 0.86559857229022
3.816976495069 0.85766513019502
3.8169781539447 0.85145933659515
3.8169798128204 0.85232708538339
3.8169814716961 0.85153871519665
3.8169831305717 0.84772284212468
3.8169847894474 0.8452828491356
3.8169864483231 0.84415933526225
3.8169881071988 0.84151401819547
3.8169897660745 0.83811439185688
3.8169914249501 0.8297413602711
3.8169930838258 0.82032311228278
3.8169947427015 0.81710394562843
3.8169964015772 0.81308606755286
3.8169980604528 0.80364725633346
3.8169997193285 0.79379065003748
3.8170013782042 0.78296061902697
3.8170030370799 0.77246923425827
3.8170046959556 0.76237767386043
3.8170063548312 0.7511042261804
3.8170080137069 0.73909694071753
3.8170096725826 0.72352606776025
3.8170113314583 0.70692341895433
3.8170129903339 0.69073484938014
3.8170146492096 0.67438413754762
3.8170163080853 0.6561669881018
3.817017966961 0.6371781383623
3.8170196258367 0.61589764497988
3.8170212847123 0.59838796409853
3.817022943588 0.58628265267468
3.8170246024637 0.57213425125348
3.8170262613394 0.55644593774542
3.817027920215 0.54201111414136
3.8170295790907 0.5280409742434
3.8170312379664 0.51574260974657
3.8170328968421 0.50386289892813
3.8170345557178 0.49609050810587
3.8170362145934 0.48753003043465
3.8170378734691 0.47597630474778
3.8170395323448 0.46670166889942
3.8170411912205 0.46133581021483
3.8170428500961 0.45509329709644
3.8170445089718 0.44806820617751
3.8170461678475 0.44095668816213
3.8170478267232 0.4338060705369
3.8170494855989 0.42753067852757
3.8170511444745 0.42144886768068
3.8170528033502 0.41938845351201
3.8170544622259 0.41686110229136
3.8170561211016 0.41205156847316
3.8170577799772 0.40698887016934
3.8170594388529 0.40141353151209
3.8170610977286 0.39645868571627
3.8170627566043 0.39214601178452
3.81706441548 0.38723850152306
3.8170660743556 0.38201408517214
3.8170677332313 0.37986263486313
3.817069392107 0.37841544277071
3.8170710509827 0.37364021263801
3.8170727098583 0.36966158941632
3.817074368734 0.37128145158442
3.8170760276097 0.37214252213245
3.8170776864854 0.3712139646621
3.8170793453611 0.36991473625541
3.8170810042367 0.36817934552319
3.8170826631124 0.36825269023853
3.8170843219881 0.36942892390428
3.8170859808638 0.3714378577051
3.8170876397394 0.37367737301149
3.8170892986151 0.37478854823604
3.8170909574908 0.37595446067644
3.8170926163665 0.37811811413989
3.8170942752422 0.38136529360647
3.8170959341178 0.38754488556332
3.8170975929935 0.39440676380816
3.8170992518692 0.40216460256875
3.8171009107449 0.41237184840476
3.8171025696205 0.42424675935722
3.8171042284962 0.43724664551524
3.8171058873719 0.45060627194737
3.8171075462476 0.46597490398271
3.8171092051233 0.48144259216296
3.8171108639989 0.4960971302756
3.8171125228746 0.50988538739777
3.8171141817503 0.52102980336802
3.817115840626 0.53160390355371
3.8171174995016 0.54135761245564
3.8171191583773 0.55151980699645
3.817120817253 0.56198571131182
3.8171224761287 0.56792028026882
3.8171241350044 0.57223882422649
3.81712579388 0.57700755130362
3.8171274527557 0.58157015172125
3.8171291116314 0.58243779784838
3.8171307705071 0.58158374221104
3.8171324293827 0.5749236825255
3.8171340882584 0.56790391558518
3.8171357471341 0.56032821123541
3.8171374060098 0.55685949037234
3.8171390648855 0.55665574276354
3.8171407237611 0.5610597792441
3.8171423826368 0.56724238569309
3.8171440415125 0.57319763795744
3.8171457003882 0.5791774578614
3.8171473592638 0.58616413648805
3.8171490181395 0.59331785444755
3.8171506770152 0.60107956191086
3.8171523358909 0.6094544500684
3.8171539947666 0.61882770343818
3.8171556536422 0.62732223251773
3.8171573125179 0.63508489242265
3.8171589713936 0.6428259876755
3.8171606302693 0.65055830821071
3.8171622891449 0.65355913796742
3.8171639480206 0.65592872668187
3.8171656068963 0.6591642370754
3.817167265772 0.6623392019288
3.8171689246477 0.66528265646903
3.8171705835233 0.66799613787274
3.817172242399 0.67032315612636
3.8171739012747 0.67181008102295
3.8171755601504 0.67257837458264
3.817177219026 0.67161011738302
3.8171788779017 0.66991531470317
3.8171805367774 0.66967039411213
3.8171821956531 0.66999585839694
3.8171838545288 0.67945462614306
3.8171855134044 0.68875488057214
3.8171871722801 0.69743654383022
3.8171888311558 0.70656597437774
3.8171904900315 0.71645594183204
3.8171921489071 0.72376550061138
3.8171938077828 0.72885294765386
3.8171954666585 0.73272633149602
3.8171971255342 0.73608965745151
3.8171987844099 0.73779536536956
3.8172004432855 0.73923672162424
3.8172021021612 0.7401959609585
3.8172037610369 0.74282443017202
3.8172054199126 0.75190328705654
3.8172070787882 0.7588874475352
3.8172087376639 0.76235004911091
3.8172103965396 0.76612017780378
3.8172120554153 0.77015171240106
3.817213714291 0.77275901239953
3.8172153731666 0.77477956473745
3.8172170320423 0.77989841300569
3.817218690918 0.78523697376082
3.8172203497937 0.78582706910009
3.8172220086693 0.78649510296158
3.817223667545 0.78745264418995
3.8172253264207 0.78745524604318
3.8172269852964 0.78590199530604
3.817228644172 0.78189351835751
3.8172303030477 0.77586557402084
3.8172319619234 0.77171449098629
3.8172336207991 0.76830339753918
3.8172352796748 0.76439037198336
3.8172369385504 0.76102301780467
3.8172385974261 0.76821606879916
3.8172402563018 0.77604022251669
3.8172419151775 0.7860561689743
3.8172435740531 0.79644195345937
3.8172452329288 0.80739995717475
3.8172468918045 0.81957254060291
3.8172485506802 0.83269257381177
3.8172502095559 0.84810891570521
3.8172518684315 0.86436966406425
3.8172535273072 0.8668396549689
3.8172551861829 0.86765526936131
3.8172568450586 0.86671877930128
3.8172585039342 0.8654479480002
3.8172601628099 0.86311807895535
3.8172618216856 0.86198149605631
3.8172634805613 0.86256347170207
3.817265139437 0.86544344853406
3.8172667983126 0.86998865202237
3.8172684571883 0.87317037934504
3.817270116064 0.87589758949076
3.8172717749397 0.8818260876603
3.8172734338153 0.8875456514558
3.817275092691 0.88839071702881
3.8172767515667 0.89064528189866
3.8172784104424 0.89688533476288
3.8172800693181 0.90308832994114
3.8172817281937 0.90924259109319
3.8172833870694 0.91059247725295
3.8172850459451 0.90877677722584
3.8172867048208 0.91424556978729
3.8172883636964 0.92184423286866
3.8172900225721 0.92137999913902
3.8172916814478 0.92089153934806
3.8172933403235 0.92379866622176
3.8172949991992 0.92659736245351
3.8172966580748 0.9291273366146
3.8172983169505 0.93013799112065
3.8172999758262 0.92935805070059
3.8173016347019 0.9273923807202
3.8173032935775 0.92473234731429
3.8173049524532 0.92582422836238
3.8173066113289 0.92783945743319
3.8173082702046 0.92690268880736
3.8173099290803 0.92639546110218
3.8173115879559 0.92884269833682
3.8173132468316 0.92930278224082
3.8173149057073 0.9255148433922
3.817316564583 0.92129608904244
3.8173182234586 0.91663082813611
3.8173198823343 0.91699954952577
3.81732154121 0.91992122154675
3.8173232000857 0.92657385708652
3.8173248589614 0.93272567807549
3.817326517837 0.933577555335
3.8173281767127 0.93454522734658
3.8173298355884 0.93613087692101
3.8173314944641 0.93738412422609
3.8173331533397 0.93635436823914
3.8173348122154 0.93569618181804
3.8173364710911 0.93851625635293
3.8173381299668 0.94140221108118
3.8173397888425 0.94521936697913
3.8173414477181 0.94900719751963
3.8173431065938 0.952004421524
3.8173447654695 0.95497129148666
3.8173464243452 0.95250291172982
3.8173480832208 0.95003453197299
3.8173497420965 0.95046414573016
3.8173514009722 0.95096661345522
3.8173530598479 0.95233132921838
3.8173547187236 0.95374575015929
3.8173563775992 0.95476638403962
3.8173580364749 0.95575076090014
3.8173596953506 0.95429543542814
3.8173613542263 0.95252613433659
3.8173630131019 0.95010433540648
3.8173646719776 0.94757309498765
3.8173663308533 0.94871562936984
3.817367989729 0.95062708420166
3.8173696486047 0.95033245140976
3.8173713074803 0.94947793124509
3.817372966356 0.94945646184012
3.8173746252317 0.94968611877794
3.8173762841074 0.95566814276931
3.817377942983 0.96367907158562
3.8173796018587 0.96737550773137
3.8173812607344 0.96931207956685
3.8173829196101 0.97142206229044
3.8173845784858 0.97361311242319
3.8173862373614 0.97305799548406
3.8173878962371 0.97104183874904
3.8173895551128 0.96812102554651
3.8173912139885 0.96465537094993
3.8173928728641 0.96577706680827
3.8173945317398 0.97001295662688
3.8173961906155 0.97361500795616
3.8173978494912 0.97673352716268
3.8173995083669 0.97873580500166
3.8174011672425 0.97978357814932
3.8174028261182 0.97889343956702
3.8174044849939 0.976148391282
3.8174061438696 0.97347824520099
3.8174078027452 0.97088829749341
3.8174094616209 0.96977459400945
3.8174111204966 0.97042852247212
3.8174127793723 0.97058444045595
3.817414438248 0.97007300074023
3.8174160971236 0.97017686873407
3.8174177559993 0.97120472845629
3.817419414875 0.97049779013104
3.8174210737507 0.96686494902833
3.8174227326263 0.96535653675669
3.817424391502 0.96788361360312
3.8174260503777 0.9696680126709
3.8174277092534 0.96985694805841
3.8174293681291 0.97096535366022
3.8174310270047 0.97431955060034
3.8174326858804 0.97647750244474
3.8174343447561 0.97529144161212
3.8174360036318 0.97497365866856
3.8174376625074 0.97745744765664
3.8174393213831 0.97911048861353
3.8174409802588 0.97763560962874
3.8174426391345 0.97661573947453
3.8174442980102 0.97762387584869
3.8174459568858 0.97846781212843
3.8174476157615 0.97842833278753
3.8174492746372 0.97798322137089
3.8174509335129 0.97483212812417
3.8174525923885 0.97181441663007
3.8174542512642 0.96994485703135
3.8174559101399 0.96786860551006
3.8174575690156 0.96334691098498
3.8174592278913 0.9587902410508
3.8174608867669 0.95359495537117
3.8174625456426 0.94845717980113
3.8174642045183 0.94546968816397
3.817465863394 0.94248079932963
3.8174675222696 0.9342982183639
3.8174691811453 0.92611563739817
3.817470840021 0.9176361201341
3.8174724988967 0.90914887177075
3.8174741577724 0.88951232971895
3.817475816648 0.86927804215487
3.8174774755237 0.83829747906046
3.8174791343994 0.80642976501445
3.8174807932751 0.78320428997294
3.8174824521507 0.76095549502353
3.8174841110264 0.75767296583447
3.8174857699021 0.75714162040812
3.8174874287778 0.77938512853256
3.8174890876535 0.80570233550619
3.8174907465291 0.83564025356826
3.8174924054048 0.86635473857372
3.8174940642805 0.89017789075593
3.8174957231562 0.91226333220507
3.8174973820318 0.92939660399678
3.8174990409075 0.9450833850981
3.8175006997832 0.9540205457881
3.8175023586589 0.96070100492074
3.8175040175345 0.96630550972624
3.8175056764102 0.97150193412016
3.8175073352859 0.97197759219381
3.8175089941616 0.97043721625077
3.8175106530373 0.97047916759608
3.8175123119129 0.97127756843272
3.8175139707886 0.96984980783566
3.8175156296643 0.96723655033523
3.81751728854 0.9642830650118
3.8175189474156 0.9611285650251
3.8175206062913 0.9533384072388
3.817522265167 0.94251950423966
3.8175239240427 0.93598195201675
3.8175255829184 0.93253008911246
3.817527241794 0.92765033535494
3.8175289006697 0.92163771258965
3.8175305595454 0.91692097258022
3.8175322184211 0.91333421284749
3.8175338772967 0.91377602847649
3.8175355361724 0.9180742140099
3.8175371950481 0.92185394984839
3.8175388539238 0.92508917341654
3.8175405127995 0.92856405789407
3.8175421716751 0.93231501791124
3.8175438305508 0.93421004935293
3.8175454894265 0.93375967767943
3.8175471483022 0.93448190638139
3.8175488071778 0.93683027769949
3.8175504660535 0.93705923685257
3.8175521249292 0.9340595482195
3.8175537838049 0.93389854905466
3.8175554426806 0.93849397021121
3.8175571015562 0.94247385633867
3.8175587604319 0.94531713563438
3.8175604193076 0.94726388332377
3.8175620781833 0.94738207274524
3.8175637370589 0.9461361697375
3.8175653959346 0.94180836738115
3.8175670548103 0.93578859294724
3.817568713686 0.92551928382456
3.8175703725617 0.91585894848413
3.8175720314373 0.90790667581972
3.817573690313 0.90153195498032
3.8175753491887 0.90012520193807
3.8175770080644 0.89800864655597
3.81757866694 0.89336574693229
3.8175803258157 0.88896108165054
3.8175819846914 0.88552288157943
3.8175836435671 0.88271097852427
3.8175853024428 0.88282426908777
3.8175869613184 0.8836972160416
3.8175886201941 0.88871162333278
3.8175902790698 0.89469580848016
3.8175919379455 0.90695707005691
3.8175935968211 0.91898869878186
3.8175952556968 0.92921312028784
3.8175969145725 0.93901424906706
3.8175985734482 0.94462734341922
3.8176002323239 0.9500059805957
3.8176018911995 0.95231609931873
3.8176035500752 0.95405362100203
3.8176052089509 0.9449819686829
3.8176068678266 0.93614506973428
3.8176085267022 0.93497008103118
3.8176101855779 0.93384075089015
3.8176118444536 0.93758416228222
3.8176135033293 0.9413275736743
3.817615162205 0.94888620298208
3.8176168210806 0.95648752572517
3.8176184799563 0.96790940829945
3.817620138832 0.97945449882392
3.8176217977077 0.98283300059724
3.8176234565833 0.98576971520172
3.817625115459 0.9917196553005
3.8176267743347 0.99790081025523
3.8176284332104 0.9974294332385
3.8176300920861 0.99629115323412
3.8176317509617 0.99238567098193
3.8176334098374 0.98813527984749
3.8176350687131 0.99117659575838
3.8176367275888 0.99531139775648
3.8176383864644 0.99003150085672
3.8176400453401 0.98309213395057
3.8176417042158 0.98055939920816
3.8176433630915 0.9789241089352
3.8176450219672 0.98320115156527
3.8176466808428 0.98885075915197
3.8176483397185 0.98906010743369
3.8176499985942 0.98784511534897
3.8176516574699 0.98458853815072
3.8176533163455 0.98073435982072
3.8176549752212 0.97870779372119
3.8176566340969 0.97727519770438
3.8176582929726 0.97884951757084
3.8176599518483 0.9815023754726
3.8176616107239 0.98115585645576
3.8176632695996 0.97962797600664
3.8176649284753 0.98192832295593
3.817666587351 0.9858775934242
3.8176682462266 0.98820598915291
3.8176699051023 0.98977371315984
3.817671563978 0.98832609555106
3.8176732228537 0.9853415716307
3.8176748817294 0.98140134218574
3.817676540605 0.9769335126138
3.8176781994807 0.97598752633598
3.8176798583564 0.97714271797737
3.8176815172321 0.97524758913563
3.8176831761077 0.97138975402134
3.8176848349834 0.96988361546595
3.8176864938591 0.97000653276593
3.8176881527348 0.9730624784855
3.8176898116105 0.97830277828097
3.8176914704861 0.98237304038817
3.8176931293618 0.98550785121748
3.8176947882375 0.98173912019099
3.8176964471132 0.97205068965432
3.8176981059888 0.96403179122246
3.8176997648645 0.95754715866298
3.8177014237402 0.95242305075061
3.8177030826159 0.94863769091107
3.8177047414916 0.94502076912682
3.8177064003672 0.94158124071075
3.8177080592429 0.93325946738713
3.8177097181186 0.91943673996539
3.8177113769943 0.89767442407033
3.8177130358699 0.86634260492309
3.8177146947456 0.83518497945131
3.8177163536213 0.80425188322344
3.817718012497 0.78145723990446
3.8177196713727 0.76988306581134
3.8177213302483 0.76679245733903
3.817722989124 0.77621657060557
3.8177246479997 0.79514009778451
3.8177263068754 0.82905977778377
3.817727965751 0.86116407686818
3.8177296246267 0.89019957317488
3.8177312835024 0.91665211519123
3.8177329423781 0.93842610344052
3.8177346012538 0.95637267326343
3.8177362601294 0.96688488701933
3.8177379190051 0.97682890483634
3.8177395778808 0.98558801601066
3.8177412367565 0.9925301570824
3.8177428956321 0.99539944811154
3.8177445545078 0.99773521093068
3.8177462133835 0.99878366642037
3.8177478722592 0.99900309483525
3.8177495311349 0.99706586646654
3.8177511900105 0.99490019048579
3.8177528488862 0.9920924106597
3.8177545077619 0.99017475698529
3.8177561666376 0.99096632801224
3.8177578255132 0.99114484354026
3.8177594843889 0.98929759180336
3.8177611432646 0.9883473634133
3.8177628021403 0.99062556158353
3.817764461016 0.9920409765339
3.8177661198916 0.99006243483709
3.8177677787673 0.98898450930476
3.817769437643 0.99179466361753
3.8177710965187 0.99319955472464
3.8177727553943 0.98791446240409
3.81777441427 0.98392053351285
3.8177760731457 0.98674342047317
3.8177777320214 0.98850736267739
3.8177793908971 0.98402698295094
3.8177810497727 0.97993128661527
3.8177827086484 0.97839009028329
3.8177843675241 0.97713571513315
3.8177860263998 0.97804889363536
3.8177876852754 0.97856576810871
3.8177893441511 0.97563193803995
3.8177910030268 0.97314251214515
3.8177926619025 0.97518709373008
3.8177943207781 0.97727162132379
3.8177959796538 0.97984423075823
3.8177976385295 0.98165459660952
3.8177992974052 0.97195898363659
3.8178009562809 0.96214675362028
3.8178026151565 0.95005883523622
3.8178042740322 0.93764815487838
3.8178059329079 0.9164675456808
3.8178075917836 0.89499906072892
3.8178092506592 0.86095649604811
3.8178109095349 0.82700141181175
3.8178125684106 0.80226328494307
3.8178142272863 0.77752515807439
3.817815886162 0.78457540531192
3.8178175450376 0.7917367521993
3.8178192039133 0.81779755683863
3.817820862789 0.84417021236482
3.8178225216647 0.87880156735296
3.8178241805403 0.91367824284877
3.817825839416 0.93896695115564
3.8178274982917 0.9638419147113
3.8178291571674 0.97206101583452
3.8178308160431 0.97933396928986
3.8178324749187 0.98943242101479
3.8178341337944 0.9997305402454
3.8178357926701 1.0011705064014
3.8178374515458 1.0018598634097
3.8178391104214 0.99746784844903
3.8178407692971 0.99257243927593
3.8178424281728 0.98848108789597
3.8178440870485 0.98448108792454
3.8178457459242 0.98144346387353
3.8178474047998 0.97852938750281
3.8178490636755 0.97770832749684
3.8178507225512 0.97718732844868
3.8178523814269 0.96933077010283
3.8178540403025 0.96031061763839
3.8178556991782 0.94353999108844
3.8178573580539 0.92541991789393
3.8178590169296 0.89600448760583
3.8178606758053 0.86444488390195
3.8178623346809 0.82668774930006
3.8178639935566 0.78765532092456
3.8178656524323 0.76679904117609
3.817867311308 0.74997809123842
3.8178689701836 0.75637162335812
3.8178706290593 0.76830149826428
3.817872287935 0.79110761672031
3.8178739468107 0.81668933616917
3.8178756056864 0.84378744133453
3.817877264562 0.87129822969207
3.8178789234377 0.885715410191
3.8178805823134 0.89634322283127
3.8178822411891 0.89940461900202
3.8178839000647 0.90014383033481
3.8178855589404 0.906070171732
3.8178872178161 0.91368052826937
3.8178888766918 0.92535924027713
3.8178905355675 0.93843224058835
3.8178921944431 0.95157132120286
3.8178938533188 0.96473425864679
3.8178955121945 0.97089798908403
3.8178971710702 0.97440489146588
3.8178988299458 0.97479978323591
3.8179004888215 0.97395484567812
3.8179021476972 0.97262926249829
3.8179038065729 0.97110302806011
3.8179054654486 0.96959819647393
3.8179071243242 0.9681027147882
3.8179087831999 0.96704489352663
3.8179104420756 0.96618686241558
3.8179121009513 0.96703126364779
3.8179137598269 0.96868668504434
3.8179154187026 0.96682109380116
3.8179170775783 0.96320689606718
3.817918736454 0.95722451397638
3.8179203953297 0.95001753592605
3.8179220542053 0.94641093362997
3.817923713081 0.94474074198299
3.8179253719567 0.94735841732816
3.8179270308324 0.95237221642227
3.817928689708 0.9586728120658
3.8179303485837 0.96571992594847
3.8179320074594 0.96565956743601
3.8179336663351 0.96132333723349
3.8179353252108 0.96074068138473
3.8179369840864 0.96249842898997
3.8179386429621 0.95739585470027
3.8179403018378 0.94786453789795
3.8179419607135 0.94273240399894
3.8179436195891 0.94053820497921
3.8179452784648 0.93627688798215
3.8179469373405 0.93058832142457
3.8179485962162 0.92851360937628
3.8179502550919 0.92901664948688
3.8179519139675 0.93062923642137
3.8179535728432 0.9330589820881
3.8179552317189 0.93674984954168
3.8179568905946 0.94139886340675
3.8179585494702 0.94794363335299
3.8179602083459 0.9559734723921
3.8179618672216 0.95900478998019
3.8179635260973 0.9580014285996
3.817965184973 0.95910254013221
3.8179668438486 0.96195283912904
3.8179685027243 0.96135428423587
3.8179701616 0.95780524672949
3.8179718204757 0.9588620394383
3.8179734793513 0.96397194040214
3.817975138227 0.96957362546076
3.8179767971027 0.97562020797865
3.8179784559784 0.97712667915832
3.8179801148541 0.97441321282251
3.8179817737297 0.97418822339217
3.8179834326054 0.97633870895402
3.8179850914811 0.97683028654631
3.8179867503568 0.97569640859422
3.8179884092324 0.97190025803417
3.8179900681081 0.96542799671867
3.8179917269838 0.96436257512353
3.8179933858595 0.96886978491814
3.8179950447352 0.97408282719082
3.8179967036108 0.98004137947273
3.8179983624865 0.98631787180721
3.8180000213622 0.99293837643049
3.8180016802379 0.99848426778968
3.8180033391135 1.0028396493595
3.8180049979892 1.0076234979145
3.8180066568649 1.0128931905729
3.8180083157406 1.0166025908179
3.8180099746163 1.0185023429109
3.8180116334919 1.0203677066536
3.8180132923676 1.0221922893574
3.8180149512433 1.0218897914013
3.818016610119 1.0190093601228
3.8180182689946 1.0160522104314
3.8180199278703 1.0130000853697
3.818021586746 1.0098961032531
3.8180232456217 1.0067265675409
3.8180249044974 1.0048186015112
3.818026563373 1.0045382869855
3.8180282222487 1.0029300177408
3.8180298811244 0.99957399832554
3.8180315400001 0.9982088677981
3.8180331988757 0.99951534903207
3.8180348577514 0.9988738180395
3.8180365166271 0.99556829885567
3.8180381755028 0.9958679434241
3.8180398343785 1.0011902569625
3.8180414932541 1.0047144748511
3.8180431521298 1.0056879030361
3.8180448110055 1.006087203265
3.8180464698812 1.0056575972297
3.8180481287568 1.0065223201694
3.8180497876325 1.0092882509186
3.8180514465082 1.0118279223507
3.8180531053839 1.0140296374979
3.8180547642596 1.0154568874359
3.8180564231352 1.0157084148737
3.8180580820109 1.0135252939657
3.8180597408866 1.0075875495849
3.8180613997623 1.0053887260512
3.8180630586379 1.0090442779173
3.8180647175136 1.0103533999016
3.8180663763893 1.0079335053974
3.818068035265 1.0061546881269
3.8180696941406 1.0054094023409
3.8180713530163 1.0071005074327
3.818073011892 1.0127741461949
3.8180746707677 1.0158827554748
3.8180763296434 1.0147424822612
3.818077988519 1.013998356692
3.8180796473947 1.0139189715622
3.8180813062704 1.0124829542621
3.8180829651461 1.0087421152608
3.8180846240217 1.0084669846742
3.8180862828974 1.0141500269529
3.8180879417731 1.0155386045267
3.8180896006488 1.0094602924805
3.8180912595245 1.0039564151783
3.8180929184001 0.99946229670235
3.8180945772758 0.99717365773688
3.8180962361515 0.99880231718372
3.8180978950272 1.0006214212172
3.8180995539028 1.002782124933
3.8181012127785 1.0028808279154
3.8181028716542 0.99924651780914
3.8181045305299 0.9973891293608
3.8181061894056 0.99877731344265
3.8181078482812 1.0004409989571
3.8181095071569 1.0026120871155
3.8181111660326 1.0024498945513
3.8181128249083 0.99795704832355
3.8181144837839 0.99371361739306
3.8181161426596 0.98993643477327
3.8181178015353 0.98843022033773
3.818119460411 0.9911972876882
3.8181211192867 0.99410879763094
3.8181227781623 0.99729378757802
3.818124437038 0.99820805587219
3.8181260959137 0.99479897776846
3.8181277547894 0.99307509497656
3.818129413665 0.99457582013063
3.8181310725407 0.99627121727123
3.8181327314164 0.99834082925123
3.8181343902921 1.0003705531954
3.8181360491678 1.0023233079575
3.8181377080434 1.0023728820655
3.8181393669191 0.99873752464543
3.8181410257948 0.99734363800647
3.8181426846705 1.0003018485861
3.8181443435461 1.0010300858107
3.8181460024218 0.99741823458925
3.8181476612975 0.99409889117468
3.8181493201732 0.99134975457906
3.8181509790489 0.98855058688238
3.8181526379245 0.98565377475901
3.8181542968002 0.98537353492772
3.8181559556759 0.99020295078784
3.8181576145516 0.99461884854998
3.8181592734272 0.99822710042013
3.8181609323029 1.0010138069166
3.8181625911786 1.0021969456219
3.8181642500543 1.0043630544999
3.81816590893 1.0084458080203
3.8181675678056 1.0109585062691
3.8181692266813 1.0104148693341
3.818170885557 1.0095564068615
3.8181725444327 1.0080864668872
3.8181742033083 1.0070536477602
3.818175862184 1.0068675758373
3.8181775210597 1.0072688675601
3.8181791799354 1.0088040337573
3.8181808388111 1.0099750447847
3.8181824976867 1.0104457807539
3.8181841565624 1.0084970916207
3.8181858154381 1.0019164808398
3.8181874743138 0.9953210340375
3.8181891331894 0.98869732193996
3.8181907920651 0.98488507555016
3.8181924509408 0.98639911013821
3.8181941098165 0.98625936609203
3.8181957686922 0.98300542353399
3.8181974275678 0.98081701700782
3.8181990864435 0.98062186126117
3.8182007453192 0.97973388784563
3.8182024041949 0.97755896245122
3.8182040630705 0.97283552879905
3.8182057219462 0.96341474218081
3.8182073808219 0.95633981227215
3.8182090396976 0.95355352600747
3.8182106985733 0.95095636808549
3.8182123574489 0.94870196196002
3.8182140163246 0.95114226959176
3.8182156752003 0.96201188606457
3.818217334076 0.97228559261795
3.8182189929516 0.98149966709053
3.8182206518273 0.99099598140919
3.818222310703 1.0009889658128
3.8182239695787 1.0066409558909
3.8182256284544 1.0047359477232
3.81822728733 1.0026905196012
3.8182289462057 1.0004033999148
3.8182306050814 0.99986373787588
3.8182322639571 1.0022967687289
3.8182339228327 1.0048014013842
3.8182355817084 1.007426335161
3.8182372405841 1.0089306475543
3.8182388994598 1.008576092351
3.8182405583355 1.0043769228368
3.8182422172111 0.99388478698684
3.8182438760868 0.98643872742203
3.8182455349625 0.98390997758288
3.8182471938382 0.97978394954961
3.8182488527138 0.97311579428001
3.8182505115895 0.96919184147254
3.8182521704652 0.96957153824741
3.8182538293409 0.96707730292672
3.8182554882166 0.96014489071267
3.8182571470922 0.95411345609062
3.8182588059679 0.94945186708598
3.8182604648436 0.94523200036538
3.8182621237193 0.94167289226103
3.8182637825949 0.93358663855972
3.8182654414706 0.91883990142158
3.8182671003463 0.90230905101402
3.818268759222 0.88319831216052
3.8182704180977 0.86331655478659
3.8182720769733 0.84233934301896
3.818273735849 0.82722182419012
3.8182753947247 0.82028159564083
3.8182770536004 0.82349708171436
3.818278712476 0.84062370714328
3.8182803713517 0.86059559940824
3.8182820302274 0.8843917568992
3.8182836891031 0.9077615847567
3.8182853479788 0.9305694235228
3.8182870068544 0.95083837225211
3.8182886657301 0.96782660617536
3.8182903246058 0.97956156212956
3.8182919834815 0.98464559190436
3.8182936423571 0.98666864488648
3.8182953012328 0.98489598250996
3.8182969601085 0.98246542339308
3.8182986189842 0.97923621284045
3.8183002778599 0.97828487305822
3.8183019367355 0.9800392232988
3.8183035956112 0.98283582488342
3.8183052544869 0.98684317353686
3.8183069133626 0.98981885080497
3.8183085722382 0.99162304568909
3.8183102311139 0.99380146154936
3.8183118899896 0.99639510397824
3.8183135488653 0.99519609310514
3.818315207741 0.98988709250103
3.8183168666166 0.98779485572509
3.8183185254923 0.98910539365674
3.818320184368 0.98789485841985
3.8183218432437 0.98408243125669
3.8183235021193 0.98023537817792
3.818325160995 0.97635347255915
3.8183268198707 0.97510756782804
3.8183284787464 0.9764479414837
3.8183301376221 0.97506743564736
3.8183317964977 0.9710861769884
3.8183334553734 0.96857764555996
3.8183351142491 0.96743977963491
3.8183367731248 0.96756088107453
3.8183384320004 0.96882222626631
3.8183400908761 0.97009908838041
3.8183417497518 0.97138962090952
3.8183434086275 0.97495419747662
3.8183450675032 0.98046642789367
3.8183467263788 0.98521356700622
3.8183483852545 0.98932405647266
3.8183500441302 0.9928892102158
3.8183517030059 0.99601375226513
3.8183533618815 0.9973909383657
3.8183550207572 0.99739796493408
3.8183566796329 0.99706085079966
3.8183583385086 0.99646205832999
3.8183599973842 0.9941420563838
3.8183616562599 0.99055357663152
3.8183633151356 0.98640993577628
3.8183649740113 0.98187003455781
3.818366632887 0.97448774046364
3.8183682917626 0.96514157341871
3.8183699506383 0.96080421782294
3.818371609514 0.95981367883595
3.8183732683897 0.96096071645344
3.8183749272653 0.96348819234207
3.818376586141 0.96428767452742
3.8183782450167 0.96400950285761
3.8183799038924 0.96575556993819
3.8183815627681 0.96871969529442
3.8183832216437 0.96755255971204
3.8183848805194 0.96398856880241
3.8183865393951 0.96172898703813
3.8183881982708 0.96019826125562
3.8183898571464 0.96681005571031
3.8183915160221 0.97780008312891
3.8183931748978 0.98419960076609
3.8183948337735 0.9882263350738
3.8183964926492 0.98896078576978
3.8183981515248 0.98806116943741
3.8183998104005 0.98462889187081
3.8184014692762 0.97999076537534
3.8184031281519 0.97900963389575
3.8184047870275 0.97969636848737
3.8184064459032 0.98229078008716
3.8184081047789 0.98571765137461
3.8184097636546 0.98635581120641
3.8184114225303 0.98583128052179
3.8184130814059 0.98433220334771
3.8184147402816 0.98244543597956
3.8184163991573 0.98679747109374
3.818418058033 0.99351327546968
3.8184197169086 0.99505962940389
3.8184213757843 0.99474354063989
3.81842303466 0.99407502616937
3.8184246935357 0.99328600727106
3.8184263524114 0.99130712221768
3.818428011287 0.98894292115868
3.8184296701627 0.98825814871397
3.8184313290384 0.98808725870467
3.8184329879141 0.98122894959831
3.8184346467897 0.97244159370383
3.8184363056654 0.95940902735041
3.8184379645411 0.94522525044205
3.8184396234168 0.94166795720996
3.8184412822925 0.94081132306338
3.8184429411681 0.94519486479903
3.8184446000438 0.95082218519795
3.8184462589195 0.95903978660454
3.8184479177952 0.96782934226862
3.8184495766708 0.97520945348156
3.8184512355465 0.98230124790888
3.8184528944222 0.98573059631211
3.8184545532979 0.98846959536098
3.8184562121736 0.98926664378672
3.8184578710492 0.98972827785848
3.8184595299249 0.98895442840145
3.8184611888006 0.98798632009464
3.8184628476763 0.99131721278693
3.8184645065519 0.99525822979995
3.8184661654276 1.0020905245708
3.8184678243033 1.0092896973396
3.818469483179 1.0107871248011
3.8184711420547 1.0116457549172
3.8184728009303 1.0100013127016
3.818474459806 1.0081129407722
3.8184761186817 1.0077817514266
3.8184777775574 1.0075800190116
3.818479436433 0.9990359009817
3.8184810953087 0.98991625618515
3.8184827541844 0.98898411631686
3.8184844130601 0.98850311315412
3.8184860719358 0.98388903860001
