3.8159109040684 1.001866
3.8159125629441 0.99043388255415
3.8159142218198 0.98022440181308
3.8159158806954 0.97982206779111
3.8159175395711 0.97941326896803
3.8159191984468 0.97898179728215
3.8159208573225 0.97817302221926
3.8159225161981 0.9766084626629
3.8159241750738 0.97474464459535
3.8159258339495 0.97250649871179
3.8159274928252 0.97564866257127
3.8159291517009 0.98309326142187
3.8159308105765 0.98743758619837
3.8159324694522 0.99023532656243
3.8159341283279 0.99322291951621
3.8159357872036 0.99626441478611
3.8159374460792 0.99552241636896
3.8159391049549 0.99432259018581
3.8159407638306 0.99572043315186
3.8159424227063 0.99662012191927
3.815944081582 0.99367332919275
3.8159457404576 0.98908411315049
3.8159473993333 0.97889701360663
3.815949058209 0.96528398694832
3.8159507170847 0.94499576078157
3.8159523759603 0.91875478887783
3.815954034836 0.88528554136493
3.8159556937117 0.84404004170561
3.8159573525874 0.79678899077082
3.8159590114631 0.75855607955539
3.8159606703387 0.72462655854652
3.8159623292144 0.69917879333663
3.8159639880901 0.67598821981223
3.8159656469658 0.68893973695911
3.8159673058414 0.7060731765168
3.8159689647171 0.74123688428831
3.8159706235928 0.77752927278622
3.8159722824685 0.82142805155621
3.8159739413442 0.8631501940677
3.8159756002198 0.89807684176634
3.8159772590955 0.92697541194851
3.8159789179712 0.94497688435677
3.8159805768469 0.9588507300534
3.8159822357225 0.96806655460199
3.8159838945982 0.97741457570687
3.8159855534739 0.98685691836333
3.8159872123496 0.98823873123355
3.8159888712253 0.98612515711027
3.8159905301009 0.98125145894842
3.8159921889766 0.97573712180324
3.8159938478523 0.97181708734617
3.815995506728 0.96800088443517
3.8159971656036 0.9636122312699
3.8159988244793 0.95910398815181
3.816000483355 0.95394171781918
3.8160021422307 0.9484332201838
3.8160038011064 0.94198469480427
3.816005459982 0.93958510721677
3.8160071188577 0.94368240769986
3.8160087777334 0.94504827681575
3.8160104366091 0.94366950436743
3.8160120954847 0.93944200798001
3.8160137543604 0.93342198511854
3.8160154132361 0.93338569282917
3.8160170721118 0.93557485068839
3.8160187309875 0.94303009943334
3.8160203898631 0.95145748831413
3.8160220487388 0.94559683647422
3.8160237076145 0.939397993647
3.8160253664902 0.93644258599348
3.8160270253658 0.93250713899544
3.8160286842415 0.92441461798719
3.8160303431172 0.91825644019913
3.8160320019929 0.91647360280757
3.8160336608686 0.91376605411711
3.8160353197442 0.90979450962803
3.8160369786199 0.90922941677962
3.8160386374956 0.91158262860337
3.8160402963713 0.91699907806174
3.8160419552469 0.92403054656533
3.8160436141226 0.92360204573261
3.8160452729983 0.92095915170505
3.816046931874 0.91534294204884
3.8160485907497 0.90938144269681
3.8160502496253 0.91093090472928
3.816051908501 0.91217336956396
3.8160535673767 0.91118406486099
3.8160552262524 0.91121747163773
3.816056885128 0.91452919548575
3.8160585440037 0.91815171132312
3.8160602028794 0.922339458923
3.8160618617551 0.92584959885756
3.8160635206308 0.92860143890362
3.8160651795064 0.93431556295332
3.8160668383821 0.94209536672557
3.8160684972578 0.94907030792809
3.8160701561335 0.95571103972529
3.8160718150091 0.9543497268837
3.8160734738848 0.95128067414905
3.8160751327605 0.95384998078386
3.8160767916362 0.95697916962041
3.8160784505119 0.96344438183783
3.8160801093875 0.96593406307632
3.8160817682632 0.95000228627311
3.8160834271389 0.93298041928154
3.8160850860146 0.91336096682312
3.8160867448902 0.89756824472742
3.8160884037659 0.88719661973278
3.8160900626416 0.88643066137369
3.8160917215173 0.89411054520004
3.816093380393 0.91180092189247
3.8160950392686 0.93486767939398
3.8160966981443 0.94814174026709
3.81609835702 0.95847783235448
3.8161000158957 0.96154063114356
3.8161016747713 0.9637265210129
3.816103333647 0.97187854608442
3.8161049925227 0.97968023774219
3.8161066513984 0.98504754450754
3.816108310274 0.98974879640401
3.8161099691497 0.99239722470943
3.8161116280254 0.99424930816254
3.8161132869011 0.99471139359102
3.8161149457768 0.99631054435915
3.8161166046524 0.9991237289014
3.8161182635281 1.0012411966192
3.8161199224038 1.0029010048217
3.8161215812795 1.0058949727342
3.8161232401551 1.0094004428736
3.8161248990308 1.0055071457167
3.8161265579065 1.000232344497
3.8161282167822 1.0017027223057
3.8161298756579 1.0033202406603
3.8161315345335 1.0036617656333
3.8161331934092 1.0025244513021
3.8161348522849 0.9955769571745
3.8161365111606 0.98692194689632
3.8161381700362 0.97469154775446
3.8161398289119 0.96242003429469
3.8161414877876 0.95009697654057
3.8161431466633 0.93372536411982
3.816144805539 0.91422801957707
3.8161464644146 0.89313281236856
3.8161481232903 0.87130310868906
3.816149782166 0.86733679247296
3.8161514410417 0.86767154439506
3.8161530999173 0.89552756012141
3.816154758793 0.92509879238787
3.8161564176687 0.94569135479558
3.8161580765444 0.96509922241282
3.8161597354201 0.97869738100155
3.8161613942957 0.9900340513216
3.8161630531714 0.99585581131272
3.8161647120471 0.99814995094974
3.8161663709228 0.99541668114088
3.8161680297984 0.99674940523669
3.8161696886741 1.0016302383778
3.8161713475498 1.0030749800044
3.8161730064255 1.0027166333143
3.8161746653012 0.99872554066385
3.8161763241768 0.99369650858966
3.8161779830525 0.98563379215691
3.8161796419282 0.97741320337926
3.8161813008039 0.97715063824861
3.8161829596795 0.97700555040002
3.8161846185552 0.97755627221135
3.8161862774309 0.97915468552656
3.8161879363066 0.983630645604
3.8161895951823 0.98663193078709
3.8161912540579 0.98732229528833
3.8161929129336 0.99019406881134
3.8161945718093 0.99514267073661
3.816196230685 0.99754935562906
3.8161978895606 0.99849609806724
3.8161995484363 0.9942533219021
3.816201207312 0.98835573407694
3.8162028661877 0.98661248226154
3.8162045250634 0.9854448292986
3.816206183939 0.98777030871
3.8162078428147 0.99017627498618
3.8162095016904 0.99313029037171
3.8162111605661 0.99531002113757
3.8162128194417 0.99518690620761
3.8162144783174 0.99423599152766
3.8162161371931 0.99190735125426
3.8162177960688 0.98901775863464
3.8162194549445 0.98556525312349
3.8162211138201 0.98340968249464
3.8162227726958 0.98203860399525
3.8162244315715 0.97838930871926
3.8162260904472 0.97396923873526
3.8162277493228 0.96576246298923
3.8162294081985 0.95699705610023
3.8162310670742 0.95120303547855
3.8162327259499 0.9473818132458
3.8162343848256 0.95789764904148
3.8162360437012 0.96683086181933
3.8162377025769 0.97088476720802
3.8162393614526 0.9781820898356
3.8162410203283 0.99100943023019
3.8162426792039 0.99735056650826
3.8162443380796 0.99706256068487
3.8162459969553 0.99880598712693
3.816247655831 1.0017966602697
3.8162493147067 1.0016824309896
3.8162509735823 1.0005041062469
3.816252632458 0.99661279399859
3.8162542913337 0.9923163238872
3.8162559502094 0.99256626587779
3.816257609085 0.99230001523759
3.8162592679607 0.98813738440307
3.8162609268364 0.98496407792646
3.8162625857121 0.98481040925673
3.8162642445878 0.98470147361234
3.8162659034634 0.98466785619947
3.8162675623391 0.98398742158419
3.8162692212148 0.98265650424304
3.8162708800905 0.97995163154021
3.8162725389661 0.97642130090982
3.8162741978418 0.97557726942013
3.8162758567175 0.97562423709961
3.8162775155932 0.98160137193805
3.8162791744689 0.98839812971764
3.8162808333445 0.9926370322494
3.8162824922202 0.99690891163825
3.8162841510959 1.0014006209888
3.8162858099716 1.0053365401985
3.8162874688472 1.0076674409148
3.8162891277229 1.009059931946
3.8162907865986 1.0089478100984
3.8162924454743 1.0058527398355
3.81629410435 0.99990492648889
3.8162957632256 0.99416213442857
3.8162974221013 0.98853548639149
3.816299080977 0.980846911017
3.8163007398527 0.97252729545454
3.8163023987283 0.97726825494674
3.816304057604 0.98328781270743
3.8163057164797 0.9758317263805
3.8163073753554 0.96832711013168
3.8163090342311 0.96054396633289
3.8163106931067 0.954124436473
3.8163123519824 0.95127725890995
3.8163140108581 0.94536807868372
3.8163156697338 0.9349460258181
3.8163173286094 0.92487698019427
3.8163189874851 0.91511805678066
3.8163206463608 0.9067727742656
3.8163223052365 0.8991537451679
3.8163239641122 0.89168298010141
3.8163256229878 0.88425186892293
3.8163272818635 0.89741099649543
3.8163289407392 0.91256253625881
3.8163305996149 0.93064033894372
3.8163322584905 0.94832423119389
3.8163339173662 0.96415077991968
3.8163355762419 0.97565997329418
3.8163372351176 0.9772789600356
3.8163388939933 0.9823427202777
3.8163405528689 0.99191814937351
3.8163422117446 0.99702630937272
3.8163438706203 0.99865461447765
3.816345529496 0.99721334261222
3.8163471883716 0.99440242494479
3.8163488472473 0.99676322441692
3.816350506123 1.0002523357532
3.8163521649987 0.99598208766194
3.8163538238744 0.9913769303009
3.81635548275 0.98756327907994
3.8163571416257 0.98573143104968
3.8163588005014 0.99134898634449
3.8163604593771 0.99483337081727
3.8163621182527 0.99417877543003
3.8163637771284 0.99022315743662
3.8163654360041 0.98254876323319
3.8163670948798 0.97716519033506
3.8163687537555 0.97330552242672
3.8163704126311 0.96586345047163
3.8163720715068 0.95710262095218
3.8163737303825 0.95326499526389
3.8163753892582 0.95021904020032
3.8163770481338 0.9508664219296
3.8163787070095 0.95136608936655
3.8163803658852 0.95060206814129
3.8163820247609 0.94981534928641
3.8163836836366 0.94896191741379
3.8163853425122 0.95008545681496
3.8163870013879 0.95436790329097
3.8163886602636 0.95594972753801
3.8163903191393 0.95499984819833
3.8163919780149 0.95629434230093
3.8163936368906 0.95881076542957
3.8163952957663 0.96442302078529
3.816396954642 0.97091376760132
3.8163986135176 0.96801097501256
3.8164002723933 0.96418063915184
3.816401931269 0.96022854940388
3.8164035901447 0.95669928263418
3.8164052490204 0.9551741158283
3.816406907896 0.9467962696003
3.8164085667717 0.92289350444297
3.8164102256474 0.89755661022802
3.8164118845231 0.87038234314838
3.8164135433987 0.85230815417716
3.8164152022744 0.84107979668927
3.8164168611501 0.84423152231256
3.8164185200258 0.85345581798635
3.8164201789015 0.87644895866603
3.8164218377771 0.90215042411455
3.8164234966528 0.91890088595644
3.8164251555285 0.93536539856573
3.8164268144042 0.95188905507562
3.8164284732798 0.96573627479785
3.8164301321555 0.97082860044415
3.8164317910312 0.97752879102251
3.8164334499069 0.98699977733947
3.8164351087826 0.99180472738088
3.8164367676582 0.99195204928681
3.8164384265339 0.98948813960571
3.8164400854096 0.98551543687742
3.8164417442853 0.98484713015768
3.8164434031609 0.9851809360086
3.8164450620366 0.98820418958397
3.8164467209123 0.99144203507353
3.816448379788 0.99242323208442
3.8164500386637 0.99366638146217
3.8164516975393 0.99620127662316
3.816453356415 0.99649118789488
3.8164550152907 0.99160818928681
3.8164566741664 0.9887107426705
3.816458333042 0.98837360173256
3.8164599919177 0.98525346002838
3.8164616507934 0.98004321552278
3.8164633096691 0.97720338706315
3.8164649685448 0.97535286774938
3.8164666274204 0.97333649221804
3.8164682862961 0.9712885523755
3.8164699451718 0.97270042510845
3.8164716040475 0.97476029160851
3.8164732629231 0.98135538489769
3.8164749217988 0.9859848955609
3.8164765806745 0.98454566840414
3.8164782395502 0.98067257585963
3.8164798984259 0.97282436678627
3.8164815573015 0.96083375528323
3.8164832161772 0.94494207542973
3.8164848750529 0.92594902515269
3.8164865339286 0.90528878181151
3.8164881928042 0.87400750863375
3.8164898516799 0.83983326493256
3.8164915105556 0.81907676659727
3.8164931694313 0.80124211428673
3.816494828307 0.81266591249355
3.8164964871826 0.82602929406072
3.8164981460583 0.84748946565197
3.816499804934 0.87237796591277
3.8165014638097 0.90424791364104
3.8165031226853 0.93090872035875
3.816504781561 0.9515885492538
3.8165064404367 0.96412290044948
3.8165080993124 0.97126890584368
3.8165097581881 0.97449088712533
3.8165114170637 0.97632196279253
3.8165130759394 0.97887059719799
3.8165147348151 0.98153454252856
3.8165163936908 0.98528041089505
3.8165180525664 0.98701140634859
3.8165197114421 0.97718954133201
3.8165213703178 0.97063746927885
3.8165230291935 0.97226772917053
3.8165246880692 0.9701660037291
3.8165263469448 0.9629657809055
3.8165280058205 0.95708974082389
3.8165296646962 0.95225453056781
3.8165313235719 0.94894516737762
3.8165329824475 0.94629812209102
3.8165346413232 0.94677461973703
3.8165363001989 0.9478689531616
3.8165379590746 0.94496965257368
3.8165396179503 0.94297635267689
3.8165412768259 0.94919582609213
3.8165429357016 0.95408743875559
3.8165445945773 0.95495911881504
3.816546253453 0.95321198822175
3.8165479123286 0.94730583973618
3.8165495712043 0.94217353877371
3.81655123008 0.93774253648767
3.8165528889557 0.93638325915429
3.8165545478314 0.936585781553
3.816556206707 0.9356094826997
3.8165578655827 0.93434107536997
3.8165595244584 0.94253129014645
3.8165611833341 0.9501975556656
3.8165628422097 0.94468475602811
3.8165645010854 0.93825925757191
3.8165661599611 0.92855367220771
3.8165678188368 0.91331186941569
3.8165694777125 0.88808531965655
3.8165711365881 0.86857155208387
3.8165727954638 0.85486559814941
3.8165744543395 0.84085637388043
3.8165761132152 0.82667294270813
3.8165777720908 0.83217894669423
3.8165794309665 0.84341435151319
3.8165810898422 0.8626954028191
3.8165827487179 0.88273856299801
3.8165844075936 0.90289497920746
3.8165860664692 0.92015235871901
3.8165877253449 0.925342516635
3.8165893842206 0.92890594342463
3.8165910430963 0.92922047882377
3.8165927019719 0.92930652006317
3.8165943608476 0.92913875585136
3.8165960197233 0.92752282085315
3.816597678599 0.92499649827299
3.8165993374747 0.92474640060973
3.8166009963503 0.92523739624902
3.816602655226 0.91729467209632
3.8166043141017 0.90816920097511
3.8166059729774 0.89382717242858
3.816607631853 0.87878026596165
3.8166092907287 0.86044062790923
3.8166109496044 0.83963685097621
3.8166126084801 0.81352970924657
3.8166142673558 0.79784067407149
3.8166159262314 0.79446649395615
3.8166175851071 0.80188264316255
3.8166192439828 0.81650854401381
3.8166209028585 0.84245040021048
3.8166225617341 0.87235221440852
3.8166242206098 0.89422903497841
3.8166258794855 0.91477224450856
3.8166275383612 0.92455919949559
3.8166291972369 0.93396098496356
3.8166308561125 0.94142122556269
3.8166325149882 0.9482353014487
3.8166341738639 0.95359368229214
3.8166358327396 0.95530308862319
3.8166374916152 0.95254183388212
3.8166391504909 0.95180057209969
3.8166408093666 0.95245406200536
3.8166424682423 0.95182646823325
3.816644127118 0.95073421334571
3.8166457859936 0.95477235372375
3.8166474448693 0.95934771701798
3.816649103745 0.95410736825762
3.8166507626207 0.94900812513445
3.8166524214963 0.94464184232308
3.816654080372 0.93699369145652
3.8166557392477 0.92184065214008
3.8166573981234 0.90813353469087
3.8166590569991 0.8962137980669
3.8166607158747 0.88353631509261
3.8166623747504 0.87033286388664
3.8166640336261 0.87134454335663
3.8166656925018 0.87752124517917
3.8166673513774 0.88714848539998
3.8166690102531 0.89733282884808
3.8166706691288 0.91100992366637
3.8166723280045 0.92440776770129
3.8166739868801 0.93638133533269
3.8166756457558 0.9469016712689
3.8166773046315 0.95415188756451
3.8166789635072 0.96035821030105
3.8166806223829 0.96529681572048
3.8166822812585 0.96657608264839
3.8166839401342 0.96537070934253
3.8166855990099 0.96376063820524
3.8166872578856 0.9620081844038
3.8166889167612 0.96729774974726
3.8166905756369 0.97305711649457
3.8166922345126 0.9633304665242
3.8166938933883 0.95547727762268
3.816695552264 0.95657683919291
3.8166972111396 0.95805872298403
3.8166988700153 0.96036144970408
3.816700528891 0.96220420226458
3.8167021877667 0.96351254461437
3.8167038466423 0.95945384413661
3.816705505518 0.95192831482791
3.8167071643937 0.94284246836352
3.8167088232694 0.93324388682034
3.8167104821451 0.92029098443676
3.8167121410207 0.90702568519597
3.8167137998964 0.89528443518282
3.8167154587721 0.88425859949837
3.8167171176478 0.87630650606312
3.8167187765234 0.87782307499887
3.8167204353991 0.8981820228439
3.8167220942748 0.91453282092506
3.8167237531505 0.9265454502023
3.8167254120262 0.93233567732976
3.8167270709018 0.93441123927842
3.8167287297775 0.93503521064357
3.8167303886532 0.93523102223438
3.8167320475289 0.93991072898505
3.8167337064045 0.94467177278877
3.8167353652802 0.94485358537479
3.8167370241559 0.94366901317148
3.8167386830316 0.93738105635298
3.8167403419073 0.9289333291208
3.8167420007829 0.91660930834875
3.8167436596586 0.91116784543272
3.8167453185343 0.91248562412129
3.81674697741 0.91017801676777
3.8167486362856 0.90593027725297
3.8167502951613 0.9041807201776
3.816751954037 0.90306190483884
3.8167536129127 0.9008033688711
3.8167552717884 0.89915906942394
3.816756930664 0.90415748535887
3.8167585895397 0.90976555988819
3.8167602484154 0.91730150929798
3.8167619072911 0.92537383980719
3.8167635661667 0.93429291939394
3.8167652250424 0.94291311554407
3.8167668839181 0.95127403647769
3.8167685427938 0.95114869626203
3.8167702016695 0.94708996247344
3.8167718605451 0.94294660264052
3.8167735194208 0.93878606154094
3.8167751782965 0.92945501323157
3.8167768371722 0.92042728892272
3.8167784960478 0.91422095542111
3.8167801549235 0.91160122457824
3.8167818137992 0.91839415361763
3.8167834726749 0.92602076595778
3.8167851315506 0.93477796455759
3.8167867904262 0.94207675218244
3.8167884493019 0.94828887718713
3.8167901081776 0.95333734946178
3.8167917670533 0.95793735299289
3.8167934259289 0.95505142211106
3.8167950848046 0.95103225031565
3.8167967436803 0.94592748552704
3.816798402556 0.94097745674979
3.8168000614317 0.9367887419899
3.8168017203073 0.93369878441266
3.816803379183 0.93296278866706
3.8168050380587 0.9317708253749
3.8168066969344 0.93005986369943
3.81680835581 0.93153602911685
3.8168100146857 0.93498846367404
3.8168116735614 0.93707351735374
3.8168133324371 0.93874310658154
3.8168149913128 0.94699658513776
3.8168166501884 0.95538489323983
3.8168183090641 0.9573136565325
3.8168199679398 0.95866837136304
3.8168216268155 0.95795097991982
3.8168232856911 0.95777453104782
3.8168249445668 0.95853037648828
3.8168266034425 0.95752842355926
3.8168282623182 0.95488818154858
3.8168299211939 0.95238730649602
3.8168315800695 0.94995565285611
3.8168332389452 0.94492557355945
3.8168348978209 0.9393204047418
3.8168365566966 0.93449354353697
3.8168382155722 0.92774945619654
3.8168398744479 0.90683995730075
3.8168415333236 0.88629467514814
3.8168431921993 0.86672605728333
3.816844851075 0.84876743875904
3.8168465099506 0.83300678985112
3.8168481688263 0.82854748685874
3.816849827702 0.83247070572285
3.8168514865777 0.84786164151603
3.8168531454533 0.86758800584818
3.816854804329 0.88067623799138
3.8168564632047 0.89269864872097
3.8168581220804 0.90013105170509
3.8168597809561 0.90656561902707
3.8168614398317 0.90848179538603
3.8168630987074 0.91095096446428
3.8168647575831 0.9145280789192
3.8168664164588 0.92220746303584
3.8168680753344 0.93424143787519
3.8168697342101 0.93357508147709
3.8168713930858 0.92568373127192
3.8168730519615 0.92241283244724
3.8168747108372 0.92037160726013
3.8168763697128 0.91782928158747
3.8168780285885 0.91529928998278
3.8168796874642 0.91317818948972
3.8168813463399 0.91085126264913
3.8168830052155 0.90790002480502
3.8168846640912 0.90120235105714
3.8168863229669 0.88890653784542
3.8168879818426 0.88136018029352
3.8168896407183 0.87763689483652
3.8168912995939 0.87342891182726
3.8168929584696 0.86902032456454
3.8168946173453 0.87079570438925
3.816896276221 0.87360546931786
3.8168979350966 0.87872257065648
3.8168995939723 0.88305535006143
3.816901252848 0.88349842588202
3.8169029117237 0.88208401552159
3.8169045705994 0.8767516711277
3.816906229475 0.86880306250574
3.8169078883507 0.85796889653432
3.8169095472264 0.84459593857346
3.8169112061021 0.82972943023027
3.8169128649777 0.82180294312139
3.8169145238534 0.81579098266072
3.8169161827291 0.81133358528376
3.8169178416048 0.8083736409188
3.8169195004805 0.8190819538882
3.8169211593561 0.83014053094706
3.8169228182318 0.84226567784131
3.8169244771075 0.85190942841735
3.8169261359832 0.85786133427535
3.8169277948588 0.8603281754818
3.8169294537345 0.86002139884231
3.8169311126102 0.8581731187505
3.8169327714859 0.85570084151992
3.8169344303616 0.85018469157334
3.8169360892372 0.84440402826524
3.8169377481129 0.84749902096528
3.8169394069886 0.85108649011268
3.8169410658643 0.8569527067033
3.8169427247399 0.86246187473956
3.8169443836156 0.86725668143915
3.8169460424913 0.87281526780939
3.816947701367 0.87917211093874
3.8169493602427 0.87948514545696
3.8169510191183 0.87646897717741
3.816952677994 0.87707180015121
3.8169543368697 0.87857514447363
3.8169559957454 0.87708567676176
3.816957654621 0.87545936048356
3.8169593134967 0.87381802759301
3.8169609723724 0.87265700649533
3.8169626312481 0.87279804326607
3.8169642901237 0.87162924528052
3.8169659489994 0.86869546928387
3.8169676078751 0.86832288848649
3.8169692667508 0.86978503098836
3.8169709256265 0.86657287301634
3.8169725845021 0.86171364947366
3.8169742433778 0.85380995193418
3.8169759022535 0.84586380867416
3.8169775611292 0.84340666162514
3.8169792200048 0.84184027572577
3.8169808788805 0.84361267994379
3.8169825377562 0.84370725900668
3.8169841966319 0.84091923290568
3.8169858555076 0.83929800134031
3.8169875143832 0.83873080315564
3.8169891732589 0.83525957345106
3.8169908321346 0.83044048434653
3.8169924910103 0.82196672909169
3.8169941498859 0.81280068047912
3.8169958087616 0.80419725569031
3.8169974676373 0.79578618531391
3.816999126513 0.78840668402363
3.8170007853887 0.77986313042161
3.8170024442643 0.76878547962134
3.81700410314 0.75942356279406
3.8170057620157 0.75197295034234
3.8170074208914 0.74148712106481
3.817009079767 0.72922973955079
3.8170107386427 0.72110492691798
3.8170123975184 0.71407847748532
3.8170140563941 0.69266087071826
3.8170157152698 0.67121597900053
3.8170173741454 0.65600302853011
3.8170190330211 0.63936689985756
3.8170206918968 0.61881325960121
3.8170223507725 0.601159425059
3.8170240096481 0.58741943174585
3.8170256685238 0.57015994996859
3.8170273273995 0.55040198920444
3.8170289862752 0.53645551380381
3.8170306451509 0.52450653847788
3.8170323040265 0.51088377085942
3.8170339629022 0.49726485660459
3.8170356217779 0.4863395757356
3.8170372806536 0.47584660097856
3.8170389395292 0.4668588250316
3.8170405984049 0.45884585149251
3.8170422572806 0.45240278380595
3.8170439161563 0.44497144639217
3.817045575032 0.43670872389559
3.8170472339076 0.43024679795437
3.8170488927833 0.42454464778476
3.817050551659 0.41893416091395
3.8170522105347 0.41328524183759
3.8170538694103 0.40549370445433
3.817055528286 0.39841217863486
3.8170571871617 0.39446548072572
3.8170588460374 0.39071231701745
3.8170605049131 0.38732592676527
3.8170621637887 0.38268761013246
3.8170638226644 0.376828428057
3.8170654815401 0.37282614123144
3.8170671404158 0.36974971411009
3.8170687992914 0.36557828755963
3.8170704581671 0.36118014005365
3.8170721170428 0.36008152529577
3.8170737759185 0.35920537659552
3.8170754347942 0.35938651003919
3.8170770936698 0.35848898437001
3.8170787525455 0.35522080238027
3.8170804114212 0.35329937744817
3.8170820702969 0.35287014350279
3.8170837291725 0.35227508534956
3.8170853880482 0.35158521475098
3.8170870469239 0.35336036386814
3.8170887057996 0.35575871004639
3.8170903646753 0.3582335604187
3.8170920235509 0.36086113047738
3.8170936824266 0.36455992017669
3.8170953413023 0.36791010788101
3.817097000178 0.37038521590321
3.8170986590536 0.37636776975978
3.8171003179293 0.38668277640856
3.817101976805 0.39602086352937
3.8171036356807 0.40473452283555
3.8171052945564 0.41538800343516
3.817106953432 0.42661168422724
3.8171086123077 0.44465774740267
3.8171102711834 0.46285400195024
3.8171119300591 0.47814641769361
3.8171135889347 0.49236199052941
3.8171152478104 0.503544545034
3.8171169066861 0.51469211344523
3.8171185655618 0.52579240854953
3.8171202244375 0.535936763581
3.8171218833131 0.54541348187207
3.8171235421888 0.55177299897333
3.8171252010645 0.55710665860454
3.8171268599402 0.56475178591806
3.8171285188158 0.57161830692463
3.8171301776915 0.56709705911494
3.8171318365672 0.56211822881769
3.8171334954429 0.55572165013354
3.8171351543186 0.55153777049851
3.8171368131942 0.55056213815499
3.8171384720699 0.55009385446648
3.8171401309456 0.5500045084397
3.8171417898213 0.55099069444503
3.8171434486969 0.55236091760978
3.8171451075726 0.56054653452628
3.8171467664483 0.56934014825336
3.817148425324 0.57619349230543
3.8171500841997 0.5840372230555
3.8171517430753 0.5951787304125
3.817153401951 0.60427002957348
3.8171550608267 0.61023330558295
3.8171567197024 0.61879868850179
3.817158378578 0.62940004649433
3.8171600374537 0.63719765640778
3.8171616963294 0.64393851620749
3.8171633552051 0.64920381669148
3.8171650140808 0.65397867852076
3.8171666729564 0.65362324263832
3.8171683318321 0.65299229753592
3.8171699907078 0.6514003185139
3.8171716495835 0.65268098726958
3.8171733084591 0.65848109961221
3.8171749673348 0.6587041668167
3.8171766262105 0.65444664340792
3.8171782850862 0.64775107780534
3.8171799439619 0.64011010337868
3.8171816028375 0.6408181873527
3.8171832617132 0.6432655680776
3.8171849205889 0.6577163615073
3.8171865794646 0.67241585839495
3.8171882383402 0.68799926664093
3.8171898972159 0.70090783035288
3.8171915560916 0.70956559547115
3.8171932149673 0.71931445424654
3.817194873843 0.72994542201561
3.8171965327186 0.73559481264627
3.8171981915943 0.73930519906917
3.81719985047 0.74556570932746
3.8172015093457 0.75207431999123
3.8172031682213 0.75722956170588
3.817204827097 0.76304033980142
3.8172064859727 0.77115792229747
3.8172081448484 0.77694923903883
3.8172098037241 0.77908246866361
3.8172114625997 0.78348339479959
3.8172131214754 0.78969307538505
3.8172147803511 0.79320179697138
3.8172164392268 0.79568082741279
3.8172180981024 0.79985463214339
3.8172197569781 0.80416406732418
3.8172214158538 0.80737439017223
3.8172230747295 0.80838072606837
3.8172247336052 0.80192126107278
3.8172263924808 0.79704827166092
3.8172280513565 0.79459309229811
3.8172297102322 0.79394045092808
3.8172313691079 0.79467811146202
3.8172330279835 0.78711870392958
3.8172346868592 0.77653843434562
3.8172363457349 0.77503265893623
3.8172380046106 0.77450976790558
3.8172396634862 0.77391121025904
3.8172413223619 0.77578085470919
3.8172429812376 0.78548845794922
3.8172446401133 0.79720920167665
3.817246298989 0.81184430557426
3.8172479578646 0.8265827755763
3.8172496167403 0.84139679140986
3.817251275616 0.85534570047791
3.8172529344917 0.86900178999055
3.8172545933673 0.87592530617047
3.817256252243 0.88150979983235
3.8172579111187 0.87939640880412
3.8172595699944 0.87668838663668
3.8172612288701 0.8722520207329
3.8172628877457 0.8704504132878
3.8172645466214 0.87220071606211
3.8172662054971 0.87336327500848
3.8172678643728 0.8741272776157
3.8172695232484 0.87681727670183
3.8172711821241 0.8800954020724
3.8172728409998 0.88637594217794
3.8172744998755 0.89318457689825
3.8172761587512 0.90270354705463
3.8172778176268 0.90887414667379
3.8172794765025 0.90632236073609
3.8172811353782 0.90730174959863
3.8172827942539 0.91263049855393
3.8172844531295 0.92046879945772
3.8172861120052 0.92985205684099
3.8172877708809 0.9288862809256
3.8172894297566 0.92516868476011
3.8172910886323 0.92387884077252
3.8172927475079 0.92307804436386
3.8172944063836 0.92483894935475
3.8172960652593 0.92607313967717
3.817297724135 0.92609993799765
3.8172993830106 0.92758817275877
3.8173010418863 0.93068996039115
3.817302700762 0.9330628581901
3.8173043596377 0.93503801634824
3.8173060185134 0.93585150303164
3.817307677389 0.93640783787705
3.8173093362647 0.9443232979199
3.8173109951404 0.94886526064062
3.8173126540161 0.93570168614272
3.8173143128917 0.92655720353555
3.8173159717674 0.92539067097077
3.8173176306431 0.92852650804817
3.8173192895188 0.93583975241801
3.8173209483945 0.93831084589857
3.8173226072701 0.93850183451485
3.8173242661458 0.94013487645673
3.8173259250215 0.94146371249555
3.8173275838972 0.93998808703078
3.8173292427728 0.93907761604145
3.8173309016485 0.94182373273916
3.8173325605242 0.94420097801313
3.8173342193999 0.94336581137067
3.8173358782756 0.94284958610076
3.8173375371512 0.94642777370799
3.8173391960269 0.94997117848392
3.8173408549026 0.95271385053656
3.8173425137783 0.95546040529083
3.8173441726539 0.95855196574083
3.8173458315296 0.96164352619083
3.8173474904053 0.95735682086306
3.817349149281 0.95292539223979
3.8173508081567 0.95355998094519
3.8173524670323 0.95445844317574
3.817354125908 0.9589730993802
3.8173557847837 0.96380068540073
3.8173574436594 0.96231669579048
3.817359102535 0.96005546137683
3.8173607614107 0.95915242521217
3.8173624202864 0.95846958897912
3.8173640791621 0.95651707689052
3.8173657380378 0.95430584070067
3.8173673969134 0.95538446679876
3.8173690557891 0.95727997164736
3.8173707146648 0.95827492536194
3.8173723735405 0.95900323262092
3.8173740324161 0.96252729008141
3.8173756912918 0.96702250750141
3.8173773501675 0.97040488825895
3.8173790090432 0.97333914713388
3.8173806679189 0.9751155670153
3.8173823267945 0.97635654978981
3.8173839856702 0.97883006094235
3.8173856445459 0.98195348702241
3.8173873034216 0.98514271694269
3.8173889622972 0.98837127988559
3.8173906211729 0.98561068291697
3.8173922800486 0.97880918559581
3.8173939389243 0.97756296021628
3.8173955978 0.98053412736539
3.8173972566756 0.98280181103165
3.8173989155513 0.98447012075947
3.817400574427 0.98254521458898
3.8174022333027 0.97718940562568
3.8174038921783 0.976340220323
3.817405551054 0.98030931642568
3.8174072099297 0.98116857762205
3.8174088688054 0.97830466442435
3.8174105276811 0.97692833358404
3.8174121865567 0.97754720069956
3.8174138454324 0.97539563967081
3.8174155043081 0.96907500771051
3.8174171631838 0.96543941885101
3.8174188220594 0.96634786932978
3.8174204809351 0.96910643321305
3.8174221398108 0.97539634321537
3.8174237986865 0.97979699187628
3.8174254575622 0.98011316072655
3.8174271164378 0.98160128571019
3.8174287753135 0.98597458518739
3.8174304341892 0.98874490985012
3.8174320930649 0.98698971653857
3.8174337519405 0.98564079557999
3.8174354108162 0.98561859563146
3.8174370696919 0.98564643229378
3.8174387285676 0.98586548640446
3.8174403874433 0.98572509861184
3.8174420463189 0.983952847698
3.8174437051946 0.98211732708708
3.8174453640703 0.97993344454797
3.817447022946 0.97802468054884
3.8174486818216 0.9780064227433
3.8174503406973 0.97808974477008
3.817451999573 0.97908214741195
3.8174536584487 0.9797855331842
3.8174553173244 0.97687826356171
3.8174569762 0.97409610082578
3.8174586350757 0.97380540381051
3.8174602939514 0.97340602647919
3.8174619528271 0.96809514584251
3.8174636117027 0.96278426520584
3.8174652705784 0.95498483600941
3.8174669294541 0.94717445734149
3.8174685883298 0.93977060671358
3.8174702472055 0.93237944786518
3.8174719060811 0.92628652031618
3.8174735649568 0.92027071351819
3.8174752238325 0.90257093066194
3.8174768827082 0.88383112753757
3.8174785415838 0.85190821136263
3.8174802004595 0.81840129922577
3.8174818593352 0.78657969001358
3.8174835182109 0.75501593362481
3.8174851770866 0.74625545949084
3.8174868359622 0.74177384351995
3.8174884948379 0.75783942034997
3.8174901537136 0.77851222974901
3.8174918125893 0.80786986866193
3.8174934714649 0.83951093487675
3.8174951303406 0.87168348696985
3.8174967892163 0.90401759992319
3.817498448092 0.92516920714389
3.8175001069677 0.94243431696637
3.8175017658433 0.94752632475577
3.817503424719 0.94782367244118
3.8175050835947 0.95605692131434
3.8175067424704 0.96780811037378
3.817508401346 0.97376686103195
3.8175100602217 0.97685281213999
3.8175117190974 0.97882356574632
3.8175133779731 0.98017820153325
3.8175150368488 0.97538745880087
3.8175166957244 0.9668297586312
3.8175183546001 0.95804391329542
3.8175200134758 0.9491033856145
3.8175216723515 0.94013227313162
3.8175233312271 0.93113827719249
3.8175249901028 0.92362235901262
3.8175266489785 0.91732448630573
3.8175283078542 0.91304458708315
3.8175299667298 0.91059396037983
3.8175316256055 0.90911425466572
3.8175332844812 0.90860174816449
3.8175349433569 0.90916176376768
3.8175366022326 0.91089504206198
3.8175382611082 0.91537807385361
3.8175399199839 0.92316490838277
3.8175415788596 0.92823744362043
3.8175432377353 0.92972775798107
3.8175448966109 0.93040931263311
3.8175465554866 0.92991745131273
3.8175482143623 0.9297716782449
3.817549873238 0.93017854147969
3.8175515321137 0.93014066906682
3.8175531909893 0.92931998279704
3.817554849865 0.92903103265273
3.8175565087407 0.92977612714995
3.8175581676164 0.93200795000028
3.817559826492 0.93744250936258
3.8175614853677 0.94135918363628
3.8175631442434 0.94164153654362
3.8175648031191 0.94186046638794
3.8175664619948 0.94190991756414
3.8175681208704 0.94109844769614
3.8175697797461 0.93770587025205
3.8175714386218 0.93284986672665
3.8175730974975 0.92304040914287
3.8175747563731 0.91423570896253
3.8175764152488 0.90930057828978
3.8175780741245 0.90541128968917
3.8175797330002 0.90615078247483
3.8175813918759 0.90603793565982
3.8175830507515 0.90153695768679
3.8175847096272 0.897761033497
3.8175863685029 0.89839918442791
3.8175880273786 0.89930714276559
3.8175896862542 0.90220083883909
3.8175913451299 0.90567561265157
3.8175930040056 0.91447882034308
3.8175946628813 0.92311865004333
3.817596321757 0.92980375610126
3.8175979806326 0.93638713965282
3.8175996395083 0.94125817692066
3.817601298384 0.94604194134857
3.8176029572597 0.94843006958034
3.8176046161353 0.9506761201601
3.817606275011 0.94314257121361
3.8176079338867 0.93560902226712
3.8176095927624 0.93296648643834
3.8176112516381 0.93035532816634
3.8176129105137 0.93230200305985
3.8176145693894 0.934374835168
3.8176162282651 0.94425391093727
3.8176178871408 0.95452105137281
3.8176195460164 0.9637629242306
3.8176212048921 0.97293036185872
3.8176228637678 0.98145808746896
3.8176245226435 0.98992417845118
3.8176261815192 0.98875663380831
3.8176278403948 0.9864234231487
3.8176294992705 0.98934260024576
3.8176311581462 0.99303209566065
3.8176328170219 0.99060401434786
3.8176344758975 0.98711586066791
3.8176361347732 0.99074620632009
3.8176377936489 0.99580760998099
3.8176394525246 0.99206975705202
3.8176411114003 0.98630821007582
3.8176427702759 0.98680182511393
3.8176444291516 0.98892233288881
3.8176460880273 0.99084125364923
3.817647746903 0.99270140313179
3.8176494057786 0.99498274138992
3.8176510646543 0.99740070129192
3.81765272353 0.99514044331731
3.8176543824057 0.99120228146025
3.8176560412814 0.98903132708734
3.817657700157 0.9875576991799
3.8176593590327 0.98532029598025
3.8176610179084 0.98275279193204
3.8176626767841 0.98151323400653
3.8176643356597 0.98089992458691
3.8176659945354 0.9813993283965
3.8176676534111 0.98246945024944
3.8176693122868 0.98334670303504
3.8176709711625 0.98411664778219
3.8176726300381 0.98676396825627
3.8176742889138 0.99054160765355
3.8176759477895 0.99122342482543
3.8176776066652 0.98989244127991
3.8176792655408 0.98846498234141
3.8176809244165 0.98696990905118
3.8176825832922 0.98391806958218
3.8176842421679 0.97969173930372
3.8176859010436 0.97596631884587
3.8176875599192 0.97264717854396
3.8176892187949 0.97435531980738
3.8176908776706 0.98044238726486
3.8176925365463 0.97740109742079
3.8176941954219 0.96582863007677
3.8176958542976 0.95459520644165
3.8176975131733 0.94370157693823
3.817699172049 0.92787546016763
3.8177008309247 0.90675103267581
3.8177024898003 0.89360449996301
3.817704148676 0.88963939280745
3.8177058075517 0.89350977004453
3.8177074664274 0.9070410216167
3.817709125303 0.9122398480238
3.8177107841787 0.90643270198364
3.8177124430544 0.89325739102913
3.8177141019301 0.86965485915345
3.8177157608058 0.84395549971614
3.8177174196814 0.8150760549097
3.8177190785571 0.79130535873287
3.8177207374328 0.77584162669683
3.8177223963085 0.76756834016587
3.8177240551841 0.77183997263153
3.8177257140598 0.78471277355334
3.8177273729355 0.81369912715741
3.8177290318112 0.84385073423692
3.8177306906869 0.87634870782707
3.8177323495625 0.90762763789396
3.8177340084382 0.93626461603817
3.8177356673139 0.95945775233451
3.8177373261896 0.96993485282978
3.8177389850652 0.98077517192509
3.8177406439409 0.99253144468245
3.8177423028166 1.0011934918456
3.8177439616923 1.0014152626217
3.817745620568 1.0029450990923
3.8177472794436 1.0083439741605
3.8177489383193 1.0120579854651
3.817750597195 1.0103550340553
3.8177522560707 1.0086420437882
3.8177539149463 1.0068938558049
3.817755573822 1.0041595027881
3.8177572326977 0.99764007669104
3.8177588915734 0.99276545103051
3.8177605504491 0.9948290160796
3.8177622093247 0.99593856311951
3.8177638682004 0.99260229239815
3.8177655270761 0.98949044881889
3.8177671859518 0.98754080728446
3.8177688448274 0.98576370912534
3.8177705037031 0.98498686244031
3.8177721625788 0.98465355504261
3.8177738214545 0.98722248251943
3.8177754803302 0.98961881218609
3.8177771392058 0.99072637958099
3.8177787980815 0.99178000687589
3.8177804569572 0.99236783640406
3.8177821158329 0.99289170120037
3.8177837747085 0.99276558992171
3.8177854335842 0.99226062256282
3.8177870924599 0.98711652645946
3.8177887513356 0.98249563971099
3.8177904102113 0.98585343017696
3.8177920690869 0.9890877048818
3.8177937279626 0.98985693973139
3.8177953868383 0.99057730527877
3.817797045714 0.98991033870964
3.8177987045896 0.98909410419646
3.8178003634653 0.98112175496415
3.817802022341 0.97314174394585
3.8178036812167 0.96407067652502
3.8178053400923 0.95499960910419
3.817806998968 0.93550621423966
3.8178086578437 0.91594620554872
3.8178103167194 0.88474403118796
3.8178119755951 0.85330983336313
3.8178136344707 0.82262184273586
3.8178152933464 0.7919590255848
3.8178169522221 0.78728026723448
3.8178186110978 0.78384280865279
3.8178202699734 0.80568815618498
3.8178219288491 0.82910210283847
3.8178235877248 0.86574481680691
3.8178252466005 0.90340019742827
3.8178269054762 0.92806140922888
3.8178285643518 0.95153564109809
3.8178302232275 0.97206978637197
3.8178318821032 0.99229127586872
3.8178335409789 0.99807775172275
3.8178351998545 1.0021076905284
3.8178368587302 1.0048722314173
3.8178385176059 1.0074631156017
3.8178401764816 1.0059952627008
3.8178418353573 1.0039062542621
3.8178434942329 1.0003682402831
3.8178451531086 0.9965851069104
3.8178468119843 0.9917204869453
3.81784847086 0.98665519309283
3.8178501297356 0.98473454091365
3.8178517886113 0.98344996227419
3.817853447487 0.97959967298753
3.8178551063627 0.97518695663015
3.8178567652384 0.959668124862
3.817858424114 0.94152286810241
3.8178600829897 0.90771244506415
3.8178617418654 0.86992237323718
3.8178634007411 0.83919451710676
3.8178650596167 0.81038682094653
3.8178667184924 0.78190410768168
3.8178683773681 0.75351567085083
3.8178700362438 0.74684874227794
3.8178716951195 0.74688504579045
3.8178733539951 0.76591690375034
3.8178750128708 0.7911679394085
3.8178766717465 0.81175466698771
3.8178783306222 0.83072517333233
3.8178799894978 0.83585679426362
3.8178816483735 0.83592344700253
3.8178833072492 0.82940192064236
3.8178849661249 0.82033920660564
3.8178866250006 0.82355764999686
3.8178882838762 0.8317601945516
3.8178899427519 0.85453613688512
3.8178916016276 0.88352539117992
3.8178932605033 0.91193318511548
3.8178949193789 0.94008100774629
3.8178965782546 0.95593713557852
3.8178982371303 0.96603751643363
3.817899896006 0.97150032412713
3.8179015548817 0.97469186061767
3.8179032137573 0.97742887002205
3.817904872633 0.9799333544295
3.8179065315087 0.9824337628777
3.8179081903844 0.9849319954885
3.81790984926 0.98469201350469
3.8179115081357 0.98292873524446
3.8179131670114 0.98110802260275
3.8179148258871 0.97925404224253
3.8179164847628 0.97793020494601
3.8179181436384 0.97692577290057
3.8179198025141 0.97286340589086
3.8179214613898 0.96688618602784
3.8179231202655 0.9622335476022
3.8179247791411 0.95844220308932
3.8179264380168 0.95962841740172
3.8179280968925 0.96417208241758
3.8179297557682 0.96323764631587
3.8179314146439 0.95847203398939
3.8179330735195 0.95851131042374
3.8179347323952 0.96203141838918
3.8179363912709 0.96319542829166
3.8179380501466 0.96259243862046
3.8179397090222 0.96013677178611
3.8179413678979 0.95624371662694
3.8179430267736 0.95134350664718
3.8179446856493 0.94563550016816
3.817946344525 0.93852911076522
3.8179480034006 0.93026401229438
3.8179496622763 0.93049546970426
3.817951321152 0.93799676376266
3.8179529800277 0.94282135977829
3.8179546389033 0.94528289286277
3.817956297779 0.94736383316196
3.8179579566547 0.94909824511489
3.8179596155304 0.95124412794389
3.8179612744061 0.953776231025
3.8179629332817 0.95653760859796
3.8179645921574 0.95952067980343
3.8179662510331 0.96098278767565
3.8179679099088 0.96093047579927
3.8179695687844 0.96180955381344
3.8179712276601 0.96364308368461
3.8179728865358 0.96602874402436
3.8179745454115 0.96899641274025
3.8179762042872 0.97248162495696
3.8179778631628 0.97652781179403
3.8179795220385 0.97947515417635
3.8179811809142 0.98119838743521
3.8179828397899 0.98128480921188
3.8179844986655 0.97949816771837
3.8179861575412 0.97503926760351
3.8179878164169 0.96744067169493
3.8179894752926 0.96324203263958
3.8179911341683 0.96314284648054
3.8179927930439 0.96485167907729
3.8179944519196 0.96879696148301
3.8179961107953 0.97383564184086
3.817997769671 0.98026117657404
3.8179994285466 0.98614069069365
3.8180010874223 0.99131037826452
3.818002746298 0.99403273066766
3.8180044051737 0.99349579554992
3.8180060640494 0.99691454515013
3.818007722925 1.00572845128
3.8180093818007 1.01087815008
3.8180110406764 1.0109120558327
3.8180126995521 1.0097763958238
3.8180143584277 1.0069700075684
3.8180160173034 1.0075903405619
3.8180176761791 1.0132168470204
3.8180193350548 1.015477424618
3.8180209939305 1.0127105562567
3.8180226528061 1.0119667424945
3.8180243116818 1.0143103131942
3.8180259705575 1.0145979151661
3.8180276294332 1.0116806573895
3.8180292883088 1.010177305045
3.8180309471845 1.0109245152841
3.8180326060602 1.0077623750381
3.8180342649359 0.99825020748236
3.8180359238116 0.99283656492054
3.8180375826872 0.99421442286076
3.8180392415629 0.99677794848996
3.8180409004386 1.0013448418901
3.8180425593143 1.0043683524854
3.8180442181899 1.0047340677938
3.8180458770656 1.0040939957922
3.8180475359413 1.0016895407222
3.818049194817 1.0005887086537
3.8180508536927 1.0018167148395
3.8180525125683 1.0031612573187
3.818054171444 1.0047177013834
3.8180558303197 1.0064930753185
3.8180574891954 1.0086734412682
3.818059148071 1.0122372600656
3.8180608069467 1.0184033616304
3.8180624658224 1.0198905975959
3.8180641246981 1.0124317348359
3.8180657835738 1.010129599853
3.8180674424494 1.0178428806422
3.8180691013251 1.0209903103423
3.8180707602008 1.0151330705985
3.8180724190765 1.0128893134602
3.8180740779521 1.0178794336089
3.8180757368278 1.0207938807709
3.8180773957035 1.0194933726633
3.8180790545792 1.0180387649974
3.8180807134549 1.0162668595326
3.8180823723305 1.0144391084174
3.8180840312062 1.0124948243894
3.8180856900819 1.0124772479127
3.8180873489576 1.0165318571471
3.8180890078332 1.018165867685
3.8180906667089 1.014620912604
3.8180923255846 1.0124885397565
3.8180939844603 1.0134144334771
3.8180956433359 1.0133944751346
3.8180973022116 1.0113039153746
3.8180989610873 1.0102064497167
3.818100619963 1.0113067613673
3.8181022788387 1.0116284105986
3.8181039377143 1.0102093476243
3.81810559659 1.0081893440113
3.8181072554657 1.0048131027778
3.8181089143414 1.0005743990334
3.818110573217 0.99437146836275
3.8181122320927 0.99046277669421
3.8181138909684 0.99182364648462
3.8181155498441 0.99276962930502
3.8181172087198 0.99275514036236
3.8181188675954 0.99344065587785
3.8181205264711 0.99575849697653
3.8181221853468 0.99594206675963
3.8181238442225 0.99111469665565
3.8181255030981 0.98984121042233
3.8181271619738 0.99696357218124
3.8181288208495 1.0026316883746
3.8181304797252 1.0048450514169
3.8181321386009 1.0072598347045
3.8181337974765 1.0101554846483
3.8181354563522 1.0113873864825
3.8181371152279 1.0086294317438
3.8181387741036 1.0062647757065
3.8181404329792 1.0048467458666
3.8181420918549 1.0027171027002
3.8181437507306 0.99886919596518
3.8181454096063 0.99694029215019
3.818147068482 0.99965775711645
3.8181487273576 1.0005844423579
3.8181503862333 0.99716695310311
3.818152045109 0.99405903570486
3.8181537039847 0.99170318228886
3.8181553628603 0.99070583871984
3.818157021736 0.99301080463519
3.8181586806117 0.99612896022017
3.8181603394874 1.001224126554
3.8181619983631 1.0044947872367
3.8181636572387 1.0033311477512
3.8181653161144 1.0035281497058
3.8181669749901 1.0070282352708
3.8181686338658 1.0094377822574
3.8181702927414 1.0092042274595
3.8181719516171 1.010051834448
3.8181736104928 1.0135138798099
3.8181752693685 1.015443972094
3.8181769282442 1.013680320828
3.8181785871198 1.0105213790622
3.8181802459955 1.0040101658623
3.8181819048712 0.99827212610794
3.8181835637469 0.99438424431088
3.8181852226225 0.99116640970513
3.8181868814982 0.98954451549943
3.8181885403739 0.98844305340145
3.8181901992496 0.98857463480439
3.8181918581253 0.98970053775967
3.8181935170009 0.99316834756687
3.8181951758766 0.99552744527513
3.8181968347523 0.99529176774401
3.818198493628 0.99396438564527
3.8182001525036 0.99010029167565
3.8182018113793 0.98553815076267
3.818203470255 0.97936629353981
3.8182051291307 0.97225011607488
3.8182067880064 0.96297412461717
3.818208446882 0.95597024930186
3.8182101057577 0.95411839258229
3.8182117646334 0.95380421388592
3.8182134235091 0.95694401079308
3.8182150823847 0.961157571364
3.8182167412604 0.96775944792978
3.8182184001361 0.97467140375964
3.8182200590118 0.9822659005612
3.8182217178875 0.99052514563659
3.8182233767631 1.0002316045404
3.8182250356388 1.007077534283
3.8182266945145 1.0077664431268
3.8182283533902 1.0071357501995
3.8182300122658 1.0036990534133
3.8182316711415 1.0022773253498
3.8182333300172 1.0050868540886
3.8182349888929 1.0067623116868
3.8182366477686 1.0060872983215
3.8182383066442 1.0038470366533
3.8182399655199 0.99840661131436
3.8182416243956 0.99414416851032
3.8182432832713 0.99225661832615
3.8182449421469 0.99041865792538
3.8182466010226 0.9886792300484
3.8182482598983 0.98587524407864
3.818249918774 0.98098768825336
3.8182515776497 0.97653471442302
3.8182532365253 0.97291914195535
3.818254895401 0.96914143831178
3.8182565542767 0.96505631867273
3.8182582131524 0.96171664731355
3.818259872028 0.95976734149418
3.8182615309037 0.95546084855951
3.8182631897794 0.94683259385728
3.8182648486551 0.93585132901069
3.8182665075308 0.92063066953904
3.8182681664064 0.90407288208171
3.8182698252821 0.88514849066702
3.8182714841578 0.86467027127843
3.8182731430335 0.84149220259534
3.8182748019091 0.82037346526778
3.8182764607848 0.80276636642837
3.8182781196605 0.79696110070203
3.8182797785362 0.81089688022237
3.8182814374119 0.82963438180711
3.8182830962875 0.85624681473358
3.8182847551632 0.88412665212781
3.8182864140389 0.91404347400541
3.8182880729146 0.93876161553662
3.8182897317902 0.95529542096862
3.8182913906659 0.96879388531196
3.8182930495416 0.97761301090209
3.8182947084173 0.9852194867738
3.818296367293 0.99099619560791
3.8182980261686 0.99426101652069
3.8182996850443 0.99381781986529
3.81830134392 0.99275884806941
3.8183030027957 0.99081099647684
3.8183046616713 0.98873935648422
3.818306320547 0.98649303375804
3.8183079794227 0.98423756421228
3.8183096382984 0.98196948256549
3.8183112971741 0.98360570445034
3.8183129560497 0.99049889696041
3.8183146149254 0.99188047430081
3.8183162738011 0.98601628501204
3.8183179326768 0.98446440466499
3.8183195915524 0.98844417730778
3.8183212504281 0.99109962389659
3.8183229093038 0.99209825072242
3.8183245681795 0.99177271889579
3.8183262270552 0.98983201176917
3.8183278859308 0.98646175602375
3.8183295448065 0.98139220067538
3.8183312036822 0.9763701925507
3.8183328625579 0.97140323698641
3.8183345214335 0.96872194799241
3.8183361803092 0.96861759317024
3.8183378391849 0.96777084297923
3.8183394980606 0.96610961587315
3.8183411569363 0.96727827584552
3.8183428158119 0.97146699822898
3.8183444746876 0.9764010714334
3.8183461335633 0.98210851559666
3.818347792439 0.9842111271701
3.8183494513146 0.98267906674416
3.8183511101903 0.98518255438416
3.818352769066 0.99163854816887
3.8183544279417 0.99522778548343
3.8183560868174 0.99609153653088
3.818357745693 0.99707437018175
3.8183594045687 0.99816705638877
3.8183610634444 0.99680137279651
3.8183627223201 0.99323647554943
3.8183643811957 0.98895790739113
3.8183660400714 0.98406058395981
3.8183676989471 0.97747386992739
3.8183693578228 0.96946824372491
3.8183710166984 0.96376633934152
3.8183726755741 0.95993764137839
3.8183743344498 0.96018325951856
3.8183759933255 0.96363356943461
3.8183776522012 0.96426779546487
3.8183793110768 0.96276047257955
3.8183809699525 0.96346128118376
3.8183826288282 0.96578472995826
3.8183842877039 0.96646316818799
3.8183859465795 0.9659745528519
3.8183876054552 0.96766943395439
3.8183892643309 0.97085895662074
3.8183909232066 0.9764724808924
3.8183925820823 0.98368567850304
3.8183942409579 0.99123971723473
3.8183958998336 0.99901042582676
3.8183975587093 1.0021307814682
3.818399217585 1.0024060471853
3.8184008764606 0.99977787568246
3.8184025353363 0.99544173210667
3.818404194212 0.99073917654877
3.8184058530877 0.98582953875379
3.8184075119634 0.98246753291406
3.818409170839 0.97994497520734
3.8184108297147 0.98387828932166
3.8184124885904 0.99116862685931
3.8184141474661 0.99294628310635
3.8184158063417 0.99197904896931
3.8184174652174 0.99312929707876
3.8184191240931 0.99528805115736
3.8184207829688 0.99780541006611
3.8184224418445 1.0004858900565
3.8184241007201 1.0013260904005
3.8184257595958 1.0013678029746
3.8184274184715 0.99798412792003
3.8184290773472 0.99318494334905
3.8184307362228 0.98685374391187
3.8184323950985 0.9799204788412
3.8184340539742 0.97129191604367
3.8184357128499 0.96203103788605
3.8184373717256 0.94925184457587
3.8184390306012 0.93522939276537
3.8184406894769 0.92832725253944
3.8184423483526 0.92380376992337
3.8184440072283 0.93253366879034
3.8184456661039 0.94543938625537
3.8184473249796 0.95541372856809
3.8184489838553 0.9645192345474
3.818450642731 0.96815360074314
3.8184523016067 0.97026692282099
3.8184539604823 0.97109250788938
3.818455619358 0.97158328632172
3.8184572782337 0.97721756690904
3.8184589371094 0.98409798121344
3.818460595985 0.99123375536049
3.8184622548607 0.99842694477722
3.8184639137364 1.0038680997696
3.8184655726121 1.008945367169
3.8184672314878 1.0118894404515
3.8184688903634 1.0144264345763
3.8184705492391 1.0145271454922
3.8184722081148 1.0142032091988
3.8184738669905 1.011859783222
3.8184755258661 1.0091971889463
3.8184771847418 1.0053182184048
3.8184788436175 1.0012664549264
3.8184805024932 0.99760484558329
3.8184821613689 0.99399252516447
3.8184838202445 0.99117084448349
3.8184854791202 0.98843682169584
3.8184871379959 0.98584820108785
