3.8159109179366 0.996804
3.8159125768123 0.99338878203462
3.8159142356879 0.99016294462405
3.8159158945636 0.98845680293953
3.8159175534393 0.98687190398189
3.815919212315 0.98571251378139
3.8159208711907 0.98401529804013
3.8159225300663 0.98123997685597
3.815924188942 0.9782426273633
3.8159258478177 0.97496728369842
3.8159275066934 0.97182414804076
3.815929165569 0.96878685406466
3.8159308244447 0.96578720223611
3.8159324833204 0.96280635538902
3.8159341421961 0.96133919184192
3.8159358010718 0.96030278571948
3.8159374599474 0.96081135314891
3.8159391188231 0.96150885173677
3.8159407776988 0.96143787673585
3.8159424365745 0.96162437168929
3.8159440954501 0.96380992078302
3.8159457543258 0.96583933913128
3.8159474132015 0.96733479278078
3.8159490720772 0.96834910786986
3.8159507309529 0.96842327660145
3.8159523898285 0.97080008295833
3.8159540487042 0.97598060574354
3.8159557075799 0.9771868833652
3.8159573664556 0.97531438761389
3.8159590253312 0.97246438641868
3.8159606842069 0.96914622047818
3.8159623430826 0.96979021413319
3.8159640019583 0.9714939645045
3.815965660834 0.97094685819645
3.8159673197096 0.97019022842129
3.8159689785853 0.97173465341288
3.815970637461 0.97346311308968
3.8159722963367 0.97644246364998
3.8159739552123 0.97867869178752
3.815975614088 0.97858221781559
3.8159772729637 0.97745101930072
3.8159789318394 0.97444050017088
3.8159805907151 0.97078482660377
3.8159822495907 0.96639782010446
3.8159839084664 0.96321404855125
3.8159855673421 0.96089287941682
3.8159872262178 0.95852802896023
3.8159888850934 0.95614412866092
3.8159905439691 0.95714780645975
3.8159922028448 0.95894434254413
3.8159938617205 0.96511177994236
3.8159955205962 0.971594658575
3.8159971794718 0.97704814075347
3.8159988383475 0.9822497503345
3.8160004972232 0.98605944957112
3.8160021560989 0.98827092680378
3.8160038149745 0.98611213879398
3.8160054738502 0.98452865029247
3.8160071327259 0.98387407212958
3.8160087916016 0.9813119337282
3.8160104504773 0.97682133672464
3.8160121093529 0.96818656553069
3.8160137682286 0.95692694183861
3.8160154271043 0.93945034787185
3.81601708598 0.91964329253953
3.8160187448556 0.88818177832804
3.8160204037313 0.85454263042218
3.816022062607 0.81408324487371
3.8160237214827 0.77368049926074
3.8160253803584 0.73777513406967
3.816027039234 0.70636129711077
3.8160286981097 0.69421321987264
3.8160303569854 0.69109780696438
3.8160320158611 0.70858346743591
3.8160336747367 0.7344593995687
3.8160353336124 0.7718889005197
3.8160369924881 0.81086710482937
3.8160386513638 0.85118192362336
3.8160403102395 0.88545104449649
3.8160419691151 0.91650617172834
3.8160436279908 0.93835792158
3.8160452868665 0.9574480268987
3.8160469457422 0.9670935111096
3.8160486046178 0.97550753615903
3.8160502634935 0.97847676991145
3.8160519223692 0.9809922407451
3.8160535812449 0.98014472041845
3.8160552401206 0.97927478041988
3.8160568989962 0.97833215931049
3.8160585578719 0.97757176961662
3.8160602167476 0.97714582494835
3.8160618756233 0.97374238019647
3.8160635344989 0.96697897770084
3.8160651933746 0.96214260505232
3.8160668522503 0.95866179299745
3.816068511126 0.95452189072807
3.8160701700016 0.95010545414901
3.8160718288773 0.94171996148536
3.816073487753 0.93247455264153
3.8160751466287 0.93074541505839
3.8160768055044 0.92944627103741
3.81607846438 0.92727100970544
3.8160801232557 0.92583489516137
3.8160817821314 0.9278768943327
3.8160834410071 0.9282045495926
3.8160850998827 0.9244012877568
3.8160867587584 0.91992115126297
3.8160884176341 0.91447292189128
3.8160900765098 0.9086018018782
3.8160917353855 0.9023553189493
3.8160933942611 0.89731308220399
3.8160950531368 0.89292434158088
3.8160967120125 0.88949492785259
3.8160983708882 0.88635722369241
3.8161000297638 0.88747421855864
3.8161016886395 0.88916259036842
3.8161033475152 0.89569686350493
3.8161050063909 0.90165679793963
3.8161066652666 0.90353567426423
3.8161083241422 0.9052279208155
3.8161099830179 0.90633705987889
3.8161116418936 0.90507117655294
3.8161133007693 0.89961442066785
3.8161149596449 0.89510667793183
3.8161166185206 0.89162244466107
3.8161182773963 0.89175055158097
3.816119936272 0.89428041635113
3.8161215951477 0.89794815685765
3.8161232540233 0.90205772944818
3.816124912899 0.90574179580744
3.8161265717747 0.90934485166638
3.8161282306504 0.91344450626996
3.816129889526 0.91743494651297
3.8161315484017 0.91993254747236
3.8161332072774 0.92212527947936
3.8161348661531 0.92310045041671
3.8161365250288 0.92599397523424
3.8161381839044 0.93295313583577
3.8161398427801 0.93835663666069
3.8161415016558 0.94178857646489
3.8161431605315 0.94401176058235
3.8161448194071 0.94529151271302
3.8161464782828 0.93734057072346
3.8161481371585 0.92509292557797
3.8161497960342 0.91461348800338
3.8161514549099 0.90456720453761
3.8161531137855 0.90134695430547
3.8161547726612 0.89928386939081
3.8161564315369 0.9097967859884
3.8161580904126 0.92036517304747
3.8161597492882 0.93121099794808
3.8161614081639 0.94085449831853
3.8161630670396 0.9475258863322
3.8161647259153 0.95399867049315
3.816166384791 0.9601851279344
3.8161680436666 0.96489271187364
3.8161697025423 0.96829543272037
3.816171361418 0.97222754908242
3.8161730202937 0.97644091829425
3.8161746791693 0.98089552329238
3.816176338045 0.98542017150579
3.8161779969207 0.9869904907148
3.8161796557964 0.98821541803686
3.8161813146721 0.98911866550143
3.8161829735477 0.99001882959835
3.8161846324234 0.99090030410197
3.8161862912991 0.99171723499759
3.8161879501748 0.99235429896065
3.8161896090504 0.99271286410664
3.8161912679261 0.99262976467239
3.8161929268018 0.99259117116769
3.8161945856775 0.99259543297995
3.8161962445532 0.99218802751428
3.8161979034288 0.99154123777354
3.8161995623045 0.98848253109423
3.8162012211802 0.98464262529599
3.8162028800559 0.9796017330567
3.8162045389315 0.97440094485942
3.8162061978072 0.97268880790488
3.8162078566829 0.97095943919864
3.8162095155586 0.96910964886065
3.8162111744343 0.96814543905371
3.8162128333099 0.96985572401977
3.8162144921856 0.97183006815507
3.8162161510613 0.97424931710333
3.816217809937 0.97848966404307
3.8162194688126 0.98457858980312
3.8162211276883 0.98749307683851
3.816222786564 0.98846381325153
3.8162244454397 0.98809377461844
3.8162261043154 0.98726319657131
3.816227763191 0.98744248664274
3.8162294220667 0.98777464193141
3.8162310809424 0.98639736490692
3.8162327398181 0.98463316827833
3.8162343986937 0.98005218611706
3.8162360575694 0.97747770979484
3.8162377164451 0.9811865907722
3.8162393753208 0.98300349952523
3.8162410341965 0.98155453742737
3.8162426930721 0.98092341817804
3.8162443519478 0.98113782252245
3.8162460108235 0.98099664570214
3.8162476696992 0.98063447927602
3.8162493285748 0.98009183710653
3.8162509874505 0.97948640539975
3.8162526463262 0.98202391647092
3.8162543052019 0.9850427549862
3.8162559640776 0.98333279386099
3.8162576229532 0.9817371771535
3.8162592818289 0.98125645291339
3.8162609407046 0.98113041792957
3.8162625995803 0.98210365287947
3.8162642584559 0.98328311383534
3.8162659173316 0.98481404021076
3.8162675762073 0.9855328235842
3.816269235083 0.98542556039373
3.8162708939587 0.98423670101069
3.8162725528343 0.9823901485537
3.81627421171 0.98322387933287
3.8162758705857 0.98496011941279
3.8162775294614 0.98649945400569
3.816279188337 0.98800679999293
3.8162808472127 0.98583850597237
3.8162825060884 0.98359529265118
3.8162841649641 0.98084009803049
3.8162858238398 0.97715360387515
3.8162874827154 0.97073855481507
3.8162891415911 0.96434812130366
3.8162908004668 0.95799761764467
3.8162924593425 0.95033052055266
3.8162941182181 0.94139056920901
3.8162957770938 0.93625295301737
3.8162974359695 0.93329512157445
3.8162990948452 0.93887961079285
3.8163007537209 0.94711805451164
3.8163024125965 0.95529345442481
3.8163040714722 0.96343399545633
3.8163057303479 0.97009693821075
3.8163073892236 0.97612679665802
3.8163090480992 0.97844502090561
3.8163107069749 0.98045286804678
3.8163123658506 0.9816366354832
3.8163140247263 0.98311479563276
3.816315683602 0.98503160969753
3.8163173424776 0.98729404133263
3.8163190013533 0.98986327721815
3.816320660229 0.98990984884978
3.8163223191047 0.98864514845043
3.8163239779803 0.98471124168395
3.816325636856 0.98005230294225
3.8163272957317 0.97663297510862
3.8163289546074 0.97336377769477
3.8163306134831 0.97085948860888
3.8163322723587 0.96808608059444
3.8163339312344 0.96402099750421
3.8163355901101 0.96006052901875
3.8163372489858 0.95634257846008
3.8163389078614 0.95609744907844
3.8163405667371 0.96044748311328
3.8163422256128 0.96669087339019
3.8163438844885 0.9744239865294
3.8163455433641 0.97978540037317
3.8163472022398 0.98407626953713
3.8163488611155 0.98754371871146
3.8163505199912 0.99082859473473
3.8163521788669 0.98780927895852
3.8163538377425 0.98453066511434
3.8163554966182 0.98226610908738
3.8163571554939 0.98016859749982
3.8163588143696 0.97870813107402
3.8163604732452 0.97753090200146
3.8163621321209 0.97690892939826
3.8163637909966 0.97350061501541
3.8163654498723 0.96692410294617
3.816367108748 0.96210126351727
3.8163687676236 0.95845608088631
3.8163704264993 0.95433044376036
3.816372085375 0.9500258946787
3.8163737442507 0.94848092606667
3.8163754031263 0.94738801783656
3.816377062002 0.9411964661535
3.8163787208777 0.9348545273303
3.8163803797534 0.92779574027332
3.8163820386291 0.91921835867245
3.8163836975047 0.90612740881043
3.8163853563804 0.89427352929569
3.8163870152561 0.88441400580039
3.8163886741318 0.87801498926395
3.8163903330074 0.8748870097269
3.8163919918831 0.88196672390992
3.8163936507588 0.89465347172361
3.8163953096345 0.91136975802966
3.8163969685102 0.92924272884108
3.8163986273858 0.94403093406999
3.8164002862615 0.9582048557166
3.8164019451372 0.96515689273817
3.8164036040129 0.9716341262781
3.8164052628885 0.9758307000887
3.8164069217642 0.97844870546676
3.8164085806399 0.97745878095004
3.8164102395156 0.9744975120692
3.8164118983913 0.96899176858065
3.8164135572669 0.96173191691488
3.8164152161426 0.95314260157185
3.8164168750183 0.94695335063829
3.816418533894 0.94178632772808
3.8164201927696 0.94215878712363
3.8164218516453 0.94363475722515
3.816423510521 0.95131292002209
3.8164251693967 0.95892545933374
3.8164268282724 0.96400628305023
3.816428487148 0.96781908359947
3.8164301460237 0.96744519114401
3.8164318048994 0.96663786047499
3.8164334637751 0.96507846894691
3.8164351226507 0.9639206974993
3.8164367815264 0.96316637702346
3.8164384404021 0.96241271023979
3.8164400992778 0.96165942362527
3.8164417581535 0.95960084070497
3.8164434170291 0.95714305535599
3.8164450759048 0.95008837445996
3.8164467347805 0.94285115802605
3.8164483936562 0.94522832356547
3.8164500525318 0.94647352684126
3.8164517114075 0.94208104347218
3.8164533702832 0.93972156684941
3.8164550291589 0.94207661190482
3.8164566880346 0.94588441991099
3.8164583469102 0.95157520229042
3.8164600057859 0.95645854319935
3.8164616646616 0.96073242905889
3.8164633235373 0.96380503651828
3.8164649824129 0.96637341085929
3.8164666412886 0.96612356125428
3.8164683001643 0.96533278217752
3.81646995904 0.96298513820244
3.8164716179157 0.96085109839617
3.8164732767913 0.96081517313347
3.816474935667 0.96101178309924
3.8164765945427 0.96193035575956
3.8164782534184 0.96292879057959
3.816479912294 0.96405820889755
3.8164815711697 0.9641484856075
3.8164832300454 0.96325659742157
3.8164848889211 0.96175502793499
3.8164865477968 0.95992446165737
3.8164882066724 0.95615456445385
3.8164898655481 0.95185370217685
3.8164915244238 0.94903147858586
3.8164931832995 0.94669337949292
3.8164948421751 0.95030440950429
3.8164965010508 0.95481222382774
3.8164981599265 0.96307975521944
3.8164998188022 0.96943203549588
3.8165014776779 0.97187228365088
3.8165031365535 0.97402871015257
3.8165047954292 0.97585849039273
3.8165064543049 0.97565254182081
3.8165081131806 0.97409684921155
3.8165097720562 0.9709093299493
3.8165114309319 0.96714199360125
3.8165130898076 0.96881803082477
3.8165147486833 0.9712673053815
3.816516407559 0.97298542862503
3.8165180664346 0.97448860508804
3.8165197253103 0.97475592358275
3.816521384186 0.97427041805065
3.8165230430617 0.97189819952951
3.8165247019373 0.97030213844275
3.816526360813 0.96976742505527
3.8165280196887 0.96675040346232
3.8165296785644 0.96178075798269
3.8165313374401 0.95796283983414
3.8165329963157 0.95464510268623
3.8165346551914 0.95464478041157
3.8165363140671 0.95530096498954
3.8165379729428 0.95837471190343
3.8165396318184 0.96092288484065
3.8165412906941 0.95868386421045
3.8165429495698 0.95759787413683
3.8165446084455 0.96000081952868
3.8165462673212 0.95706181479943
3.8165479261968 0.94564380922372
3.8165495850725 0.92778139288369
3.8165512439482 0.90408369657073
3.8165529028239 0.87850197863705
3.8165545616995 0.85196342123047
3.8165562205752 0.83639908095303
3.8165578794509 0.82354845075917
3.8165595383266 0.82448279723135
3.8165611972023 0.82792510076028
3.8165628560779 0.85035934607998
3.8165645149536 0.87311903845858
3.8165661738293 0.89704496276876
3.816567832705 0.91786267416381
3.8165694915806 0.93308856930179
3.8165711504563 0.94538674383102
3.816572809332 0.95471577056817
3.8165744682077 0.96096598910274
3.8165761270834 0.96545292792588
3.816577785959 0.96856563984227
3.8165794448347 0.97128014168965
3.8165811037104 0.96695936149685
3.8165827625861 0.96226780187655
3.8165844214617 0.96246510181219
3.8165860803374 0.96236594691239
3.8165877392131 0.96104012555106
3.8165893980888 0.95916759900367
3.8165910569645 0.95620815073563
3.8165927158401 0.95218949950761
3.8165943747158 0.94699945146046
3.8165960335915 0.94300627614159
3.8165976924672 0.93976192552205
3.8165993513428 0.94012345836796
3.8166010102185 0.94165133198121
3.8166026690942 0.94357215462821
3.8166043279699 0.94552695456995
3.8166059868456 0.94717986844051
3.8166076457212 0.94811919436653
3.8166093045969 0.94575723270865
3.8166109634726 0.94204407171833
3.8166126223483 0.93544222926578
3.8166142812239 0.93067769797358
3.8166159400996 0.92807163432112
3.8166175989753 0.92847273948061
3.816619257851 0.93086969331567
3.8166209167267 0.93253089467744
3.8166225756023 0.93393688538153
3.816624234478 0.93558271029913
3.8166258933537 0.93725039557493
3.8166275522294 0.93855272414176
3.816629211105 0.93770272851511
3.8166308699807 0.92615021432258
3.8166325288564 0.91237290134132
3.8166341877321 0.8936296027945
3.8166358466077 0.87415547755528
3.8166375054834 0.85379334239665
3.8166391643591 0.84225525740066
3.8166408232348 0.8367574159635
3.8166424821105 0.84083331448874
3.8166441409861 0.84834322634309
3.8166457998618 0.86417637944348
3.8166474587375 0.88115319532062
3.8166491176132 0.89776171812951
3.8166507764888 0.91294599044256
3.8166524353645 0.92086189933697
3.8166540942402 0.92659427336238
3.8166557531159 0.92739073070071
3.8166574119916 0.92684348850776
3.8166590708672 0.92465213152633
3.8166607297429 0.92150080158475
3.8166623886186 0.91769029263865
3.8166640474943 0.91714615904008
3.8166657063699 0.91777258155272
3.8166673652456 0.91115303435381
3.8166690241213 0.9034602539098
3.816670682997 0.89233279307899
3.8166723418727 0.87927504698401
3.8166740007483 0.85657891768885
3.816675659624 0.83428200557775
3.8166773184997 0.81287085896815
3.8166789773754 0.79807452427325
3.816680636251 0.79121305124198
3.8166822951267 0.7989419372047
3.8166839540024 0.81644781491981
3.8166856128781 0.84187528344127
3.8166872717538 0.87004293381892
3.8166889306294 0.89177467809553
3.8166905895051 0.91243546608776
3.8166922483808 0.92537542662172
3.8166939072565 0.93669491666134
3.8166955661321 0.94045568697303
3.8166972250078 0.9429181016521
3.8166988838835 0.94263833418153
3.8167005427592 0.94300449827499
3.8167022016349 0.9441101949076
3.8167038605105 0.94393392802615
3.8167055193862 0.94294244980703
3.8167071782619 0.94208225359194
3.8167088371376 0.94126431979523
3.8167104960132 0.939426145204
3.8167121548889 0.93730899320321
3.8167138137646 0.93180750552907
3.8167154726403 0.92559388594381
3.816717131516 0.91639979613718
3.8167187903916 0.9060091512323
3.8167204492673 0.89328142913784
3.816722108143 0.88202472077737
3.8167237670187 0.87233328874164
3.8167254258943 0.86520793614015
3.81672708477 0.85958661886905
3.8167287436457 0.85941609029682
3.8167304025214 0.86081326350131
3.8167320613971 0.87478348804681
3.8167337202727 0.88955547963311
3.8167353791484 0.90098775230561
3.8167370380241 0.91204274531458
3.8167386968998 0.92172740034724
3.8167403557754 0.92919216532702
3.8167420146511 0.93275362746002
3.8167436735268 0.93592626198158
3.8167453324025 0.93872436886479
3.8167469912782 0.93989321607722
3.8167486501538 0.94020893640873
3.8167503090295 0.94033647848689
3.8167519679052 0.9404179779557
3.8167536267809 0.94081659876001
3.8167552856565 0.94148912765108
3.8167569445322 0.94453095142089
3.8167586034079 0.94748245475776
3.8167602622836 0.95015637819657
3.8167619211593 0.95127508008771
3.8167635800349 0.94999338963902
3.8167652389106 0.95004783801457
3.8167668977863 0.95123623896813
3.816768556662 0.94882560903182
3.8167702155376 0.94478937870602
3.8167718744133 0.94148812115127
3.816773533289 0.93833011749765
3.8167751921647 0.93621730621938
3.8167768510404 0.93415775602733
3.816778509916 0.93234142729455
3.8167801687917 0.93225405194168
3.8167818276674 0.93657239575923
3.8167834865431 0.93832704655075
3.8167851454187 0.93668925317332
3.8167868042944 0.93713945624821
3.8167884631701 0.93910689409545
3.8167901220458 0.93832913147651
3.8167917809215 0.93652578747182
3.8167934397971 0.93741941380726
3.8167950986728 0.93855804242877
3.8167967575485 0.93473416657254
3.8167984164242 0.93170582783487
3.8168000752998 0.9324175015146
3.8168017341755 0.93028490452791
3.8168033930512 0.92224048057716
3.8168050519269 0.91750977435196
3.8168067108026 0.91645102802471
3.8168083696782 0.91096902497012
3.8168100285539 0.90282237628481
3.8168116874296 0.89593167730379
3.8168133463053 0.88940802019581
3.8168150051809 0.88299129800767
3.8168166640566 0.87717259040379
3.8168183229323 0.87873653464346
3.816819981808 0.88188235732031
3.8168216406837 0.89050512817921
3.8168232995593 0.89918158194434
3.816824958435 0.90794771293745
3.8168266173107 0.91622168242332
3.8168282761864 0.92405028656691
3.816829935062 0.93146326307405
3.8168315939377 0.93867665612423
3.8168332528134 0.93797197581051
3.8168349116891 0.935603804659
3.8168365705648 0.93510495853996
3.8168382294404 0.93469162196656
3.8168398883161 0.93456397440273
3.8168415471918 0.9344508359782
3.8168432060675 0.93437510577264
3.8168448649431 0.93460583187503
3.8168465238188 0.93524147033157
3.8168481826945 0.93869891556846
3.8168498415702 0.94418082886123
3.8168515004459 0.94666275259822
3.8168531593215 0.94805648872367
3.8168548181972 0.94700660273976
3.8168564770729 0.94552582133422
3.8168581359486 0.94108427238246
3.8168597948242 0.93690537579415
3.8168614536999 0.93385050914419
3.8168631125756 0.93085841376165
3.8168647714513 0.92798733632137
3.816866430327 0.92771745123847
3.8168680892026 0.93011406660578
3.8168697480783 0.93132401468786
3.816871406954 0.93188423943329
3.8168730658297 0.93518964188859
3.8168747247053 0.93918682663393
3.816876383581 0.9436523920315
3.8168780424567 0.94770790946947
3.8168797013324 0.94803328886772
3.8168813602081 0.94782167330477
3.8168830190837 0.94605872094029
3.8168846779594 0.94475287790797
3.8168863368351 0.94410417742883
3.8168879957108 0.94460000453656
3.8168896545864 0.94598251821304
3.8168913134621 0.94598657361716
3.8168929723378 0.94544610435621
3.8168946312135 0.93968914302322
3.8168962900892 0.9333193692746
3.8168979489648 0.9336692699748
3.8168996078405 0.93184569431066
3.8169012667162 0.91996312525411
3.8169029255919 0.90644704672867
3.8169045844675 0.8896385632214
3.8169062433432 0.87135270506085
3.8169079022189 0.85150212061126
3.8169095610946 0.83503262530069
3.8169112199702 0.82046661914211
3.8169128788459 0.82024553454641
3.8169145377216 0.82374309067133
3.8169161965973 0.83926219097952
3.816917855473 0.85471402189617
3.8169195143486 0.86391356554535
3.8169211732243 0.8727787787805
3.8169228321 0.88068171802199
3.8169244909757 0.88806995052083
3.8169261498513 0.89472576421057
3.816927808727 0.90225670883581
3.8169294676027 0.9104540306311
3.8169311264784 0.91330317860593
3.8169327853541 0.91410166592376
3.8169344442297 0.91587703326585
3.8169361031054 0.91778625410916
3.8169377619811 0.91964477985504
3.8169394208568 0.92089362067955
3.8169410797324 0.91952670646586
3.8169427386081 0.91790742325284
3.8169443974838 0.9158084184191
3.8169460563595 0.91069405900026
3.8169477152352 0.90257056749758
3.8169493741108 0.8952962733697
3.8169510329865 0.8884663400823
3.8169526918622 0.88249656459224
3.8169543507379 0.8767252350899
3.8169560096135 0.87034869038199
3.8169576684892 0.86460862271147
3.8169593273649 0.86345484157819
3.8169609862406 0.86402729766427
3.8169626451163 0.86900296400525
3.8169643039919 0.8720081849098
3.8169659628676 0.87248777558546
3.8169676217433 0.87020068441194
3.816969280619 0.86603054946064
3.8169709394946 0.85644044944539
3.8169725983703 0.84506209586468
3.816974257246 0.83059489382527
3.8169759161217 0.81603859322415
3.8169775749974 0.80459540248993
3.816979233873 0.79566704357043
3.8169808927487 0.79547926289398
3.8169825516244 0.79875255757373
3.8169842105001 0.80765234993477
3.8169858693757 0.81820970539405
3.8169875282514 0.83018786364847
3.8169891871271 0.83999772349991
3.8169908460028 0.84886134125831
3.8169925048785 0.8562223455485
3.8169941637541 0.86328633456139
3.8169958226298 0.86705044002709
3.8169974815055 0.87059773477805
3.8169991403812 0.87308777242879
3.8170007992568 0.8748632590807
3.8170024581325 0.87517765848121
3.8170041170082 0.87526444830418
3.8170057758839 0.87511131010439
3.8170074347596 0.87375914634225
3.8170090936352 0.87174806870368
3.8170107525109 0.87270295819894
3.8170124113866 0.8743806605361
3.8170140702623 0.87077841325431
3.8170157291379 0.86709643311641
3.8170173880136 0.86430867146384
3.8170190468893 0.86229225000344
3.817020705765 0.86225042060716
3.8170223646407 0.86187791751376
3.8170240235163 0.86108471435669
3.817025682392 0.85894112170846
3.8170273412677 0.85589521941988
3.8170290001434 0.85582659490466
3.817030659019 0.85670359108385
3.8170323178947 0.85673057373717
3.8170339767704 0.85659344601575
3.8170356356461 0.8554125368424
3.8170372945218 0.85445459775985
3.8170389533974 0.85420948573726
3.8170406122731 0.85354308171027
3.8170422711488 0.85224022448149
3.8170439300245 0.84825577814144
3.8170455889001 0.84215142211913
3.8170472477758 0.83803069740887
3.8170489066515 0.83468590705299
3.8170505655272 0.83236520363591
3.8170522244029 0.82999609744694
3.8170538832785 0.8230705314832
3.8170555421542 0.81635021475644
3.8170572010299 0.81044799785249
3.8170588599056 0.80539327680308
3.8170605187812 0.80183592193064
3.8170621776569 0.79330871252128
3.8170638365326 0.78023821576755
3.8170654954083 0.77070524009751
3.817067154284 0.76280999560104
3.8170688131596 0.7538865096469
3.8170704720353 0.74477602604206
3.817072130911 0.73595875153741
3.8170737897867 0.72657466453289
3.8170754486623 0.71437944895216
3.817077107538 0.70128896405056
3.8170787664137 0.68637631777264
3.8170804252894 0.67038972052542
3.8170820841651 0.6532910610332
3.8170837430407 0.63634940602138
3.8170854019164 0.6194910923356
3.8170870607921 0.60253640119707
3.8170887196678 0.58555988196994
3.8170903785434 0.56873111619274
3.8170920374191 0.55234685084096
3.8170936962948 0.53867398907528
3.8170953551705 0.52607125886659
3.8170970140462 0.51593702136952
3.8170986729218 0.50581925332019
3.8171003317975 0.49572042801095
3.8171019906732 0.48707245706049
3.8171036495489 0.4792845160743
3.8171053084245 0.47145063458251
3.8171069673002 0.46360459725649
3.8171086261759 0.45598062132538
3.8171102850516 0.44854484840364
3.8171119439273 0.44244850004408
3.8171136028029 0.43652068188693
3.8171152616786 0.43102556817978
3.8171169205543 0.42593890689217
3.81711857943 0.42136421581571
3.8171202383056 0.41646518392434
3.8171218971813 0.41135647368542
3.817123556057 0.40641369604831
3.8171252149327 0.40152018019296
3.8171268738084 0.39806555988843
3.817128532684 0.39461043196833
3.8171301915597 0.39023967617014
3.8171318504354 0.38599915584087
3.8171335093111 0.38212334614643
3.8171351681867 0.37817659909591
3.8171368270624 0.37413480947829
3.8171384859381 0.36967658223897
3.8171401448138 0.36493112739096
3.8171418036895 0.36382074559326
3.8171434625651 0.36388122590605
3.8171451214408 0.36446016681435
3.8171467803165 0.36488322115667
3.8171484391922 0.363174269304
3.8171500980678 0.36193788298351
3.8171517569435 0.36211282340551
3.8171534158192 0.36317643423512
3.8171550746949 0.36548793593287
3.8171567335706 0.36868588326418
3.8171583924462 0.37252259204281
3.8171600513219 0.37545368381771
3.8171617101976 0.37807732562994
3.8171633690733 0.38180796148035
3.8171650279489 0.38587953456058
3.8171666868246 0.3927299028223
3.8171683457003 0.40071712862036
3.817170004576 0.41223573866817
3.8171716634517 0.42466449300638
3.8171733223273 0.43840592367239
3.817174981203 0.45251008994831
3.8171766400787 0.4668818042385
3.8171782989544 0.47767133151984
3.81717995783 0.48721335598054
3.8171816167057 0.49546807863721
3.8171832755814 0.50360731257201
3.8171849344571 0.51193167818249
3.8171865933328 0.52056253865668
3.8171882522084 0.53015811484673
3.8171899110841 0.53904279849705
3.8171915699598 0.54689541044597
3.8171932288355 0.55301330162343
3.8171948877111 0.55784751750293
3.8171965465868 0.55863019733251
3.8171982054625 0.55800221125218
3.8171998643382 0.55393490541246
3.8172015232138 0.54965250477236
3.8172031820895 0.54694211569792
3.8172048409652 0.5442438954168
3.8172064998409 0.54158345862827
3.8172081587166 0.54157714778783
3.8172098175922 0.54537125878663
3.8172114764679 0.5503614972271
3.8172131353436 0.55622185422532
3.8172147942193 0.56459041303678
3.8172164530949 0.57380960197851
3.8172181119706 0.5788377583348
3.8172197708463 0.58387856971053
3.817221429722 0.59338754264219
3.8172230885977 0.60194259992451
3.8172247474733 0.60765232723529
3.817226406349 0.61269826090916
3.8172280652247 0.61682552711749
3.8172297241004 0.62335328885884
3.817231382976 0.63156309641557
3.8172330418517 0.63497208402951
3.8172347007274 0.63683700795305
3.8172363596031 0.63926455478704
3.8172380184788 0.6417621780047
3.8172396773544 0.64449743135165
3.8172413362301 0.64827883174097
3.8172429951058 0.65498458314984
3.8172446539815 0.65896153185507
3.8172463128571 0.65936029859732
3.8172479717328 0.66005902165155
3.8172496306085 0.66095603858498
3.8172512894842 0.66676528496319
3.8172529483599 0.67402935320336
3.8172546072355 0.67769445665476
3.8172562661112 0.68133245654593
3.8172579249869 0.68655835927286
3.8172595838626 0.69196191812939
3.8172612427382 0.69782057332474
3.8172629016139 0.70142948627654
3.8172645604896 0.70229786365871
3.8172662193653 0.70581964828992
3.817267878241 0.71096099205641
3.8172695371166 0.71488813959
3.8172711959923 0.71849504753186
3.817272854868 0.72331125370331
3.8172745137437 0.72817835983704
3.8172761726193 0.73306388836631
3.817277831495 0.73736359597055
3.8172794903707 0.74031585499257
3.8172811492464 0.74417091809353
3.8172828081221 0.74902817660763
3.8172844669977 0.75247130947553
3.8172861258734 0.75513577753488
3.8172877847491 0.7571775214624
3.8172894436248 0.75907886112288
3.8172911025004 0.75711718067007
3.8172927613761 0.75484899153326
3.8172944202518 0.75121913281907
3.8172960791275 0.74859816240146
3.8172977380032 0.74802331567115
3.8172993968788 0.7446535299907
3.8173010557545 0.73851026535224
3.8173027146302 0.73642233684645
3.8173043735059 0.73629816072145
3.8173060323815 0.74264422711744
3.8173076912572 0.75023292464297
3.8173093501329 0.76125173263902
3.8173110090086 0.77241789525815
3.8173126678843 0.78421226608398
3.8173143267599 0.79635085046889
3.8173159856356 0.80909518088299
3.8173176445113 0.82030244698801
3.817319303387 0.83017304118004
3.8173209622626 0.83545640223945
3.8173226211383 0.83884345107093
3.817324280014 0.83942003445468
3.8173259388897 0.83948231997321
3.8173275977654 0.83719435349407
3.817329256641 0.83577397135817
3.8173309155167 0.8373209239255
3.8173325743924 0.83955224464487
3.8173342332681 0.84223918908603
3.8173358921437 0.84494411537891
3.8173375510194 0.84877780066287
3.8173392098951 0.85261148594683
3.8173408687708 0.8568573444265
3.8173425276465 0.86110903784246
3.8173441865221 0.8667847460763
3.8173458453978 0.87252522103219
3.8173475042735 0.87096090790384
3.8173491631492 0.86882176080887
3.8173508220248 0.87535422072701
3.8173524809005 0.88287450678101
3.8173541397762 0.88755753186507
3.8173557986519 0.89181117817057
3.8173574575276 0.89283451495251
3.8173591164032 0.89324014401085
3.8173607752789 0.89614152082623
3.8173624341546 0.89962631879295
3.8173640930303 0.90303880390912
3.8173657519059 0.90643109641561
3.8173674107816 0.9054126572027
3.8173690696573 0.90294738744434
3.817370728533 0.90118163534676
3.8173723874087 0.89968199457809
3.8173740462843 0.90035274645941
3.81737570516 0.90197179603935
3.8173773640357 0.90126352148889
3.8173790229114 0.89939636259607
3.817380681787 0.90030587121253
3.8173823406627 0.90278156331235
3.8173839995384 0.90258720618088
3.8173856584141 0.90069468671849
3.8173873172898 0.90090032110509
3.8173889761654 0.90260508303905
3.8173906350411 0.90327398087966
3.8173922939168 0.90311370500339
3.8173939527925 0.90303409646849
3.8173956116681 0.90302669862676
3.8173972705438 0.90324200383412
3.8173989294195 0.90367997667797
3.8174005882952 0.90586037084213
3.8174022471709 0.90998587682984
3.8174039060465 0.91349736075802
3.8174055649222 0.91624344211871
3.8174072237979 0.9175037254051
3.8174088826736 0.91669421729782
3.8174105415492 0.91571140080861
3.8174122004249 0.9144583308398
3.8174138593006 0.91421474205474
3.8174155181763 0.9157372743437
3.817417177052 0.91655456382496
3.8174188359276 0.91598321729509
3.8174204948033 0.9152594992762
3.817422153679 0.91419666458734
3.8174238125547 0.91347876540381
3.8174254714303 0.91363321429864
3.817427130306 0.91412578338085
3.8174287891817 0.9155968758608
3.8174304480574 0.91711300787131
3.8174321069331 0.91877956791197
3.8174337658087 0.92039387968811
3.8174354246844 0.92180443351355
3.8174370835601 0.92364278673367
3.8174387424358 0.92745758164603
3.8174404013114 0.93024898279941
3.8174420601871 0.9273254358708
3.8174437190628 0.92543462127203
3.8174453779385 0.93071305949691
3.8174470368142 0.93554391036079
3.8174486956898 0.93635201288156
3.8174503545655 0.93706342082051
3.8174520134412 0.9365717044548
3.8174536723169 0.93609295785832
3.8174553311925 0.93586683667221
3.8174569900682 0.93563033002383
3.8174586489439 0.93495982112486
3.8174603078196 0.93428931222589
3.8174619666953 0.9380145858435
3.8174636255709 0.94174847913882
3.8174652844466 0.94249034326935
3.8174669433223 0.94314858343704
3.817468602198 0.9439603744988
3.8174702610736 0.94478063701622
3.8174719199493 0.9454437150532
3.817473578825 0.94609363457013
3.8174752377007 0.94527396737268
3.8174768965763 0.94428716955924
3.817478555452 0.94272542571973
3.8174802143277 0.94108015892202
3.8174818732034 0.94179503463714
3.8174835320791 0.94293111746279
3.8174851909547 0.94154993704119
3.8174868498304 0.93963131076435
3.8174885087061 0.94206181160613
3.8174901675818 0.94558166881146
3.8174918264574 0.94105022706373
3.8174934853331 0.93418754075861
3.8174951442088 0.93533783874735
3.8174968030845 0.93914021165761
3.8174984619602 0.94265809348216
3.8175001208358 0.94606932261396
3.8175017797115 0.94805562233658
3.8175034385872 0.94944115616093
3.8175050974629 0.95008853147591
3.8175067563385 0.95038799281521
3.8175084152142 0.95155858088027
3.8175100740899 0.95318592849742
3.8175117329656 0.95225139204826
3.8175133918413 0.94982824643848
3.8175150507169 0.94975822977018
3.8175167095926 0.95119847413627
3.8175183684683 0.95353782120061
3.817520027344 0.95651285186342
3.8175216862196 0.95167314670385
3.8175233450953 0.94075886415078
3.817525003971 0.9352722579466
3.8175266628467 0.93441655660342
3.8175283217224 0.92680880512614
3.817529980598 0.91288557668311
3.8175316394737 0.90351366512665
3.8175332983494 0.89880553538875
3.8175349572251 0.89593926618227
3.8175366161007 0.8951397907436
3.8175382749764 0.89053669279297
3.8175399338521 0.88125929003247
3.8175415927278 0.86355314959872
3.8175432516035 0.83449968086952
3.8175449104791 0.80595198338776
3.8175465693548 0.77815072384185
3.8175482282305 0.75402420764431
3.8175498871062 0.73585044184123
3.8175515459818 0.73009777397393
3.8175532048575 0.746459953179
3.8175548637332 0.76786086390777
3.8175565226089 0.79914479021785
3.8175581814846 0.82964329499434
3.8175598403602 0.85844070296423
3.8175614992359 0.8845691551577
3.8175631581116 0.90429349007434
3.8175648169873 0.9196952810163
3.8175664758629 0.92355985390727
3.8175681347386 0.92644083178565
3.8175697936143 0.92638839143228
3.81757145249 0.92847780405084
3.8175731113657 0.93774732089952
3.8175747702413 0.94528187738515
3.817576429117 0.9462308591387
3.8175780879927 0.94656543539674
3.8175797468684 0.9442358708208
3.817581405744 0.94169405567583
3.8175830646197 0.93808912516929
3.8175847234954 0.93433648265708
3.8175863823711 0.92971690638074
3.8175880412468 0.92500153383957
3.8175897001224 0.91961455465949
3.8175913589981 0.91343205166275
3.8175930178738 0.90041186431226
3.8175946767495 0.8888030567741
3.8175963356251 0.89263698415379
3.8175979945008 0.89617296020458
3.8175996533765 0.89530425473148
3.8176013122522 0.89453631714592
3.8176029711279 0.89600501840025
3.8176046300035 0.89743453311805
3.8176062888792 0.89719641631395
3.8176079477549 0.89696463779366
3.8176096066306 0.89888108645855
3.8176112655062 0.90079753512344
3.8176129243819 0.90020457159405
3.8176145832576 0.89956836578325
3.8176162421333 0.89852716816277
3.817617901009 0.89747052939871
3.8176195598846 0.89369580125056
3.8176212187603 0.88975879779709
3.817622877636 0.89042511639742
3.8176245365117 0.89146949567349
3.8176261953873 0.88459344187956
3.817627854263 0.87688329108831
3.8176295131387 0.88396220601116
3.8176311720144 0.89295459953445
3.8176328308901 0.88960300500266
3.8176344897657 0.88434609208686
3.8176361486414 0.87645728331963
3.8176378075171 0.86809390343405
3.8176394663928 0.86402509558155
3.8176411252684 0.86084645181308
3.8176427841441 0.86396843458662
3.8176444430198 0.86857290519222
3.8176461018955 0.86407650913846
3.8176477607712 0.85717305654547
3.8176494196468 0.85573300249259
3.8176510785225 0.85590392825793
3.8176527373982 0.8575901802209
3.8176543962739 0.85977119681231
3.8176560551495 0.86622625755723
3.8176577140252 0.87421807288001
3.8176593729009 0.88049373834341
3.8176610317766 0.88609319012146
3.8176626906523 0.89136639228757
3.8176643495279 0.89649930013323
3.8176660084036 0.90167464909084
3.8176676672793 0.90686984843241
3.817669326155 0.90433907334285
3.8176709850306 0.89789011225804
3.8176726439063 0.89405291052321
3.817674302782 0.8916480660706
3.8176759616577 0.89405539008679
3.8176776205334 0.89931051534584
3.817679279409 0.90808361731682
3.8176809382847 0.9190987046886
3.8176825971604 0.92530445847638
3.8176842560361 0.92821538265336
3.8176859149117 0.93504001622479
3.8176875737874 0.94474308545949
3.8176892326631 0.94829556059464
3.8176908915388 0.94699808814038
3.8176925504145 0.94977822580302
3.8176942092901 0.95600236948586
3.8176958681658 0.95730093801571
3.8176975270415 0.9541483072704
3.8176991859172 0.94565808220928
3.8177008447928 0.93201008717271
3.8177025036685 0.92662928847058
3.8177041625442 0.92978680474378
3.8177058214199 0.93009016737369
3.8177074802956 0.92724494574276
3.8177091391712 0.92658197709787
3.8177107980469 0.92848995764748
3.8177124569226 0.93346724606616
3.8177141157983 0.94230612373351
3.8177157746739 0.94910562005019
3.8177174335496 0.95316564417004
3.8177190924253 0.95174327061303
3.817720751301 0.94245611595783
3.8177224101767 0.93709554234233
3.8177240690523 0.93775286015972
3.817725727928 0.9387344298449
3.8177273868037 0.9402471062798
3.8177290456794 0.94212227847596
3.817730704555 0.94463232856622
3.8177323634307 0.94501334019402
3.8177340223064 0.94140463166199
3.8177356811821 0.93845326423018
3.8177373400578 0.93682122277344
3.8177389989334 0.93598442707448
3.8177406578091 0.93685881129693
3.8177423166848 0.9383091574412
3.8177439755605 0.94108975119497
3.8177456344361 0.94213937144631
3.8177472933118 0.938891074911
3.8177489521875 0.93542168268757
3.8177506110632 0.93136116403744
3.8177522699388 0.92845768354588
3.8177539288145 0.92889150104229
3.8177555876902 0.93064816205868
3.8177572465659 0.93653090308781
3.8177589054416 0.94145123927188
3.8177605643172 0.94311724230077
3.8177622231929 0.9430600982513
3.8177638820686 0.93666769878973
3.8177655409443 0.93136324239041
3.8177671998199 0.93042240911427
3.8177688586956 0.92855187510956
3.8177705175713 0.92259629288491
3.817772176447 0.91591959474518
3.8177738353227 0.90575475054118
3.8177754941983 0.8932432389084
3.817777153074 0.868170824375
3.8177788119497 0.84251223374389
3.8177804708254 0.81335802998564
3.817782129701 0.78511080759174
3.8177837885767 0.76293683258971
3.8177854474524 0.74347950260707
3.8177871063281 0.74465261823913
3.8177887652038 0.74777361350177
3.8177904240794 0.76787338178988
3.8177920829551 0.78873019285495
3.8177937418308 0.8172781102379
3.8177954007065 0.8458678822961
3.8177970595821 0.87496364409871
3.8177987184578 0.90342899504383
3.8178003773335 0.92256914167289
3.8178020362092 0.94105854987214
3.8178036950849 0.94728219742253
3.8178053539605 0.95316267926217
3.8178070128362 0.9502531715925
3.8178086717119 0.94758045948903
3.8178103305876 0.95419536263956
3.8178119894632 0.96060980901758
3.8178136483389 0.95090785688915
3.8178153072146 0.94120590476072
3.8178169660903 0.94399030422924
3.817818624966 0.94677715559425
3.8178202838416 0.94462619072777
3.8178219427173 0.94241270593498
3.817823601593 0.94654828410813
3.8178252604687 0.95084475482688
3.8178269193443 0.95612095678746
3.81782857822 0.96143462353538
3.8178302370957 0.9646565205317
3.8178318959714 0.96777107192407
3.8178335548471 0.96495760298937
3.8178352137227 0.96176132008535
3.8178368725984 0.95821996745123
3.8178385314741 0.95465169321158
3.8178401903498 0.95334285240896
3.8178418492254 0.95224117699625
3.8178435081011 0.94623800658513
3.8178451669768 0.93971750015766
3.8178468258525 0.9355703279151
3.8178484847282 0.93170698566129
3.8178501436038 0.92915386362065
3.8178518024795 0.9267760803255
3.8178534613552 0.92840902257587
3.8178551202309 0.93063674588565
3.8178567791065 0.93317122286088
3.8178584379822 0.93575570591001
3.8178600968579 0.93419448548186
3.8178617557336 0.93189584289172
3.8178634146093 0.93158236652035
3.8178650734849 0.93165199688702
3.8178667323606 0.92930199414631
3.8178683912363 0.92644800886796
3.817870050112 0.91108212454566
3.8178717089876 0.89291547336016
3.8178733678633 0.86997601866191
3.817875026739 0.84589297003474
3.8178766856147 0.81757974136367
3.8178783444904 0.78818543606197
3.817880003366 0.76526180449796
3.8178816622417 0.74409636634872
3.8178833211174 0.74427044730918
3.8178849799931 0.7505931899271
3.8178866388687 0.77484031836354
3.8178882977444 0.80454994824456
3.8178899566201 0.82974051715814
3.8178916154958 0.85347789721523
3.8178932743715 0.8741938525049
3.8178949332471 0.89388659086612
3.8178965921228 0.90682776708653
3.8178982509985 0.91736580374767
3.8178999098742 0.92809879656148
3.8179015687498 0.93890459000821
3.8179032276255 0.94562846305231
3.8179048865012 0.95075558890232
3.8179065453769 0.95115140179144
3.8179082042526 0.94961187783859
3.8179098631282 0.94575853214349
3.8179115220039 0.94091654972191
3.8179131808796 0.9384205345231
3.8179148397553 0.93696991209372
3.8179164986309 0.93386883507879
3.8179181575066 0.93000157647001
3.8179198163823 0.91824846327781
3.817921475258 0.90268628274125
3.8179231341337 0.87944663120483
3.8179247930093 0.8523528061984
3.817926451885 0.82671826824513
3.8179281107607 0.80184441102642
3.8179297696364 0.77455353501918
3.817931428512 0.74595576063883
3.8179330873877 0.72925259374772
3.8179347462634 0.71921536098739
3.8179364051391 0.72636477957523
3.8179380640148 0.74348590676277
3.8179397228904 0.77034920203306
3.8179413817661 0.80306023197274
3.8179430406418 0.8297812455574
3.8179446995175 0.85278569360596
3.8179463583931 0.87301535809308
3.8179480172688 0.89146657700263
3.8179496761445 0.9016414023851
3.8179513350202 0.90634094589625
3.8179529938959 0.90985793948717
3.8179546527715 0.91256805544239
3.8179563116472 0.92191409654424
3.8179579705229 0.93592665712888
3.8179596293986 0.93912208948012
3.8179612882742 0.93448197915858
3.8179629471499 0.93100115060777
3.8179646060256 0.92838471593659
3.8179662649013 0.92276969132726
3.817967923777 0.91485473878398
3.8179695826526 0.90991425484342
3.8179712415283 0.90731944706887
3.817972900404 0.91355735806214
3.8179745592797 0.92695238957808
3.8179762181553 0.93363828635766
3.817977877031 0.93474171681786
3.8179795359067 0.9327643583295
3.8179811947824 0.92815586420803
3.8179828536581 0.92516464164398
3.8179845125337 0.92359005443068
3.8179861714094 0.91951213615694
3.8179878302851 0.91318582223551
3.8179894891608 0.90864932912984
3.8179911480364 0.90575995462822
3.8179928069121 0.90266362354727
3.8179944657878 0.89937222734757
3.8179961246635 0.89929450822744
3.8179977835392 0.90231739163801
3.8179994424148 0.90363105855637
3.8180011012905 0.90325760533196
3.8180027601662 0.90251191148312
3.8180044190419 0.90139045697863
3.8180060779175 0.89782506084546
3.8180077367932 0.89173842222367
3.8180093956689 0.88891023061353
3.8180110545446 0.88951665343697
3.8180127134203 0.88745992983241
3.8180143722959 0.88253699955535
3.8180160311716 0.88226996183993
3.8180176900473 0.88711741150049
3.818019348923 0.89227902138903
3.8180210077986 0.89779268644205
3.8180226666743 0.90370550843986
3.81802432555 0.91007440749468
3.8180259844257 0.91384369298085
3.8180276433014 0.91458548414541
3.818029302177 0.91525405353597
3.8180309610527 0.91583575269438
3.8180326199284 0.91021136537071
3.8180342788041 0.89709008523582
3.8180359376797 0.88890199240799
3.8180375965554 0.88677945296459
3.8180392554311 0.88592280182652
3.8180409143068 0.88664930954835
3.8180425731824 0.89312930139481
3.8180442320581 0.90692561814105
3.8180458909338 0.91460364881188
3.8180475498095 0.91437359036109
3.8180492086852 0.91363256928583
3.8180508675608 0.91222071202748
3.8180525264365 0.91238112309158
3.8180541853122 0.91463750666186
3.8180558441879 0.91799145890671
3.8180575030635 0.92283055303292
3.8180591619392 0.92985634076751
3.8180608208149 0.93988339897308
3.8180624796906 0.94682692190152
3.8180641385663 0.94947911940246
3.8180657974419 0.95280181541608
3.8180674563176 0.95707017865456
3.8180691151933 0.95968357952856
3.818070774069 0.95993270399636
3.8180724329446 0.95872369239303
3.8180740918203 0.95540547077823
3.818075750696 0.95311603517783
3.8180774095717 0.95233261057024
3.8180790684474 0.95302988365827
3.818080727323 0.95591955420784
3.8180823861987 0.96115290538948
3.8180840450744 0.96989490916701
3.8180857039501 0.973485004487
3.8180873628257 0.96928100935188
3.8180890217014 0.97420319525081
3.8180906805771 0.99307000508346
3.8180923394528 0.995204966094
3.8180939983285 0.97153243039061
3.8180956572041 0.95582104392015
3.8180973160798 0.95250039224948
3.8180989749555 0.95282924912178
3.8181006338312 0.95888654930939
3.8181022927068 0.95925485245766
3.8181039515825 0.95062239404069
3.8181056104582 0.94718319117183
3.8181072693339 0.95202119410991
3.8181089282096 0.95674367093977
3.8181105870852 0.96128072807806
3.8181122459609 0.96437625201708
3.8181139048366 0.96514320641862
3.8181155637123 0.96692589056955
3.8181172225879 0.97035924767907
3.8181188814636 0.97011010728074
3.8181205403393 0.96384472048412
3.818122199215 0.96138945625273
3.8181238580907 0.96518952069091
3.8181255169663 0.96471078690498
3.818127175842 0.95717676691702
3.8181288347177 0.95370440734466
3.8181304935934 0.95695568919279
3.818132152469 0.95864854282441
3.8181338113447 0.95775333576057
3.8181354702204 0.96119820340561
3.8181371290961 0.97187071736784
3.8181387879718 0.97629915803105
3.8181404468474 0.97030431236259
3.8181421057231 0.96285526022572
3.8181437645988 0.9529746940621
3.8181454234745 0.95197364869558
3.8181470823501 0.96583807026803
3.8181487412258 0.97530270907421
3.8181504001015 0.97739664552553
3.8181520589772 0.97819520337456
3.8181537178529 0.97682312533305
3.8181553767285 0.97264703511448
3.8181570356042 0.963774609628
3.8181586944799 0.95787119424139
3.8181603533556 0.95693603373223
3.8181620122312 0.95678764940016
3.8181636711069 0.95795390488899
3.8181653299826 0.95859769924219
3.8181669888583 0.9583701340692
3.818168647734 0.95817917893867
3.8181703066096 0.95804913293932
3.8181719654853 0.95879393382901
3.818173624361 0.96098985839646
3.8181752832367 0.96123334621551
3.8181769421123 0.95824988921906
3.818178600988 0.95531478097576
3.8181802598637 0.95245925103503
3.8181819187394 0.94717916497811
3.8181835776151 0.93792658475187
3.8181852364907 0.93233086982584
3.8181868953664 0.93269610742037
3.8181885542421 0.93191061052124
3.8181902131178 0.92925965482951
3.8181918719934 0.92957152302431
3.8181935308691 0.93465651550107
3.8181951897448 0.93818243156929
3.8181968486205 0.93921328982721
3.8181985074962 0.94113854788195
3.8182001663718 0.94448512597097
3.8182018252475 0.94718655863186
3.8182034841232 0.94887068749899
3.8182051429989 0.9508457142092
3.8182068018745 0.95327572804539
3.8182084607502 0.95516199029185
3.8182101196259 0.95620513963509
3.8182117785016 0.95839581921199
3.8182134373773 0.96234944141654
3.8182150962529 0.96184234321476
3.8182167551286 0.95454897071221
3.8182184140043 0.95168093335342
3.81822007288 0.95547730720796
3.8182217317556 0.95897656425516
3.8182233906313 0.96203313323715
3.818225049507 0.96813571262953
3.8182267083827 0.97872673513515
3.8182283672584 0.97905136592922
3.818230026134 0.9644249261544
3.8182316850097 0.95648757779297
3.8182333438854 0.95817416353142
3.8182350027611 0.95850611167709
3.8182366616367 0.95691359466862
3.8182383205124 0.95869575594761
3.8182399793881 0.96521012001382
3.8182416382638 0.96864906183109
3.8182432971395 0.96783416419306
3.8182449560151 0.96925878443036
3.8182466148908 0.97373776777066
3.8182482737665 0.97253795323411
3.8182499326422 0.96370529125472
3.8182515915178 0.95896721874659
3.8182532503935 0.95965102959688
3.8182549092692 0.95941601905171
3.8182565681449 0.95798320447012
3.8182582270206 0.95673097115073
3.8182598858962 0.95571041803674
3.8182615447719 0.95475605092757
3.8182632036476 0.95388522311034
3.8182648625233 0.95346941028732
3.8182665213989 0.95361822970334
3.8182681802746 0.94957112128515
3.8182698391503 0.94040683508818
3.818271498026 0.92693117314621
3.8182731569017 0.90829065609795
3.8182748157773 0.89410420987516
3.818276474653 0.88515637680086
3.8182781335287 0.88477778853004
3.8182797924044 0.89429076665163
3.81828145128 0.90223004732418
3.8182831101557 0.90838771263348
3.8182847690314 0.91731911698063
3.8182864279071 0.92932926506815
3.8182880867828 0.93953264550857
3.8182897456584 0.94777054247049
3.8182914045341 0.95286321163696
3.8182930634098 0.95460481777142
3.8182947222855 0.95741637746762
3.8182963811611 0.96134402938736
3.8182980400368 0.96630872741957
3.8182996989125 0.97233196781854
3.8183013577882 0.97388262902735
3.8183030166639 0.97096839141494
3.8183046755395 0.96829666409463
3.8183063344152 0.96586161720452
3.8183079932909 0.95806873591255
3.8183096521666 0.94516652978452
3.8183113110422 0.9375362191247
3.8183129699179 0.93481547944092
3.8183146287936 0.93484023466234
3.8183162876693 0.9373604865642
3.8183179465449 0.93703026341997
3.8183196054206 0.93417228048123
3.8183212642963 0.92531559140859
3.818322923172 0.91127200639741
3.8183245820477 0.90492459561584
3.8183262409233 0.90506204612651
3.818327899799 0.9015170731853
3.8183295586747 0.89495023854011
3.8183312175504 0.88955510864796
3.818332876426 0.88509598220843
3.8183345353017 0.86981456587104
3.8183361941774 0.8461226036217
3.8183378530531 0.82984524752041
3.8183395119288 0.81917009896236
3.8183411708044 0.81284504316355
3.8183428296801 0.80971335014859
3.8183444885558 0.81664837035065
3.8183461474315 0.8307595348135
3.8183478063071 0.84962676940401
3.8183494651828 0.87178349934996
3.8183511240585 0.89263317389753
3.8183527829342 0.91260608869031
3.8183544418099 0.92232934363522
3.8183561006855 0.925390608375
3.8183577595612 0.92405755020416
3.8183594184369 0.91995910539482
3.8183610773126 0.92697749757051
3.8183627361882 0.94076506456541
3.8183643950639 0.95070962997952
3.8183660539396 0.95839189783958
3.8183677128153 0.95891718740608
3.818369371691 0.95537218061547
3.8183710305666 0.95296067294273
3.8183726894423 0.95117126564397
3.818374348318 0.94960768051967
3.8183760071937 0.94816360563902
3.8183776660693 0.95044344054389
3.818379324945 0.95462171538975
3.8183809838207 0.95520767410504
3.8183826426964 0.95403106617749
3.8183843015721 0.95081264226191
3.8183859604477 0.94663129208304
3.8183876193234 0.94798811922301
3.8183892781991 0.95185283967639
3.8183909370748 0.95336058692537
3.8183925959504 0.95384477693503
3.8183942548261 0.95096981412069
3.8183959137018 0.94669778934539
3.8183975725775 0.9452926120101
3.8183992314532 0.94502788430717
3.8184008903288 0.94755616441251
3.8184025492045 0.95114555187689
3.8184042080802 0.94532872581984
3.8184058669559 0.93610470829523
3.8184075258315 0.9161164157626
3.8184091847072 0.89241719993547
3.8184108435829 0.89178148873182
3.8184125024586 0.89869993407635
3.8184141613343 0.9140796900417
3.8184158202099 0.93208639224493
3.8184174790856 0.95636007481926
3.8184191379613 0.9824741757959
3.818420796837 0.9826646464742
3.8184224557126 0.97567055867721
3.8184241145883 0.96484812212437
3.818425773464 0.95302741571255
3.8184274323397 0.95117283926461
3.8184290912154 0.95175637529364
3.818430750091 0.94427326887415
3.8184324089667 0.93494510923013
3.8184340678424 0.93008380471856
3.8184357267181 0.92617401498625
3.8184373855937 0.9241987123751
3.8184390444694 0.92260560249727
3.8184407033451 0.92081341825615
3.8184423622208 0.9189849498644
3.8184440210965 0.922335238701
3.8184456799721 0.92655150820112
3.8184473388478 0.91153991134022
3.8184489977235 0.89359854429882
3.8184506565992 0.89643288392438
3.8184523154748 0.90212958961303
3.8184539743505 0.9066648597485
3.8184556332262 0.91105689747183
3.8184572921019 0.91755626292186
3.8184589509776 0.92428557699315
3.8184606098532 0.92857107122218
3.8184622687289 0.93262414073848
3.8184639276046 0.93674777426968
3.8184655864803 0.94087714709832
3.8184672453559 0.94342523234731
3.8184689042316 0.94586625551286
3.8184705631073 0.94770340862378
3.818472221983 0.94950776510809
3.8184738808587 0.94720358830463
3.8184755397343 0.94473054226202
3.81847719861 0.94583204436382
3.8184788574857 0.94703391341133
3.8184805163614 0.95428946828941
3.818482175237 0.96163751526747
3.8184838341127 0.96051285404382
3.8184854929884 0.95933029422476
