3.8159103494733 0.996972
3.8159120083489 0.99348638610316
3.8159136672246 0.99012404150618
3.8159153261003 0.98775090369647
3.815916984976 0.98530447563331
3.8159186438517 0.98260082357685
3.8159203027273 0.98041832989874
3.815921961603 0.97928056617913
3.8159236204787 0.97667502758816
3.8159252793544 0.972231663854
3.81592693823 0.97177430742768
3.8159285971057 0.97450818613622
3.8159302559814 0.97589642747835
3.8159319148571 0.97661238051847
3.8159335737328 0.98040340640937
3.8159352326084 0.98506961100384
3.8159368914841 0.9852878036145
3.8159385503598 0.98495334114288
3.8159402092355 0.9826990933181
3.8159418681111 0.98083215742677
3.8159435269868 0.98197313333247
3.8159451858625 0.98280123478639
3.8159468447382 0.98255914430702
3.8159485036139 0.97336257244924
3.8159501624895 0.94666659611714
3.8159518213652 0.92508091385002
3.8159534802409 0.90971738316032
3.8159551391166 0.88684166673075
3.8159567979922 0.85814652816795
3.8159584568679 0.82665211908006
3.8159601157436 0.79381705016988
3.8159617746193 0.76463724938915
3.815963433495 0.7364351185664
3.8159650923706 0.7277931467252
3.8159667512463 0.7216636204915
3.815968410122 0.74084382738017
3.8159700689977 0.76252384972781
3.8159717278733 0.80120235246968
3.815973386749 0.83942031400861
3.8159750456247 0.87619222141346
3.8159767045004 0.90918286118231
3.8159783633761 0.93530420930743
3.8159800222517 0.95361239108436
3.8159816811274 0.96306180516308
3.8159833400031 0.97172237958185
3.8159849988788 0.97981730054278
3.8159866577544 0.98355852686572
3.8159883166301 0.98540053282687
3.8159899755058 0.98318363109585
3.8159916343815 0.98001636545567
3.8159932932572 0.98019369918166
3.8159949521328 0.98051437669216
3.8159966110085 0.97760758911054
3.8159982698842 0.97515444807894
3.8159999287599 0.9752096072328
3.8160015876355 0.97240371934525
3.8160032465112 0.96177156970828
3.8160049053869 0.95476261247283
3.8160065642626 0.95360569747698
3.8160082231383 0.95049455166755
3.8160098820139 0.94540716018346
3.8160115408896 0.94195276795622
3.8160131997653 0.93953303526521
3.816014858641 0.94137903915111
3.8160165175166 0.94482505479561
3.8160181763923 0.94700581428472
3.816019835268 0.94894993991459
3.8160214941437 0.95016032045665
3.8160231530194 0.95090858361495
3.816024811895 0.94622429619978
3.8160264707707 0.94146885699643
3.8160281296464 0.93640796084195
3.8160297885221 0.93228486004747
3.8160314473977 0.93030196910667
3.8160331062734 0.92701424963588
3.8160347651491 0.92192875055418
3.8160364240248 0.92113371470829
3.8160380829005 0.92404424260589
3.8160397417761 0.92625844896915
3.8160414006518 0.92810218314211
3.8160430595275 0.92904652703877
3.8160447184032 0.92972077370381
3.8160463772788 0.92571446730031
3.8160480361545 0.9211138851848
3.8160496950302 0.92205053065823
3.8160513539059 0.92287751273979
3.8160530127816 0.92289025738968
3.8160546716572 0.92208565632399
3.8160563305329 0.91862849835532
3.8160579894086 0.91723263837643
3.8160596482843 0.91962307943633
3.8160613071599 0.92222584907303
3.8160629660356 0.92506845020474
3.8160646249113 0.93050203471052
3.816066283787 0.93776004687331
3.8160679426627 0.93887531081582
3.8160696015383 0.93741024993625
3.816071260414 0.94210077656873
3.8160729192897 0.94812718310327
3.8160745781654 0.95015027709784
3.816076237041 0.9519889292168
3.8160778959167 0.95505522543768
3.8160795547924 0.95733982968245
3.8160812136681 0.95593864707185
3.8160828725438 0.95301537235397
3.8160845314194 0.9464191973709
3.8160861902951 0.93994578730141
3.8160878491708 0.93364820580528
3.8160895080465 0.92985066116832
3.8160911669221 0.92827485889676
3.8160928257978 0.92949240078602
3.8160944846735 0.9322280600338
3.8160961435492 0.93997214002388
3.8160978024249 0.94924245206988
3.8160994613005 0.95952906209462
3.8161011201762 0.96990759952743
3.8161027790519 0.97030898019364
3.8161044379276 0.97109866624801
3.8161060968032 0.97465757447475
3.8161077556789 0.97892496340948
3.8161094145546 0.98541070674942
3.8161110734303 0.99031497614351
3.816112732306 0.99242382485354
3.8161143911816 0.99439422400161
3.8161160500573 0.99621504193858
3.816117708933 0.9961389547703
3.8161193678087 0.99479933199787
3.8161210266843 0.99833167121691
3.81612268556 1.003760329758
3.8161243444357 1.0031662263331
3.8161260033114 1.0014216505343
3.8161276621871 0.99935384335579
3.8161293210627 0.99746415634426
3.8161309799384 0.99779290662089
3.8161326388141 0.9976406658727
3.8161342976898 0.99556104873552
3.8161359565654 0.99429735203869
3.8161376154411 0.9947671379773
3.8161392743168 0.99122276424651
3.8161409331925 0.98257907598958
3.8161425920682 0.97501191589107
3.8161442509438 0.96828697356438
3.8161459098195 0.96024770428073
3.8161475686952 0.95159499026309
3.8161492275709 0.94963284920315
3.8161508864465 0.94931619237988
3.8161525453222 0.9601999778797
3.8161542041979 0.97176359038495
3.8161558630736 0.97805916879486
3.8161575219493 0.98507664083584
3.8161591808249 0.9957223031102
3.8161608397006 1.0033914490944
3.8161624985763 1.0036783844154
3.816164157452 1.0019017471922
3.8161658163276 0.99714168983321
3.8161674752033 0.99377856413052
3.816169134079 0.99165157888585
3.8161707929547 0.98816020140924
3.8161724518304 0.9839415130908
3.816174110706 0.98564030190139
3.8161757695817 0.98906480168492
3.8161774284574 0.98726832935212
3.8161790873331 0.98495188254449
3.8161807462087 0.98711093940755
3.8161824050844 0.98900844551391
3.8161840639601 0.98930990407434
3.8161857228358 0.98942725293658
3.8161873817115 0.98902937175433
3.8161890405871 0.98887974482122
3.8161906994628 0.9891253139826
3.8161923583385 0.99114484631738
3.8161940172142 0.99487872170604
3.8161956760898 0.99781080844509
3.8161973349655 1.0002748405207
3.8161989938412 0.99782319336231
3.8162006527169 0.99377123755889
3.8162023115925 0.99478061820171
3.8162039704682 0.99649243101372
3.8162056293439 0.99325413574708
3.8162072882196 0.99085460275034
3.8162089470953 0.99437024405937
3.8162106059709 0.99663160076525
3.8162122648466 0.99508387217035
3.8162139237223 0.99382355748062
3.816215582598 0.99304965466309
3.8162172414736 0.99087962020958
3.8162189003493 0.98728647300897
3.816220559225 0.9839707353794
3.8162222181007 0.98082564184317
3.8162238769764 0.97551551026306
3.816225535852 0.96945730961205
3.8162271947277 0.96429588543195
3.8162288536034 0.95927155051852
3.8162305124791 0.95947006718697
3.8162321713547 0.95861762022275
3.8162338302304 0.94944306587784
3.8162354891061 0.94669849239777
3.8162371479818 0.9642234251787
3.8162388068575 0.97637271887459
3.8162404657331 0.97919230515233
3.8162421246088 0.98520608326189
3.8162437834845 0.99453832791731
3.8162454423602 0.99393932334443
3.8162471012358 0.98713512219736
3.8162487601115 0.98761897141948
3.8162504189872 0.99065572755387
3.8162520778629 0.99458177821227
3.8162537367386 0.99864556889838
3.8162553956142 0.99359458039868
3.8162570544899 0.98893551042065
3.8162587133656 0.98784445840772
3.8162603722413 0.98766020023561
3.8162620311169 0.99030831359124
3.8162636899926 0.99056977406029
3.8162653488683 0.98673854275104
3.816267007744 0.98470657058574
3.8162686666197 0.98451552495319
3.8162703254953 0.98195625930297
3.816271984371 0.97794783687379
3.8162736432467 0.97341714998191
3.8162753021224 0.96870917977122
3.816276960998 0.9728729370727
3.8162786198737 0.97832797382301
3.8162802787494 0.9798007688339
3.8162819376251 0.98211479010869
3.8162835965008 0.99027715633544
3.8162852553764 0.99797348797672
3.8162869142521 1.0042924311992
3.8162885731278 1.005931256227
3.8162902320035 0.99992473624553
3.8162918908791 0.99799152659978
3.8162935497548 1.000023166371
3.8162952086305 0.99571007391082
3.8162968675062 0.98773227987363
3.8162985263819 0.98765498125629
3.8163001852575 0.99005650022747
3.8163018441332 0.98344311344483
3.8163035030089 0.97575522320912
3.8163051618846 0.97144287613507
3.8163068207602 0.96732185008959
3.8163084796359 0.96433920699664
3.8163101385116 0.96139351836872
3.8163117973873 0.95854687857126
3.816313456263 0.955549413423
3.8163151151386 0.95232541374001
3.8163167740143 0.94684776463057
3.81631843289 0.93935376902615
3.8163200917657 0.93076443616748
3.8163217506413 0.92160077533546
3.816323409517 0.91000568292358
3.8163250683927 0.89774224896011
3.8163267272684 0.90568698277485
3.8163283861441 0.91544724434264
3.8163300450197 0.92260524783834
3.8163317038954 0.93218718884307
3.8163333627711 0.95357568992237
3.8163350216468 0.97153289573338
3.8163366805224 0.98145451050726
3.8163383393981 0.98831097033086
3.8163399982738 0.99107551520757
3.8163416571495 0.99133083143517
3.8163433160252 0.9895940104812
3.8163449749008 0.99144785586334
3.8163466337765 0.99493931272353
3.8163482926522 0.99440363201218
3.8163499515279 0.99296115414957
3.8163516104035 0.99424688605386
3.8163532692792 0.99583465127218
3.8163549281549 0.99920661626454
3.8163565870306 1.0008211553752
3.8163582459063 0.99563675461173
3.8163599047819 0.9920172089565
3.8163615636576 0.99149898826065
3.8163632225333 0.99173710299897
3.816364881409 0.99284365831912
3.8163665402846 0.99044965029804
3.8163681991603 0.98568016368275
3.816369858036 0.97976574706742
3.8163715169117 0.97341952954456
3.8163731757874 0.9732886070222
3.816374834663 0.9741974709385
3.8163764935387 0.97085068123373
3.8163781524144 0.96780056782637
3.8163798112901 0.96737361532614
3.8163814701657 0.96611522051278
3.8163831290414 0.96234995873932
3.8163847879171 0.95888645725539
3.8163864467928 0.95591502212507
3.8163881056685 0.95540815156258
3.8163897645441 0.95725653415957
3.8163914234198 0.95879579087518
3.8163930822955 0.96016317773212
3.8163947411712 0.9661890706446
3.8163964000468 0.97357402130365
3.8163980589225 0.96868447019209
3.8163997177982 0.96294628221765
3.8164013766739 0.96820769915484
3.8164030355496 0.97259658702049
3.8164046944252 0.97270633036965
3.8164063533009 0.97094848781723
3.8164080121766 0.96486131291615
3.8164096710523 0.95911491418995
3.8164113299279 0.95381382214978
3.8164129888036 0.94980943471949
3.8164146476793 0.94680021728116
3.816416306555 0.94733068294717
3.8164179654307 0.94939127765874
3.8164196243063 0.95369690046437
3.816421283182 0.95845985377357
3.8164229420577 0.96407708281436
3.8164246009334 0.96931341700898
3.816426259809 0.97066851582145
3.8164279186847 0.97235132652792
3.8164295775604 0.97513611328779
3.8164312364361 0.97877705647405
3.8164328953118 0.98392502389402
3.8164345541874 0.98626874638499
3.8164362130631 0.98575767394351
3.8164378719388 0.98640694809763
3.8164395308145 0.98774100303328
3.8164411896901 0.98747020100093
3.8164428485658 0.98669919661393
3.8164445074415 0.98461840027467
3.8164461663172 0.98253939588187
3.8164478251929 0.98547601677431
3.8164494840685 0.98773201239441
3.8164511429442 0.98651011943543
3.8164528018199 0.9871231225513
3.8164544606956 0.99206453299183
3.8164561195712 0.99293854194629
3.8164577784469 0.98846138024271
3.8164594373226 0.98526563060331
3.8164610961983 0.98305181550723
3.816462755074 0.98300568840034
3.8164644139496 0.9838859169317
3.8164660728253 0.97786465044958
3.816467731701 0.97048135410713
3.8164693905767 0.96811295598944
3.8164710494523 0.96626412678382
3.816472708328 0.96752577190459
3.8164743672037 0.96858448469498
3.8164760260794 0.9689995221085
3.816477684955 0.96975265587412
3.8164793438307 0.9710697443718
3.8164810027064 0.96924091201336
3.8164826615821 0.96439060924089
3.8164843204578 0.95462422467035
3.8164859793334 0.94215756311529
3.8164876382091 0.92221172534027
3.8164892970848 0.9001682955118
3.8164909559605 0.87692556864519
3.8164926148361 0.85420383747044
3.8164942737118 0.84287017787648
3.8164959325875 0.83749638840298
3.8164975914632 0.85780841526137
3.8164992503389 0.87883179146767
3.8165009092145 0.90133656041224
3.8165025680902 0.91982947789777
3.8165042269659 0.93362388299208
3.8165058858416 0.94908359738483
3.8165075447172 0.96566779448411
3.8165092035929 0.97315577781025
3.8165108624686 0.97733731878363
3.8165125213443 0.97916081258209
3.81651418022 0.98061804346663
3.8165158390956 0.98002978346329
3.8165174979713 0.97917596772525
3.816519156847 0.97673848642003
3.8165208157227 0.97472741582587
3.8165224745983 0.97380948994288
3.816524133474 0.97247666155247
3.8165257923497 0.97056548044574
3.8165274512254 0.96728236547104
3.8165291101011 0.96289922013858
3.8165307689767 0.95899023830925
3.8165324278524 0.9552918965264
3.8165340867281 0.95446602094231
3.8165357456038 0.95422868298105
3.8165374044794 0.9580834074013
3.8165390633551 0.96190924739558
3.8165407222308 0.96432915171665
3.8165423811065 0.96629714246457
3.8165440399822 0.96686053817121
3.8165456988578 0.9647744795853
3.8165473577335 0.95839298978437
3.8165490166092 0.95330988648531
3.8165506754849 0.94942670519575
3.8165523343605 0.94760371695929
3.8165539932362 0.9468511081435
3.8165556521119 0.94582455632112
3.8165573109876 0.94472804143265
3.8165589698633 0.94737783124153
3.8165606287389 0.95007410603045
3.8165622876146 0.95010258403077
3.8165639464903 0.94967844616068
3.816565605366 0.94758064095778
3.8165672642416 0.94226320955554
3.8165689231173 0.93101547784633
3.816570581993 0.9164360077496
3.8165722408687 0.89840341689061
3.8165738997444 0.88234864531294
3.81657555862 0.86745361582076
3.8165772174957 0.86056086334728
3.8165788763714 0.85606090206159
3.8165805352471 0.8675597900763
3.8165821941227 0.88078801178722
3.8165838529984 0.89662379364408
3.8165855118741 0.91283354731733
3.8165871707498 0.93064893360112
3.8165888296255 0.94301879090401
3.8165904885011 0.94427693091691
3.8165921473768 0.9452388019518
3.8165938062525 0.94586524188088
3.8165954651282 0.94170028959903
3.8165971240038 0.93446279858228
3.8165987828795 0.92938180561123
3.8166004417552 0.92502093088297
3.8166021006309 0.92445151536889
3.8166037595066 0.92409884547663
3.8166054183822 0.91585221400416
3.8166070772579 0.90690893852532
3.8166087361336 0.89460345762034
3.8166103950093 0.87856960351439
3.8166120538849 0.85433506710562
3.8166137127606 0.83191564079501
3.8166153716363 0.81168242103585
3.816617030512 0.80452566218288
3.8166186893877 0.80627693200847
3.8166203482633 0.8196273069204
3.816622007139 0.83713496353119
3.8166236660147 0.87166858857523
3.8166253248904 0.90811770360598
3.816626983766 0.92111701451423
3.8166286426417 0.93319627465461
3.8166303015174 0.94047944511237
3.8166319603931 0.94657896109276
3.8166336192688 0.949953582192
3.8166352781444 0.95278884454113
3.8166369370201 0.9549510173139
3.8166385958958 0.95534380788458
3.8166402547715 0.95449168826556
3.8166419136471 0.9524436837245
3.8166435725228 0.94995174178481
3.8166452313985 0.95371813108054
3.8166468902742 0.95828823096155
3.8166485491499 0.95472180473475
3.8166502080255 0.95089198320414
3.8166518669012 0.94564695825871
3.8166535257769 0.94068359414997
3.8166551846526 0.93637829913269
3.8166568435282 0.92899479157707
3.8166585024039 0.91773637918394
3.8166601612796 0.90626061061489
3.8166618201553 0.89463114846552
3.816663479031 0.89004953437
3.8166651379066 0.88808740528156
3.8166667967823 0.88846010105447
3.816668455658 0.88940812501983
3.8166701145337 0.90482762441752
3.8166717734093 0.9196474845132
3.816673432285 0.93130858045209
3.8166750911607 0.94128843291557
3.8166767500364 0.94740614877213
3.8166784089121 0.95259758301614
3.8166800677877 0.95664402398237
3.8166817266634 0.96037268013502
3.8166833855391 0.96388164301245
3.8166850444148 0.96476125349141
3.8166867032904 0.96469497072823
3.8166883621661 0.96322056060438
3.8166900210418 0.96163241391043
3.8166916799175 0.9632201944106
3.8166933387932 0.96534034358182
3.8166949976688 0.97008246637616
3.8166966565445 0.97288513066019
3.8166983154202 0.97144050691221
3.8166999742959 0.96897858675436
3.8167016331715 0.96531439921789
3.8167032920472 0.95979798081585
3.8167049509229 0.95306388324085
3.8167066097986 0.95206450142124
3.8167082686743 0.95299240647181
3.8167099275499 0.94741275035812
3.8167115864256 0.94119008845111
3.8167132453013 0.93817625652373
3.816714904177 0.93634322429196
3.8167165630526 0.93972337204664
3.8167182219283 0.94276229468917
3.816719880804 0.94510941885097
3.8167215396797 0.95020008999721
3.8167231985554 0.95830935963582
3.816724857431 0.9609387919376
3.8167265163067 0.96023919255479
3.8167281751824 0.95565312442553
3.8167298340581 0.94989409707388
3.8167314929337 0.95006150825929
3.8167331518094 0.95087858565293
3.8167348106851 0.95316073056077
3.8167364695608 0.95346786988965
3.8167381284365 0.94621843783032
3.8167397873121 0.94028310335786
3.8167414461878 0.93674769960609
3.8167431050635 0.93162196818388
3.8167447639392 0.92490950773233
3.8167464228148 0.92230190449071
3.8167480816905 0.92192952490544
3.8167497405662 0.91875151556364
3.8167513994419 0.91484781024177
3.8167530583176 0.90797959510041
3.8167547171932 0.9017475100345
3.8167563760689 0.90391150832712
3.8167580349446 0.9072274128951
3.8167596938203 0.91426470728387
3.8167613526959 0.92217922749834
3.8167630115716 0.93150123415926
3.8167646704473 0.93739037348502
3.816766329323 0.94025562928868
3.8167679881986 0.94245516770762
3.8167696470743 0.94434067868317
3.81677130595 0.94540504319504
3.8167729648257 0.94629818720984
3.8167746237014 0.95006214615755
3.816776282577 0.95295675372261
3.8167779414527 0.94919140083058
3.8167796003284 0.94663771982071
3.8167812592041 0.94732366996742
3.8167829180797 0.94854554042196
3.8167845769554 0.95050518770823
3.8167862358311 0.95261593885774
3.8167878947068 0.95484095716841
3.8167895535825 0.95783235091998
3.8167912124581 0.96112446907739
3.8167928713338 0.95994577991534
3.8167945302095 0.95802445312989
3.8167961890852 0.95261442505528
3.8167978479608 0.9474043737058
3.8167995068365 0.94320368616974
3.8168011657122 0.9407858799684
3.8168028245879 0.94225033589729
3.8168044834636 0.94207295846556
3.8168061423392 0.94000046012902
3.8168078012149 0.94413902089588
3.8168094600906 0.95218603751085
3.8168111189663 0.95605710381937
3.8168127778419 0.95863477709668
3.8168144367176 0.95474963594611
3.8168160955933 0.95069167910211
3.816817754469 0.95313079254487
3.8168194133447 0.95598535879936
3.8168210722203 0.96036980702804
3.816822731096 0.96300024645843
3.8168243899717 0.96256392338023
3.8168260488474 0.96361448550364
3.816827707723 0.9660692640355
3.8168293665987 0.96171726260088
3.8168310254744 0.95393386618133
3.8168326843501 0.95108804101154
3.8168343432258 0.94935913711811
3.8168360021014 0.94744252482906
3.8168376609771 0.9443484549047
3.8168393198528 0.93244450989422
3.8168409787285 0.91764566632793
3.8168426376041 0.89495736426893
3.8168442964798 0.87484436956729
3.8168459553555 0.85829235536343
3.8168476142312 0.84764687201592
3.8168492731069 0.84143854290272
3.8168509319825 0.84738491566952
3.8168525908582 0.85799869666214
3.8168542497339 0.87326643317462
3.8168559086096 0.88921924552853
3.8168575674852 0.90574607282486
3.8168592263609 0.91951493401038
3.8168608852366 0.92053768711251
3.8168625441123 0.92278376221244
3.816864202988 0.92751430209838
3.8168658618636 0.93068474158385
3.8168675207393 0.93217958288951
3.816869179615 0.93735719764104
3.8168708384907 0.94465657440068
3.8168724973663 0.94354719817622
3.816874156242 0.94016078489402
3.8168758151177 0.94295621887747
3.8168774739934 0.94520448078506
3.8168791328691 0.93815186767229
3.8168807917447 0.93121578619991
3.8168824506204 0.92463857713205
3.8168841094961 0.9181146427318
3.8168857683718 0.91167124346826
3.8168874272474 0.90402245574917
3.8168890861231 0.89539255354649
3.8168907449988 0.89050981275733
3.8168924038745 0.88719829579287
3.8168940627502 0.88703049680527
3.8168957216258 0.88740445132986
3.8168973805015 0.8896120856937
3.8168990393772 0.89140810916294
3.8169006982529 0.89112428100183
3.8169023571285 0.89081210510468
3.8169040160042 0.89043941843208
3.8169056748799 0.88759411698979
3.8169073337556 0.88199354259097
3.8169089926313 0.87145232579136
3.8169106515069 0.85797299719623
3.8169123103826 0.84391230541712
3.8169139692583 0.82968887476185
3.816915628134 0.82769409257349
3.8169172870096 0.82675753890571
3.8169189458853 0.82801691980603
3.816920604761 0.83158224371911
3.8169222636367 0.84226119625085
3.8169239225124 0.8521640624952
3.816925581388 0.86090078403244
3.8169272402637 0.86893246496072
3.8169288991394 0.87639769586092
3.8169305580151 0.8804075385098
3.8169322168907 0.88300291330112
3.8169338757664 0.88635503719195
3.8169355346421 0.88976142104334
3.8169371935178 0.89003195287443
3.8169388523935 0.89059759226704
3.8169405112691 0.89254942312121
3.8169421701448 0.89251087453442
3.8169438290205 0.88845131644191
3.8169454878962 0.88521493047796
3.8169471467718 0.88284631694934
3.8169488056475 0.87830664178908
3.8169504645232 0.8725599703825
3.8169521233989 0.8795086067962
3.8169537822746 0.88965747238993
3.8169554411502 0.88858670872634
3.8169571000259 0.88706187769055
3.8169587589016 0.88615169503799
3.8169604177773 0.88544044929784
3.8169620766529 0.88527391402522
3.8169637355286 0.88406017152372
3.8169653944043 0.88142416781531
3.81696705328 0.87962930232562
3.8169687121557 0.87844168604646
3.8169703710313 0.87744929438567
3.816972029907 0.87652637034593
3.8169736887827 0.86946380015879
3.8169753476584 0.86199018240741
3.816977006534 0.86026942194004
3.8169786654097 0.85845705647615
3.8169803242854 0.85629762816595
3.8169819831611 0.85303348838702
3.8169836420368 0.84785743794101
3.8169853009124 0.84549859273377
3.8169869597881 0.84570213690179
3.8169886186638 0.84182225649867
3.8169902775395 0.83603250065746
3.8169919364151 0.83209637230216
3.8169935952908 0.82851565039557
3.8169952541665 0.82123714029949
3.8169969130422 0.81343620279314
3.8169985719179 0.80284885658954
3.8170002307935 0.79337569227634
3.8170018896692 0.78634518802922
3.8170035485449 0.77845738884514
3.8170052074206 0.76960889340227
3.8170068662962 0.75940003078658
3.8170085251719 0.74839224170417
3.8170101840476 0.74232092222359
3.8170118429233 0.73757306282313
3.817013501799 0.71760054228714
3.8170151606746 0.69730855318131
3.8170168195503 0.68145291525215
3.817018478426 0.66553647039285
3.8170201373017 0.64945153489952
3.8170217961773 0.63184665717541
3.817023455053 0.61217978207289
3.8170251139287 0.59216782215467
3.8170267728044 0.57190961787561
3.8170284316801 0.55623431475976
3.8170300905557 0.54214432062589
3.8170317494314 0.52861690342685
3.8170334083071 0.51532105656273
3.8170350671828 0.50460019047434
3.8170367260584 0.49385627501797
3.8170383849341 0.48303161100512
3.8170400438098 0.47259323512859
3.8170417026855 0.46277978893569
3.8170433615611 0.45462647748481
3.8170450204368 0.44787556749979
3.8170466793125 0.44069721809696
3.8170483381882 0.43333770305069
3.8170499970639 0.42705857230282
3.8170516559395 0.42094528638964
3.8170533148152 0.41457294094287
3.8170549736909 0.40829945942818
3.8170566325666 0.40246492574957
3.8170582914422 0.39659539479986
3.8170599503179 0.39065930340136
3.8170616091936 0.38435848781267
3.8170632680693 0.37770090721524
3.817064926945 0.37363047674362
3.8170665858206 0.37085424544724
3.8170682446963 0.36785771207436
3.817069903572 0.36481533052311
3.8170715624477 0.36341935407104
3.8170732213233 0.3619142842906
3.817074880199 0.35969064292739
3.8170765390747 0.3573971565749
3.8170781979504 0.35494972478344
3.8170798568261 0.35233183998285
3.8170815157017 0.34952468620073
3.8170831745774 0.34788394906897
3.8170848334531 0.3469116904375
3.8170864923288 0.34810435247765
3.8170881512044 0.34984605610739
3.8170898100801 0.35238334230759
3.8170914689558 0.35499234856684
3.8170931278315 0.35787764850712
3.8170947867072 0.36137946025532
3.8170964455828 0.36643154848561
3.8170981044585 0.37081878842201
3.8170997633342 0.3743837529299
3.8171014222099 0.38014109727589
3.8171030810855 0.3873016332112
3.8171047399612 0.4002337737201
3.8171063988369 0.41486475765854
3.8171080577126 0.42948429406258
3.8171097165883 0.44417872962793
3.8171113754639 0.45956476721331
3.8171130343396 0.47501305863855
3.8171146932153 0.49063684413377
3.817116352091 0.5037680921309
3.8171180109666 0.51353019156236
3.8171196698423 0.52433882163797
3.817121328718 0.53587851267165
3.8171229875937 0.54506363674013
3.8171246464694 0.55347382560839
3.817126305345 0.55600173196307
3.8171279642207 0.55843250519575
3.8171296230964 0.56593321315327
3.8171312819721 0.57122949477467
3.8171329408477 0.56969936133563
3.8171345997234 0.56773456969873
3.8171362585991 0.5651399120284
3.8171379174748 0.56270858400514
3.8171395763505 0.56039915989674
3.8171412352261 0.5587064721854
3.8171428941018 0.55723376067082
3.8171445529775 0.55811928245764
3.8171462118532 0.55958850575721
3.8171478707288 0.56564967338928
3.8171495296045 0.57238311326411
3.8171511884802 0.58135099763211
3.8171528473559 0.58986688014007
3.8171545062316 0.59769418065786
3.8171561651072 0.60638759216684
3.8171578239829 0.61575758014619
3.8171594828586 0.62235340066864
3.8171611417343 0.62790612516746
3.8171628006099 0.63353847871158
3.8171644594856 0.6391700169987
3.8171661183613 0.64463098557721
3.817167777237 0.64934273583991
3.8171694361127 0.65144992455555
3.8171710949883 0.65382415011503
3.817172753864 0.65661745993586
3.8171744127397 0.65947596858254
3.8171760716154 0.66238671719127
3.817177730491 0.66125964949229
3.8171793893667 0.65857227490226
3.8171810482424 0.6652418868328
3.8171827071181 0.67306910770296
3.8171843659938 0.6804004611888
3.8171860248694 0.6888278713324
3.8171876837451 0.70113230677167
3.8171893426208 0.70887522008162
3.8171910014965 0.70939506755471
3.8171926603721 0.71095639945339
3.8171943192478 0.71335670815506
3.8171959781235 0.71627348084514
3.8171976369992 0.71939035655636
3.8171992958749 0.72435739271042
3.8172009547505 0.72945009162938
3.8172026136262 0.73268637071572
3.8172042725019 0.73596529419362
3.8172059313776 0.73939334593404
3.8172075902532 0.74436371763551
3.8172092491289 0.75174804132089
3.8172109080046 0.75727710682681
3.8172125668803 0.76133329345529
3.817214225756 0.76486642609293
3.8172158846316 0.76820134161191
3.8172175435073 0.77377495783488
3.817219202383 0.77921977030032
3.8172208612587 0.77856086476973
3.8172225201343 0.778010074791
3.81722417901 0.77782281634863
3.8172258378857 0.77811890960089
3.8172274967614 0.77914751816202
3.8172291556371 0.77853284752362
3.8172308145127 0.77665780815767
3.8172324733884 0.77286347059734
3.8172341322641 0.7683753916431
3.8172357911398 0.76685438130537
3.8172374500154 0.76548762383801
3.8172391088911 0.76201253226292
3.8172407677668 0.76090033602724
3.8172424266425 0.76722906081177
3.8172440855182 0.77493686462647
3.8172457443938 0.78462789007653
3.8172474032695 0.79568628004507
3.8172490621452 0.80773729903116
3.8172507210209 0.81856322888933
3.8172523798965 0.82897809005499
3.8172540387722 0.83898625280171
3.8172556976479 0.84845581619397
3.8172573565236 0.85271656106238
3.8172590153993 0.85605084280477
3.8172606742749 0.85671748615801
3.8172623331506 0.85768916730635
3.8172639920263 0.85906900031749
3.817265650902 0.86086869006047
3.8172673097776 0.86295088578956
3.8172689686533 0.86483466173372
3.817270627529 0.86665849112943
3.8172722864047 0.87289992001832
3.8172739452804 0.87921018350542
3.817275604156 0.88370564175721
3.8172772630317 0.8875451558538
3.8172789219074 0.8896930545609
3.8172805807831 0.89280238566128
3.8172822396587 0.89708591952558
3.8172838985344 0.90185110855795
3.8172855574101 0.9069101441586
3.8172872162858 0.9088858214158
3.8172888751615 0.91005213930318
3.8172905340371 0.90898199629326
3.8172921929128 0.90842578783571
3.8172938517885 0.91172406967044
3.8172955106642 0.91457000410792
3.8172971695398 0.91639013963218
3.8172988284155 0.91730599583956
3.8173004872912 0.9172327022277
3.8173021461669 0.92036488364587
3.8173038050426 0.92522821557674
3.8173054639182 0.92545113797084
3.8173071227939 0.92466339104777
3.8173087816696 0.92329475482624
3.8173104405453 0.9225398586868
3.8173120994209 0.92490453602963
3.8173137582966 0.92703285584219
3.8173154171723 0.92869733281763
3.817317076048 0.92818360395954
3.8173187349237 0.92557671945064
3.8173203937993 0.9233775542965
3.817322052675 0.92136807207188
3.8173237115507 0.9240476483071
3.8173253704264 0.92747830209303
3.817327029302 0.93071040377158
3.8173286881777 0.93353910037964
3.8173303470534 0.93404637164063
3.8173320059291 0.93450384482364
3.8173336648047 0.93458757643232
3.8173353236804 0.93473244087319
3.8173369825561 0.93551659963964
3.8173386414318 0.93647379003062
3.8173403003075 0.94028942996611
3.8173419591831 0.94404129508585
3.8173436180588 0.94549599618189
3.8173452769345 0.94695069727793
3.8173469358102 0.94611505872326
3.8173485946858 0.94527262569395
3.8173502535615 0.94842820230036
3.8173519124372 0.95171932971224
3.8173535713129 0.95255320644825
3.8173552301886 0.95322328785888
3.8173568890642 0.95197691884741
3.8173585479399 0.95053614774361
3.8173602068156 0.95034065517619
3.8173618656913 0.95031749486233
3.8173635245669 0.94711800457495
3.8173651834426 0.94335403012358
3.8173668423183 0.94333783738229
3.817368501194 0.94414509076514
3.8173701600697 0.9495929671311
3.8173718189453 0.95626877686159
3.817373477821 0.95968873173786
3.8173751366967 0.96209060627459
3.8173767955724 0.96317674735149
3.817378454448 0.96378352893749
3.8173801133237 0.96321734103087
3.8173817721994 0.96215850417331
3.8173834310751 0.96629487471217
3.8173850899508 0.97292599414361
3.8173867488264 0.97282124863435
3.8173884077021 0.96904333924037
3.8173900665778 0.9657204334152
3.8173917254535 0.96267788687407
3.8173933843291 0.96398051759944
3.8173950432048 0.96829629512221
3.8173967020805 0.96909187093823
3.8173983609562 0.96714808823192
3.8174000198319 0.96651204561505
3.8174016787075 0.96701552977391
3.8174033375832 0.96574533429853
3.8174049964589 0.96274697215021
3.8174066553346 0.9624906010602
3.8174083142102 0.96521993815116
3.8174099730859 0.96893675916226
3.8174116319616 0.9738550272069
3.8174132908373 0.97603708583028
3.817414949713 0.97449567834402
3.8174166085886 0.97437569559123
3.8174182674643 0.9764217945359
3.81741992634 0.97771190798863
3.8174215852157 0.97770894814945
3.8174232440913 0.97702053619882
3.817424902967 0.97501219077769
3.8174265618427 0.9731107998795
3.8174282207184 0.97144224730598
3.8174298795941 0.97068178711462
3.8174315384697 0.97216789467841
3.8174331973454 0.97371857066899
3.8174348562211 0.97545198512178
3.8174365150968 0.97684100979992
3.8174381739724 0.97710549994736
3.8174398328481 0.97745740922844
3.8174414917238 0.97814236600039
3.8174431505995 0.97874259168051
3.8174448094752 0.97896072219007
3.8174464683508 0.97899831782173
3.8174481272265 0.97805316843483
3.8174497861022 0.9772106350102
3.8174514449779 0.97706058856506
3.8174531038535 0.97693510227244
3.8174547627292 0.97702345614859
3.8174564216049 0.97687717234294
3.8174580804806 0.97392131573659
3.8174597393563 0.97081410049765
3.8174613982319 0.9649059418834
3.8174630571076 0.95903897894492
3.8174647159833 0.95474036833031
3.817466374859 0.95044168576969
3.8174680337346 0.94486660859494
3.8174696926103 0.93929153142018
3.817471351486 0.93257608704666
3.8174730103617 0.92583093871987
3.8174746692374 0.91831988885911
3.817476328113 0.91076793898005
3.8174779869887 0.88895214278661
3.8174796458644 0.86596536209735
3.8174813047401 0.83539826839425
3.8174829636157 0.80398008039413
3.8174846224914 0.78186325685615
3.8174862813671 0.76108596286999
3.8174879402428 0.75938455857272
3.8174895991185 0.76106776164425
3.8174912579941 0.78205963665319
3.8174929168698 0.80715872021708
3.8174945757455 0.84076621587675
3.8174962346212 0.87650053016887
3.8174978934968 0.90083653700794
3.8174995523725 0.92187436972684
3.8175012112482 0.9375376557179
3.8175028701239 0.95142158987785
3.8175045289996 0.96372515369521
3.8175061878752 0.97543545810275
3.8175078467509 0.97454925683365
3.8175095056266 0.9683400797498
3.8175111645023 0.96791112603034
3.8175128233779 0.97021466286414
3.8175144822536 0.96800561497597
3.8175161411293 0.96342145819514
3.817517800005 0.96329911733913
3.8175194588807 0.96578086504581
3.8175211177563 0.96149974267065
3.817522776632 0.95285621168108
3.8175244355077 0.94500807299731
3.8175260943834 0.93772557219098
3.817527753259 0.93098806474338
3.8175294121347 0.92467692563911
3.8175310710104 0.91818578522555
3.8175327298861 0.9115399549436
3.8175343887618 0.90665702497903
3.8175360476374 0.90343603049334
3.8175377065131 0.90283241747347
3.8175393653888 0.90493387432445
3.8175410242645 0.90960941411756
3.8175426831401 0.91720072490655
3.8175443420158 0.92261847844342
3.8175460008915 0.92533822893553
3.8175476597672 0.92645699794562
3.8175493186429 0.92539693252341
3.8175509775185 0.92554253540338
3.8175526363942 0.92748879407745
3.8175542952699 0.93031281337633
3.8175559541456 0.93457688339601
3.8175576130212 0.93652774387474
3.8175592718969 0.93430234694698
3.8175609307726 0.93407122824307
3.8175625896483 0.93781056587223
3.817564248524 0.93969922278028
3.8175659073996 0.93751313930077
3.8175675662753 0.93605810996665
3.817569225151 0.93638901214254
3.8175708840267 0.93427893278039
3.8175725429023 0.92552551516959
3.817574201778 0.91698321120916
3.8175758606537 0.90908418532208
3.8175775195294 0.90190416281542
3.8175791784051 0.89719253002425
3.8175808372807 0.89286908530921
3.8175824961564 0.89005849649329
3.8175841550321 0.88798734777585
3.8175858139078 0.88921934426872
3.8175874727834 0.8899623418145
3.8175891316591 0.88817215166063
3.8175907905348 0.88770113866309
3.8175924494105 0.89528085834347
3.8175941082862 0.90309146902579
3.8175957671618 0.91259737338757
3.8175974260375 0.92179058836512
3.8175990849132 0.92814201371742
3.8176007437889 0.9343298395356
3.8176024026645 0.93859657632351
3.8176040615402 0.94237099900538
3.8176057204159 0.93814415170732
3.8176073792916 0.93409809621518
3.8176090381672 0.93468662754722
3.8176106970429 0.93518282634431
3.8176123559186 0.93042228438472
3.8176140147943 0.92566174242512
3.81761567367 0.93457704234539
3.8176173325456 0.94353193509692
3.8176189914213 0.95130790025601
3.817620650297 0.9590562355375
3.8176223091727 0.96741261150019
3.8176239680483 0.97579618686469
3.817625626924 0.97940381997406
3.8176272857997 0.98269251262488
3.8176289446754 0.98651939697234
3.8176306035511 0.99039451331399
3.8176322624267 0.98985451339776
3.8176339213024 0.98881411419944
3.8176355801781 0.98845778147379
3.8176372390538 0.98819580717649
3.8176388979294 0.98679048120135
3.8176405568051 0.9851982560606
3.8176422156808 0.98661667730278
3.8176438745565 0.98860721571908
3.8176455334322 0.98916883253104
3.8176471923078 0.98941946199972
3.8176488511835 0.98926272834801
3.8176505100592 0.98900564258025
3.8176521689349 0.98985052070437
3.8176538278105 0.99099978298288
3.8176554866862 0.99452609544379
3.8176571455619 0.9987831090848
3.8176588044376 0.9949256138771
3.8176604633133 0.98831003056791
3.8176621221889 0.99065605006909
3.8176637810646 0.99635187381139
3.8176654399403 0.9969948047891
3.817667098816 0.99556976256022
3.8176687576916 0.99468563516575
3.8176704165673 0.99404293576376
3.817672075443 0.99155195771608
3.8176737343187 0.98816437063094
3.8176753931944 0.98502251210408
3.81767705207 0.98200985553029
3.8176787109457 0.98078338640913
3.8176803698214 0.98057225339207
3.8176820286971 0.97941447518475
3.8176836875727 0.97767622856898
3.8176853464484 0.97398292889718
3.8176870053241 0.96899892699693
3.8176886641998 0.96821874942063
3.8176903230755 0.97042216778015
3.8176919819511 0.97091524869206
3.8176936408268 0.97010520895101
3.8176952997025 0.97064771092237
3.8176969585782 0.97229513388458
3.8176986174538 0.97033217420485
3.8177002763295 0.96520960011055
3.8177019352052 0.96160194803472
3.8177035940809 0.95941335375814
3.8177052529566 0.95559665867317
3.8177069118322 0.95014871565236
3.8177085707079 0.94647748459891
3.8177102295836 0.9447096133767
3.8177118884593 0.9341634629846
3.8177135473349 0.91356790670046
3.8177152062106 0.88731241027997
3.8177168650863 0.85413330206095
3.817718523962 0.8225833551882
3.8177201828377 0.79316301542901
3.8177218417133 0.77316891274262
3.817723500589 0.76634232966385
3.8177251594647 0.76814095270725
3.8177268183404 0.78281737802191
3.817728477216 0.80423646175248
3.8177301360917 0.8364189131521
3.8177317949674 0.86667543544559
3.8177334538431 0.89364341444809
3.8177351127188 0.92051641631369
3.8177367715944 0.94721580935161
3.8177384304701 0.96921572726769
3.8177400893458 0.98201259181544
3.8177417482215 0.9922404624162
3.8177434070971 0.99707235661157
3.8177450659728 1.0004152747117
3.8177467248485 1.000399891804
3.8177483837242 1.001016637565
3.8177500425999 1.0031664188767
3.8177517014755 1.0039258351186
3.8177533603512 1.0010538088076
3.8177550192269 0.99904891129797
3.8177566781026 0.99948765178154
3.8177583369782 0.99929011454492
3.8177599958539 0.99715338717239
3.8177616547296 0.99526313645756
3.8177633136053 0.99418748256053
3.817764972481 0.99292918342855
3.8177666313566 0.99101455811125
3.8177682902323 0.98954266803842
3.817769949108 0.98980677198624
3.8177716079837 0.99098717658775
3.8177732668593 0.99610329232393
3.817774925735 0.9996846752422
3.8177765846107 0.99601211862234
3.8177782434864 0.99229433745749
3.8177799023621 0.98834000446276
3.8177815612377 0.98433470883803
3.8177832201134 0.98003251931936
3.8177848789891 0.97636384116583
3.8177865378648 0.97683759046147
3.8177881967404 0.97766475231041
3.8177898556161 0.98111027423649
3.8177915144918 0.98348859067662
3.8177931733675 0.97679872452303
3.8177948322432 0.97076877873278
3.8177964911188 0.97126744806209
3.8177981499945 0.97184618899878
3.8177998088702 0.97336561286501
3.8178014677459 0.97471259976421
3.8178031266215 0.97358649161579
3.8178047854972 0.97177208687335
3.8178064443729 0.95742280826204
3.8178081032486 0.94257517810646
3.8178097621243 0.91546699946627
3.8178114209999 0.88813679493661
3.8178130798756 0.85254173780971
3.8178147387513 0.81715220829682
3.817816397627 0.79685188608651
3.8178180565026 0.77657589600433
3.8178197153783 0.78632828251672
3.817821374254 0.7960806690291
3.8178230331297 0.82486759918589
3.8178246920054 0.85388032570233
3.817826350881 0.88644787896497
3.8178280097567 0.91910315072375
3.8178296686324 0.94146176491002
3.8178313275081 0.9634320348571
3.8178329863837 0.97237392484348
3.8178346452594 0.98065211866966
3.8178363041351 0.98609679980658
3.8178379630108 0.99135899456327
3.8178396218865 0.99203509499272
3.8178412807621 0.99235322387928
3.8178429396378 0.99428029376927
3.8178445985135 0.99635522976387
3.8178462573892 0.99375709382846
3.8178479162648 0.99066386964895
3.8178495751405 0.98386678732672
3.8178512340162 0.97662456183725
3.8178528928919 0.97572512484696
3.8178545517676 0.97567987965381
3.8178562106432 0.96684185877245
3.8178578695189 0.95669054515079
3.8178595283946 0.93527219373382
3.8178611872703 0.91200260146657
3.8178628461459 0.88147934368901
3.8178645050216 0.84965476320241
3.8178661638973 0.81817607226708
3.817867822773 0.78676474647779
3.8178694816487 0.76495986164633
3.8178711405243 0.74517599956474
3.8178727994 0.75156136495975
3.8178744582757 0.76386506399857
3.8178761171514 0.79024172597542
3.817877776027 0.820026862977
3.8178794349027 0.84310048503093
3.8178810937784 0.86443947565829
3.8178827526541 0.87682971170509
3.8178844115298 0.88675972400431
3.8178860704054 0.89476443381305
3.8178877292811 0.90220759216004
3.8178893881568 0.91477391100788
3.8178910470325 0.92892138854006
3.8178927059081 0.94286204276206
3.8178943647838 0.95673531311048
3.8178960236595 0.96825333825701
3.8178976825352 0.9789630621663
3.8178993414108 0.97898661006141
3.8179010002865 0.9751538808902
3.8179026591622 0.97453919298001
3.8179043180379 0.97514335365619
3.8179059769136 0.97557224062685
3.8179076357892 0.97593156899919
3.8179092946649 0.98034897318694
3.8179109535406 0.98645149523161
3.8179126124163 0.98189289060054
3.8179142712919 0.97270887682161
3.8179159301676 0.97094490724971
3.8179175890433 0.97253981026707
3.817919247919 0.96874232554265
3.8179209067947 0.96240124068968
3.8179225656703 0.95804686785888
3.817924224546 0.95466801463898
3.8179258834217 0.9530128142763
3.8179275422974 0.95223762233812
3.817929201173 0.95329749232669
3.8179308600487 0.95533045392062
3.8179325189244 0.9582390807716
3.8179341778001 0.96162950216141
3.8179358366758 0.96249729731334
3.8179374955514 0.96192613055401
3.8179391544271 0.96034568906835
3.8179408133028 0.95816893444302
3.8179424721785 0.95358549621959
3.8179441310541 0.9475305350628
3.8179457899298 0.94145724866661
3.8179474488055 0.93537237490072
3.8179491076812 0.9304545149846
3.8179507665569 0.9262990350914
3.8179524254325 0.92554770303395
3.8179540843082 0.92709288102953
3.8179557431839 0.92944496974606
3.8179574020596 0.93235868771113
3.8179590609352 0.93656870683671
3.8179607198109 0.94170892995469
3.8179623786866 0.94549713071936
3.8179640375623 0.94828563249308
3.817965696438 0.95010114512475
3.8179673553136 0.95117584282935
3.8179690141893 0.95182874995247
3.817970673065 0.95215113749004
3.8179723319407 0.95340234907609
3.8179739908163 0.95540204372205
3.817975649692 0.95958092103166
3.8179773085677 0.96556484082006
3.8179789674434 0.97127387797927
3.8179806263191 0.97674898322692
3.8179822851947 0.98072933198074
3.8179839440704 0.98340371808707
3.8179856029461 0.98270565272508
3.8179872618218 0.97898388924662
3.8179889206974 0.97412798816294
3.8179905795731 0.9682291923379
3.8179922384488 0.96430665787233
3.8179938973245 0.96224687570376
3.8179955562002 0.9636218138261
3.8179972150758 0.96831337430769
3.8179988739515 0.9761683489202
3.8180005328272 0.98715145624361
3.8180021917029 0.99336337051312
3.8180038505785 0.99474642010554
3.8180055094542 0.99832489206441
3.8180071683299 1.0041766884137
3.8180088272056 1.007217729988
3.8180104860813 1.0072830522125
3.8180121449569 1.0069268290603
3.8180138038326 1.0061144851227
3.8180154627083 1.0072346185008
3.818017121584 1.0104906958902
3.8180187804596 1.0136920159156
3.8180204393353 1.0168315438675
3.818022098211 1.0184957741234
3.8180237570867 1.0184608604253
3.8180254159624 1.018523418499
3.818027074838 1.0187004927279
3.8180287337137 1.0155141864706
3.8180303925894 1.0082990489288
3.8180320514651 1.0050511850359
3.8180337103407 1.0066460334476
3.8180353692164 1.0055124007679
3.8180370280921 1.0009859595761
3.8180386869678 0.99814875991605
3.8180403458435 0.99745026507034
3.8180420047191 0.99766814256701
3.8180436635948 0.99906669528859
3.8180453224705 1.0011297710618
3.8180469813462 1.0040638439452
3.8180486402218 1.007122490422
3.8180502990975 1.0103471294179
3.8180519579732 1.0133492740889
3.8180536168489 1.0160501282835
3.8180552757246 1.0163794793784
3.8180569346002 1.0134469274146
3.8180585934759 1.0116303321246
3.8180602523516 1.011372294118
3.8180619112273 1.0107960605476
3.8180635701029 1.0097688305047
3.8180652289786 1.0093174006908
3.8180668878543 1.0096937775349
3.81806854673 1.0105751612248
3.8180702056057 1.0121925922535
3.8180718644813 1.0128893283896
3.818073523357 1.0122263499325
3.8180751822327 1.0125937335524
3.8180768411084 1.0145024211502
3.818078499984 1.0150074191083
3.8180801588597 1.013386698023
3.8180818177354 1.0117909887412
3.8180834766111 1.0102336046818
3.8180851354868 1.0083859467885
3.8180867943624 1.0060884135714
3.8180884532381 1.0063053397141
3.8180901121138 1.0104617525481
3.8180917709895 1.012913097113
3.8180934298651 1.0126653836122
3.8180950887408 1.0108211650492
3.8180967476165 1.0064249534875
3.8180984064922 1.0046429562852
3.8181000653679 1.0070784191068
3.8181017242435 1.0081360746782
3.8181033831192 1.0069512292053
3.8181050419949 1.0054898269355
3.8181067008706 1.0035745641939
3.8181083597462 1.0028817326947
3.8181100186219 1.0042105903967
3.8181116774976 1.0038705051371
3.8181133363733 1.0007499774074
3.818114995249 0.99851264388133
3.8181166541246 0.99775669188075
3.8181183130003 0.99604961479418
3.818119971876 0.99273729286817
3.8181216307517 0.98903697866848
3.8181232896273 0.98467813808969
3.818124948503 0.98351129634965
3.8181266073787 0.9877905588097
3.8181282662544 0.99057200133164
3.8181299251301 0.99078639939898
3.8181315840057 0.99133712988085
3.8181332428814 0.99246664645431
3.8181349017571 0.99421218291928
3.8181365606328 0.99702172554627
3.8181382195084 0.99991144553243
3.8181398783841 1.0029400571865
3.8181415372598 1.0056797735508
3.8181431961355 1.0079177678049
3.8181448550112 1.0075307637375
3.8181465138868 1.0025760497894
3.8181481727625 0.99977017228012
3.8181498316382 1.0007085679199
3.8181514905139 1.0013747820253
3.8181531493895 1.0015662736228
3.8181548082652 0.99971622561729
3.8181564671409 0.99430409869848
3.8181581260166 0.99168773798161
3.8181597848923 0.99394844320801
3.8181614437679 0.99553904829055
3.8181631026436 0.99596161510135
3.8181647615193 0.99701809854325
3.818166420395 0.99917804249112
3.8181680792706 1.0025178537778
3.8181697381463 1.0079078244938
3.818171397022 1.0109089986158
3.8181730558977 1.0097691108434
3.8181747147733 1.0083576995259
3.818176373649 1.0064769705353
3.8181780325247 1.0050457694316
3.8181796914004 1.0043889706332
3.8181813502761 1.0032044446873
3.8181830091517 1.0011143531363
3.8181846680274 0.99961090330834
3.8181863269031 0.99910960776049
3.8181879857788 0.9966899526416
3.8181896446544 0.99100972138742
3.8181913035301 0.98709318789572
3.8181929624058 0.98615752890762
3.8181946212815 0.98504988358449
3.8181962801572 0.98365330596119
3.8181979390328 0.98255893985963
3.8181995979085 0.98196894489564
3.8182012567842 0.98116252918437
3.8182029156599 0.9799974965636
3.8182045745355 0.97804117032099
3.8182062334112 0.9747834988185
3.8182078922869 0.96837264421788
3.8182095511626 0.95681884822988
3.8182112100383 0.94712101689464
3.8182128689139 0.94042422899227
3.8182145277896 0.93924671927111
3.8182161866653 0.94691192448603
3.818217845541 0.95625444212955
3.8182195044166 0.96825862176423
3.8182211632923 0.97716876031655
3.818222822168 0.98121940579057
3.8182244810437 0.98430681849503
3.8182261399194 0.98589744609599
3.818227798795 0.98932500143358
3.8182294576707 0.99557515784754
3.8182311165464 0.99850270873222
3.8182327754221 0.99638358900002
3.8182344342977 0.99641980681158
3.8182360931734 0.99968977581109
3.8182377520491 1.0008066993274
3.8182394109248 0.998733910057
3.8182410698005 0.99695682989762
3.8182427286761 0.99561210548824
3.8182443875518 0.99408462690831
3.8182460464275 0.99229357930766
3.8182477053032 0.98828372063677
3.8182493641788 0.98111854640851
3.8182510230545 0.97732267631879
3.8182526819302 0.97824887696671
3.8182543408059 0.9759753613033
3.8182559996816 0.96928462587151
3.8182576585572 0.96344764450627
3.8182593174329 0.95877102117476
3.8182609763086 0.95408736449814
3.8182626351843 0.94939429996378
3.8182642940599 0.94301053774526
3.8182659529356 0.93440258666952
3.8182676118113 0.92474913769078
3.818269270687 0.91374344586174
3.8182709295627 0.89495434444824
3.8182725884383 0.86627274267903
3.818274247314 0.84491463500899
3.8182759061897 0.83269993992372
3.8182775650654 0.82487148018645
3.818279223941 0.82241970742021
3.8182808828167 0.83037849175318
3.8182825416924 0.85085827504351
3.8182842005681 0.87180842032516
3.8182858594438 0.89331352046909
3.8182875183194 0.91686097496176
3.8182891771951 0.94277067858024
3.8182908360708 0.96219505437054
3.8182924949465 0.97426849039241
3.8182941538221 0.98269442753944
3.8182958126978 0.98707153174632
3.8182974715735 0.98739790267469
3.8182991304492 0.98332240496689
3.8183007893249 0.98119502811467
3.8183024482005 0.98113937307904
3.8183041070762 0.97950939932315
3.8183057659519 0.97624214308887
3.8183074248276 0.97643304239992
3.8183090837032 0.98013979307166
3.8183107425789 0.98387409126631
3.8183124014546 0.98763575422469
3.8183140603303 0.98966085106947
3.818315719206 0.99000137773443
3.8183173780816 0.98966800229862
3.8183190369573 0.98869648858215
3.818320695833 0.98705042215882
3.8183223547087 0.98478127558677
3.8183240135843 0.98243419352731
3.81832567246 0.98001691784727
3.8183273313357 0.975300713879
3.8183289902114 0.96856673362789
3.8183306490871 0.96781999982446
3.8183323079627 0.97219215188937
3.8183339668384 0.96935697140835
3.8183356257141 0.96052395159367
3.8183372845898 0.95403010215547
3.8183389434654 0.94943015947674
3.8183406023411 0.95086451042973
3.8183422612168 0.95704923865531
3.8183439200925 0.96244193113245
3.8183455789682 0.96722866502316
3.8183472378438 0.97164496824697
3.8183488967195 0.97578607377742
3.8183505555952 0.97986114691058
3.8183522144709 0.98388860873847
3.8183538733465 0.98733526562759
3.8183555322222 0.99037576539894
3.8183571910979 0.99086504372077
3.8183588499736 0.98962527128853
3.8183605088493 0.98914248543659
3.8183621677249 0.98915654020518
3.8183638266006 0.98537228163514
3.8183654854763 0.97917521622541
3.818367144352 0.97618538970696
3.8183688032276 0.97516577937285
3.8183704621033 0.97067832925022
3.818372120979 0.96413250105627
3.8183737798547 0.95985619461033
3.8183754387304 0.95688035717977
3.818377097606 0.95575794173339
3.8183787564817 0.95566002726231
3.8183804153574 0.95677078216356
3.8183820742331 0.95852529206011
3.8183837331087 0.95933411214509
3.8183853919844 0.95965801389002
3.8183870508601 0.96036299960806
3.8183887097358 0.96125594177226
3.8183903686115 0.96336107903359
3.8183920274871 0.96604053516249
3.8183936863628 0.96753128638906
3.8183953452385 0.96848159067513
3.8183970041142 0.97066835339202
3.8183986629898 0.97339388156592
3.8184003218655 0.97794665416206
3.8184019807412 0.98326144142637
3.8184036396169 0.98097335934141
3.8184052984926 0.9756551988337
3.8184069573682 0.9732731218492
3.8184086162439 0.97200757456779
3.8184102751196 0.97276931981533
3.8184119339953 0.97426557006686
3.8184135928709 0.97712255784431
3.8184152517466 0.98044839714251
3.8184169106223 0.98249864751523
3.818418569498 0.98413174796892
3.8184202283737 0.98683503901765
3.8184218872493 0.98986985656428
3.818423546125 0.99109233714941
3.8184252050007 0.99178436274479
3.8184268638764 0.99428765961523
3.818428522752 0.99729066055736
3.8184301816277 0.99591576717609
3.8184318405034 0.99340569182603
3.8184334993791 0.98662176851737
3.8184351582548 0.97879933903392
3.8184368171304 0.969718700435
3.8184384760061 0.96035265230951
3.8184401348818 0.95386840972764
3.8184417937575 0.9479921143963
3.8184434526331 0.95015545168308
3.8184451115088 0.9538889034794
3.8184467703845 0.95763918886692
3.8184484292602 0.96139250170785
3.8184500881359 0.96857789985828
3.8184517470115 0.97632824376268
3.8184534058872 0.98107149887993
3.8184550647629 0.98536479773761
3.8184567236386 0.98938849265881
3.8184583825142 0.9933758278057
3.8184600413899 0.99645885085684
3.8184617002656 0.99943308392013
3.8184633591413 1.0052898192281
3.8184650180169 1.0114519373692
3.8184666768926 1.0143803088423
3.8184683357683 1.0170118577021
3.818469994644 1.0156932842144
3.8184716535197 1.0140670662106
3.8184733123953 1.008139602563
3.818474971271 1.0019361147253
3.8184766301467 1.0030820699615
3.8184782890224 1.0046003469673
3.818479947898 0.99804946406137
3.8184816067737 0.99119727148281
3.8184832656494 0.98832888640702
3.8184849245251 0.98555713301663
