3.8159112250272 0.993321
3.8159128839029 0.99088926992796
3.8159145427786 0.98838953507407
3.8159162016543 0.98534409912867
3.8159178605299 0.98291400889366
3.8159195194056 0.98264347859366
3.8159211782813 0.98177057203026
3.815922837157 0.97969040326966
3.8159244960327 0.97581752818092
3.8159261549083 0.96970047805021
3.815927813784 0.96572928270793
3.8159294726597 0.96347566829045
3.8159311315354 0.9625296979271
3.815932790411 0.96223684939493
3.8159344492867 0.95996652468593
3.8159361081624 0.95713374989445
3.8159377670381 0.95879068641702
3.8159394259138 0.9609972857143
3.8159410847894 0.96158680236986
3.8159427436651 0.9622836947205
3.8159444025408 0.96381350663807
3.8159460614165 0.96508946012695
3.8159477202921 0.96549788930816
3.8159493791678 0.96630301287776
3.8159510380435 0.96788280797677
3.8159526969192 0.9690721518908
3.8159543557949 0.96978634187332
3.8159560146705 0.9712818153127
3.8159576735462 0.97338219327095
3.8159593324219 0.97335920526234
3.8159609912976 0.97232009187907
3.8159626501732 0.96810724183934
3.8159643090489 0.96304643851522
3.8159659679246 0.96208917229047
3.8159676268003 0.96166083462429
3.815969285676 0.96665515015925
3.8159709445516 0.97111290795591
3.8159726034273 0.97192969899968
3.815974262303 0.97234098634923
3.8159759211787 0.97148067114567
3.8159775800543 0.96959410361418
3.81597923893 0.96584513261104
3.8159808978057 0.9618914135828
3.8159825566814 0.9577057730812
3.8159842155571 0.95519131333477
3.8159858744327 0.9538737917788
3.8159875333084 0.95555815126586
3.8159891921841 0.95855022397284
3.8159908510598 0.96259423546903
3.8159925099354 0.96688407820422
3.8159941688111 0.97325404625758
3.8159958276868 0.97968279396595
3.8159974865625 0.9833909311165
3.8159991454382 0.98658844106953
3.8160008043138 0.98696925214898
3.8160024631895 0.98656036033393
3.8160041220652 0.98399468798036
3.8160057809409 0.98197530782548
3.8160074398165 0.98083695634318
3.8160090986922 0.97640579682274
3.8160107575679 0.96864949851805
3.8160124164436 0.95558183339972
3.8160140753193 0.93915403823926
3.8160157341949 0.9132392654541
3.8160173930706 0.88377262694242
3.8160190519463 0.84311934198601
3.816020710822 0.80038032815652
3.8160223696976 0.76322691696973
3.8160240285733 0.72745386687381
3.816025687449 0.70596996363769
3.8160273463247 0.68944816109155
3.8160290052004 0.69417047072857
3.816030664076 0.70754918878031
3.8160323229517 0.74064379016637
3.8160339818274 0.77708801137466
3.8160356407031 0.81813920315618
3.8160372995787 0.85261270658575
3.8160389584544 0.8814160026556
3.8160406173301 0.91030524213409
3.8160422762058 0.93924011118895
3.8160439350815 0.95304174137561
3.8160455939571 0.96230992848276
3.8160472528328 0.96785918352342
3.8160489117085 0.97292013928498
3.8160505705842 0.97417590516167
3.8160522294598 0.97508161853518
3.8160538883355 0.9734003834171
3.8160555472112 0.97212815935779
3.8160572060869 0.97217967164632
3.8160588649626 0.97110086556185
3.8160605238382 0.96795035988129
3.8160621827139 0.96430662348037
3.8160638415896 0.96010697990461
3.8160655004653 0.95659820068349
3.8160671593409 0.95357479531264
3.8160688182166 0.94648312029883
3.8160704770923 0.93768670722008
3.816072135968 0.93403725291196
3.8160737948437 0.93150056839544
3.8160754537193 0.92881985499011
3.816077112595 0.92619050439679
3.8160787714707 0.9245513877916
3.8160804303464 0.92278044619246
3.816082089222 0.92039035670454
3.8160837480977 0.91803315208868
3.8160854069734 0.91575506789519
3.8160870658491 0.91223419006411
3.8160887247248 0.90693783364371
3.8160903836004 0.90174839287892
3.8160920424761 0.89665373149863
3.8160937013518 0.89122820418906
3.8160953602275 0.88562334739533
3.8160970191031 0.88672984085674
3.8160986779788 0.88987392576475
3.8161003368545 0.89668596792883
3.8161019957302 0.90395343778305
3.8161036546059 0.9074833932014
3.8161053134815 0.91027954578803
3.8161069723572 0.90787321273302
3.8161086312329 0.90479916946102
3.8161102901086 0.89964214771091
3.8161119489842 0.89572236307923
3.8161136078599 0.89398306453693
3.8161152667356 0.89215895933254
3.8161169256113 0.89024348053142
3.816118584487 0.89381903800491
3.8161202433626 0.9010416820465
3.8161219022383 0.90571077041495
3.816123561114 0.90938955049505
3.8161252199897 0.91156996204478
3.8161268788653 0.91346563670532
3.816128537741 0.91690861074728
3.8161301966167 0.92048969438488
3.8161318554924 0.92491878874309
3.816133514368 0.92934604532206
3.8161351732437 0.93376597214729
3.8161368321194 0.93729795773444
3.8161384909951 0.93894996147527
3.8161401498708 0.9399108008799
3.8161418087464 0.93999646641458
3.8161434676221 0.93660420386034
3.8161451264978 0.93049983192751
3.8161467853735 0.91926269729241
3.8161484442491 0.9056383465432
3.8161501031248 0.89642750539586
3.8161517620005 0.88829659332247
3.8161534208762 0.88993538292847
3.8161550797519 0.89288252072826
3.8161567386275 0.90650711271342
3.8161583975032 0.91955058302291
3.8161600563789 0.92969142028639
3.8161617152546 0.93924820591155
3.8161633741302 0.94736226335954
3.8161650330059 0.95522702974623
3.8161666918816 0.96273261343076
3.8161683507573 0.96798367909038
3.816170009633 0.97124637476935
3.8161716685086 0.97560022098156
3.8161733273843 0.98053348186061
3.81617498626 0.98153775189839
3.8161766451357 0.98140196443108
3.8161783040113 0.9846263341069
3.816179962887 0.98816788668735
3.8161816217627 0.98826534800978
3.8161832806384 0.98851049765276
3.8161849395141 0.98965029026364
3.8161865983897 0.98993969576852
3.8161882572654 0.98786022543937
3.8161899161411 0.98674569559073
3.8161915750168 0.98716119305574
3.8161932338924 0.9875807768235
3.8161948927681 0.98800429471582
3.8161965516438 0.98679689322096
3.8161982105195 0.98464128107831
3.8161998693952 0.98087850695431
3.8162015282708 0.97659530665833
3.8162031871465 0.97442022025977
3.8162048460222 0.97253036063311
3.8162065048979 0.96714402618806
3.8162081637735 0.96272794816259
3.8162098226492 0.9650919645684
3.8162114815249 0.96775692711282
3.8162131404006 0.97133091737855
3.8162147992763 0.97472838025569
3.8162164581519 0.97782832773479
3.8162181170276 0.98110742059039
3.8162197759033 0.98456838361032
3.816221434779 0.98781329553229
3.8162230936546 0.99092587826269
3.8162247525303 0.98920853256
3.816226411406 0.98583123617103
3.8162280702817 0.98525226234944
3.8162297291574 0.98509711756997
3.816231388033 0.98292464420892
3.8162330469087 0.98113418780897
3.8162347057844 0.98232969115818
3.8162363646601 0.98308249482636
3.8162380235357 0.98244791863452
3.8162396824114 0.98020822647303
3.8162413412871 0.97519567781739
3.8162430001628 0.97157137860915
3.8162446590385 0.9693831127013
3.8162463179141 0.97225476091574
3.8162479767898 0.97827344846339
3.8162496356655 0.97971049606314
3.8162512945412 0.9795520735868
3.8162529534168 0.98009247126834
3.8162546122925 0.98074008967299
3.8162562711682 0.98198391587745
3.8162579300439 0.98339484301439
3.8162595889196 0.9860208424329
3.8162612477952 0.98787985185084
3.8162629066709 0.987358018268
3.8162645655466 0.98715932718807
3.8162662244223 0.98751204348319
3.8162678832979 0.98763421157323
3.8162695421736 0.98752161422738
3.8162712010493 0.98631239626042
3.816272859925 0.98443542239005
3.8162745188007 0.98421942255238
3.8162761776763 0.98456367455256
3.816277836552 0.98332482169332
3.8162794954277 0.98185828064742
3.8162811543034 0.98075493960788
3.816282813179 0.97919365931451
3.8162844720547 0.97449161442713
3.8162861309304 0.9689898860865
3.8162877898061 0.96113977388333
3.8162894486818 0.95419511563423
3.8162911075574 0.94872196361883
3.8162927664331 0.94419303915203
3.8162944253088 0.94057871832844
3.8162960841845 0.94086489941994
3.8162977430601 0.94339173993588
3.8162994019358 0.94925301392841
3.8163010608115 0.95615318938524
3.8163027196872 0.96415782506319
3.8163043785629 0.97219078133842
3.8163060374385 0.97412584015358
3.8163076963142 0.97591057343047
3.8163093551899 0.97681006860768
3.8163110140656 0.97856068085271
3.8163126729412 0.98257780063433
3.8163143318169 0.98548636658021
3.8163159906926 0.98673910799871
3.8163176495683 0.98721762206168
3.816319308444 0.98700712514819
3.8163209673196 0.98603868048443
3.8163226261953 0.98467516177009
3.816324285071 0.98057916286199
3.8163259439467 0.97573800963866
3.8163276028223 0.97468200773635
3.816329261698 0.97372718028395
3.8163309205737 0.9671133429281
3.8163325794494 0.9606597937936
3.8163342383251 0.95497957636586
3.8163358972007 0.95335616797236
3.8163375560764 0.96117033053569
3.8163392149521 0.96740603895259
3.8163408738278 0.97154653877555
3.8163425327034 0.97433558768066
3.8163441915791 0.97605794189028
3.8163458504548 0.97935322088684
3.8163475093305 0.98336119269735
3.8163491682062 0.98461221078563
3.8163508270818 0.98524842851572
3.8163524859575 0.9812180661414
3.8163541448332 0.97721021251142
3.8163558037089 0.97658941080196
3.8163574625845 0.97578965169881
3.8163591214602 0.97430354684531
3.8163607803359 0.97054068684141
3.8163624392116 0.96229513188643
3.8163640980873 0.95728011213949
3.8163657569629 0.95595264257866
3.8163674158386 0.95515988712378
3.8163690747143 0.95472771592608
3.81637073359 0.95123435245308
3.8163723924656 0.94659503559297
3.8163740513413 0.94411079619813
3.816375710217 0.9419827531086
3.8163773690927 0.93322329940524
3.8163790279684 0.92418944369773
3.816380686844 0.91368735413105
3.8163823457197 0.90223804594097
3.8163840045954 0.88795602671744
3.8163856634711 0.8771584426708
3.8163873223467 0.87200591135682
3.8163889812224 0.87232544346624
3.8163906400981 0.87784223978857
3.8163922989738 0.89225587357838
3.8163939578495 0.91158289542725
3.8163956167251 0.92932919346042
3.8163972756008 0.94661840499055
3.8163989344765 0.95927739139017
3.8164005933522 0.971037741461
3.8164022522278 0.97233583503282
3.8164039111035 0.97386769538596
3.8164055699792 0.97653312579394
3.8164072288549 0.97822992796866
3.8164088877305 0.9776982915461
3.8164105466062 0.97360939292742
3.8164122054819 0.9649030773116
3.8164138643576 0.95358771921123
3.8164155232333 0.94028341744034
3.8164171821089 0.93217509725886
3.8164188409846 0.92629532194618
3.8164204998603 0.93174042027569
3.816422158736 0.93946537412773
3.8164238176116 0.94786916812376
3.8164254764873 0.95558741073193
3.816427135363 0.95676573467842
3.8164287942387 0.95768956177603
3.8164304531144 0.95776562428367
3.81643211199 0.95657307528679
3.8164337708657 0.95316394620329
3.8164354297414 0.95253047647317
3.8164370886171 0.95470338879532
3.8164387474927 0.9557127717365
3.8164404063684 0.95604065357822
3.8164420652441 0.95419172796434
3.8164437241198 0.95167076856121
3.8164453829955 0.94846895829538
3.8164470418711 0.94521779439742
3.8164487007468 0.94283258894939
3.8164503596225 0.94088872606935
3.8164520184982 0.94117115540406
3.8164536773738 0.94335632141184
3.8164553362495 0.94999200856295
3.8164569951252 0.95474718888982
3.8164586540009 0.95704660973235
3.8164603128766 0.95948343423422
3.8164619717522 0.96202477042252
3.8164636306279 0.96196199894723
3.8164652895036 0.96079604224691
3.8164669483793 0.96093895641843
3.8164686072549 0.96133675026769
3.8164702661306 0.96308448396403
3.8164719250063 0.9648474505168
3.816473583882 0.9664088266205
3.8164752427577 0.96700435592822
3.8164769016333 0.96456774895719
3.816478560509 0.96386876530072
3.8164802193847 0.966044968827
3.8164818782604 0.96645817771509
3.816483537136 0.96519089681355
3.8164851960117 0.96293610963132
3.8164868548874 0.96014338733228
3.8164885137631 0.95676424987199
3.8164901726388 0.95322246820088
3.8164918315144 0.94928527873876
3.8164934903901 0.94572223165591
3.8164951492658 0.94927624526992
3.8164968081415 0.95336025160293
3.8164984670171 0.95969959104919
3.8165001258928 0.96453034617554
3.8165017847685 0.96624728380198
3.8165034436442 0.96799851363963
3.8165051025199 0.96978958372538
3.8165067613955 0.96993980705714
3.8165084202712 0.96899106350881
3.8165100791469 0.96767091050459
3.8165117380226 0.96621710402612
3.8165133968982 0.96792730759085
3.8165150557739 0.97007022072473
3.8165167146496 0.96860761878251
3.8165183735253 0.96775640466706
3.816520032401 0.9704923366564
3.8165216912766 0.9719778362498
3.8165233501523 0.9702895645534
3.816525009028 0.9671548805636
3.8165266679037 0.96202098684915
3.8165283267793 0.95892660333744
3.816529985655 0.9574538878024
3.8165316445307 0.95562164053481
3.8165333034064 0.95363125428068
3.8165349622821 0.95571726111798
3.8165366211577 0.95862599939357
3.8165382800334 0.95842393849774
3.8165399389091 0.95834248427228
3.8165415977848 0.96006696164874
3.8165432566604 0.95958158083942
3.8165449155361 0.95230629622005
3.8165465744118 0.94007920317856
3.8165482332875 0.91989601265017
3.8165498921632 0.89612322184807
3.8165515510388 0.86906180453167
3.8165532099145 0.84694576172517
3.8165548687902 0.82737478733775
3.8165565276659 0.8238925846666
3.8165581865415 0.82446421337007
3.8165598454172 0.83898287236748
3.8165615042929 0.8549388558034
3.8165631631686 0.87702929452177
3.8165648220443 0.89857390473248
3.8165664809199 0.91812629498765
3.8165681397956 0.93465249179015
3.8165697986713 0.94565895407504
3.816571457547 0.95420474916381
3.8165731164226 0.96022296982302
3.8165747752983 0.96348633944599
3.816576434174 0.96514982621502
3.8165780930497 0.96542193168182
3.8165797519254 0.96528325307864
3.816581410801 0.96153725986239
3.8165830696767 0.95762960713162
3.8165847285524 0.95719361159207
3.8165863874281 0.95615641540339
3.8165880463037 0.95257687953833
3.8165897051794 0.94825158477769
3.8165913640551 0.94242057801565
3.8165930229308 0.93940136294057
3.8165946818065 0.93953579237971
3.8165963406821 0.9384312455535
3.8165979995578 0.93653999754121
3.8165996584335 0.937201788228
3.8166013173092 0.93870546218136
3.8166029761848 0.9415854897756
3.8166046350605 0.94457767017132
3.8166062939362 0.94601271171313
3.8166079528119 0.94647126402362
3.8166096116876 0.94229555741962
3.8166112705632 0.93872170704937
3.8166129294389 0.93645694338612
3.8166145883146 0.93159711253139
3.8166162471903 0.92364189719025
3.8166179060659 0.92315043297515
3.8166195649416 0.92769190709464
3.8166212238173 0.93253248101487
3.816622882693 0.93747890433885
3.8166245415687 0.93680090594592
3.8166262004443 0.93527680139064
3.81662785932 0.93015585045459
3.8166295181957 0.92324993552219
3.8166311770714 0.90720949134683
3.816632835947 0.89091445484381
3.8166344948227 0.8740402390577
3.8166361536984 0.8568876013534
3.8166378125741 0.83939102949229
3.8166394714498 0.83457763687804
3.8166411303254 0.83859555874676
3.8166427892011 0.8506786860272
3.8166444480768 0.86571703939577
3.8166461069525 0.88244229542184
3.8166477658281 0.89934247779316
3.8166494247038 0.91228238363511
3.8166510835795 0.92417084816524
3.8166527424552 0.93051984138348
3.8166544013309 0.934481351691
3.8166560602065 0.93293481432799
3.8166577190822 0.92979887003424
3.8166593779579 0.92468329682026
3.8166610368336 0.91997222413915
3.8166626957092 0.91554404697136
3.8166643545849 0.91111255465151
3.8166660134606 0.9066798467767
3.8166676723363 0.89835388616101
3.816669331212 0.88926309797388
3.8166709900876 0.86913324158619
3.8166726489633 0.84856616661867
3.816674307839 0.82574121366971
3.8166759667147 0.80623625525061
3.8166776255903 0.79426048591541
3.816679284466 0.7920627217911
3.8166809433417 0.80181913056183
3.8166826022174 0.82032478966291
3.8166842610931 0.84480998513703
3.8166859199687 0.86812134547834
3.8166875788444 0.8910164277857
3.8166892377201 0.90888190749516
3.8166908965958 0.92581885120302
3.8166925554714 0.93341245803909
3.8166942143471 0.93974563915259
3.8166958732228 0.93999411869248
3.8166975320985 0.94086138985718
3.8166991909741 0.94306611006055
3.8167008498498 0.9450573286091
3.8167025087255 0.94679912847215
3.8167041676012 0.94640450662466
3.8167058264769 0.94462218565603
3.8167074853525 0.94342348877522
3.8167091442282 0.94241794177389
3.8167108031039 0.94080412604384
3.8167124619796 0.93865208949361
3.8167141208552 0.92583694199871
3.8167157797309 0.91250563955858
3.8167174386066 0.89693922901081
3.8167190974823 0.8816507033056
3.816720756358 0.86691804722721
3.8167224152336 0.85605878018761
3.8167240741093 0.84941062202793
3.816725732985 0.84809907144485
3.8167273918607 0.84998858690429
3.8167290507363 0.85886283129161
3.816730709612 0.86980988012528
3.8167323684877 0.88279403277009
3.8167340273634 0.89590666562285
3.8167356862391 0.90821300833895
3.8167373451147 0.9191178001964
3.8167390039904 0.92475787890985
3.8167406628661 0.92923467134317
3.8167423217418 0.93161535397683
3.8167439806174 0.93365912575115
3.8167456394931 0.9353708731539
3.8167472983688 0.93747874521099
3.8167489572445 0.93979937626283
3.8167506161202 0.94506464093496
3.8167522749958 0.95107699603423
3.8167539338715 0.95313825200177
3.8167555927472 0.95466626388438
3.8167572516229 0.95321420788096
3.8167589104985 0.95168957793219
3.8167605693742 0.94993456950146
3.8167622282499 0.94713425923189
3.8167638871256 0.94267920895663
3.8167655460013 0.94084379956999
3.8167672048769 0.94128652900449
3.8167688637526 0.9398477366311
3.8167705226283 0.93753452949424
3.816772181504 0.93524230980203
3.8167738403796 0.93295436616706
3.8167754992553 0.93314969112325
3.816777158131 0.93350821452399
3.8167788170067 0.93461916022185
3.8167804758824 0.9354634371125
3.816782134758 0.93560656564299
3.8167837936337 0.93549705107922
3.8167854525094 0.93504439861885
3.8167871113851 0.93473838046466
3.8167887702607 0.934541748818
3.8167904291364 0.93605051811818
3.8167920880121 0.9382173563824
3.8167937468878 0.93707440386068
3.8167954057635 0.93541402467314
3.8167970646391 0.93250281740629
3.8167987235148 0.93000948688633
3.8168003823905 0.92957396322601
3.8168020412662 0.92636925701384
3.8168037001418 0.91722962870022
3.8168053590175 0.91024997095213
3.8168070178932 0.90572927804398
3.8168086767689 0.89960998320559
3.8168103356446 0.89249942866009
3.8168119945202 0.88572898196125
3.8168136533959 0.87906182667821
3.8168153122716 0.87898927022852
3.8168169711473 0.87967665109151
3.8168186300229 0.88262884803565
3.8168202888986 0.88650225143065
3.8168219477743 0.89369686966329
3.81682360665 0.90168696097874
3.8168252655257 0.91104656931931
3.8168269244013 0.91957344914696
3.816828583277 0.92732510884568
3.8168302421527 0.92992536345021
3.8168319010284 0.9299707856128
3.816833559904 0.93023371987183
3.8168352187797 0.93054467443209
3.8168368776554 0.92536508409404
3.8168385365311 0.92077634886927
3.8168401954068 0.92171313264117
3.8168418542824 0.92401881055311
3.8168435131581 0.92998609746272
3.8168451720338 0.93443425857152
3.8168468309095 0.93681339016934
3.8168484897851 0.94008721481229
3.8168501486608 0.9440228792165
3.8168518075365 0.94466774929402
3.8168534664122 0.94407262326379
3.8168551252879 0.94306938312045
3.8168567841635 0.94184532812539
3.8168584430392 0.9352779803107
3.8168601019149 0.92957094294525
3.8168617607906 0.92773806119394
3.8168634196662 0.92558466082104
3.8168650785419 0.9227915747657
3.8168667374176 0.92309946774815
3.8168683962933 0.92668666108674
3.816870055169 0.93039568947371
3.8168717140446 0.93417374467196
3.8168733729203 0.93558685977777
3.816875031796 0.93637446226903
3.8168766906717 0.93968923067011
3.8168783495473 0.94259611022163
3.816880008423 0.94024812186911
3.8168816672987 0.93896283621926
3.8168833261744 0.94088114391695
3.8168849850501 0.94247112248441
3.8168866439257 0.94357300010929
3.8168883028014 0.94343093147024
3.8168899616771 0.94229269399007
3.8168916205528 0.94064017113233
3.8168932794284 0.93877614651305
3.8168949383041 0.93490217529901
3.8168965971798 0.93065383834088
3.8168982560555 0.92307859216888
3.8168999149312 0.91445933716497
3.8169015738068 0.90071826303921
3.8169032326825 0.88515156880017
3.8169048915582 0.86576153082227
3.8169065504339 0.84742988782771
3.8169082093095 0.83025811748743
3.8169098681852 0.82306278734993
3.8169115270609 0.82169531833748
3.8169131859366 0.8285900489165
3.8169148448123 0.83774093843544
3.8169165036879 0.85109286132752
3.8169181625636 0.86472872508501
3.8169198214393 0.87851095334934
3.816921480315 0.89032365873098
3.8169231391906 0.89619939762317
3.8169247980663 0.90034141895828
3.816926456942 0.90192458065896
3.8169281158177 0.90578078949306
3.8169297746934 0.91143135129763
3.816931433569 0.91674445502004
3.8169330924447 0.92192231756179
3.8169347513204 0.9195992578394
3.8169364101961 0.91618088419545
3.8169380690717 0.91412993436996
3.8169397279474 0.91264408100331
3.8169413868231 0.91373387898738
3.8169430456988 0.91338545230657
3.8169447045745 0.91018902374967
3.8169463634501 0.90391671828589
3.8169480223258 0.89445959774856
3.8169496812015 0.885592372766
3.8169513400772 0.87704672883917
3.8169529989528 0.86983170826905
3.8169546578285 0.86294270392211
3.8169563167042 0.86162071571152
3.8169579755799 0.8612796492503
3.8169596344556 0.86663606859278
3.8169612933312 0.87171349855019
3.8169629522069 0.87604460296394
3.8169646110826 0.87789431625561
3.8169662699583 0.87643712889531
3.8169679288339 0.86897642771263
3.8169695877096 0.85726408807572
3.8169712465853 0.84368187941011
3.816972905461 0.82945028204937
3.8169745643366 0.81488840232617
3.8169762232123 0.80075566405531
3.816977882088 0.79443086506889
3.8169795409637 0.79071054365379
3.8169811998394 0.79657938115058
3.816982858715 0.80524288194147
3.8169845175907 0.81864491999715
3.8169861764664 0.83134020602986
3.8169878353421 0.8434049613518
3.8169894942177 0.85145441668368
3.8169911530934 0.85766758729346
3.8169928119691 0.8634486295262
3.8169944708448 0.86914157051177
3.8169961297205 0.87050048568777
3.8169977885961 0.87150388882508
3.8169994474718 0.87064059247787
3.8170011063475 0.86996837523958
3.8170027652232 0.86970557242438
3.8170044240988 0.87156928635428
3.8170060829745 0.87576909507865
3.8170077418502 0.87522736215847
3.8170094007259 0.87196024690035
3.8170110596016 0.87183598975652
3.8170127184772 0.8725289983005
3.8170143773529 0.86697481542117
3.8170160362286 0.86174734079825
3.8170176951043 0.86162457755783
3.8170193539799 0.86097140236088
3.8170210128556 0.85888649504347
3.8170226717313 0.85798071542006
3.817024330607 0.85864132771291
3.8170259894827 0.85687983025572
3.8170276483583 0.85342650350448
3.817029307234 0.85346522484487
3.8170309661097 0.8546790838644
3.8170326249854 0.85629453229703
3.817034283861 0.85767305712233
3.8170359427367 0.85521401333283
3.8170376016124 0.85314683475706
3.8170392604881 0.85241151408257
3.8170409193638 0.85042087049728
3.8170425782394 0.84644452621012
3.8170442371151 0.84224336452279
3.8170458959908 0.83785635138175
3.8170475548665 0.83367146479869
3.8170492137421 0.8295700646921
3.8170508726178 0.82653204820203
3.8170525314935 0.82351607926879
3.8170541903692 0.81576606087661
3.8170558492449 0.80827762519336
3.8170575081205 0.80190956284538
3.8170591669962 0.7952838176771
3.8170608258719 0.78817974248688
3.8170624847476 0.78043283793598
3.8170641436232 0.77207083172787
3.8170658024989 0.76187826852981
3.8170674613746 0.75079265846065
3.8170691202503 0.73943172548228
3.817070779126 0.72801572589129
3.8170724380016 0.71681098875794
3.8170740968773 0.70569356170025
3.817075755753 0.69504180609671
3.8170774146287 0.6826863185415
3.8170790735043 0.66667326099634
3.81708073238 0.65011057327893
3.8170823912557 0.63295133878782
3.8170840501314 0.61496372191882
3.8170857090071 0.59651307812815
3.8170873678827 0.58003932381547
3.8170890267584 0.56404911525118
3.8170906856341 0.54907280295452
3.8170923445098 0.53445222606951
3.8170940033854 0.52201063973378
3.8170956622611 0.50950446872039
3.8170973211368 0.49684047781257
3.8170989800125 0.48605994678495
3.8171006388882 0.47755390311827
3.8171022977638 0.47034814760583
3.8171039566395 0.46395400216242
3.8171056155152 0.45733699695244
3.8171072743909 0.45065660065594
3.8171089332665 0.4440453247828
3.8171105921422 0.43744394896387
3.8171122510179 0.43089053168795
3.8171139098936 0.42542935677385
3.8171155687693 0.42295246931999
3.8171172276449 0.41921774211829
3.8171188865206 0.41382483574674
3.8171205453963 0.40794279198302
3.817122204272 0.40172762436247
3.8171238631476 0.39849646050072
3.8171255220233 0.39621509569543
3.817127180899 0.38947757172813
3.8171288397747 0.38277535850211
3.8171304986504 0.38041631873248
3.817132157526 0.37779588715292
3.8171338164017 0.37439298126667
3.8171354752774 0.37012307425374
3.8171371341531 0.36462911176785
3.8171387930287 0.36113567250294
3.8171404519044 0.35909701191659
3.8171421107801 0.35859708928112
3.8171437696558 0.35862814608758
3.8171454285315 0.35835389892701
3.8171470874071 0.35810257815428
3.8171487462828 0.358535792023
3.8171504051585 0.35919331739558
3.8171520640342 0.36056992248932
3.8171537229098 0.36207763528032
3.8171553817855 0.36377971295539
3.8171570406612 0.36601374206977
3.8171586995369 0.36865234378692
3.8171603584126 0.37176396398495
3.8171620172882 0.37504760060013
3.8171636761639 0.38194629120787
3.8171653350396 0.38951391566283
3.8171669939153 0.40088752358259
3.8171686527909 0.41252447040666
3.8171703116666 0.42504250436879
3.8171719705423 0.43838789124809
3.817173629418 0.45299545447932
3.8171752882937 0.46623366138497
3.8171769471693 0.47840451905444
3.817178606045 0.48583778630572
3.8171802649207 0.49150169359123
3.8171819237964 0.4976278839785
3.817183582672 0.50383887011679
3.8171852415477 0.51051643980975
3.8171869004234 0.51786334156236
3.8171885592991 0.52748523503471
3.8171902181748 0.53709738294918
3.8171918770504 0.54669454217168
3.8171935359261 0.55132940614602
3.8171951948018 0.55207897488966
3.8171968536775 0.55133875216469
3.8171985125531 0.55004136984659
3.8172001714288 0.54637329564977
3.8172018303045 0.54248303402195
3.8172034891802 0.53944202715798
3.8172051480559 0.53720684209049
3.8172068069315 0.53767669606273
3.8172084658072 0.53995802814274
3.8172101246829 0.54499035879683
3.8172117835586 0.55192755930149
3.8172134424342 0.56033321244793
3.8172151013099 0.5681639993908
3.8172167601856 0.57578481716301
3.8172184190613 0.58422494716397
3.817220077937 0.59265248544476
3.8172217368126 0.5996744561885
3.8172233956883 0.60624627778382
3.817225054564 0.61136570674907
3.8172267134397 0.61723349920387
3.8172283723153 0.62420094694496
3.817230031191 0.62916625822239
3.8172316900667 0.63264224084494
3.8172333489424 0.63617033103295
3.8172350078181 0.63971653827712
3.8172366666937 0.64123864665829
3.8172383255694 0.64281057931944
3.8172399844451 0.6472502604119
3.8172416433208 0.65167211774093
3.8172433021964 0.65604011765718
3.8172449610721 0.65943455157431
3.8172466199478 0.66147254477509
3.8172482788235 0.66602799414451
3.8172499376992 0.67235382330071
3.8172515965748 0.67760715621154
3.8172532554505 0.68251532537676
3.8172549143262 0.68372098105748
3.8172565732019 0.68490332319046
3.8172582320775 0.68865320137761
3.8172598909532 0.69291584772424
3.8172615498289 0.69859611200136
3.8172632087046 0.70431654814784
3.8172648675802 0.71008903236599
3.8172665264559 0.71472271428239
3.8172681853316 0.71861512209985
3.8172698442073 0.72199914596462
3.817271503083 0.725236424475
3.8172731619586 0.72935642608548
3.8172748208343 0.73358514388022
3.81727647971 0.73825737551765
3.8172781385857 0.74320542171711
3.8172797974613 0.74883676518856
3.817281456337 0.75369853207929
3.8172831152127 0.75765084896779
3.8172847740884 0.76022221345826
3.8172864329641 0.76198008019733
3.8172880918397 0.76265354897688
3.8172897507154 0.76305654791273
3.8172914095911 0.76047095853561
3.8172930684668 0.75749666815748
3.8172947273424 0.75271565907797
3.8172963862181 0.74889730318416
3.8172980450938 0.74717775924353
3.8172997039695 0.74426872364479
3.8173013628452 0.74010191884833
3.8173030217208 0.74238975025227
3.8173046805965 0.74803554240011
3.8173063394722 0.75566565877727
3.8173079983479 0.76371472359882
3.8173096572235 0.77842293610972
3.8173113160992 0.79254979921486
3.8173129749749 0.80391551217981
3.8173146338506 0.81502366444636
3.8173162927263 0.82564549088352
3.8173179516019 0.83254386109084
3.8173196104776 0.83598695674928
3.8173212693533 0.83912115875105
3.817322928229 0.84211739432995
3.8173245871046 0.84103409233119
3.8173262459803 0.83940781192615
3.817327904856 0.84037990353371
3.8173295637317 0.84195012285354
3.8173312226074 0.84577245356824
3.817332881483 0.85198721525688
3.8173345403587 0.85813631761596
3.8173361992344 0.86428541997504
3.8173378581101 0.86621333971567
3.8173395169857 0.86802372296139
3.8173411758614 0.86976871853059
3.8173428347371 0.87150975825594
3.8173444936128 0.87512333760979
3.8173461524885 0.8789150566786
3.8173478113641 0.88233389630567
3.8173494702398 0.88570354112348
3.8173511291155 0.88854157410229
3.8173527879912 0.89128861644847
3.8173544468668 0.89455580203296
3.8173561057425 0.8979337807061
3.8173577646182 0.90052355573803
3.8173594234939 0.90291018160769
3.8173610823696 0.90468434846303
3.8173627412452 0.90627126728158
3.8173644001209 0.90697404790965
3.8173660589966 0.90736093917696
3.8173677178723 0.9076637791397
3.8173693767479 0.90793191547518
3.8173710356236 0.90685267972327
3.8173726944993 0.90513632926498
3.817374353375 0.90591426448269
3.8173760122507 0.90803392393958
3.8173776711263 0.90805305810678
3.817379330002 0.90679350201901
3.8173809888777 0.90517628041057
3.8173826477534 0.90331368927783
3.817384306629 0.90469409790979
3.8173859655047 0.90857385106234
3.8173876243804 0.90997624114248
3.8173892832561 0.90923861452542
3.8173909421318 0.9073114233872
3.8173926010074 0.90423399367287
3.8173942598831 0.90430637673305
3.8173959187588 0.90778542099193
3.8173975776345 0.90988885394207
3.8173992365101 0.91032825498008
3.8174008953858 0.91109784749986
3.8174025542615 0.91231454187837
3.8174042131372 0.91321274293467
3.8174058720129 0.91362753342207
3.8174075308885 0.91410760598674
3.8174091897642 0.91469900548928
3.8174108486399 0.91621691785018
3.8174125075156 0.91951546028723
3.8174141663912 0.9225331325853
3.8174158252669 0.92493999105361
3.8174174841426 0.92625877741645
3.8174191430183 0.92488583164393
3.817420801894 0.92374398518318
3.8174224607696 0.92325703300265
3.8174241196453 0.9223480814158
3.817425778521 0.92005727553035
3.8174274373967 0.91827922737226
3.8174290962723 0.91846377086543
3.817430755148 0.91893025418649
3.8174324140237 0.92067659153928
3.8174340728994 0.92289250636238
3.8174357317751 0.92768812811943
3.8174373906507 0.9327129446744
3.8174390495264 0.93930526734101
3.8174407084021 0.9460752639552
3.8174423672778 0.95442208261268
3.8174440261534 0.96117697023703
3.8174456850291 0.9483281712093
3.8174473439048 0.9360316523357
3.8174490027805 0.93443534883714
3.8174506616562 0.93283753441706
3.8174523205318 0.93117596474652
3.8174539794075 0.92951439507598
3.8174556382832 0.93308200470559
3.8174572971589 0.93666348290427
3.8174589560345 0.94280580995662
3.8174606149102 0.9490228418492
3.8174622737859 0.94839856417307
3.8174639326616 0.94738445822712
3.8174655915373 0.94685305531483
3.8174672504129 0.94636324992324
3.8174689092886 0.94450685251008
3.8174705681643 0.94249075412118
3.81747222704 0.94391256107239
3.8174738859156 0.94584731517289
3.8174755447913 0.94309909077074
3.817477203667 0.93949254334473
3.8174788625427 0.94248183184262
3.8174805214184 0.94691725948497
3.817482180294 0.94440588859844
3.8174838391697 0.94010697526644
3.8174854980454 0.93616190145953
3.8174871569211 0.93232213509066
3.8174888157967 0.93012461722464
3.8174904746724 0.92848612912097
3.8174921335481 0.9292562364867
3.8174937924238 0.93095552910861
3.8174954512995 0.93555488841171
3.8174971101751 0.94141350879361
3.8174987690508 0.94377024959334
3.8175004279265 0.94442584918088
3.8175020868022 0.94731274754962
3.8175037456778 0.95140668958688
3.8175054045535 0.95302229069096
3.8175070634292 0.95315075992109
3.8175087223049 0.95339953771279
3.8175103811806 0.95372813795615
3.8175120400562 0.95426904358603
3.8175136989319 0.95496532731042
3.8175153578076 0.95482549739393
3.8175170166833 0.95401204133566
3.8175186755589 0.95194986714534
3.8175203344346 0.94878188474308
3.8175219933103 0.94452804054787
3.817523652186 0.93921822633874
3.8175253110617 0.93441945782451
3.8175269699373 0.93016608311803
3.817528628813 0.9225585515612
3.8175302876887 0.91102372574609
3.8175319465644 0.90298925963884
3.81753360544 0.89945269831302
3.8175352643157 0.89348429573104
3.8175369231914 0.88408464039983
3.8175385820671 0.87072051524571
3.8175402409427 0.85120837717013
3.8175418998184 0.82672271649556
3.8175435586941 0.7937467495074
3.8175452175698 0.76311654018055
3.8175468764455 0.73690271643615
3.8175485353211 0.72221231881949
3.8175501941968 0.7315068118858
3.8175518530725 0.74304567894407
3.8175535119482 0.75976560956947
3.8175551708238 0.78435253793042
3.8175568296995 0.82915713333846
3.8175584885752 0.86766584918847
3.8175601474509 0.88807866312733
3.8175618063266 0.90726067148083
3.8175634652022 0.92246367206773
3.8175651240779 0.93538192260324
3.8175667829536 0.93993219596135
3.8175684418293 0.94373749943963
3.8175701007049 0.94442459887062
3.8175717595806 0.94646240354907
3.8175734184563 0.95503465335371
3.817575077332 0.96132585167484
3.8175767362077 0.95468003387113
3.8175783950833 0.94816830653418
3.817580053959 0.94256502214427
3.8175817128347 0.93787538293299
3.8175833717104 0.94077240518593
3.817585030586 0.94185486805854
3.8175866894617 0.92376050483122
3.8175883483374 0.90684029231089
3.8175900072131 0.90666165110044
3.8175916660888 0.90613590735635
3.8175933249644 0.8981968202043
3.8175949838401 0.89022059441252
3.8175966427158 0.88073996074107
3.8175983015915 0.8713199786403
3.8175999604671 0.87891583093869
3.8176016193428 0.88651168323709
3.8176032782185 0.89271498452802
3.8176049370942 0.89889435722342
3.8176065959699 0.89931750402707
3.8176082548455 0.89951847676324
3.8176099137212 0.89946886932281
3.8176115725969 0.89940402038155
3.8176132314726 0.89974704054481
3.8176148903482 0.90012428614385
3.8176165492239 0.89467871663482
3.8176182080996 0.8886053701248
3.8176198669753 0.89078952514235
3.817621525851 0.8940691978329
3.8176231847266 0.89365421905959
3.8176248436023 0.89265349552334
3.817626502478 0.88961287078172
3.8176281613537 0.88619410719394
3.8176298202293 0.88170621884695
3.817631479105 0.87699024783333
3.8176331379807 0.87375610600218
3.8176347968564 0.87088122379819
3.8176364557321 0.87368655110327
3.8176381146077 0.87804159494326
3.8176397734834 0.87433904838193
3.8176414323591 0.86818347345763
3.8176430912348 0.86437726351907
3.8176447501104 0.86136409914328
3.8176464089861 0.85927652191715
3.8176480678618 0.85753333175922
3.8176497267375 0.85884392857896
3.8176513856132 0.86140117489215
3.8176530444888 0.86534609964835
3.8176547033645 0.86991001471872
3.8176563622402 0.87714329817833
3.8176580211159 0.88567304953286
3.8176596799915 0.89307095699154
3.8176613388672 0.89987202594568
3.8176629977429 0.90493860281046
3.8176646566186 0.90901476030548
3.8176663154943 0.90102432382559
3.8176679743699 0.88558959625312
3.8176696332456 0.88232381842874
3.8176712921213 0.8871547105085
3.817672950997 0.88794378808566
3.8176746098726 0.88583744158335
3.8176762687483 0.88683309521474
3.817677927624 0.89021784890681
3.8176795864997 0.89928908383554
3.8176812453754 0.9130631883643
3.817682904251 0.92359168986013
3.8176845631267 0.93124035161898
3.8176862220024 0.93542834664459
3.8176878808781 0.93632461580899
3.8176895397537 0.93980859455714
3.8176911986294 0.94592983065079
3.8176928575051 0.94800665029724
3.8176945163808 0.94566998976747
3.8176961752565 0.9425235579505
3.8176978341321 0.93843111015146
3.8176994930078 0.93335567118287
3.8177011518835 0.92705085097122
3.8177028107592 0.92136442597861
3.8177044696348 0.91650579091524
3.8177061285105 0.91693228378248
3.8177077873862 0.92493319406826
3.8177094462619 0.93171283197727
3.8177111051376 0.93661774491159
3.8177127640132 0.94091156085342
3.8177144228889 0.94420033874204
3.8177160817646 0.94724185950343
3.8177177406403 0.94984736505393
3.8177193995159 0.95063925304749
3.8177210583916 0.94799939862305
3.8177227172673 0.94631113181655
3.817724376143 0.9465571824311
3.8177260350187 0.94447679276188
3.8177276938943 0.93731122239573
3.81772935277 0.93181518799595
3.8177310116457 0.93024944388069
3.8177326705214 0.93007092646998
3.817734329397 0.93341596891873
3.8177359882727 0.93452150509396
3.8177376471484 0.92947780376866
3.8177393060241 0.92609249587841
3.8177409648998 0.92764069089845
3.8177426237754 0.9290812483239
3.8177442826511 0.93017398993757
3.8177459415268 0.93106770572879
3.8177476004025 0.93126075593985
3.8177492592781 0.93170238367388
3.8177509181538 0.93310097479196
3.8177525770295 0.93516159332458
3.8177542359052 0.94002066138352
3.8177558947809 0.94418584693908
3.8177575536565 0.94511404572633
3.8177592125322 0.94579027684487
3.8177608714079 0.9451618391936
3.8177625302836 0.9436094699832
3.8177641891592 0.93671058902675
3.8177658480349 0.93000791124552
3.8177675069106 0.92458465904506
3.8177691657863 0.91916489888046
3.817770824662 0.91377107239875
3.8177724835376 0.90712964218548
3.8177741424133 0.88979912513329
3.817775801289 0.87146748202283
3.8177774601647 0.84307465840368
3.8177791190403 0.81491824265679
3.817780777916 0.78961271294303
3.8177824367917 0.76504503709219
3.8177840956674 0.75148412046605
3.8177857545431 0.73895837057731
3.8177874134187 0.74645007941624
3.8177890722944 0.75486320261337
3.8177907311701 0.78822924421559
3.8177923900458 0.82146257538035
3.8177940489214 0.84884711379684
3.8177957077971 0.87621258891991
3.8177973666728 0.90145456731757
3.8177990255485 0.92669654571524
3.8178006844242 0.94062379406263
3.8178023432998 0.95450267005097
3.8178040021755 0.95601033380903
3.8178056610512 0.95729999978373
3.8178073199269 0.94838717881037
3.8178089788025 0.93915620792785
3.8178106376782 0.94456076549931
3.8178122965539 0.95062340592403
3.8178139554296 0.94619850475881
3.8178156143053 0.94115517507851
3.8178172731809 0.94660083928057
3.8178189320566 0.95281473747339
3.8178205909323 0.95315427200021
3.817822249808 0.95297835297013
3.8178239086836 0.95332126599214
3.8178255675593 0.95371735100481
3.817827226435 0.95582794219678
3.8178288853107 0.95814000123086
3.8178305441863 0.9588747887769
3.817832203062 0.95940015642526
3.8178338619377 0.96042378137336
3.8178355208134 0.96152128998859
3.8178371796891 0.96123915776211
3.8178388385647 0.96073063121399
3.8178404974404 0.96143734108348
3.8178421563161 0.96236299107811
3.8178438151918 0.94119896927937
3.8178454740674 0.91569465672773
3.8178471329431 0.91436310948942
3.8178487918188 0.91818197668217
3.8178504506945 0.93251279167515
3.8178521095702 0.94926104733424
3.8178537684458 0.94300852763636
3.8178554273215 0.93107153684394
3.8178570861972 0.93345281542189
3.8178587450729 0.9396224916645
3.8178604039485 0.94886948797966
3.8178620628242 0.95898541363802
3.8178637216999 0.95067249130674
3.8178653805756 0.9368243180706
3.8178670394513 0.92492811981005
3.8178686983269 0.91365414526424
3.8178703572026 0.89202524889854
3.8178720160783 0.86690269911805
3.817873674954 0.83679680017737
3.8178753338296 0.80491496701682
3.8178769927053 0.77358160528406
3.817878651581 0.74245427572848
3.8178803104567 0.73483651508039
3.8178819693324 0.73651009693293
3.817883628208 0.75422483812378
3.8178852870837 0.77859789974378
3.8178869459594 0.80368065628464
3.8178886048351 0.82907235505167
3.8178902637107 0.85452366437322
3.8178919225864 0.88000214764648
3.8178935814621 0.9025785306206
3.8178952403378 0.92377122616252
3.8178968992135 0.93373621496098
3.8178985580891 0.93811051302946
3.8179002169648 0.9462685194201
3.8179018758405 0.95639208947697
3.8179035347162 0.95784630829387
3.8179051935918 0.95460670320848
3.8179068524675 0.9515519489307
3.8179085113432 0.94860137472223
3.8179101702189 0.94301490229676
3.8179118290946 0.93588337150125
3.8179134879702 0.9275641508593
3.8179151468459 0.91852157712668
3.8179168057216 0.91184490296452
3.8179184645973 0.90666403219522
3.8179201234729 0.8942296440123
3.8179217823486 0.87703807487905
3.8179234412243 0.85405316412287
3.8179251001 0.82713012897387
3.8179267589757 0.79517020552491
3.8179284178513 0.75966431429825
3.817930076727 0.73609464366987
3.8179317356027 0.72122238826234
3.8179333944784 0.71853003886439
3.817935053354 0.7250167636075
3.8179367122297 0.74586222038884
3.8179383711054 0.77789164085362
3.8179400299811 0.80620495967525
3.8179416888568 0.83152879305033
3.8179433477324 0.85482935305836
3.8179450066081 0.87644965038961
3.8179466654838 0.8933732063873
3.8179483243595 0.90627341784494
3.8179499832351 0.91608145392768
3.8179516421108 0.92315803399767
3.8179533009865 0.92932150119446
3.8179549598622 0.93465384657707
3.8179566187379 0.93097275413767
3.8179582776135 0.91884165065634
3.8179599364892 0.91569152505165
3.8179615953649 0.92120843396688
3.8179632542406 0.92633669248526
3.8179649131162 0.93107907709819
3.8179665719919 0.93413107038715
3.8179682308676 0.93545704050388
3.8179698897433 0.93617563462008
3.817971548619 0.93625686098661
3.8179732074946 0.93481193158228
3.8179748663703 0.93172169510831
3.817976525246 0.93002444185487
3.8179781841217 0.92986944311542
3.8179798429973 0.92795015924638
3.817981501873 0.92402616293053
3.8179831607487 0.91891937377265
3.8179848196244 0.91243373200302
3.8179864785001 0.90790509354878
3.8179881373757 0.90571627309341
3.8179897962514 0.90648244391399
3.8179914551271 0.91086976366335
3.8179931140028 0.91819835312298
3.8179947728784 0.9292199851099
3.8179964317541 0.92806080352971
3.8179980906298 0.91123857281619
3.8179997495055 0.9015657745779
3.8180014083812 0.90130351464495
3.8180030672568 0.90820185205594
3.8180047261325 0.9247451130794
3.8180063850082 0.9244986167926
3.8180080438839 0.90112488950843
3.8180097027595 0.88838838659782
3.8180113616352 0.89063400373892
3.8180130205109 0.89325770326555
3.8180146793866 0.89642555485094
3.8180163382623 0.90033674057238
3.8180179971379 0.90534080582191
3.8180196560136 0.90827240302229
3.8180213148893 0.90809334303525
3.818022973765 0.90847671276447
3.8180246326406 0.90972176192167
3.8180262915163 0.91068849164357
3.818027950392 0.91122025657686
3.8180296092677 0.91301129051838
3.8180312681434 0.91680922542396
3.818032927019 0.91883435277601
3.8180345858947 0.91797972255043
3.8180362447704 0.91081159155572
3.8180379036461 0.89319529640852
3.8180395625217 0.88789835854726
3.8180412213974 0.90336460542759
3.8180428802731 0.91881458291081
3.8180445391488 0.93423665264283
3.8180461980245 0.93722019548694
3.8180478569001 0.91849536079238
3.8180495157758 0.90666546716916
3.8180511746515 0.907074701559
3.8180528335272 0.9073531282237
3.8180544924028 0.90739555087175
3.8180561512785 0.91087542119869
3.8180578101542 0.92065674525945
3.8180594690299 0.93045881359159
3.8180611279056 0.94029950053289
3.8180627867812 0.94909992435569
3.8180644456569 0.95593434401704
3.8180661045326 0.96029834062307
3.8180677634083 0.95992592672417
3.8180694222839 0.9588448911022
3.8180710811596 0.95638609509153
3.8180727400353 0.95561433713172
3.818074398911 0.95816711273273
3.8180760577867 0.95811745415805
3.8180777166623 0.95287175406238
3.818079375538 0.95435024749453
3.8180810344137 0.96942378656634
3.8180826932894 0.97547820499457
3.818084352165 0.96307779078282
3.8180860110407 0.95401646082625
3.8180876699164 0.95186601881625
3.8180893287921 0.95307137014644
3.8180909876678 0.96129797486213
3.8180926465434 0.96923735875069
3.8180943054191 0.97656947888193
3.8180959642948 0.97844917212269
3.8180976231705 0.96868650655419
3.8180992820461 0.96117068743342
3.8181009409218 0.95849725365666
3.8181025997975 0.95680243858343
3.8181042586732 0.95723555200974
3.8181059175488 0.95888066938725
3.8181075764245 0.96318311902221
3.8181092353002 0.96392836719559
3.8181108941759 0.9568142586051
3.8181125530516 0.95320425825814
3.8181142119272 0.95739128379845
3.8181158708029 0.95978199628205
3.8181175296786 0.95814904635577
3.8181191885543 0.95759381491144
3.8181208474299 0.95946723636615
3.8181225063056 0.96346210311506
3.8181241651813 0.97226362871939
3.818125824057 0.97699940551766
3.8181274829327 0.97247898907968
3.8181291418083 0.96772546889695
3.818130800684 0.96243894438853
3.8181324595597 0.96041790827534
3.8181341184354 0.96589001415215
3.818135777311 0.9677078963078
3.8181374361867 0.96111310374013
3.8181390950624 0.95645819973586
3.8181407539381 0.95628023736921
3.8181424128138 0.95640985261111
3.8181440716894 0.9572507314125
3.8181457305651 0.95839803076762
3.8181473894408 0.96025488816073
3.8181490483165 0.96089861810596
3.8181507071921 0.95873113862865
3.8181523660678 0.96338205691767
3.8181540249435 0.98383483340139
3.8181556838192 0.99200779914938
3.8181573426949 0.97173216424993
3.8181590015705 0.95622298708298
3.8181606604462 0.9517452141243
3.8181623193219 0.9495632595591
3.8181639781976 0.95268600885431
3.8181656370732 0.95668823840726
3.8181672959489 0.96271797120551
3.8181689548246 0.96652747807338
3.8181706137003 0.96523251875277
3.818172272576 0.96371868682516
3.8181739314516 0.96170333630538
3.8181755903273 0.96061869944801
3.818177249203 0.96165818743083
3.8181789080787 0.95870210461097
3.8181805669543 0.94666740537176
3.81818222583 0.93491120190276
3.8181838847057 0.9237844804497
3.8181855435814 0.92029837543256
3.8181872024571 0.93398456431735
3.8181888613327 0.95054677545182
3.8181905202084 0.97353229785925
3.8181921790841 0.99137683322155
3.8181938379598 0.99781639556421
3.8181954968354 0.99524141299921
3.8181971557111 0.97281427269965
3.8181988145868 0.95598583530011
3.8182004734625 0.9513896033005
3.8182021323382 0.95424522717347
3.8182037912138 0.97324349867123
3.8182054500895 0.98299766923281
3.8182071089652 0.97290872236635
3.8182087678409 0.96631151029951
3.8182104267165 0.96713842220395
3.8182120855922 0.96721466490724
3.8182137444679 0.96571090537613
3.8182154033436 0.96388003050875
3.8182170622193 0.96136797208408
3.8182187210949 0.95982116903633
3.8182203799706 0.96026224450473
3.8182220388463 0.9608156623989
3.818223697722 0.96159771981906
3.8182253565976 0.95952288413973
3.8182270154733 0.95170428642247
3.818228674349 0.94768043295262
3.8182303332247 0.95118907945008
3.8182319921004 0.95353670781453
3.818233650976 0.95360981997597
3.8182353098517 0.95296547502551
3.8182369687274 0.95093468252322
3.8182386276031 0.95103539599011
3.8182402864787 0.95519625640422
3.8182419453544 0.95826020121496
3.8182436042301 0.95926494543303
3.8182452631058 0.95870485747425
3.8182469219815 0.95525169917935
3.8182485808571 0.95255638106398
3.8182502397328 0.95124044570197
3.8182518986085 0.95264681040785
3.8182535574842 0.95892885911408
3.8182552163598 0.96316949312273
3.8182568752355 0.96381427316897
3.8182585341112 0.9618528177908
3.8182601929869 0.95537865816914
3.8182618518626 0.94780857119585
3.8182635107382 0.93837375882733
3.8182651696139 0.9316388573556
3.8182668284896 0.9294160400562
3.8182684873653 0.9232251977295
3.8182701462409 0.91052431779963
3.8182718051166 0.89602473026811
3.8182734639923 0.87862953663871
3.818275122868 0.87533719781951
3.8182767817437 0.89431477903834
3.8182784406193 0.90435527014676
3.818280099495 0.90055909696487
3.8182817583707 0.90185844831181
3.8182834172464 0.91088887722455
3.818285076122 0.9201176762054
3.8182867349977 0.92964128127974
3.8182883938734 0.93887848427081
3.8182900527491 0.94769890289303
3.8182917116248 0.95483066802842
3.8182933705004 0.95955726739929
3.8182950293761 0.96360464858871
3.8182966882518 0.96670562324522
3.8182983471275 0.96945138244918
3.8183000060031 0.97171317085185
3.8183016648788 0.97294306856959
3.8183033237545 0.97279865447136
3.8183049826302 0.9700929563449
3.8183066415059 0.9640548564217
3.8183083003815 0.96110954729904
3.8183099592572 0.96209396332246
3.8183116181329 0.95766348371648
3.8183132770086 0.94651599123585
3.8183149358842 0.93011166764798
3.8183165947599 0.90734516638836
3.8183182536356 0.89844692678711
3.8183199125113 0.90591906842201
3.818321571387 0.91683533568869
3.8183232302626 0.93171491501665
3.8183248891383 0.92931446193341
3.818326548014 0.90753856754935
3.8183282068897 0.89230743195232
3.8183298657653 0.88422422596851
3.818331524641 0.87417640063009
3.8183331835167 0.8620399777179
3.8183348423924 0.84760633780541
3.8183365012681 0.83079633293434
3.8183381601437 0.81765632199114
3.8183398190194 0.80820849266466
3.8183414778951 0.80734668295993
3.8183431367708 0.814882423621
3.8183447956464 0.83306080908715
3.8183464545221 0.86135141557292
3.8183481133978 0.88996042146679
3.8183497722735 0.91886321354828
3.8183514311492 0.94221957119022
3.8183530900248 0.9606090249839
3.8183547489005 0.9699790964776
3.8183564077762 0.97151352544963
3.8183580666519 0.97192861572897
3.8183597255275 0.97140105226191
3.8183613844032 0.97345479817881
3.8183630432789 0.97761484917896
3.8183647021546 0.97876054162976
3.8183663610303 0.97752454102202
3.8183680199059 0.97193560673433
3.8183696787816 0.96301860813102
3.8183713376573 0.9513074069997
3.818372996533 0.93753008802589
3.8183746554086 0.93660077474958
3.8183763142843 0.94485282541295
3.81837797316 0.94824606741329
3.8183796320357 0.94828674129293
3.8183812909114 0.94905601774952
3.818382949787 0.95031048987048
3.8183846086627 0.94975348428671
3.8183862675384 0.94803339968393
3.8183879264141 0.948145839222
3.8183895852897 0.94939191749872
3.8183912441654 0.95058043792856
3.8183929030411 0.95173468269618
3.8183945619168 0.94993614079889
3.8183962207924 0.94644654986617
3.8183978796681 0.933109415487
3.8183995385438 0.9143540442756
3.8184011974195 0.90359851219249
3.8184028562952 0.89706802126558
3.8184045151708 0.90205495579294
3.8184061740465 0.91287309103711
3.8184078329222 0.91948370485969
3.8184094917979 0.9240539167005
3.8184111506735 0.92690183512345
3.8184128095492 0.92895093174829
3.8184144684249 0.92973078507492
3.8184161273006 0.92994836747956
3.8184177861763 0.93263169304966
3.8184194450519 0.93635697557425
3.8184211039276 0.94807611793879
3.8184227628033 0.96301242938365
3.818424421679 0.96346402305365
3.8184260805546 0.95837317108593
3.8184277394303 0.95219365268653
3.818429398306 0.94561880789014
3.8184310571817 0.93850730848685
3.8184327160574 0.93121120569155
3.818434374933 0.92812096662867
3.8184360338087 0.92639823608435
3.8184376926844 0.92534144157704
3.8184393515601 0.9244888158275
3.8184410104357 0.9230539254556
3.8184426693114 0.92145115409243
3.8184443281871 0.91724415610601
3.8184459870628 0.91233294885523
3.8184476459385 0.90747847034216
3.8184493048141 0.90263833151593
3.8184509636898 0.8992323021007
3.8184526225655 0.89616389120582
3.8184542814412 0.90468037561746
3.8184559403168 0.91572629510837
3.8184575991925 0.92285158984474
3.8184592580682 0.92918676262948
3.8184609169439 0.93285912202989
3.8184625758196 0.93603874174934
3.8184642346952 0.93611801873555
3.8184658935709 0.93567388808037
3.8184675524466 0.93890396357995
3.8184692113223 0.94269567728228
3.8184708701979 0.94765097046613
3.8184725290736 0.95276585241244
3.8184741879493 0.95313936602977
3.818475846825 0.95293561812648
3.8184775057007 0.95367937928933
3.8184791645763 0.95452409290551
3.818480823452 0.95635104656607
3.8184824823277 0.95826800694754
3.8184841412034 0.96172636224439
3.818485800079 0.96530334915379
3.8184874589547 0.96227476010937
