6544.1794415763	0.98771132201984
6544.204438251	0.98797418715025
6544.2294350211	0.99292365201331
6544.2544318868	0.9980955790311
6544.2794288479	1.000245659099
6544.3044259045	1.0013568668062
6544.3294230565	0.99738741186354
6544.3544203041	0.99506088118493
6544.3794176486	0.99543337055081
6544.4044150871	0.99444801842905
6544.4294126211	0.99486963019534
6544.4544102506	0.99536340009501
6544.4794079755	0.99299316216226
6544.504405796	0.99021085084796
6544.5294037119	0.98739735738054
6544.5544017233	0.99084439954159
6544.5793998302	0.99799240211266
6544.6043980326	0.9950966143492
6544.6293963305	0.98836831006069
6544.6543947238	0.98552828179773
6544.6793932127	0.98248234236702
6544.704391797	0.97744537490556
6544.7293904768	0.97198262007897
6544.7543892521	0.9674958123236
6544.7793881229	0.96237380415662
6544.8043870891	0.95980917187684
6544.8293861509	0.95908891301017
6544.8543853082	0.95808150493961
6544.8793845624	0.95725972536861
6544.9043839106	0.95896259880781
6544.9293833543	0.96228122953962
6544.9543828935	0.96526226515767
6544.9793825282	0.97191449734428
6545.0043822584	0.98082772376236
6545.0293820841	0.98436604045293
6545.0543820053	0.98383225455035
6545.0793820219	0.98589422369624
6545.1043821341	0.98946361309392
6545.1293823417	0.99056517137044
6545.1543826449	0.99032228487167
6545.1793830435	0.98436852188144
6545.2043835376	0.98070167418452
6545.2293841272	0.98109947496401
6545.2543848124	0.98257383149871
6545.279385593	0.98655988412207
6545.3043864691	0.98926359945978
6545.3293874407	0.98987137025361
6545.3543885093	0.99232266476029
6545.3793896719	0.99537344072724
6545.4043909299	0.99402065198864
6545.4293922835	0.99122780758341
6545.4543937326	0.99063949717527
6545.4793952772	0.98865518345023
6545.5043969173	0.98836922563637
6545.5293986528	0.9883942619275
6545.5544004839	0.98218201818029
6545.5794024105	0.97595760227338
6545.6044044325	0.97164151046933
6545.6294065501	0.97020180609234
6545.6544087632	0.97883607949746
6545.6794110717	0.98589633812483
6545.7044134758	0.98907885727797
6545.7294159754	0.99127308188217
6545.7544185705	0.99180701415606
6545.779421261	0.98876551140965
6545.8044240471	0.98588498169539
6545.8294269302	0.9830982459651
6545.8544299073	0.98132700204159
6545.8794329799	0.9810459358305
6545.904436148	0.98152207650553
6545.9294394116	0.98414593317531
6545.9544427707	0.98564086194154
6545.9794462253	0.96827622263922
6546.0044497754	0.94568040749955
6546.029453421	0.90285714005226
6546.0544571621	0.86001428884423
6546.0794609988	0.81486895519538
6546.1044649309	0.77308580747733
6546.1294689585	0.73689585524191
6546.1544730817	0.71204097888893
6546.1794773003	0.69670469287893
6546.2044816145	0.69455772245825
6546.2294860242	0.69980642878621
6546.2544905294	0.71699254987363
6546.2794951301	0.73801393071584
6546.3044998278	0.78169784916373
6546.3295046195	0.82893774951971
6546.3545095067	0.87018416311272
6546.3795144894	0.90864383802894
6546.4045195677	0.93943457015771
6546.4295247414	0.96425690320239
6546.4545300107	0.97211879586282
6546.4795353755	0.98053428690941
6546.5045408358	0.99189312994221
6546.5295463916	0.99761868214372
6546.5545520429	0.99583357083664
6546.5795577897	0.9925205675478
6546.604563632	0.98923302131073
6546.6295695699	0.99727541687187
6546.6545756033	1.0091167492371
6546.6795817322	1.0057601535124
6546.7045879566	0.99948876662236
6546.7295942765	0.99475009594735
6546.7546006919	0.99147292117789
6546.7796072029	0.99264043801231
6546.8046138109	0.99365028190335
6546.8296205128	0.98933060499569
6546.8546273104	0.98409003695588
6546.8796342034	0.97667247454642
6546.9046411919	0.96739611800773
6546.929648276	0.9567334123555
6546.9546554556	0.94349693826133
6546.9796627306	0.9271167643256
6547.0046701013	0.92108727857954
6547.0296775674	0.9183230065608
6547.0546851291	0.93629691526575
6547.0796927862	0.95754992595187
6547.1047005389	0.97035971337809
6547.1297083872	0.98042327304192
6547.1547163309	0.97975999390348
6547.1797243702	0.97901698868557
6547.204732505	0.97272270668168
6547.2297407353	0.96743463021468
6547.2547490611	0.96401943415375
6547.279757484	0.96503824068859
6547.3047660009	0.96943426166336
6547.3297746133	0.97081830329914
6547.3547833212	0.96972104818663
6547.3797921247	0.97232758835474
6547.4048010236	0.97712002812156
6547.4298100182	0.97743508135082
6547.4548191082	0.97685790402833
6547.4798282938	0.96986275423914
6547.5048375748	0.96188321744861
6547.5298469515	0.9603051439211
6547.5548564236	0.95995493568553
6547.5798659913	0.96388171601506
6547.6048756545	0.96729292213576
6547.6298854132	0.97221746512206
6547.6548952675	0.9760746597368
6547.6799052173	0.97676989213572
6547.7049152626	0.97764937156794
6547.7299254034	0.97995628053089
6547.7549356413	0.9856143320839
6547.7799459732	0.99372245431965
6547.8049564007	1.0083204082785
6547.8299669237	1.0236154348001
6547.8549775422	1.0248703182232
6547.8799882562	1.0223885768077
6547.9049990658	1.0148213202835
6547.9300099709	1.0054997469477
6547.9550209715	0.98806216886282
6547.9800320677	0.97315954234042
6548.0050432594	0.96669349425599
6548.0300545467	0.9614778411196
6548.0550659294	0.9568267292532
6548.0800774077	0.95343392956991
6548.1050889816	0.95108789360104
6548.130100651	0.95100573950212
6548.1551124159	0.9515615534714
6548.1801242764	0.95610887565895
6548.2051362324	0.96296634985038
6548.2301482839	0.96955053546802
6548.2551604325	0.97567749705542
6548.2801726751	0.97615739569607
6548.3051850132	0.97737127724345
6548.3301974469	0.983056264042
6548.3552099762	0.98837800597037
6548.3802226009	0.993468239395
6548.4052353212	0.99790876928981
6548.4302481371	1.0010588547052
6548.4552610485	1.0027196671375
6548.4802740554	1.0039613345112
6548.5052871579	1.003068929992
6548.5303003559	0.99998150436719
6548.5553136495	0.99864818829302
6548.5803270386	0.99834229311374
6548.6053405232	1.0030395587967
6548.6303541034	1.0073161814001
6548.6553677791	1.0060562925192
6548.6803815504	1.0065485836181
6548.7053954172	1.008929375042
6548.7304093811	1.0085458402848
6548.755423439	1.0034107010904
6548.7804375925	0.99867564950887
6548.8054518415	0.99368033989574
6548.830466186	0.98604476368124
6548.8554806261	0.97665043307744
6548.8804951617	0.97525877838064
6548.9055097929	0.98049383155021
6548.9305245197	0.98296290853633
6548.955539342	0.98323883781607
6548.9805542598	0.98594971393046
6549.0055692732	0.9904426902717
6549.0305843821	0.99045094946367
6549.0555995866	0.98949493990719
6549.0806148866	0.99498796839008
6549.1056302822	0.99992805856891
6549.1306457733	1.0034570178512
6549.15566136	1.0051516599567
6549.1806770423	1.0041081672431
6549.2056928216	1.0028009598715
6549.2307086949	1.0007241093965
6549.2557246638	1.0036214356869
6549.2807407282	1.0094948580356
6549.3057568883	1.0061601060492
6549.3307731438	0.99983172250876
6549.3557894949	0.99758279384576
6549.3808059416	0.99566317330164
6549.4058224838	0.9979242592451
6549.4308391216	0.99982471624376
6549.4558558549	0.99705310736204
6549.4808726838	0.99475454726947
6549.5058896082	0.99501482124536
6549.5309066282	0.99566104567317
6549.5559237438	0.9968863524361
6549.5809409549	0.99498952472719
6549.6059582616	0.99004152526072
6549.6309756638	0.99184038873894
6549.6559931616	0.99690280822098
6549.6810107549	0.99489522159817
6549.7060284453	0.99074564633704
6549.7310462298	0.99109960912464
6549.7560641098	0.99183209869604
6549.7810820854	0.99116182627933
6549.8061001565	0.99057116156554
6549.8311183232	0.99107929049331
6549.8561365855	0.99143717722544
6549.8811549433	0.98987630069517
6549.9061733967	0.98969016967844
6549.9311919457	0.99052195245101
6549.9562105902	0.99260557621313
6549.9812293303	0.99453983222546
6550.0062481659	0.99603104573738
6550.0312670971	0.99749582592118
6550.0562861239	0.99104255556949
6550.0813052462	0.98263182103881
6550.1063244641	0.97741717627195
6550.1313437776	0.97195639800059
6550.1563631866	0.96059234578548
6550.1813826927	0.95247358912762
6550.2064022929	0.95383614852352
6550.2314219886	0.95539206725099
6550.2564417799	0.95743391419761
6550.2814616668	0.96236576107523
6550.3064816492	0.97016285711523
6550.3315017272	0.97882297511961
6550.3565219008	0.98808103565042
6550.38154217	0.99090911719374
6550.4065625347	0.98986559610665
6550.4315829949	0.99375703061782
6550.4566035508	0.99742866355351
6550.4816242022	0.99526285767824
6550.5066449492	0.99307774226888
6550.5316657918	0.98962883253848
6550.5566867299	0.98854067960923
6550.5817077636	0.99579674988791
6550.6067288929	1.0000778675554
6550.6317501177	0.99837203939443
6550.6567714397	0.99602406789635
6550.6817928557	0.99417046140569
6550.7068143672	0.9905608540324
6550.7318359744	0.98560627577733
6550.7568576771	0.98183893029448
6550.7818794754	0.9792615304638
6550.8069013693	0.97634341055953
6550.8319233587	0.97381623873033
6550.8569454437	0.97283146637041
6550.8819676243	0.96942159175318
6550.9069899005	0.95255791619256
6550.9320122723	0.93445052878183
6550.9570347396	0.91652246897985
6550.9820573025	0.90557498049644
6551.007079961	0.9018928950539
6551.0321027151	0.9068197366516
6551.0571255647	0.91749653339706
6551.0821485099	0.94192815494934
6551.1071715507	0.96945894485273
6551.1321946886	0.98704365586938
6551.1572179206	1.0030146441882
6551.1822412481	1.0037942823537
6551.2072646713	1.0047623798315
6551.23228819	1.0008111799416
6551.2573118042	0.99738205503018
6551.2823355141	0.99415422450483
6551.3073593196	0.99101530005925
6551.3323832206	0.98621235320034
6551.3574072172	0.9822247829359
6551.3824313094	0.9785278690015
6551.4074554972	0.97313815281337
6551.4324797806	0.96613887432587
6551.4575041595	0.96596577090035
6551.4825286341	0.96940879871465
6551.5075532042	0.96261570054783
6551.5325778699	0.95313181049325
6551.5576026312	0.93728465587035
6551.5826274881	0.92235095509589
6551.6076524406	0.91059484702677
6551.6326774901	0.90107694897977
6551.6577026338	0.89669350012317
6551.682727873	0.90193856390642
6551.7077532079	0.92125061826977
6551.7327786383	0.94046711438877
6551.7578041643	0.9612730778313
6551.7828297859	0.98070589613678
6551.807855503	0.99915237104429
6551.8328813158	1.0162381298288
6551.8579072242	1.0327387424966
6551.8829332281	1.0353711723311
6551.9079593277	1.0333967573172
6551.9329855228	1.0228247848443
6551.9580118135	1.0132953061136
6551.9830381999	1.0080502264003
6552.0080646818	1.00170146205
6552.0330912593	0.99252648109307
6552.0581179324	0.98372081274211
6552.0831447011	0.9761600010177
6552.1081715669	0.9710585258244
6552.1331985268	0.96760293746968
6552.1582255822	0.96489579139379
6552.1832527333	0.96200715470684
6552.20827998	0.96784535982472
6552.2333073222	0.97295300651689
6552.2583347601	0.97829534124623
6552.2833622936	0.98302853708117
6552.3083899226	0.98461111275567
6552.3334176473	0.98453822015496
6552.3584454675	0.98075704133627
6552.3834733834	0.97910371842119
6552.4085013948	0.9802318442565
6552.4335295019	0.97915344607132
6552.4585577045	0.97632749862498
6552.4835860028	0.97270312431646
6552.5086143966	0.96994255608142
6552.533642886	0.96766414592865
6552.5586714711	0.96500368826472
6552.5837001533	0.95596051962134
6552.6087289295	0.94809920218
6552.6337578014	0.95092391615112
6552.6587867688	0.95599430978632
6552.6838158319	0.96606191735737
6552.7088449905	0.97303040282402
6552.7338742448	0.97871607053185
6552.7589035947	0.98304264882557
6552.7839330401	0.98595091634154
6552.8089625812	0.98754802748033
6552.8339922179	0.98782680029951
6552.8590219502	0.98295750393253
6552.8840517781	0.97800191087993
6552.9090817016	0.97916090975754
6552.9341117207	0.98167560328607
6552.9591418354	0.98550567283914
6552.9841720457	0.98859375564278
6553.0092023516	0.99331415145779
6553.0342327531	0.99692559789324
6553.0592632503	0.99721798616419
6553.0842938445	0.99655279605469
6553.1093245329	0.99408673438884
6553.1343553169	0.98637906394326
6553.1593861965	0.9774076706234
6553.1844171716	0.98117585298243
6553.2094482424	0.98777112614048
6553.2344794088	0.98919392337392
6553.2595106709	0.99059454811568
6553.2845420285	0.99728022872144
6553.3095734817	1.0011916822673
6553.3346050306	0.99597337060536
6553.3596366751	0.99307171071144
6553.3846684151	0.99432063900863
6553.4097002508	0.99541243352102
6553.4347321821	0.99607392503233
6553.4597642091	0.9965372128784
6553.4847963316	0.99661853116694
6553.5098285497	0.99673141868701
6553.5348608635	0.995936559
6553.5598932744	0.99332393666196
6553.5849257794	0.99152829316857
6553.60995838	0.99780626830099
6553.6349910762	1.0012293423667
6553.6600238681	0.99624779938908
6553.6850567555	0.99234127599867
6553.7100897386	0.99066673817236
6553.7351228173	0.98823363886967
6553.7601559916	0.9846438756309
6553.7851892616	0.98220166693243
6553.8102226271	0.98075980938839
6553.8352560883	0.98068937703974
6553.8602896451	0.98121329980935
6553.8853232975	0.98489726992785
6553.9103570455	0.9869831354091
6553.9353908892	0.983963684933
6553.9604248285	0.98243934666589
6553.9854588634	0.98090791021015
6554.0104929939	0.97661573125569
6554.0355272215	0.96750296572298
6554.0605615433	0.95241913349225
6554.0855959607	0.92820922498575
6554.1106304737	0.90515243335825
6554.1356650823	0.88404486573053
6554.1606997866	0.86497945666762
6554.1857345865	0.84535242692266
6554.210769482	0.8475057790653
6554.2358044731	0.85329021659789
6554.2608395599	0.87243623785021
6554.2858747423	0.8913247122862
6554.3109100203	0.91410859314981
6554.3359453939	0.93596465184537
6554.3609808632	0.9551191276301
6554.3860164281	0.96889791388683
6554.4110520886	0.97446994809366
6554.4360878448	0.98226653606005
6554.4611236966	0.99166641131544
6554.486159644	0.99638973896057
6554.5111956885	0.99962797492935
6554.5362318272	0.99863942375024
6554.5612680615	0.99510467080277
6554.5863043914	0.9917746492799
6554.611340817	0.98911161248217
6554.6363773381	0.98845380878163
6554.661413955	0.98831748917262
6554.6864506674	0.99010775080263
6554.7114874755	0.98767918829953
6554.7365243792	0.97861251808372
6554.7615613786	0.97475199490313
6554.7865984736	0.97412995371701
6554.8116356642	0.97720556272048
6554.8366729504	0.98256428532792
6554.8617103323	0.9870087223518
6554.8867478098	0.99116549536791
6554.911785383	0.99403120733891
6554.9368230518	0.99468704000651
6554.9618608162	0.99256882342812
6554.9868986763	0.99023647035047
6555.0119366335	0.98609765124952
6555.0369746848	0.9810203506864
6555.0620128318	0.97487009563789
6555.0870510744	0.97053249648465
6555.1120894127	0.96713560357452
6555.1371278466	0.97006122983988
6555.1621663761	0.97637062247217
6555.1872050012	0.97734689676768
6555.2122437221	0.97618659429927
6555.2372825385	0.97101623578626
6555.2623214506	0.96580086891965
6555.2873604583	0.95718752033398
6555.3123995617	0.94508541743634
6555.3374387607	0.92379437534479
6555.3624780554	0.90557391941207
6555.3875174456	0.89205286520974
6555.4125569316	0.88339949098682
6555.4375965132	0.87677920307889
6555.4626361904	0.87297022914967
6555.4876759648	0.870303462074
6555.5127158333	0.87687672075208
6555.5377557974	0.88542434295468
6555.5627958572	0.89613574767429
6555.5878360127	0.90708495029306
6555.6128762638	0.92458384273927
6555.6379166105	0.94428819824085
6555.6629570529	0.97381328518149
6555.6879975909	0.98499895057674
6555.7130382246	0.97129479404871
6555.7380789539	0.96465538828458
6555.7631197789	0.96421735951844
6555.7881606995	0.963990120693
6555.8132017157	0.96429702430567
6555.8382428277	0.96111024046202
6555.8632840352	0.95838180251571
6555.8883253384	0.94084283616462
6555.9133667373	0.92269144249809
6555.9384082318	0.90289147652371
6555.9634498235	0.88218999080461
6555.9884915093	0.86019760259773
6556.0135332908	0.84329772202431
6556.0385751679	0.83123214073269
6556.0636171406	0.83870859245336
6556.0886592091	0.85992845259575
6556.1137013731	0.88767898925836
6556.1387436329	0.9174580687654
6556.1637859882	0.94071138538445
6556.1888284393	0.96357599926074
6556.213870986	0.97610626297683
6556.2389136283	0.98691627328107
6556.2639563663	0.99313926271394
6556.2889992	0.99906107448244
6556.3140421293	1.0025947989009
6556.3390851542	1.0075148879462
6556.3641282749	1.0153362051925
6556.3891714911	1.0212830125975
6556.4142148031	1.0239111355942
6556.4392582107	1.0182688884078
6556.4643017154	1.0080100090438
6556.4893453143	0.99567675794867
6556.5143890089	0.98465793871075
6556.5394327991	0.9871985592392
6556.564476685	0.98878526686419
6556.5895206666	0.98421284249123
6556.6145647438	0.97949176788591
6556.6396089166	0.97586480648207
6556.6646531852	0.96703809558912
6556.6896975493	0.95474508421714
6556.7147420092	0.94111841523575
6556.7397865647	0.92556877187219
6556.7648312159	0.92246694875324
6556.7898759627	0.92340334626822
6556.8149208052	0.93426158832795
6556.8399657434	0.94608676113134
6556.8650107772	0.9616457658526
6556.8900559067	0.97435436982679
6556.9151011318	0.98193924411187
6556.9401464542	0.98958861681742
6556.9651918706	0.99565486394982
6556.9902373828	0.99595004606422
6557.0152829906	0.99191129992676
6557.0403286941	0.99511598648918
6557.0653744932	1.0020785291397
6557.090420388	1.0033234277828
6557.1154663785	1.003099844067
6557.1405124647	1.0060119267197
6557.1655586465	1.0086606620017
6557.190604924	1.0073440173904
6557.2156512971	1.0068058116039
6557.240697766	1.0082552437591
6557.2657443305	1.0080926201165
6557.2907909906	1.0070472995956
6557.3158377465	1.0063863008724
6557.340884598	1.005427653466
6557.3659315451	1.0026292835677
6557.390978588	0.9996544698245
6557.416025728	0.99661812454002
6557.4410729622	0.99316412094532
6557.4661202921	0.99255385764014
6557.4911677176	0.99249927217068
6557.5162152388	0.99382009370463
6557.5412628557	0.99401587908057
6557.5663105682	0.99281077971335
6557.5913583765	0.99319950078321
6557.6164062804	0.99423517700473
6557.6414542799	0.9929374792272
6557.6665023752	0.99133432090555
6557.6915505661	0.9894043384769
6557.7165988527	0.98722190176974
6557.741647235	0.98744364180715
6557.766695713	0.98686464831858
6557.7917442866	0.98540401249031
6557.8167929559	0.98428440979373
6557.8418417209	0.98047745692044
6557.8668905816	0.97551470456362
6557.891939538	0.97041031902167
6557.9169885915	0.96479488753282
6557.9420377392	0.95750016317581
6557.9670869826	0.95338220416781
6557.9921363217	0.95153599542506
6558.0171857564	0.94558827220835
6558.0422352868	0.93830021953345
6558.0672849129	0.93355427033159
6558.0923346347	0.93000307097052
6558.1173844522	0.93186847871831
6558.1424343654	0.93446190418331
6558.1674843742	0.93788578863801
6558.1925344787	0.94246775918608
6558.2175846789	0.94785581250515
6558.2426349748	0.95910747094256
6558.2676853664	0.97387067747547
6558.2927358537	0.98032162878108
6558.3177864366	0.9842373492381
6558.3428371152	0.98829586554913
6558.3678878895	0.99217469923674
6558.392938761	0.988365005191
6558.4179897267	0.9845669367673
6558.4430407881	0.9813191256948
6558.4680919452	0.97937181590968
6558.4931431979	0.97943230371911
6558.5181945463	0.98102608099542
6558.5432459905	0.98440388567476
6558.5682975303	0.98558894517154
6558.5933491658	0.98479009506969
6558.618400897	0.98781158737254
6558.6434527238	0.99305235192844
6558.6685046464	0.99461536750023
6558.6935566647	0.9942530502407
6558.7186087786	0.98693331340622
6558.7436609883	0.97941124786178
6558.7687132936	0.9744036986084
6558.7937656946	0.96984723954501
6558.8188181913	0.96414960176477
6558.8438707837	0.95860651805623
6558.8689234734	0.9539785226492
6558.8939762572	0.95996106573028
6558.9190291366	0.96810065492273
6558.9440821118	0.97848054139743
6558.9691351827	0.98683768503995
6558.9941883493	0.99319753103055
6559.0192416115	0.99744006565399
6559.0442949695	0.99571223740617
6559.0693484232	0.99773234513426
6559.0944019725	1.0044688835468
6559.1194556176	1.0070064282251
6559.1445093583	1.0055332212834
6559.1695631948	0.99789201433426
6559.1946171269	0.98864916075957
6559.2196711547	0.99422069152602
6559.2447252783	1.0012818357763
6559.2697794975	1.0019560226592
6559.2948338125	1.0017590865714
6559.3198882231	0.99160888187267
6559.3449427309	0.98313837678513
6559.369997333	0.97915486567682
6559.3950520307	0.964987054401
6559.4201068242	0.94030441227812
6559.4451617133	0.91495480255812
6559.4702166981	0.88994375698462
6559.4952717787	0.87406586645171
6559.5203269549	0.85927373952415
6559.5453822269	0.86766501363767
6559.5704375945	0.87695141059652
6559.5954930579	0.89156261606133
6559.6205486169	0.90692883413865
6559.6456042717	0.92591819992582
6559.6706600222	0.94226010390192
6559.6957158683	0.95505720185102
6559.7207718102	0.9623889627266
6559.7458278478	0.96516192814813
6559.7708839811	0.96477476421997
6559.7959402101	0.96234441480276
6559.8209965348	0.97081029318838
6559.8460529567	0.97974849096154
6559.8711094728	0.9821817790865
6559.8961660847	0.98544202077385
6559.9212227922	0.9874715970217
6559.9462795954	0.98810317238744
6559.9713364944	0.98572635804046
6559.996393489	0.98115663761324
6560.0214505794	0.97484283819891
6560.0465077655	0.97456402961736
6560.0715650473	0.97823728297359
6560.0966224248	0.9696296801694
6560.121679898	0.95910404827637
6560.1467374669	0.95140122334773
6560.1717951316	0.94444006675935
6560.1968528919	0.94301693082483
6560.221910748	0.94364950168079
6560.2469686997	0.9476596270627
6560.2720267472	0.95350595879724
6560.2970848904	0.9611518448881
6560.3221431309	0.96331376314869
6560.3472014655	0.96255112400888
6560.3722598958	0.96351118212148
6560.3973184219	0.9652125086229
6560.4223770437	0.95294502626161
6560.4474357612	0.93911636658718
6560.4724945744	0.92535671070014
6560.4975534833	0.91322382041587
6560.5226124879	0.90278214554174
6560.5476715883	0.89636606752139
6560.5727307844	0.89415347857282
6560.5977900762	0.8945901117835
6560.6228494637	0.89729568205628
6560.6479089469	0.90870358454084
6560.6729685259	0.92274129516531
6560.6980282005	0.9316146019072
6560.7230879709	0.93966197620155
6560.748147837	0.94625229441354
6560.7732077989	0.95287975808783
6560.7982678579	0.95650256930465
6560.8233280112	0.95845829659905
6560.8483882602	0.958669089714
6560.8734486049	0.96519423944466
6560.8985090454	0.97660964523854
6560.9235695815	0.97906872783425
6560.9486302134	0.97753305597892
6560.973690941	0.97363856049841
6560.9987517644	0.9695806947668
6561.0238126834	0.97436151275549
6561.0488736982	0.9778728632237
6561.0739348087	0.97553667001674
6561.0989960149	0.97511718028921
6561.1240573169	0.97664248236832
6561.1491187146	0.97469870860098
6561.174180208	0.9707260281961
6561.1992417971	0.97046148010178
6561.224303482	0.97177819534052
6561.2493652626	0.97230742897149
6561.2744271389	0.97137761807483
6561.2994891125	0.96752051133184
6561.3245511803	0.96496015272861
6561.3496133438	0.96636931088022
6561.374675603	0.96732484396839
6561.399737958	0.96776500431337
6561.4248004087	0.96915899721852
6561.4498629551	0.97084894660666
6561.4749255973	0.97073139527208
6561.4999883352	0.96941262538951
6561.5250511688	0.96545156092289
6561.5501140981	0.96066153022139
6561.5751771232	0.95900480907728
6561.600240244	0.95806750243044
6561.6253034606	0.96249118064248
6561.6503667729	0.96324991232071
6561.6754301809	0.95670779367433
6561.7004936846	0.95098945770765
6561.7255572841	0.94480018263812
6561.7506209794	0.94005649280474
6561.7756847718	0.93619534800674
6561.8007486585	0.92690423726097
6561.825812641	0.91720742527153
6561.8508767191	0.90592421602305
6561.875940893	0.89467231401787
6561.9010051627	0.88770468374168
6561.926069528	0.88124802329861
6561.9511339892	0.87514568258718
6561.976198546	0.86742256921632
6562.0012631986	0.85801413190321
6562.0263279469	0.84965435415558
6562.051392791	0.84191658146868
6562.0764577308	0.82559514386023
6562.1015227664	0.80783164086891
6562.1265878977	0.79431773201052
6562.1516531247	0.77970093161517
6562.1767184475	0.76183172260866
6562.201783866	0.74563638754344
6562.2268493802	0.73331869654355
6562.2519149918	0.72142652512444
6562.2769806975	0.71014783448659
6562.302046499	0.69906314675887
6562.3271123962	0.6876620650045
6562.3521783892	0.6766536996172
6562.3772444779	0.66640141603512
6562.4023106624	0.65955316074627
6562.4273769426	0.65261790580538
6562.4524433185	0.64722203521659
6562.4775097902	0.64221580621579
6562.5025763577	0.63669648739339
6562.5276430208	0.63046163237457
6562.5527097798	0.62358146914529
6562.5777766345	0.61884128315498
6562.6028435849	0.61541600096954
6562.6279106311	0.61878920042409
6562.652977773	0.62254444908532
6562.6780450107	0.62435546144411
6562.7031123441	0.62593312337905
6562.7281797748	0.62850436631032
6562.7532472997	0.63053488421897
6562.7783149204	0.6297075951859
6562.8033826368	0.62863822019893
6562.828450449	0.62685157690492
6562.8535183569	0.62425149911386
6562.8785863606	0.62229545727577
6562.90365446	0.62211660797453
6562.9287226552	0.62234923048764
6562.9537909461	0.62241723284961
6562.9788593328	0.62338313106831
6563.0039278152	0.62817645801109
6563.0289963934	0.63193904202272
6563.0540650673	0.63376966510781
6563.079133837	0.63596437673518
6563.1042027025	0.63875152221786
6563.1292716637	0.64277611129994
6563.1543407207	0.64706412317524
6563.1794098734	0.65163025844538
6563.2044791219	0.65767579851919
6563.2295484676	0.66737333115821
6563.2546179076	0.67572298842737
6563.2796874433	0.68091345759999
6563.3047570749	0.68771862750954
6563.3298268021	0.69682128009148
6563.3548966251	0.70638181893725
6563.3799665439	0.71706357970878
6563.4050365584	0.72997878035939
6563.4301066688	0.74460063543982
6563.4551768748	0.76325288911113
6563.4802471766	0.78044809805721
6563.5053175742	0.79572643541722
6563.5303880675	0.81061353385716
6563.5554586566	0.82493208067021
6563.5805293415	0.83812492229366
6563.6056001221	0.84798739619236
6563.6306709985	0.85938891473571
6563.6557419707	0.87205627271357
6563.6808130386	0.88107790705191
6563.7058842038	0.88661457852019
6563.7309554632	0.89325147563137
6563.7560268184	0.90139160595803
6563.7810982694	0.90498008140201
6563.8061698161	0.90790246754837
6563.8312414586	0.90776295762595
6563.8563131969	0.90854816286045
6563.8813850309	0.90867308243773
6563.9064569607	0.90822631888844
6563.9315289863	0.90786330786741
6563.9566011076	0.90575396735065
6563.9816733247	0.90118173163439
6564.0067456376	0.89929294323508
6564.0318180462	0.89876705411259
6564.0568905506	0.89868514173968
6564.0819631508	0.89948481641598
6564.1070358467	0.90892897989475
6564.1321086384	0.91886288976706
6564.1571815259	0.93015308783913
6564.1822545107	0.93839898071385
6564.2073275897	0.94331448529784
6564.2324007645	0.94741324569412
6564.257474035	0.95109627446502
6564.2825474014	0.95682020472875
6564.3076208635	0.96236198464595
6564.3326944214	0.96369794777241
6564.357768075	0.96582541285046
6564.3828418245	0.97041625116001
6564.4079156697	0.97429454825253
6564.4329896106	0.97681988738239
6564.4580636474	0.97288767605757
6564.4831377799	0.96300341144006
6564.5082120082	0.96417992740022
6564.5332863323	0.97055658266178
6564.5583607521	0.96924475615367
6564.5834352678	0.96639476420074
6564.6085098792	0.96658562904188
6564.6335845864	0.96958022935117
6564.6586593893	0.98194224841085
6564.6837342896	0.98875411314237
6564.7088092841	0.98695935964996
6564.7338843744	0.98739829551903
6564.7589595604	0.98884403276088
6564.7840348423	0.98528352105354
6564.8091102199	0.97976629025009
6564.8341856933	0.97655237134592
6564.8592612625	0.97428287518013
6564.8843369275	0.974682578258
6564.9094126882	0.9745465451372
6564.9344885448	0.97334974604537
6564.9595644971	0.97149406739622
6564.9846405452	0.97226825956465
6565.0097166891	0.97512040669603
6565.0347929287	0.97539859734818
6565.0598692642	0.97406269399928
6565.0849456954	0.97363957897174
6565.1100222224	0.97380133098405
6565.1350988452	0.97203921922497
6565.1601755653	0.96978998556402
6565.1852523797	0.96968852250115
6565.2103292898	0.96959183304051
6565.2354062958	0.96558787048547
6565.2604833975	0.9591474859672
6565.285560595	0.95292752839458
6565.3106378883	0.94652542195747
6565.3357152774	0.94025194206178
6565.3607927623	0.93399946599128
6565.3858703429	0.92728021036559
6565.4109480194	0.9202295721064
6565.4360257916	0.91497205081935
6565.4611036597	0.91219648275068
6565.4861816235	0.91153528393473
6565.5112596831	0.91265517325976
6565.5363378385	0.915018466265
6565.5614160897	0.92348926195759
6565.5864944366	0.93397923025499
6565.6115728794	0.94665333984505
6565.6366514195	0.95649387676305
6565.6617300538	0.95933444353452
6565.686808784	0.96234119104211
6565.7118876099	0.96662212765094
6565.7369665317	0.97142222606362
6565.7620455492	0.97453690227967
6565.7871246625	0.97571853047153
6565.8122038716	0.96833305831504
6565.8372831765	0.96107609948374
6565.8623625772	0.9574753052981
6565.8874420737	0.95414001835041
6565.912521666	0.95764952004828
6565.9376013541	0.96141545916829
6565.962681138	0.95951631803536
6565.9877610177	0.95787524752429
6566.0128409932	0.96275760818302
6566.0379210644	0.96781488227365
6566.0630012315	0.97568421556279
6566.0880814944	0.98442304496261
6566.1131618531	0.98154511060772
6566.138242309	0.97720359003302
6566.1633228593	0.9749670175621
6566.1884035054	0.97384167403598
6566.2134842473	0.97631459763335
6566.2385650849	0.97801714998826
6566.2636460184	0.98204556249818
6566.2887270477	0.98627919157241
6566.3138081727	0.98368537122669
6566.3388893936	0.9819268801154
6566.3639707103	0.98262106280924
6566.3890521228	0.9818100801034
6566.4141336311	0.98297130287063
6566.4392152351	0.98525055097908
6566.464296935	0.98703431283482
6566.4893787307	0.98932947768292
6566.5144606222	0.98922196106852
6566.5395426095	0.98767801117532
6566.5646246927	0.98968550284486
6566.5897068716	0.99271588870083
6566.6147891478	0.98876562343176
6566.6398715183	0.98260918591391
6566.6649539847	0.98305383583252
6566.6900365468	0.98562678826338
6566.7151192047	0.9824577813917
6566.7402019585	0.97745306227649
6566.7652848081	0.97547221792301
6566.7903677534	0.97441059600477
6566.8154507946	0.97204918707211
6566.8405339316	0.96931464159577
6566.8656171644	0.97296864645496
6566.890700493	0.98049424708478
6566.9157839174	0.98170595669254
6566.9408674377	0.97842372016954
6566.9659510537	0.97688231123651
6566.9910347656	0.97705215613259
6567.0161185732	0.97530026438614
6567.0412024767	0.97262378086702
6567.066286476	0.97173774858676
6567.0913705726	0.97278557568768
6567.1164547635	0.97067836935857
6567.1415390503	0.96479965889523
6567.1666234328	0.96119182354124
6567.1917079112	0.96046283476786
6567.2167924853	0.95956720779961
6567.2418771553	0.95836242329209
6567.2669619211	0.9603823630696
6567.2920467828	0.96573987571851
6567.3171317402	0.96900177351452
6567.3422167934	0.96943256066288
6567.3673019425	0.96757651153551
6567.3923871874	0.96230578859134
6567.4174725281	0.95941176190192
6567.4425579646	0.95994057674031
6567.467643497	0.96109446056816
6567.4927291251	0.96174363842051
6567.5178148491	0.96286828663082
6567.5429006689	0.96576605001837
6567.567986586	0.9696025771095
6567.5930725975	0.97523725939896
6567.6181587047	0.97922885180346
6567.6432449078	0.98166528463829
6567.6683312067	0.98444692075271
6567.6934176014	0.98573504657134
6567.718504092	0.98530376582241
6567.7435906783	0.98203069936357
6567.7686773605	0.97963903200998
6567.7937641385	0.98271198244868
6567.8188510124	0.98591305172008
6567.843937982	0.98642856409383
6567.8690250475	0.98515427427901
6567.8941122088	0.97952890070634
6567.9191994659	0.9768125859491
6567.9442868189	0.98461824516073
6567.9693742677	0.99110995991634
6567.9944618123	0.99074483239754
6568.0195494527	0.99027362062636
6568.044637189	0.99186286514315
6568.0697250226	0.99374612630762
6568.0948129505	0.99428194800439
6568.1199009743	0.99383342234201
6568.1449890938	0.99123262713157
6568.1700773092	0.98853624222279
6568.1951656205	0.98814439705964
6568.2202540275	0.98752492351397
6568.2453425304	0.98688209828178
6568.2704311291	0.98708353936671
6568.2955198237	0.98785826305176
6568.3206086141	0.98852179002154
6568.3456975003	0.98760650888503
6568.3707864823	0.98661790039443
6568.3958755602	0.98208832637821
6568.4209647339	0.97737224218834
6568.4460540034	0.9811346221749
6568.4711433688	0.9853280722708
6568.49623283	0.98866432246933
6568.5213223871	0.99169376187423
6568.5464120415	0.99170468956916
6568.5715017902	0.99162253381104
6568.5965916347	0.9954297521884
6568.6216815751	1.0000731502556
6568.6467716113	1.0005376754357
6568.6718617434	0.99989686554066
6568.6969519712	0.99791730564628
6568.722042295	0.99489543745498
6568.7471327145	0.98711314136762
6568.7722232299	0.97826002140045
6568.7973138412	0.97332337406659
6568.8224045482	0.96947316628519
6568.8474953512	0.96377145863173
6568.8725862499	0.95785696874269
6568.8976772445	0.95200981842988
6568.9227683349	0.94700228556515
6568.9478595212	0.93676629041087
6568.9729508033	0.92516378107984
6568.9980421813	0.91344485983625
6569.0231336566	0.90145195948957
6569.0482252262	0.88452957019169
6569.0733168917	0.86477552903848
6569.098408653	0.83807489245597
6569.1235005102	0.80942484709941
6569.1485924632	0.7872582225982
6569.173684512	0.76754278367474
6569.1987766567	0.76454218155747
6569.2238688972	0.77094663798237
6569.2489612336	0.78928155146647
6569.2740536658	0.81403189496595
6569.2991461939	0.84324437959523
6569.3242388178	0.8758754637352
6569.3493315376	0.90627668495125
6569.3744243532	0.93312262956901
6569.3995172646	0.95049168222403
6569.4246102719	0.96356490408887
6569.4497033751	0.9726468421552
6569.4747965741	0.97634549864976
6569.4998898689	0.97883645248364
6569.5249832611	0.98079250376514
6569.5500767476	0.979868014288
6569.57517033	0.97712457215795
6569.6002640083	0.97624935878909
6569.6253577824	0.97705070024464
6569.6504516523	0.97719027251574
6569.6755456181	0.97637107335494
6569.7006396797	0.97558154040986
6569.7257338372	0.97502998306606
6569.7508280906	0.97320664749072
6569.7759224397	0.96945159026553
6569.8010168848	0.96532003661065
6569.8261114257	0.9595617279447
6569.8512060624	0.95341078524697
6569.8763007951	0.94837315091322
6569.9013956235	0.9448119242858
6569.9264905478	0.94361316249058
6569.951585568	0.94258232781577
6569.976680684	0.94343031258247
6570.0017758974	0.94501585848329
6570.0268712051	0.94704847406355
6570.0519666087	0.94898824939702
6570.0770621082	0.95000129847847
6570.1021577035	0.95073330341777
6570.1272533946	0.95098803421913
6570.1523491817	0.95240900477162
6570.1774450645	0.95600826946668
6570.2025410433	0.95961319417893
6570.2276371179	0.96293629963054
6570.2527332883	0.96638250708887
6570.2778295546	0.96847418855359
6570.3029259168	0.96908131842318
6570.3280223748	0.96498350952127
6570.3531189287	0.9568861019131
6570.3782155785	0.94111767190665
6570.4033123241	0.92591980970834
6570.4284091656	0.90786921818483
6570.4535061029	0.8933673677979
6570.4786031376	0.88865960729761
6570.5037002667	0.88611901720042
6570.5287974916	0.8946624570343
6570.5538948124	0.90092896439746
6570.5789922291	0.91086865993845
6570.6040897416	0.91892346645712
6570.62918735	0.91973761339008
6570.6542850542	0.92119195257921
6570.6793828543	0.91674528802978
6570.7044807503	0.91295083020175
6570.7295787421	0.91238813140055
6570.7546768298	0.91307207892154
6570.7797750134	0.91614866308262
6570.8048732929	0.92074462086858
6570.8299716682	0.93258190998385
6570.8550701393	0.94292569618699
6570.8801687064	0.94524361333368
6570.9052673693	0.94807155233921
6570.9303661281	0.95209535141762
6570.9554649842	0.95367262621501
6570.9805639348	0.94680269925862
6571.0056629812	0.94109828671258
6571.0307621234	0.93376667645643
6571.0558613616	0.92612353199487
6571.0809606956	0.92124193966903
6571.1060601254	0.9180653421658
6571.1311596512	0.92674840783197
6571.1562592728	0.93628963577145
6571.1813589903	0.94868924444676
6571.2064588037	0.96210288937156
6571.2315587129	0.9722847185406
6571.256658718	0.98169869486537
6571.281758819	0.9893836844763
6571.3068590159	0.99530101045693
6571.3319593086	0.99677761237339
6571.3570596972	0.99582621821246
6571.3821601817	0.99337397816813
6571.4072607621	0.99164488887491
6571.4323614383	0.98783464033421
6571.4574622119	0.98403791030307
6571.4825630799	0.98124818416122
6571.5076640438	0.98059727630335
6571.5327651035	0.98377918292849
6571.5578662591	0.98664434753727
6571.5829675107	0.98707896933485
6571.608068858	0.98634422252452
6571.6331703013	0.98451242453685
6571.6582718404	0.98325140757693
6571.6833734755	0.9840775876722
6571.7084752064	0.98515891020679
6571.7335770331	0.98567059874062
6571.7586789558	0.98598776100602
6571.7837809743	0.98537438637688
6571.8088830888	0.98360689045241
6571.8339852991	0.98004581754963
6571.8590876053	0.97751294411528
6571.8841900073	0.9738299729816
6571.9092925053	0.96789739801266
6571.9343951006	0.9693240997608
6571.9594977904	0.97238295207813
6571.984600576	0.96635594472459
6572.0097034575	0.95914366340592
6572.0348064348	0.96275646092984
6572.0599095081	0.97069327560754
6572.0850126772	0.96780721637191
6572.1101159423	0.96341422073013
6572.1352193032	0.96582154242535
6572.16032276	0.96831822861267
6572.1854263127	0.96851023019179
6572.2105299613	0.96778505004912
6572.2356337058	0.96302556351231
6572.2607375461	0.95665117283687
6572.2858414824	0.95638704385369
6572.3109455145	0.95814267601563
6572.3360496425	0.96123077482629
6572.3611538664	0.9636872713422
6572.3862581862	0.96191134666164
6572.4113626034	0.95994682355229
6572.436467115	0.96064658489216
6572.4615717225	0.96372090149341
6572.4866764259	0.96224796930691
6572.5117812251	0.95843429945301
6572.5368861203	0.95323312697441
6572.5619911113	0.94612735552484
6572.5870961983	0.92800977546485
6572.6122013811	0.90396451655661
6572.6373066598	0.8771229803052
6572.6624120344	0.84905470650187
6572.687517505	0.81871164318427
6572.7126230714	0.78744990852131
6572.7377287337	0.76769255701611
6572.7628344919	0.75509300190946
6572.787940346	0.75579929840891
6572.813046296	0.76563910768792
6572.8381523419	0.79249223907488
6572.8632584836	0.8287954714561
6572.8883647213	0.85691778131326
6572.9134710564	0.88036877069373
6572.9385774859	0.90386281495314
6572.9636840113	0.92641206660248
6572.9887906326	0.9444276533448
6573.0138973497	0.96015898786212
6573.0390041628	0.96795587618262
6573.0641110718	0.96953136137686
6573.0892180767	0.96813692502713
6573.1143251774	0.96616102184817
6573.1394323741	0.95532414335527
6573.1645396667	0.93632557753613
6573.1896470552	0.91756503995422
6573.2147545396	0.89906512038868
6573.2398621199	0.88908909731358
6573.264969796	0.88466323784744
6573.2900775681	0.89955274496489
6573.3151854361	0.92816140184918
6573.3402934	0.94967930250366
6573.3654014598	0.96740824356775
6573.3905096171	0.97961160142853
6573.4156178687	0.98661983841735
6573.4407262162	0.98658953130546
6573.4658346596	0.98105777542609
6573.490943199	0.9771254236235
6573.5160518342	0.97501549028852
6573.5411605653	0.97233641494297
6573.5662693924	0.96900325938915
6573.5913783154	0.96650552352772
6573.6164873342	0.9650380068639
6573.641596449	0.96489025578469
6573.6667056597	0.96595521161893
6573.6918149663	0.96797816851729
6573.7169243688	0.96984645530944
6573.7420338672	0.9714459397238
6573.7671434615	0.97449740402644
6573.7922531518	0.97299101068948
6573.8173629379	0.96641366069052
6573.84247282	0.96320514691314
6573.8675827995	0.96307778870371
6573.8926928733	0.96149741729142
6573.9178030431	0.95877517537241
6573.9429133088	0.95811199917511
6573.9680236705	0.95847598275653
6573.993134128	0.95676675931101
6574.0182446814	0.94984878603116
6574.0433553308	0.93690086090267
6574.0684660761	0.9157714966935
6574.0935769173	0.88706894660865
6574.1186878544	0.85050172918008
6574.1437988874	0.8144341871924
6574.1689100163	0.78169129505893
6574.1940212412	0.76206002853114
6574.219132562	0.76373818718376
6574.2442439787	0.77712848419536
6574.2693554913	0.80592888845803
6574.2944670998	0.8360121532963
6574.3195788042	0.86644381130613
6574.3446906046	0.89399638516006
6574.3698025024	0.91651948957947
6574.3949144946	0.93270014347752
6574.4200265827	0.93991016110661
6574.4451387667	0.94866902268895
6574.4702510467	0.95896110873387
6574.4953634226	0.9655181057537
6574.5204758944	0.96607058899697
6574.5455884621	0.96526255977523
6574.5707011258	0.96232573481168
6574.5958138853	0.95952522308543
6574.6209267408	0.95689778226244
6574.6460396922	0.95365537356712
6574.6711527396	0.94852334421889
6574.6962658828	0.94130038124278
6574.721379122	0.93179968839159
6574.7464924571	0.92409678828423
6574.7716058882	0.91756603769583
6574.7967194151	0.90834393663015
6574.821833038	0.89252787233902
6574.8469467584	0.87148121829317
6574.8720605731	0.84305040285174
6574.8971744838	0.81281877853117
6574.9222884904	0.77727651671714
6574.9474025929	0.74618287471302
6574.9725167913	0.72391767338462
6574.9976310857	0.71075474812792
6575.022745476	0.7211868625539
6575.0478599622	0.73830213276847
6575.0729745444	0.76382756820346
6575.0980892225	0.79188316822287
6575.1232039965	0.83063110965063
6575.1483188665	0.86415078581065
6575.1734338324	0.88399991501114
6575.1985488942	0.90192069595397
6575.2236640519	0.91379966031764
6575.2487793056	0.92249394418342
6575.2738946552	0.92592021298389
6575.2990101008	0.92922810219827
6575.3241256437	0.93070798710353
6575.3492412812	0.93418179621314
6575.3743570145	0.94099468784094
6575.3994728438	0.94570986609712
6575.424588769	0.94801421472631
6575.4497047901	0.95040757324839
6575.4748209072	0.95333393425367
6575.4999371202	0.95741324270673
6575.5250534292	0.9628482184064
6575.5501698341	0.96574840427709
6575.5752863349	0.96206486105346
6575.6004029317	0.96056716981562
6575.6255196244	0.96440189024173
6575.650636413	0.96595136378788
6575.6757532976	0.96425213321097
6575.7008702781	0.96089341442638
6575.7259873546	0.95049466557126
6575.7511045269	0.94143210459045
6575.7762217953	0.94090902204459
6575.8013391611	0.94264973136378
6575.8264566213	0.94386357978431
6575.8515741774	0.94341983961828
6575.8766918295	0.93986679749899
6575.9018095776	0.93710164243727
6575.9269274215	0.93907586363169
6575.9520453615	0.94039799683344
6575.9771633973	0.93870578299675
6576.0022815291	0.93821689047656
6576.0273997569	0.94069794306768
6576.0525180806	0.94075309283096
6576.0776365002	0.93344797173874
6576.1027550158	0.92435450429258
6576.1278736273	0.91268788665323
6576.1529923348	0.9044087840799
6576.1781111382	0.90109210727907
6576.2032300376	0.89807632969003
6576.2283490329	0.89903810781906
6576.2534681241	0.89951492746042
6576.2785873113	0.89867808893966
6576.303706596	0.89858843071674
6576.3288259751	0.90081426596932
6576.3539454501	0.9044131542585
6576.3790650211	0.91137087953919
6576.4041846881	0.91605923408206
6576.429304451	0.91464807619602
6576.4544243098	0.91318823501533
6576.4795442646	0.91339088972446
6576.5046643153	0.9155333481041
6576.529784462	0.91812849629417
6576.5549047047	0.91827762210388
6576.5800250433	0.91620497559816
6576.6051454778	0.91745899912325
6576.6302660083	0.92592020787698
6576.6553866347	0.93150356895938
6576.6805073571	0.92999721490085
6576.7056281755	0.92864312619712
6576.7307490898	0.92642098908588
6576.7558701001	0.92274824368753
6576.7809912078	0.91431066266739
6576.80611241	0.906759346966
6576.8312337081	0.90275530283723
6576.8563551022	0.90067550927273
6576.8814765922	0.90330546616111
6576.9065981782	0.90660203790124
6576.9317198602	0.91325458697611
6576.9568416381	0.91922316382968
6576.9819635119	0.92475089032146
6577.0070854818	0.93000943913255
6577.0322075475	0.93375847692496
6577.0573297093	0.93765689686562
6577.082451967	0.94101513052592
6577.1075743206	0.9424751027822
6577.1326967702	0.93822351808049
6577.1578193158	0.93531370007519
6577.1829419573	0.93711318046598
6577.2080646948	0.94021760850751
6577.2331875283	0.94506135004244
6577.2583104592	0.94781822562273
6577.2834334846	0.94567613903394
6577.3085566059	0.94488210420579
6577.3336798232	0.94693675480673
6577.3588031365	0.94762485858463
6577.3839265457	0.94506217373053
6577.4090500509	0.94223073964153
6577.4341736521	0.93848302277071
6577.4592973492	0.93437083396028
6577.4844211423	0.92752343556236
6577.5095450313	0.91956283254638
6577.5346690164	0.91273141677038
6577.5597930973	0.91102740375351
6577.5849172743	0.91927908088741
6577.6100415472	0.92717221697069
6577.6351659161	0.93837237133308
6577.6602903809	0.94748351931958
6577.6854149417	0.94842698211821
6577.7105395985	0.94757952087113
6577.7356643513	0.94296398521003
6577.7607892015	0.94064420687708
6577.7859141462	0.94329670908197
6577.8110391868	0.94671719061339
6577.8361643235	0.95285466049411
6577.861289556	0.95564266697128
6577.8864148846	0.94981944195311
6577.9115403092	0.944203782795
6577.9366658297	0.94023391646695
6577.9617914461	0.93866327016096
6577.9869171586	0.94231006945764
6578.012042967	0.94423941323461
6578.0371688714	0.94118332263431
6578.0622948718	0.93862126268189
6578.0874209681	0.9370298858772
6578.1125471604	0.93691527580505
6578.1376734487	0.93937595277622
6578.162799833	0.93976202891764
6578.1879263132	0.93661885363493
6578.2130528894	0.93666237195712
6578.2381795631	0.94427204617097
6578.2633063313	0.94931843468371
6578.2884331955	0.94751119575422
6578.3135601556	0.94452570750024
6578.3386872117	0.93905221881519
6578.3638143637	0.93528890825246
6578.3889416118	0.93594188294384
6578.4140689558	0.93595166114473
6578.4391963958	0.9345454132166
6578.4643239318	0.93438769590031
6578.4894515638	0.93795550129207
6578.5145792917	0.94006991851861
6578.5397071156	0.93435483240751
6578.5648350355	0.92865382900328
6578.5899630514	0.92696836172989
6578.6150911633	0.92599390300271
6578.6402193711	0.92521893482515
6578.665347675	0.92239246798402
6578.6904760748	0.91600041818114
6578.7156045721	0.91125498281552
6578.7407331639	0.91025178269168
6578.7658618516	0.9098054511854
6578.7909906354	0.90945370595195
6578.8161195151	0.90845830938869
6578.8412484908	0.90730512279792
6578.8663775625	0.90678751448214
6578.8915067302	0.90704358604548
6578.9166359939	0.90652778225972
6578.9417653535	0.90513054438481
6578.9668948091	0.90616430265528
6578.9920243608	0.9106898960364
6579.0171540084	0.91315609361328
6579.042283752	0.91246008229552
6579.0674135916	0.91239540150568
6579.0925435271	0.91165479569335
6579.1176735587	0.90891020523071
6579.1428036862	0.90342972814195
6579.1679339098	0.89932868576529
6579.1930642308	0.89656486992251
6579.2181946464	0.89619887245391
6579.2433251579	0.90030044509989
6579.2684557654	0.90452613865825
6579.2935864689	0.90967265111952
6579.3187172683	0.91253246642865
6579.3438481638	0.91309787580242
6579.3689791553	0.91208088752716
6579.3941102427	0.90834892513712
6579.4192414262	0.90845173883649
6579.4443727056	0.91432310779588
6579.4695040811	0.91859855919288
6579.4946355525	0.92105897501186
6579.5197671199	0.92472772227702
6579.5448987833	0.92707328027846
6579.5700305428	0.92703086675843
6579.5951623982	0.92640856244645
6579.6202943496	0.92979357891546
6579.645426397	0.9360457482543
6579.6705585404	0.93740586926499
6579.6956907813	0.9330103151159
6579.7208231167	0.92738863371995
6579.7459555481	0.92154315175064
6579.7710880755	0.91659669602592
6579.7962206988	0.91266232487732
6579.8213534182	0.91246286716506
6579.8464862336	0.91593394480212
6579.871619145	0.91935481625144
6579.8967521524	0.92134384347585
6579.9218852558	0.92254597092177
6579.9470184551	0.924059140119
6579.9721517505	0.92668253716683
6579.9972851419	0.92890822513846
6580.0224186293	0.92258305877405
6580.0475522127	0.90874604441729
6580.0726858921	0.90017654670421
6580.0978196675	0.89648122365187
6580.1229535389	0.88953211312202
6580.1480875063	0.87949837596092
6580.1732215712	0.87271966336567
6580.1983557306	0.87033341244284
6580.223489986	0.87407119555357
6580.2486243374	0.87507373065574
6580.2737587848	0.8791838123943
6580.2988933283	0.88528518808945
6580.3240279677	0.89279639575642
6580.3491627031	0.90677019246989
6580.3742975346	0.920852070195
6580.399432462	0.93086823199353
6580.4245674855	0.93254044770762
6580.449702605	0.9340336748811
6580.4748378204	0.9350380563122
6580.4999731319	0.93037628802847
6580.5251085394	0.92916024578249
6580.5502440429	0.92634299359803
6580.5753796424	0.92406739136504
6580.600515338	0.92069163690269
6580.6256511295	0.91569238647227
6580.6507870186	0.91043317798807
6580.6759230021	0.90908758359855
6580.7010590817	0.91220319902703
6580.7261952573	0.91204254966585
6580.7513315288	0.90632265979147
6580.7764678964	0.90172369307163
6580.8016043601	0.89711139771503
6580.8267409197	0.89342912640331
6580.8518775753	0.8887841958204
6580.877014327	0.88157848897924
6580.9021511747	0.87752724264767
6580.9272881183	0.86831955149468
6580.952425158	0.85955395370475
6580.9775622938	0.8540326784245
6581.0026995255	0.84924392456821
6581.0278368532	0.83372320066434
6581.052974277	0.81479911774103
6581.0781117968	0.79698636231551
6581.1032494126	0.77556530651888
6581.1283871244	0.75050225488195
6581.1535249338	0.73278735362256
6581.1786628376	0.72954953287332
6581.2038008375	0.73000538765007
6581.2289389334	0.74809496819583
6581.2540771253	0.77307504463715
6581.2792154132	0.80697677919833
6581.3043537972	0.83977332135162
6581.3294922771	0.85839232592745
6581.3546308531	0.87160983338306
6581.3797695251	0.87753374063368
6581.4049082932	0.88379253386749
6581.4300471572	0.88678979925855
6581.4551861173	0.88872617787193
6581.4803251734	0.89239893754695
6581.5054643255	0.8922424293999
6581.5306035737	0.87682485484827
6581.5557429179	0.86536991774587
6581.5808823581	0.86203166567188
6581.6060218943	0.88007730177484
6581.631161528	0.92189896586629
6581.6563012563	0.92101616171374
6581.6814410806	0.92405517136836
6581.7065810009	0.92490768360947
6581.7317210173	0.92884819352224
6581.7568611297	0.93463924552977
6581.7820013381	0.93543567031903
6581.8071416425	0.93347928659338
6581.832282043	0.92350457806706
6581.8574225394	0.91503465920409
6581.882563132	0.90835104923057
6581.9077038205	0.90648118476932
6581.9328446051	0.90680437448896
6581.9579854857	0.90088912839376
6581.9831264623	0.90885721934155
6582.008267535	0.91444045463924
6582.0334087037	0.90351560474516
6582.0585499684	0.90327862008569
6582.0836913292	0.91734396555824
6582.1088327875	0.92466539969319
6582.1339743403	0.93005538956027
6582.1591159892	0.93913956937224
6582.1842577341	0.94489489929257
6582.209399575	0.94178150630898
6582.2345415119	0.93633642782679
6582.2596835449	0.93471711405918
6582.284825674	0.94114754221205
