6546.1475759282	0.84828280557174
6546.1725801221	0.80927784509518
6546.1975844099	0.77237544030156
6546.2225887932	0.73496419981726
6546.247593272	0.71927840199835
6546.2725978464	0.70645891866678
6546.2976025162	0.72158002541542
6546.3226072816	0.74186319200761
6546.3476121425	0.77969958154225
6546.3726170989	0.8173212580276
6546.3976221508	0.8576579306435
6546.4226272982	0.89564985899224
6546.4476325411	0.92878154324492
6546.4726378795	0.95479544636131
6546.4976433135	0.97522432181029
6546.5226488429	0.99226360524363
6546.5476544679	1.0069571959851
6546.5726601884	1.0145077683322
6546.5976660044	1.0203384539077
6546.6226719159	1.0245824585994
6546.6476779244	1.0275159506076
6546.672684027	1.0260079457121
6546.697690225	1.0239975716809
6546.7226965186	1.0211036656652
6546.7477029077	1.0175702371255
6546.7727093923	1.0148848108635
6546.7977159724	1.0128122941394
6546.8227226481	1.0090596715721
6546.8477294192	1.0027270266873
6546.8727362859	0.99523329767448
6546.8977432481	0.99266689879444
6546.9227503058	0.99240179617843
6546.947757459	0.99047957806914
6546.9727647078	0.98749868716108
6546.997772052	0.98766812113285
6547.0227794918	0.98661227260258
6547.0477870271	0.98889295877753
6547.072794658	0.99168576074979
6547.0978023843	0.9898373592046
6547.1228102077	0.98551978953959
6547.1478181251	0.97273884323789
6547.172826138	0.96151301191649
6547.1978342465	0.95139778843728
6547.2228424504	0.94193233019786
6547.2478507499	0.93338912490258
6547.2728591449	0.93156858194937
6547.2978676354	0.9353742283172
6547.3228762215	0.94228021070155
6547.3478849031	0.95013069439825
6547.3728936802	0.95760435979355
6547.3979025528	0.96559385151388
6547.422911521	0.97236076586395
6547.4479205847	0.97717090233022
6547.4729297439	0.97275519068688
6547.4979389986	0.96801534693373
6547.5229483489	0.96146462404776
6547.5479577947	0.95544826803986
6547.572967336	0.9516146782288
6547.5979769729	0.94882011241166
6547.6229867068	0.9479813669947
6547.6479965347	0.94687760146536
6547.6730064581	0.94476032543703
6547.6980164771	0.94453607502677
6547.7230265916	0.94506045048171
6547.7480368016	0.94219483169062
6547.7730471072	0.94016587811052
6547.7980575083	0.94350807196344
6547.8230680049	0.9489780411117
6547.848078597	0.94975630110917
6547.8730892847	0.9515820448318
6547.8981000679	0.95938664825656
6547.9231109467	0.96626550018231
6547.948121921	0.9699602786454
6547.9731329908	0.97204539373056
6547.9981441562	0.97268827263579
6548.0231554171	0.96878142247481
6548.0481667735	0.95829724228121
6548.0731782255	0.94113686396426
6548.0981897745	0.91924009818232
6548.1232014175	0.90269788491895
6548.1482131561	0.88811261014108
6548.1732249902	0.89125726871645
6548.1982369198	0.89856625558453
6548.223248945	0.91508693095343
6548.2482610657	0.93243130028835
6548.273273282	0.95077043139696
6548.2982855938	0.96807662889004
6548.3232980011	0.97878765546249
6548.348310504	0.9872011763681
6548.3733231024	0.99338278414415
6548.3983357963	0.99825564038715
6548.4233485858	1.0018213719171
6548.4483614709	1.003456880908
6548.4733744515	1.0045747393392
6548.4983875276	1.0063325583801
6548.5234006992	1.0079060747077
6548.5484139664	1.0064841675513
6548.5734273307	1.0049248676698
6548.598440789	1.0066926431217
6548.6234543428	1.0083008662067
6548.6484679922	1.0078130234762
6548.6734817371	1.0072423578749
6548.6984955776	1.0062915145993
6548.7235095136	1.0070799042488
6548.7485235451	1.0106597285255
6548.7735376722	1.0156030843231
6548.7985518949	1.0215042205509
6548.8235662131	1.0255016949066
6548.8485806268	1.0277869135486
6548.8735951361	1.0280735779769
6548.8986097409	1.0274383808331
6548.9236244413	1.0289877367671
6548.9486392373	1.0300039272572
6548.9736541287	1.0287027805172
6548.9986691158	1.0253249681695
6549.0236841983	1.026268785737
6549.0486993765	1.0252405695211
6549.0737146516	1.0228841524769
6549.0987300209	1.020091866504
6549.1237454857	1.0196231489172
6549.148761046	1.0193393185394
6549.1737767019	1.0187335883787
6549.1987924533	1.0172423316112
6549.2238083003	1.0152871398608
6549.2488242428	1.0150005604255
6549.2738402809	1.0147327462684
6549.2988564145	1.0135585672319
6549.3238726437	1.0120599283695
6549.3488889685	1.0098977020207
6549.3739053888	1.0079004592568
6549.3989219047	1.0060667308128
6549.4239385161	1.0047949870845
6549.448955223	1.0052826526205
6549.4739720256	1.0056384504924
6549.4989889237	1.0067224875801
6549.5240059173	1.0077456464593
6549.549023008	1.0075664661866
6549.5740401927	1.008416207512
6549.5990574731	1.0112587546168
6549.6240748489	1.0122329742837
6549.6490923204	1.0115473739159
6549.6741098873	1.0110380978338
6549.6991275499	1.0119090448591
6549.724145308	1.014656541882
6549.7491631617	1.0186935991816
6549.7741811109	1.0264518312361
6549.7991991557	1.0323417227523
6549.824217296	1.0335635755061
6549.8492355319	1.032296213683
6549.8742538634	1.0273407342629
6549.8992722904	1.0205352964001
6549.924290813	1.0111482314739
6549.9493094312	1.003762346209
6549.9743281449	0.99966563321004
6549.9993469542	0.99827501906527
6550.0243658605	0.99903604179204
6550.0493848609	1.0021440973047
6550.0744039569	1.0058820515563
6550.0994231484	1.0079882215093
6550.1244424356	1.0090619429431
6550.1494618182	0.99954700109356
6550.1744812965	0.99079128767216
6550.1995008703	0.98175500149019
6550.2245205396	0.97407121174827
6550.2495403046	0.97098914705864
6550.2745601651	0.96968663005617
6550.2995801212	0.97065753191439
6550.3246001728	0.97287848070444
6550.34962032	0.97636284368831
6550.3746405628	0.98110937826464
6550.3996609011	0.98621194264181
6550.424681335	0.99260716453298
6550.4497018645	1.0002277441449
6550.4747224896	1.0051977505123
6550.4997432102	1.0091918535604
6550.5247640279	1.0112582369813
6550.5497849397	1.0133568580153
6550.5748059471	1.0145173489049
6550.59982705	1.014160407801
6550.6248482485	1.0127824978461
6550.6498695425	1.0116068235635
6550.6748909322	1.0089590238328
6550.6999124174	1.0067386221965
6550.7249339981	1.0056746992129
6550.7499556745	1.0022941162858
6550.7749774464	0.99708021377735
6550.7999993139	0.99031436708404
6550.825021277	0.98372189206451
6550.8500433357	0.97690165225382
6550.8750654899	0.97218117255514
6550.9000877397	0.97290733845111
6550.9251100851	0.97349455061349
6550.9501325261	0.97602014746045
6550.9751550626	0.9819391820578
6551.0001776963	0.99253162257232
6551.025200424	1.0005447669379
6551.0502232472	1.0067174500564
6551.0752461661	1.0101887495099
6551.1002691805	1.011478445516
6551.1252922906	1.0125643919603
6551.1503154961	1.0139905053582
6551.1753387973	1.0148262508236
6551.2003621941	1.0152524675669
6551.2253856864	1.012954045551
6551.2504092744	1.0105675411363
6551.2754329579	1.0068162511581
6551.3004567369	1.003281251706
6551.3254806116	1.0002275393195
6551.3505045819	0.99636041275963
6551.3755286477	0.9914801833327
6551.4005528091	0.98600573706265
6551.4255770661	0.9797800877409
6551.4506014187	0.97533684322073
6551.4756258684	0.97210576168997
6551.5006504122	0.96682482759244
6551.5256750515	0.96094786420001
6551.5506997864	0.95270953035398
6551.575724617	0.94453148701841
6551.6007495431	0.93258290957384
6551.6257745648	0.92003090291678
6551.650799682	0.90767039845374
6551.6758248949	0.8971826462598
6551.7008502034	0.89297028126399
6551.7258756074	0.89547140691754
6551.750901107	0.90753323332176
6551.7759267023	0.92343781973168
6551.8009523931	0.94380115224159
6551.8259781795	0.96071157037543
6551.8510040615	0.97624118222877
6551.8760300391	0.98735145684923
6551.9010561122	0.99739044264399
6551.926082281	1.0016544115808
6551.9511085469	1.0040889250771
6551.9761349068	1.004651901749
6552.0011613624	1.0035927239397
6552.0261879135	0.99715977968681
6552.0512145603	0.98769002542893
6552.0762413026	0.97197878886535
6552.1012681405	0.95407342813155
6552.126295074	0.93437795482847
6552.1513221031	0.9216338385822
6552.1763492278	0.91278477740755
6552.2013764481	0.91977415683193
6552.226403764	0.93347912461685
6552.2514311755	0.95410294919787
6552.2764586826	0.97594915084265
6552.3014862853	0.98733463399899
6552.3265139836	0.99728071561895
6552.3515417774	0.99944273631887
6552.3765696669	1.0003793417937
6552.401597652	1.0010163694405
6552.4266257327	1.0001365226913
6552.4516539105	0.99835593620721
6552.4766821823	0.9959291013312
6552.5017105498	0.99252434045296
6552.5267390129	0.99064908151658
6552.5517675716	0.99005376380215
6552.5767962258	0.9857390207634
6552.6018249757	0.98000589768095
6552.6268538212	0.97329754489857
6552.6518827623	0.9675803571388
6552.676911799	0.96999791221953
6552.7019409313	0.97311224881855
6552.7269701592	0.97845482983201
6552.7519994827	0.9850044251163
6552.7770289018	0.99235081118913
6552.8020584165	0.99904385982866
6552.8270880268	1.0045087416125
6552.8521177327	1.0090403202707
6552.8771475342	1.0122173034833
6552.9021774313	1.0140144852213
6552.9272074256	1.0172101903476
6552.9522375139	1.0213370070358
6552.9772676978	1.0256371236915
6553.0022979774	1.0319653137834
6553.0273283526	1.0353840410564
6553.0523588233	1.034424912219
6553.0773893897	1.0300118285182
6553.1024200517	1.0249438679446
6553.1274508093	1.0191354171721
6553.1524816625	1.0125069039754
6553.1775126113	1.0047658431553
6553.2025436557	0.9954959060946
6553.2275747958	0.98584523462265
6553.2526060314	0.97585912579071
6553.2776373627	0.97150266758244
6553.3026687895	0.96891548216109
6553.327700312	0.97655529184281
6553.3527319301	0.98428925459741
6553.3777636438	0.98852820376734
6553.4027954546	0.99275199909733
6553.4278273596	0.99813316787036
6553.4528593601	1.002784079029
6553.4778914563	1.004373466003
6553.5029236481	1.0049938625334
6553.5279559354	1.0051482666095
6553.5529883185	1.0054785575619
6553.5780207971	1.0057957999623
6553.6030533713	1.0077101309513
6553.6280860412	1.0097604326363
6553.6531188066	1.0107265337114
6553.6781516677	1.0126192974092
6553.7031846244	1.0134843827611
6553.7282176767	1.015360010617
6553.7532508247	1.0156323292007
6553.7782840683	1.0166243893127
6553.8033174074	1.01731517888
6553.8283508422	1.0172777278418
6553.8533843726	1.0147973741094
6553.8784179987	1.0118376221328
6553.9034517219	1.0086562698789
6553.9284855391	1.005682015318
6553.953519452	1.0037487512564
6553.9785534606	1.0023846938482
6554.0035875647	1.0026476082617
6554.0286217645	0.99948015854401
6554.0536560599	0.99661416296953
6554.0786904509	0.98689939169157
6554.1037249375	0.97513034164137
6554.1287595198	0.95606684238678
6554.1537941976	0.93490638358357
6554.1788289712	0.91034595020406
6554.2038638403	0.88896200180601
6554.228898805	0.87120768295947
6554.2539338654	0.8670624008739
6554.2789690214	0.86925327952876
6554.3040042731	0.88574263533285
6554.3290396203	0.90542121297207
6554.3540750632	0.92527183919958
6554.3791106032	0.9451545899063
6554.4041462374	0.96306690696866
6554.4291819672	0.97929809959214
6554.4542177926	0.99050250197115
6554.4792537136	0.99978829192621
6554.5042897303	1.0043619341307
6554.5293258425	1.0083129728448
6554.5543620505	1.0119619300454
6554.579398354	1.0131544033797
6554.6044347532	1.0134741130711
6554.629471248	1.0118972225815
6554.6545078384	1.0082300448627
6554.6795445245	1.0025118498268
6554.7045813062	0.99753729735363
6554.7296181836	0.99381290433866
6554.7546551565	0.99103389587678
6554.7796922251	0.98945538551874
6554.8047293894	0.98701648597017
6554.8297666493	0.98394451949331
6554.8548040063	0.98280560196147
6554.8798414574	0.98385084548589
6554.9048790042	0.9878400618549
6554.9299166466	0.99284826589532
6554.9549543846	0.99767568738254
6554.9799922183	1.0024246910077
6555.0050301477	1.0022439683985
6555.0300681726	1.0005603238213
6555.0551062932	0.99536896472635
6555.0801445094	0.98925582891386
6555.1051828213	0.98568468844963
6555.1302212288	0.98386169223166
6555.155259732	0.98282026533064
6555.1802983307	0.98339210371451
6555.2053370252	0.98545882660725
6555.2303758152	0.98867009602866
6555.2554147009	0.99199965551679
6555.2804536823	0.9911207945153
6555.3054927593	0.98936123925931
6555.3305319334	0.97943902220161
6555.3555712017	0.96926368204959
6555.3806105656	0.9533766969169
6555.4056500251	0.93755769669551
6555.4306895803	0.92138748326304
6555.4557292312	0.90756022781675
6555.4807689777	0.89766619520823
6555.5058088198	0.89502712869997
6555.5308487576	0.9015741062968
6555.555888791	0.91543926417357
6555.58092892	0.93281839442022
6555.6059691448	0.95094423947366
6555.6310094651	0.96989646698566
6555.6560498811	0.98031468242459
6555.6810903927	0.98953388575617
6555.706131	0.99065936411703
6555.731171703	0.99119864637003
6555.7562125016	0.98897032458294
6555.7812533958	0.98730629198303
6555.8062943857	0.98630838712422
6555.8313354727	0.98537135075824
6555.8563766539	0.98366322911348
6555.8814179307	0.97901021556283
6555.9064593032	0.97420122050716
6555.9315007713	0.96645360376614
6555.9565423351	0.95759218720618
6555.9815839945	0.93501913113826
6556.0066257496	0.91152000956612
6556.0316676004	0.88855081965646
6556.0567095467	0.86840250874458
6556.0817515888	0.86398180979723
6556.1067937265	0.86662936042053
6556.1318359598	0.88050686765287
6556.1568782888	0.9009524067251
6556.1819207134	0.93001779347128
6556.2069632338	0.95592130571819
6556.2320058497	0.97945346890295
6556.2570485613	0.99311462905169
6556.2820913686	1.0042197944621
6556.307134273	1.009858457831
6556.3321772716	1.0154018978245
6556.3572203658	1.0167552672854
6556.3822635557	1.0174363229023
6556.4073068413	1.0161723154597
6556.4323502225	1.0155068639189
6556.4573936993	1.0161064152426
6556.4824372719	1.0179337727868
6556.5074809401	1.0199599450048
6556.5325247039	1.0169918347004
6556.5575685634	1.011690148525
6556.5826125185	1.0037346629866
6556.6076565694	0.99512202670124
6556.6327007158	0.97819224950064
6556.657744958	0.96120353633218
6556.6827892958	0.94457918660475
6556.7078337292	0.92921035383879
6556.7328782584	0.91667992522972
6556.7579228831	0.90912043369358
6556.7829676051	0.91067705383565
6556.8080124212	0.91572264875229
6556.833057333	0.92394020133328
6556.8581023404	0.93690963327095
6556.8831474435	0.95148268994844
6556.9081926423	0.96364565158995
6556.9332379367	0.97509891383889
6556.9582833268	0.98451275422723
6556.9833288126	0.99341703727824
6557.008374394	0.99652182583167
6557.0334200711	0.99928494702664
6557.0584658439	1.0017405625003
6557.0835117123	1.00391690525
6557.1085576764	1.0051118137202
6557.1336037361	1.0057250942432
6557.1586498916	1.0055597616011
6557.1836961427	1.0056732092844
6557.2087424894	1.0063239453969
6557.2337889319	1.0075237923228
6557.25883547	1.0087884267476
6557.2838821052	1.0087519339426
6557.3089288347	1.0093309007554
6557.3339756598	1.009671963799
6557.3590225806	1.0113225277752
6557.384069597	1.012731087359
6557.4091167092	1.0135215770716
6557.434163917	1.0145004239092
6557.4592112204	1.0126785011691
6557.4842586196	1.0094998006374
6557.5093061144	1.011510691979
6557.5343537049	1.0145587748299
6557.5594013911	1.0140187868356
6557.5844491729	1.0114778732222
6557.6094970504	1.0054962441629
6557.6345450236	0.9992298972961
6557.6595930925	0.99419395750277
6557.684641257	0.99091817796472
6557.7096895172	0.99143750633392
6557.7347378731	0.99140741413394
6557.7597863262	0.99017732466841
6557.7848348734	0.99057650542653
6557.8098835164	0.99269794056878
6557.834932255	0.99450169063511
6557.8599810892	0.99559234589584
6557.8850300192	0.99260339951361
6557.9100790448	0.98875981523506
6557.9351281661	0.9875605936687
6557.9601773831	0.98563808278867
6557.9852266958	0.97977427456517
6558.0102761042	0.97266349666664
6558.0353256082	0.96390126465143
6558.0603752079	0.95632252294043
6558.0854249033	0.94963842658336
6558.1104746944	0.9440874109905
6558.1355245812	0.93936269707947
6558.1605745636	0.93925343613279
6558.1856246417	0.93994774354503
6558.2106748156	0.94657998847749
6558.2357250866	0.9539900643181
6558.2607754517	0.96526642678723
6558.2858259126	0.97790876801614
6558.3108764692	0.99114377402086
6558.3359271214	1.0028976636534
6558.3609778693	1.0101090835428
6558.3860287129	1.0128113546565
6558.4110796522	1.0119571972388
6558.4361306872	1.0088906003132
6558.4611818178	1.0058235653901
6558.4862330442	1.0003255606686
6558.5112843662	0.99551705414889
6558.536335784	0.99462252845902
6558.5613872974	0.99290435991257
6558.5864389065	0.99076608800963
6558.6114906113	0.99063688402828
6558.6365424118	0.99500027331841
6558.6615943079	1.0000459170251
6558.6866462998	1.0049364288091
6558.7116983874	1.0049110314484
6558.7367505721	1.0026974846452
6558.7618028511	1.0012713919673
6558.7868552257	1.0008282080498
6558.811907696	0.99596192261082
6558.836960262	0.9898547370009
6558.8620129237	0.98763097852131
6558.8870656811	0.98774482800379
6558.9121185342	0.99224740744981
6558.937171483	0.99496818986316
6558.9622245275	0.9956456813061
6558.9872776677	0.99670922386483
6559.0123309035	0.99890848166823
6559.0373842351	1.0019161300189
6559.0624376624	1.0046538794129
6559.0874911853	1.0069772806988
6559.112544804	1.009694088235
6559.1375985183	1.0107526634153
6559.1626523284	1.011266598146
6559.1877062341	1.0124404792951
6559.2127602371	1.0142174070622
6559.2378143342	1.0174896323403
6559.262868527	1.0182410027767
6559.2879228156	1.0151888242269
6559.3129771998	1.0130660636126
6559.3380316798	1.0114250049316
6559.3630862554	1.0066329658672
6559.3881409267	1.0005473249259
6559.4131956938	0.99026362387524
6559.4382505565	0.97940814145967
6559.463305515	0.96212520202152
6559.4883605691	0.94442147051999
6559.513415719	0.92548050432406
6559.5384709645	0.90996302025361
6559.5635263058	0.8983032023645
6559.5885817427	0.89126104968856
6559.6136372754	0.88950249299986
6559.6386929037	0.90068600174965
6559.6637486278	0.91791673371088
6559.6888044491	0.93452530515384
6559.7138603646	0.95129091549022
6559.7389163758	0.96218290903912
6559.7639724826	0.97249254097206
6559.7890286852	0.9783176089443
6559.8140849835	0.98331838831944
6559.8391413776	0.98710255880591
6559.8641978673	0.99203221568518
6559.8892544527	0.99808524054181
6559.9143111338	1.0002015391081
6559.9393679107	1.0007530226868
6559.9644247832	0.99868472686985
6559.9894817515	0.99548126262195
6560.0145388155	0.99184124299102
6560.0395959751	0.98845218035601
6560.0646532305	0.987433203539
6560.0897105816	0.98749330779354
6560.1147680284	0.99001866833993
6560.139825571	0.98944259728137
6560.1648832107	0.98281601246932
6560.1899409447	0.97642335743237
6560.2149987743	0.97114798213879
6560.2400566997	0.96666226983485
6560.2651147208	0.9622543527867
6560.2901728376	0.96296661799078
6560.3152310501	0.96462044961839
6560.3402893583	0.96918617116642
6560.3653477623	0.97337682508291
6560.3904062619	0.97543569554192
6560.4154648573	0.97634404910942
6560.4405235484	0.97272988890631
6560.4655823352	0.96496869232359
6560.4906412177	0.95380279200841
6560.5157001959	0.94095429691128
6560.5407592699	0.92634897714302
6560.5658184396	0.91278805542987
6560.590877705	0.8999399627212
6560.6159370661	0.89995403296489
6560.6409965229	0.901814790386
6560.666056077	0.91019020073502
6560.6911157252	0.91911128354182
6560.7161754692	0.93203421340439
6560.7412353089	0.94638093984696
6560.7662952443	0.9604667596218
6560.7913552755	0.97213345734194
6560.8164154024	0.9832568104684
6560.841475625	0.99357862425753
6560.8665359433	1.0021524404127
6560.8915963573	1.003990846484
6560.9166568671	1.0038343912587
6560.9417174726	0.99989427456269
6560.9667781738	0.99584882609349
6560.9918389707	0.99087930041517
6561.0168998633	0.98764296849403
6561.0419608517	0.98737626422724
6561.0670219358	0.98666702053874
6561.0920831157	0.98578311737307
6561.1171443912	0.9858083652089
6561.142205764	0.98610600281087
6561.167267231	0.98698560491492
6561.1923287937	0.98793167758561
6561.2173904522	0.9853334189472
6561.2424522064	0.98358613237989
6561.2675140563	0.98197549043256
6561.292576002	0.98000997528892
6561.3176380433	0.97779118945114
6561.3427001804	0.97789480571633
6561.3677624133	0.9798019454891
6561.3928247418	0.98103547969958
6561.4178871661	0.98247178141545
6561.4429496861	0.98543543299493
6561.4680123019	0.98891742003306
6561.4930750134	0.98980487734278
6561.5181378206	0.9900938980255
6561.5432007235	0.98860775203191
6561.5682637222	0.98664735658708
6561.5933268166	0.98397101612507
6561.6183900083	0.9806875046119
6561.6434532942	0.97736344103426
6561.6685166758	0.97440953921169
6561.6935801531	0.97080530457665
6561.7186437262	0.96754591450752
6561.743707395	0.96355437780414
6561.7687711596	0.9549524207579
6561.7938350199	0.94659713368509
6561.8188989759	0.93864399194359
6561.8439630276	0.93187870866438
6561.8690271751	0.92623231205636
6561.8940914184	0.92024898173742
6561.9191557573	0.91303652989688
6561.944220192	0.90511207729999
6561.9692847225	0.89702501702978
6561.9943493487	0.88857715659994
6562.0194140706	0.88015114760456
6562.0444788883	0.87285866435407
6562.0695438017	0.8653728022252
6562.0946088108	0.85264960693645
6562.1196739172	0.84042907567715
6562.1447391178	0.82902315584662
6562.1698044142	0.81674105977891
6562.1948698063	0.80295196014877
6562.2199352941	0.78952165688715
6562.2450008777	0.77610455787314
6562.2700665571	0.76300493998025
6562.2951323321	0.7499842559169
6562.320198203	0.7385004537583
6562.3452641695	0.72712938178599
6562.3703302318	0.7169853111776
6562.3953963899	0.70704906600582
6562.4204626437	0.70005204654798
6562.4455289932	0.69360938488347
6562.4705954385	0.68739665856494
6562.4956619795	0.68284891217454
6562.5207286163	0.6794554491065
6562.5457953488	0.67622338749151
6562.5708621771	0.67333888344952
6562.5959291026	0.67147766128355
6562.6209961224	0.66974254828595
6562.6460632379	0.66696132823378
6562.6711304492	0.66425294883569
6562.6961977562	0.66190064778381
6562.7212651589	0.66060684933797
6562.7463326575	0.66078120514748
6562.7714002517	0.66084972514377
6562.7964679417	0.66146055876636
6562.8215357275	0.6617869228948
6562.846603609	0.66130829554423
6562.8716715863	0.66035174769704
6562.8967396593	0.65981658103893
6562.921807828	0.66055815307503
6562.9468760926	0.66043307766339
6562.9719444528	0.66027040387404
6562.9970129089	0.65987099622088
6563.0220814606	0.65824696396823
6563.0471501082	0.65899338292319
6563.072218853	0.66205914160414
6563.097287692	0.66357959386607
6563.1223566268	0.66413015056768
6563.1474256574	0.66714795009491
6563.1724947837	0.67112209623421
6563.1975640057	0.67665863243014
6563.2226333235	0.68147397991319
6563.2477027371	0.68635835978973
6563.2727722464	0.6906286624868
6563.2978418515	0.69374865546868
6563.3229115524	0.69832145646908
6563.347981349	0.70457298657266
6563.3730512414	0.71221040898185
6563.3981212295	0.72087935883456
6563.4231913134	0.73044641297804
6563.448261493	0.74012391785899
6563.4733317684	0.75389897470892
6563.4984021396	0.76742889001082
6563.5234726065	0.78043953346817
6563.5485431707	0.79357894903302
6563.5736138291	0.80737021678649
6563.5986845834	0.81993570608136
6563.6237554333	0.83164862651752
6563.6488263791	0.84093148431686
6563.6738974206	0.848304732276
6563.6989685578	0.8538005419461
6563.7240397908	0.85842153301125
6563.7491111196	0.86655874870201
6563.7741825442	0.87566913410084
6563.7992540645	0.8889550217175
6563.8243256806	0.90151873700573
6563.8493973924	0.9128693802287
6563.8744692	0.92050569494188
6563.8995411034	0.92320447955212
6563.9246131026	0.92204567222759
6563.9496851975	0.9180221576904
6563.9747573882	0.91149653727933
6563.9998296746	0.903981471713
6564.0249020568	0.90023814626441
6564.0499745363	0.89808624422252
6564.0750471101	0.8996622167737
6564.1001197796	0.90114537124456
6564.1251925449	0.90396619347513
6564.150265406	0.90882610519569
6564.1753383628	0.91572080537655
6564.2004114154	0.92233228899084
6564.2254845638	0.9287503379343
6564.2505578079	0.93604779812752
6564.2756311479	0.94329809968443
6564.3007045835	0.94770790883832
6564.325778115	0.9523219535825
6564.3508517422	0.95745724996473
6564.3759254652	0.96248057876347
6564.400999284	0.96659931000785
6564.4260731986	0.96927824677946
6564.4511472089	0.97075391748491
6564.476221315	0.97394520094061
6564.5012955169	0.97753513267941
6564.5263698161	0.97684606906222
6564.5514442095	0.97515579919058
6564.5765186987	0.97555278845221
6564.6015932837	0.97533809133259
6564.6266679645	0.97344020745371
6564.651742741	0.97065316019346
6564.6768176133	0.96700019115258
6564.7018925814	0.96514806808898
6564.7269676453	0.96468906285344
6564.7520428049	0.9647631168223
6564.7771180604	0.96528326184765
6564.8021934116	0.96403726927667
6564.8272688586	0.96246356286521
6564.8523444014	0.96041633689826
6564.8774200399	0.95918053665769
6564.9024957742	0.96186248965198
6564.9275716044	0.96322950038728
6564.9526475302	0.96142839550532
6564.9777235519	0.96041790222654
6565.0027996709	0.95997744462417
6565.0278758841	0.96039931076214
6565.0529521932	0.96169628332185
6565.078028598	0.96190776826677
6565.1031050986	0.96200873072981
6565.1281816949	0.96116519699123
6565.1532583871	0.96088035798801
6565.178335175	0.96303821217507
6565.2034120588	0.96486973517121
6565.2284890383	0.96582942052142
6565.2535661136	0.96615825230852
6565.2786432847	0.96546840265214
6565.3037205516	0.96089374130103
6565.3287979142	0.95493384929387
6565.3538753727	0.95005000529924
6565.3789529269	0.94516311277399
6565.404030577	0.94041760848724
6565.4291083228	0.93416374112331
6565.4541861644	0.92580914467255
6565.4792641018	0.91851903918653
6565.5043421365	0.91222106437585
6565.5294202654	0.90784686810276
6565.5544984902	0.90627646335258
6565.5795768108	0.91013220936369
6565.6046552271	0.91620050045606
6565.6297337392	0.92736999117546
6565.6548123472	0.93903207393108
6565.6798910509	0.94811502837828
6565.7049698504	0.95643161325546
6565.7300487457	0.96344250991418
6565.7551277368	0.96793535051027
6565.7802068237	0.96875041770304
6565.8052860064	0.96809683256293
6565.8303652849	0.96661285132903
6565.8554446592	0.96410446436938
6565.8805241292	0.96147626311869
6565.9056036951	0.96168429865402
6565.9306833568	0.9624062536314
6565.9557631142	0.96486068273667
6565.980842969	0.96666905971587
6566.0059229181	0.97019502171461
6566.0310029629	0.97396733793143
6566.0560831036	0.97492515408995
6566.08116334	0.97542779696141
6566.1062436723	0.97540426390879
6566.1313241003	0.97595912555494
6566.1564046242	0.97821208096129
6566.1814852438	0.98085090072892
6566.2065659592	0.98525051378434
6566.2316467705	0.99022824741022
6566.2567276775	0.99006725371632
6566.2818086804	0.98742433005469
6566.306889779	0.9883566366028
6566.3319709735	0.99140474266234
6566.3570522637	0.99225330728658
6566.3821336498	0.99161109398195
6566.4072151317	0.99190165326386
6566.4322967093	0.99309577944974
6566.4573783843	0.99192709730448
6566.4824601536	0.98879673824476
6566.5075420186	0.98727534845067
6566.5326239795	0.98759714314878
6566.5577060362	0.98664865811221
6566.5827881887	0.98438464300044
6566.607870437	0.98677989228097
6566.6329527811	0.99351122527052
6566.658035221	0.99245781323662
6566.6831177567	0.98338498317487
6566.7082003882	0.98070703984952
6566.7332831155	0.98508215669074
6566.7583659387	0.98622089722067
6566.7834488576	0.98368660914863
6566.8085318724	0.98243311364588
6566.8336149829	0.98263051775701
6566.8586981893	0.98318808640274
6566.8837814915	0.98535124123826
6566.9088648895	0.98533576812715
6566.9339483833	0.98023082868058
6566.9590319744	0.9749001725249
6566.9841156598	0.97086921694004
6567.0091994411	0.96975223423505
6567.0342833181	0.97388146524563
6567.059367291	0.97719443138229
6567.0844513597	0.97891875321422
6567.1095355241	0.9801624556429
6567.1346197844	0.98066957996741
6567.1597041406	0.98261571571643
6567.1847885925	0.98501256850254
6567.2098731402	0.98540884583215
6567.2349577838	0.9842135866278
6567.2600425232	0.98340168071438
6567.2851273583	0.98261324595461
6567.3102122894	0.98263439161721
6567.3352973162	0.98374565459005
6567.3603824388	0.9842854263925
6567.3854676573	0.98263504181316
6567.4105529715	0.98135961743527
6567.4356383831	0.9827368069428
6567.4607238891	0.98460815506064
6567.4858094908	0.98416060515959
6567.5108951883	0.98267443931587
6567.5359809817	0.98629254661571
6567.5610668709	0.99047397007233
6567.5861528559	0.99480300967029
6567.6112389367	0.99888805443813
6567.6363251134	0.99763640641493
6567.6614113858	0.99616473445274
6567.6864977541	0.99074823566805
6567.7115842182	0.98583203050092
6567.7366707782	0.99045269413306
6567.7617574339	0.99594137618093
6567.7868441855	0.99439835750766
6567.8119310329	0.9913464599015
6567.8370179761	0.99285352621143
6567.8621050152	0.99466168220918
6567.8871921501	0.99652293897173
6567.9122793823	0.99924220222845
6567.9373667088	0.99957207896034
6567.9624541311	0.99895361733877
6567.9875416493	0.99720103025438
6568.0126292633	0.99532172879025
6568.0377169732	0.99223563552539
6568.0628047788	0.98930709481083
6568.0878926803	0.98691004520293
6568.1129806776	0.98386529747447
6568.1380687708	0.98491483182137
6568.1631569597	0.98839861727992
6568.1882452445	0.98949170626428
6568.2133336251	0.98876973691548
6568.2384221016	0.98512057540787
6568.2635106739	0.98033474036361
6568.288599342	0.97773751745711
6568.3136881059	0.97692860096574
6568.3387769657	0.9725977595989
6568.3638659213	0.96481238984057
6568.3889549743	0.96297963824912
6568.4140441216	0.96640136860629
6568.4391333647	0.97364554888871
6568.4642227036	0.98378667098803
6568.4893121384	0.98999699064077
6568.514401669	0.99242616289312
6568.5394912954	0.99293035637242
6568.5645810177	0.9918559388912
6568.5896708358	0.98963572365377
6568.6147607498	0.98600770251409
6568.6398507595	0.98597745079671
6568.6649408652	0.99007047060873
6568.6900310666	0.99105081251932
6568.7151213639	0.98819878058061
6568.740211757	0.98610301887204
6568.765302246	0.98497051303213
6568.7903928308	0.97936052709064
6568.8154835114	0.96697168430554
6568.8405742879	0.95831296761168
6568.8656651602	0.95596546196085
6568.8907561299	0.95536216898169
6568.9158471939	0.95736396382054
6568.9409383537	0.95570448547127
6568.9660296094	0.94711493746966
6568.9911209609	0.93909426056384
6569.0162124083	0.93334723853102
6569.0413039515	0.92673970487874
6569.0663955905	0.91615668832639
6569.0914873254	0.90393137795274
6569.1165791561	0.8873318111342
6569.1416710827	0.86652135219942
6569.1667631051	0.83164979949721
6569.1918552233	0.80062715522006
6569.2169474374	0.78511257145242
6569.2420397474	0.77383184644524
6569.2671321531	0.78062748205706
6569.2922246548	0.79143143439708
6569.3173172523	0.8242590031582
6569.3424099456	0.85761160141359
6569.3675027363	0.89277837018202
6569.3925956213	0.92660947300297
6569.4176886021	0.94655643094027
6569.4427816788	0.96585159935602
6569.4678748514	0.97468873873453
6569.4929681198	0.98368653106141
6569.518061484	0.9896624071205
6569.5431549441	0.99518226110344
6569.5682485001	1.001078411081
6569.5933421519	1.0062199313635
6569.6184358995	1.0037380173987
6569.643529743	1.0016228258592
6569.6686236824	1.002086726997
6569.6937177176	1.0019783707579
6569.7188118486	0.99521379439565
6569.7439060755	0.98816358316597
6569.7690003983	0.97887913428619
6569.7940948169	0.96979260304348
6569.8191893314	0.961853274391
6569.8442839432	0.95355507562149
6569.8693786493	0.94792508125719
6569.8944734514	0.94307037860524
6569.9195683492	0.94092625999874
6569.944663343	0.93865884732452
6569.9697584326	0.94844572490734
6569.994853618	0.95982143989081
6570.0199488993	0.96238386781621
6570.0450442764	0.96370496425455
6570.0701397494	0.96423726365366
6570.0952353183	0.96385156733516
6570.120330983	0.96241208624939
6570.1454267436	0.96094516443001
6570.1705226	0.96026942155123
6570.1956185523	0.95924310775056
6570.2207146005	0.95722129210773
6570.2458107445	0.95586162751012
6570.2709069844	0.95927012205385
6570.2960033201	0.96387863649758
6570.3210997517	0.96408470279077
6570.3461962806	0.96290952817108
6570.371292904	0.95768534866042
6570.3963896231	0.95064612355933
6570.4214864382	0.94765645718457
6570.446583349	0.94635625250981
6570.4716803558	0.94198271191308
6570.4967774584	0.93617948441209
6570.5218746569	0.92895156689499
6570.5469719513	0.92110949433157
6570.5720693415	0.91353166073379
6570.5971668275	0.90650085071948
6570.6222644095	0.90622621468009
6570.6473620873	0.9095204755657
6570.6724598609	0.90877806395161
6570.6975577305	0.90491494600746
6570.7226556959	0.90117799491637
6570.7477537571	0.8975868603959
6570.7728519143	0.89368499776149
6570.7979501673	0.88979409645392
6570.8230485177	0.88992072272182
6570.8481469624	0.89324524418487
6570.873245503	0.89825047011392
6570.8983441395	0.90539546195648
6570.9234428718	0.91849369116766
6570.9485417	0.93680595357963
6570.9736406241	0.94788706655919
6570.998739644	0.95158873314352
6571.0238387598	0.94919047169748
6571.0489379715	0.9396217055838
6571.0740372791	0.93055517764811
6571.0991366825	0.92271359181405
6571.1242361818	0.92035381818882
6571.149335777	0.9251414681931
6571.174435468	0.92907182998879
6571.199535255	0.93182249028593
6571.2246351378	0.93591701690242
6571.2497351164	0.94248247794073
6571.274835191	0.94763877496641
6571.2999353629	0.94957664343068
6571.3250356292	0.9526108205549
6571.3501359913	0.95543014204066
6571.3752364494	0.95691376464926
6571.4003370033	0.95864393855395
6571.4254376531	0.95867800349802
6571.4505383988	0.95408324249237
6571.4756392403	0.94689975992145
6571.5007401777	0.93491212189434
6571.525841211	0.92442470068592
6571.5509423402	0.91841730982731
6571.5760435653	0.91190339589604
6571.6011448862	0.90393629268244
6571.626246303	0.89983451595
6571.6513478157	0.90505801427729
6571.6764494243	0.91530810173638
6571.7015511287	0.9368198220185
6571.7266529291	0.95514949443087
6571.7517548253	0.96514208790887
6571.7768568189	0.97323303319476
6571.8019589069	0.97433997580259
6571.8270610907	0.9733700344775
6571.8521633705	0.96751396222088
6571.8772657461	0.96024131485556
6571.9023682176	0.94933903170805
6571.927470785	0.94383815623194
6571.9525734482	0.96585126776557
6571.9776762074	0.98273201834
6572.0027790624	0.97202161439479
6572.0278820134	0.96224850915756
6572.0529850602	0.95636030026645
6572.0780882029	0.95112803572818
6572.1031914415	0.94898000825972
6572.1282947759	0.94781059570978
6572.1533982063	0.95100428599834
6572.1785017325	0.95364154949832
6572.2036053547	0.95065339638661
6572.2287090727	0.94861757271368
6572.2538128866	0.94822615765109
6572.2789167979	0.94858638794141
6572.3040208036	0.95336455493111
6572.3291249052	0.95728659414933
6572.3542291026	0.96173580739468
6572.379333396	0.96779027680235
6572.4044377852	0.97412520017077
6572.4295422704	0.97975544911157
6572.4546468514	0.96984714500164
6572.4797515283	0.95880472901251
6572.5048563011	0.97500387916079
6572.5299611698	0.98840729165947
6572.5550661344	0.95792934196244
6572.5801711949	0.92716717106844
6572.6052763513	0.91259236490681
6572.6303816036	0.90001914980423
6572.6554869517	0.87563815152189
6572.6805923958	0.85121322398671
6572.7056979358	0.823623134719
6572.7308035716	0.79681171895038
6572.7559093049	0.78007156368189
6572.7810151325	0.76453681931958
6572.8061210561	0.7574690891973
6572.8312270755	0.75000466975598
6572.8563331908	0.76421987367969
6572.8814394021	0.78120623466505
6572.9065457092	0.80772427848888
6572.9316521122	0.83374845849811
6572.9567586111	0.86170655990346
6572.981865206	0.89086811544497
6573.0069718967	0.90940382547287
6573.0320786833	0.92610261482965
6573.0571855658	0.9298945141952
6573.0822925443	0.93301997982179
6573.1073996186	0.93726260499885
6573.1325067888	0.94227966756631
6573.1576140549	0.94969618945786
6573.182721417	0.95817704843428
6573.2078288749	0.96493646123107
6573.2329364302	0.97052198701967
6573.25804408	0.97589732350267
6573.2831518256	0.9796746046839
6573.3082596672	0.99102276089151
6573.3333676046	1.002622172961
6573.3584756379	0.9899537990699
6573.3835837672	0.97151579223471
6573.4086919924	0.96348424221135
6573.4338003134	0.95898294515466
6573.4589087304	0.96081203267284
6573.4840172433	0.96598165631126
6573.5091258521	0.96835495065682
6573.5342345568	0.96905115667429
6573.5593433574	0.97084548771215
6573.5844522539	0.97234810910751
6573.6095612463	0.96602620689448
6573.6346703346	0.95772142442057
6573.6597795188	0.96122168568769
6573.684888799	0.96895250449351
6573.709998175	0.970607396535
6573.7351076485	0.96955019974132
6573.7602172164	0.96253262337565
6573.7853268801	0.95226608579451
6573.8104366398	0.95288126977083
6573.8355464954	0.95954560410482
6573.8606564469	0.96010337284684
6573.8857664944	0.95606225981763
6573.9108766377	0.95159269108519
6573.935986877	0.94710896594653
6573.9610972121	0.9435125304071
6573.9862076432	0.94121870584308
6574.0113181702	0.93325702744132
6574.0364287931	0.92307210321796
6574.0615395119	0.91011750688606
6574.0866503266	0.89668311480829
6574.1117612373	0.87375082541248
6574.1368722439	0.84341300094764
6574.1619833463	0.81175673028412
6574.1870945447	0.77903095933822
6574.2122058406	0.74696773957728
6574.2373172308	0.715309302277
6574.2624287169	0.70439425378045
6574.287540299	0.70840559237246
6574.312651977	0.71695381751167
6574.3377637509	0.72780119151422
6574.3628756207	0.75117270792405
6574.3879875865	0.78555559762416
6574.4130996481	0.81511094142922
6574.4382118057	0.84099893395987
6574.4633240592	0.86576108319316
6574.4884364086	0.88895814806269
6574.513548854	0.91232934352972
6574.5386613952	0.93510171351888
6574.5637740324	0.94976902761246
6574.5888867655	0.95636259249412
6574.6139995946	0.95673080681926
6574.6391125195	0.95206191131438
6574.6642255404	0.94726756458502
6574.6893386587	0.94237960755041
6574.7144518715	0.93756843770172
6574.7395651801	0.93360302420353
6574.7646785847	0.92368659367864
6574.7897920852	0.90929947247246
6574.8149056816	0.89765451108916
6574.840019374	0.88882099710176
6574.8651331622	0.88016270482814
6574.8902470464	0.87179851621699
6574.9153610266	0.85381384567091
6574.9404751026	0.8236023635119
6574.9655892746	0.79370525147227
6574.9907035425	0.76387437699008
6575.0158179064	0.74260889915355
6575.0409323662	0.73137549733186
6575.0660469219	0.73175169977501
6575.0911615735	0.74839079591716
6575.1162763211	0.77348784408688
6575.1413911645	0.80769352128021
6575.166506104	0.84291221827179
6575.1916211408	0.87949488681207
6575.2167362721	0.9098631991561
6575.2418514993	0.93058875854756
6575.2669668225	0.94533552518113
6575.2920822416	0.95051232818911
6575.3171977566	0.94684622573785
6575.3423133675	0.93320056778105
6575.3674290744	0.92556903118569
6575.3925448772	0.92734830129037
6575.417660776	0.92832707286967
6575.4427767707	0.92868608575994
6575.4678928613	0.9276734012058
6575.4930090478	0.92399299416334
6575.5181253303	0.92456991473041
6575.5432417088	0.9320999088921
6575.5683581831	0.94154520353037
6575.5934747534	0.95439740214953
6575.6185914197	0.96052722430278
6575.6437081818	0.95423412422468
6575.6688250415	0.95023047560385
6575.6939419955	0.94920068095538
6575.7190590455	0.9464483012605
6575.7441761914	0.94290977697547
6575.7692934333	0.93922096547879
6575.7944107711	0.9350389647706
6575.8195282049	0.93190315274534
6575.8446457346	0.92934438617161
6575.8697633602	0.92726433216511
6575.8948810818	0.9269102414313
6575.9199988993	0.92741612652404
6575.9451168127	0.92731746769683
6575.9702348221	0.92710546022951
6575.9953529275	0.92405848291969
6576.0204711287	0.92401975445688
6576.045589426	0.93108199854883
6576.0707078191	0.93667950181016
6576.0958263083	0.9426363998295
6576.1209448933	0.93867713026361
6576.1460635758	0.91504377448487
6576.1711823528	0.89485004318453
6576.1963012257	0.88549976734035
6576.2214201945	0.87982708203451
6576.2465392593	0.88061520278797
6576.2716584201	0.88371622531816
6576.2967776767	0.8900595177801
6576.3218970294	0.8951387903176
6576.3470164779	0.89759229751808
6576.3721360225	0.89994670931856
6576.3972556629	0.90330251195933
6576.4223753994	0.90644145147589
6576.4474952317	0.90684376864642
6576.4726151601	0.90655186329232
6576.4977351843	0.90604490623723
6576.5228553046	0.90503959552516
6576.5479755207	0.90122103481097
6576.5730958329	0.89866745419059
6576.5982162409	0.90016988134876
6576.6233367465	0.89745597185387
6576.6484573465	0.8808801039244
6576.6735780424	0.87126716579949
6576.6986988343	0.88544598909961
6576.7238197221	0.89666717417817
6576.7489407059	0.89544409235901
6576.7740617857	0.89458416904541
6576.7991829614	0.8934697361283
6576.824304233	0.89147318083761
6576.8494256006	0.88961615687117
6576.8745470642	0.88914249629515
6576.8996686237	0.89098165913109
6576.9247902792	0.89454700452387
6576.9499120307	0.90459875997901
6576.9750338781	0.91132118271026
6577.0001558214	0.91098128079224
6577.0252778607	0.9136775468454
6577.050399996	0.92068963334637
6577.0755222272	0.92515811493871
6577.1006445544	0.92597664095611
6577.1257669791	0.92798321785658
6577.1508894982	0.93126879365603
6577.1760121132	0.93197266917945
6577.2011348242	0.92128349356828
6577.2262576312	0.91109389879371
6577.2513805342	0.90584128257438
6577.2765035331	0.90432372989704
6577.301626628	0.91358519564352
6577.3267498188	0.92194910264489
6577.3518731056	0.92724399620064
6577.3769964883	0.93361580076353
6577.4021199671	0.94726555366458
6577.4272435417	0.95605197179223
6577.4523672124	0.94520018878227
6577.477490979	0.93505913063344
6577.5026148416	0.9258003172617
6577.5277388001	0.91901914472154
6577.5528628546	0.92261352030336
6577.5779870051	0.92318939486285
6577.6031112531	0.91114030643522
6577.6282355955	0.90067284141702
6577.6533600338	0.90030571802404
6577.6784845682	0.90067036636025
6577.7036091985	0.9019829223929
6577.7287339248	0.90240296902719
6577.753858747	0.9034378928183
6577.7789836652	0.90717641763339
6577.8041086794	0.91435065482145
6577.8292337896	0.91979389335837
6577.8543589957	0.92072347411386
6577.8794842978	0.92119787806973
6577.9046096959	0.92130993418022
6577.9297351899	0.92086672868812
6577.9548607799	0.91848490990878
6577.9799864659	0.91665517269959
6578.0051122478	0.91417028004181
6578.0302381257	0.91172506639076
6578.0553640996	0.91068598138983
6578.080490171	0.91023927985309
6578.1056163369	0.91630551120041
6578.1307425987	0.92410837719396
6578.1558689565	0.93152704203173
6578.1809954102	0.93631184204449
6578.20612196	0.93421344849603
6578.2312486057	0.93011338211223
6578.2563753474	0.91655559079232
6578.2815021851	0.90540275644042
6578.3066291187	0.90546684654545
6578.3317561483	0.90541041402149
6578.3568832739	0.90384431812224
6578.3820104955	0.90210493892754
6578.407137813	0.90110283103887
6578.4322652266	0.90058716807083
6578.4573927361	0.90344064974259
6578.4825203416	0.90698325695792
6578.507648043	0.90759310006054
6578.5327758405	0.90647631843551
6578.5579037339	0.9035565625028
6578.5830317248	0.90254850043028
6578.6081598102	0.90670473487609
6578.6332879916	0.90930919278222
6578.658416269	0.90699486990677
6578.6835446423	0.90640384530661
6578.7086731116	0.91226302658474
6578.7338016769	0.91714332133028
6578.7589303382	0.9170783637115
6578.7840590955	0.91343842948817
6578.8091879487	0.89442502925503
6578.8343168979	0.87809268979223
6578.8594459432	0.8726034168508
6578.8845750844	0.86907765211707
6578.9097043216	0.87693119544711
6578.9348336547	0.88339216869917
6578.9599630839	0.88454154685218
6578.985092609	0.88626198559099
6579.0102222302	0.88997570583126
6579.0353519473	0.89386691005352
6579.0604817619	0.89688810947786
6579.085611671	0.89930251090627
6579.1107416761	0.8996935153591
6579.1358717772	0.90174617462737
6579.1610019742	0.91120319802931
6579.1861322673	0.91910605811975
6579.2112626563	0.9179175841522
6579.2363931414	0.91505453868448
6579.2615237224	0.90624795588711
6579.2866543994	0.89975196444908
6579.3117851724	0.90246981129311
6579.3369160414	0.90412080289152
6579.3620470064	0.90162145561742
6579.3871780674	0.90092841177515
6579.4123092243	0.90741767072208
6579.4374404773	0.91250842783301
6579.4625718263	0.91106818016879
6579.4877032712	0.90701703066739
6579.5128348122	0.8969837424149
6579.5379664506	0.89749401530073
6579.5630981836	0.93348923365402
6579.5882300125	0.95267554492971
6579.6133619374	0.91219289450111
6579.6384939583	0.88223521654369
6579.6636260753	0.88987507473109
6579.6887582882	0.89643312949757
6579.7138905971	0.90009836339959
6579.739023002	0.90282837315293
6579.7641555029	0.90052733925597
6579.7892880998	0.89882791206136
6579.8144207927	0.89995750802773
6579.8395535816	0.90183808633221
6579.8646864665	0.9072835647419
6579.8898194474	0.91045400803687
6579.9149525243	0.90717552980987
6579.9400856972	0.90408114531545
6579.9652189661	0.89945741000531
6579.990352331	0.89495344472482
6580.0154857934	0.89116023856102
6580.0406193504	0.88836734928657
6580.0657530033	0.88804970364643
6580.0908867522	0.88609710680887
6580.1160205971	0.87779400549568
6580.141154538	0.86406994187886
6580.1662885749	0.83617145888745
6580.1914227079	0.81512362664778
6580.2165569368	0.81348042500278
6580.2416912617	0.81322437134291
6580.2668256827	0.81628659068482
6580.2919601996	0.817940218894
6580.3170948126	0.81655165879401
6580.3422295215	0.82044361081492
6580.3673643265	0.83852408718843
6580.3924992274	0.85446225019058
6580.4176342244	0.86518083532727
6580.4427693174	0.87452313278456
6580.4679045064	0.88057004080338
6580.4930397914	0.88781311945268
6580.5181751739	0.89454909332417
6580.5433106509	0.90043059112859
6580.568446224	0.90752351624039
6580.593581893	0.91191491270567
6580.6187176581	0.90859949366139
6580.6438535191	0.90597118636661
6580.6689894762	0.90582213200111
6580.6941255293	0.90181970998882
6580.7192616784	0.8893669849906
6580.7443979235	0.8777008720917
6580.7695342646	0.86687745942781
6580.7946707017	0.85867028124763
6580.8198072349	0.85693180541833
6580.844943864	0.85374126092112
6580.8700805892	0.84762482701402
6580.8952174104	0.84269661466447
6580.9203543276	0.83999284979102
6580.9454913408	0.83649027814294
6580.97062845	0.83059350687642
6580.9957656568	0.82796173436986
6581.0209029581	0.83200109383129
6581.0460403553	0.83099773776484
6581.0711778486	0.81939653469992
6581.096315438	0.8077650220911
6581.1214531233	0.79633153063042
6581.1465909046	0.78595047378342
6581.171728782	0.77683120058387
6581.1968667554	0.76706591089129
6581.2220048248	0.75662116638232
6581.2471429902	0.75500904039281
6581.2722812517	0.76899721671776
6581.2974196091	0.78763090791728
6581.3225580626	0.81400851239574
6581.3476966121	0.83713230382659
6581.3728352576	0.85565822982802
6581.3979739992	0.86748589219938
6581.4231128368	0.86878016147326
6581.4482517704	0.87120886108031
6581.4733908015	0.87578778265193
6581.4985299271	0.87820823407014
6581.5236691488	0.87549186906945
6581.5488084665	0.87376404626293
6581.5739478802	0.87515105920913
6581.5990873899	0.87876821975503
6581.6242269957	0.8835217117642
6581.6493666975	0.8841270248665
6581.6745064953	0.87981908087731
6581.6996463891	0.87776554745085
6581.724786379	0.87984551021329
6581.7499264649	0.88156105632848
6581.7750666468	0.88261447537206
6581.8002069247	0.88396123489561
6581.8253472987	0.88522691578974
6581.8504877687	0.8904180772668
6581.8756283347	0.89875806230097
6581.9007689968	0.90251491763602
6581.9259097549	0.90215363074609
6581.951050609	0.9026050706897
6581.9761915606	0.90270032689905
6582.0013326068	0.90028095054757
6582.026473749	0.89647733008812
6582.0516149873	0.88756446140884
6582.0767563215	0.8732306759428
6582.1018977518	0.86622822619847
6582.1270392782	0.86629539133291
6582.1521809005	0.8693535716292
6582.1773226189	0.87618364538985
6582.2024644334	0.87268364801646
6582.2276063438	0.85502158458391
6582.2527483503	0.84890407541469
6582.2778904529	0.85177184572978
6582.3030326514	0.85634729392274
6582.328174946	0.86579602252844
6582.3533173367	0.87593241524436
6582.3784598234	0.88285596732863
6582.4036024061	0.88259116845031
6582.4287450848	0.88166737453364
6582.4538878611	0.88205720091606
6582.479030732	0.88050673618063
6582.5041736988	0.88112305858785
6582.5293167617	0.88048803144348
6582.5544599207	0.87831529635992
6582.5796031756	0.87427277190794
6582.6047465266	0.8699784144371
6582.6298899737	0.86596032828253
6582.6550335168	0.86155458211023
6582.6801771559	0.85793953089978
6582.7053208911	0.86045911422248
6582.7304647223	0.86430381748216
6582.7556086496	0.86376640251295
6582.7807526729	0.86020638740902
6582.8058967922	0.84601353257502
6582.8310410076	0.82553490909555
6582.856185319	0.81777695645062
6582.8813297265	0.81915734736701
6582.90647423	0.82242982173473
6582.9316188311	0.82881872132009
6582.9567635267	0.8342778685983
6582.9819083184	0.83876680636067
6583.0070532061	0.84451368098425
6583.0321981898	0.85196639785147
6583.0573432696	0.8530060522167
6583.0824884454	0.84767770338093
6583.1076337173	0.83985214860761
6583.1327790852	0.83748573635202
6583.1579245492	0.84099982826392
6583.1830701092	0.84551653789156
6583.2082157653	0.8474530342902
6583.2333615174	0.84846835293571
6583.2585073656	0.85083918455701
6583.2836533098	0.85031973923436
6583.30879935	0.85163414928439
6583.3339454863	0.85335809813082
6583.3590917187	0.85220328507525
6583.3842380471	0.85193931165131
6583.4093844716	0.85275919359814
