6546.1719940234	0.76871687971853
6546.196998309	0.73395394137197
6546.2220026901	0.71881293581288
6546.2470071667	0.70828345592931
6546.2720117388	0.72046540039761
6546.2970164064	0.73908874330635
6546.3220211696	0.77373865557794
6546.3470260282	0.81208774046155
6546.3720309823	0.85365608055581
6546.397036032	0.8901266696008
6546.4220411772	0.92415159410822
6546.4470464178	0.95100957420456
6546.472051754	0.97376309115188
6546.4970571857	0.98855769028751
6546.5220627145	1.0015556055778
6546.5470683372	1.0096983756467
6546.5720740554	1.0169018929724
6546.5970798692	1.0216535985532
6546.6220857785	1.0261661338333
6546.6470917833	1.0279764749183
6546.6720978836	1.0282772598715
6546.6971040794	1.0260070959699
6546.7221103707	1.0229946703675
6546.7471167576	1.0189872048398
6546.7721232399	1.0138269099813
6546.7971298178	1.0083484738005
6546.8221364912	1.0033727771671
6546.8471432601	0.99750874694593
6546.8721501246	0.99086915902937
6546.8971570845	0.98532194038722
6546.92216414	0.9853312778432
6546.947171291	0.98666656296311
6546.9721785375	0.98992775479227
6546.9971858795	0.99243457925193
6547.0221933186	0.99295200470736
6547.0472008517	0.99192981700035
6547.0722084803	0.99168959312538
6547.0972162044	0.99015592269534
6547.122224024	0.98469498754964
6547.1472319392	0.97971804132553
6547.1722399498	0.97667527967829
6547.197248056	0.97295921081635
6547.2222562578	0.9677396737192
6547.247264555	0.96385929216446
6547.2722729478	0.96054078990981
6547.2972814361	0.96205414730775
6547.3222900199	0.96503454627155
6547.3472986992	0.96646486177061
6547.3723074741	0.96706624066455
6547.3973163445	0.97133483646976
6547.4223253104	0.97501992990362
6547.4473343719	0.97039786246111
6547.4723435288	0.96497230484406
6547.4973527829	0.96162209397196
6547.5223621309	0.95896267715848
6547.5473715744	0.95705131065292
6547.5723811135	0.95517569978476
6547.5973907481	0.95365171760056
6547.6224004783	0.95306388787905
6547.6474103039	0.95318817298224
6547.6724202251	0.9535789851709
6547.6974302419	0.95303900211514
6547.7224403541	0.9497922605736
6547.7474505619	0.94545858586263
6547.7724608652	0.94276738571628
6547.7974712641	0.94221019080317
6547.8224817585	0.94371357257473
6547.8474923484	0.94740822822441
6547.8725030339	0.95484568605599
6547.8975138148	0.96200346658192
6547.9225246914	0.96822676932037
6547.9475356634	0.97188028423048
6547.9725467325	0.97192366861882
6547.9975578956	0.96700742598495
6548.0225691543	0.95940813821651
6548.0475805084	0.95328130312143
6548.0725919582	0.94707593423626
6548.0976035034	0.94571736120877
6548.1226151442	0.9454288230122
6548.1476268806	0.95084138549116
6548.1726387124	0.95652756789148
6548.1976506398	0.966265809134
6548.2226626628	0.97508936171388
6548.2476747812	0.97887109010434
6548.2726869953	0.98317224752029
6548.2976993048	0.98860359852778
6548.3227117099	0.99258895211898
6548.3477242106	0.99409708923326
6548.3727368067	0.9994907462111
6548.3977494984	1.0091025385802
6548.4227622857	1.0118715532914
6548.4477751685	1.0108720735115
6548.4727881483	1.0106075373614
6548.4978012222	1.0114400251257
6548.5228143916	1.0134364707839
6548.5478276566	1.0153569832775
6548.5728410171	1.0132900927184
6548.5978544732	1.0117753041126
6548.6228680248	1.0111877771684
6548.6478816719	1.0107609102439
6548.6728954146	1.0111665627747
6548.6979092528	1.0104885800839
6548.7229231866	1.0087416539889
6548.7479372159	1.010070792578
6548.7729513408	1.0146361726919
6548.7979655612	1.0162867595228
6548.8229798771	1.0163504538001
6548.8479942886	1.0167929377428
6548.8730087957	1.0175780778564
6548.8980233983	1.0202315612492
6548.9230380964	1.0229413678318
6548.9480528916	1.0259081368392
6548.9730677808	1.0279162229319
6548.9980827656	1.0306565885527
6549.023097846	1.0315408995068
6549.0481130218	1.0320975339521
6549.0731282933	1.0307112191536
6549.0981436603	1.0282717593093
6549.1231591228	1.0252958113904
6549.1481746809	1.0228719087279
6549.1731903345	1.0178109420986
6549.1982060837	1.0119319203641
6549.2232219285	1.008208103483
6549.2482378688	1.0060140867933
6549.2732539046	1.0062628298368
6549.298270036	1.0067426379849
6549.323286263	1.0060679864462
6549.3483025855	1.0048975041426
6549.3733190036	1.0024087541575
6549.3983355172	1.0012252661883
6549.4233521279	1.0028380171776
6549.4483688326	1.0049841361366
6549.4733856329	1.0072044263524
6549.4984025287	1.0074035242131
6549.5234195201	1.0066272895005
6549.5484366071	1.0072182435761
6549.5734537896	1.0076925766457
6549.5984710677	1.0065975878836
6549.6234884413	1.0055869788109
6549.6485059105	1.0067853763298
6549.6735234752	1.0078595000438
6549.6985411355	1.0111073329944
6549.7235588914	1.0153106400047
6549.7485767428	1.017804957536
6549.7735946898	1.0213650435839
6549.7986127323	1.0247386962561
6549.8236308704	1.0275910689708
6549.8486491041	1.0294753703827
6549.8736674333	1.0273202082271
6549.8986858596	1.0205740175834
6549.92370438	1.0160931367881
6549.9487229959	1.0123335375778
6549.9737417074	1.0080014374206
6549.9987605144	1.0055107461498
6550.023779417	1.0021277713409
6550.0487984152	1.0001888033716
6550.0738175089	1.0006520399322
6550.0988366983	1.000213013166
6550.1238559831	0.99408929509672
6550.1488753635	0.987008964537
6550.1738948395	0.97962631980881
6550.1989144111	0.97416659972111
6550.2239340782	0.97020259824905
6550.2489538409	0.96710883538736
6550.2739736992	0.96516358420421
6550.298993653	0.96879937880817
6550.3240137024	0.97523917773597
6550.3490338474	0.98276951455241
6550.3740540879	0.99058313189457
6550.3990744256	0.99904566385204
6550.4240948572	1.0069447490275
6550.4491153845	1.0099431183464
6550.4741360073	1.0137296243766
6550.4991567257	1.0168321809088
6550.5241775397	1.0180372306533
6550.5491984492	1.0160237179883
6550.5742194543	1.0146222950562
6550.599240555	1.013400833431
6550.6242617512	1.0126001193358
6550.649283043	1.0131996779183
6550.6743044304	1.0113553486209
6550.6993259134	1.0077842399879
6550.7243474919	1.0047450570193
6550.7493691661	1.0020004666573
6550.7743909357	0.9993007985234
6550.799412801	0.99546039195334
6550.8244347619	0.98524617794921
6550.8494568183	0.97659158674303
6550.8744789718	0.97404745743399
6550.8995012194	0.97496745181866
6550.9245235625	0.98010369020119
6550.9495460012	0.98609189401588
6550.9745685355	0.99413334411823
6550.9995911654	1.0002352811929
6551.0246138909	1.0038855452107
6551.0496367119	1.0092673379831
6551.0746596285	1.0154283252426
6551.0996826407	1.0136614878313
6551.1247057485	1.0099544853195
6551.1497289519	1.0083723226673
6551.1747522508	1.0074083418097
6551.1997756453	1.0069030328915
6551.2247991354	1.0053447432296
6551.2498227211	1.0016100557861
6551.2748464024	0.99826927959852
6551.2998701792	0.99517632110871
6551.3248940516	0.9925332922669
6551.3499180212	0.98994326729887
6551.3749420848	0.98577640942368
6551.3999662439	0.98074018514708
6551.4249904987	0.97547537136794
6551.4500148491	0.97024131937764
6551.475039295	0.96609626271398
6551.5000638365	0.96198308506669
6551.5250884736	0.95205065112614
6551.5501132063	0.94204547557895
6551.5751380346	0.93183105427548
6551.6001629584	0.9221326253433
6551.6251879779	0.91196659580754
6551.6502130929	0.90328766977116
6551.6752383036	0.8968414542448
6551.7002636098	0.89798669741596
6551.7252890116	0.90660906926864
6551.750314509	0.92282567255612
6551.775340102	0.94248065692929
6551.8003657905	0.95930280147707
6551.8253915747	0.97681048365653
6551.850417456	0.98481590001125
6551.8754434313	0.99270200896503
6551.9004695022	0.99992789946735
6551.9254956688	1.0064109891094
6551.9505219309	1.0082695489984
6551.9755482886	1.0072175291242
6552.0005747419	1.0019679735934
6552.0256012908	0.99539979781351
6552.0506279353	0.98759983035493
6552.0756546754	0.98424814261487
6552.1006815111	0.98403479547674
6552.1257084423	0.98431179244213
6552.1507354692	0.98566818709976
6552.1757625917	0.9915461189507
6552.2007898097	0.9976424776638
6552.2258171234	1.0044382326179
6552.2508445326	1.0114587602845
6552.2758720375	1.0142879230903
6552.3008996379	1.015673390391
6552.3259273355	1.0120026999012
6552.3509551271	1.0101175223859
6552.3759830144	1.0107436889681
6552.4010109972	1.008694374439
6552.4260390756	1.0047113810041
6552.4510672497	1.002796506957
6552.4760955193	1.0023498254491
6552.5011238845	0.99979060958089
6552.5261523454	0.99638690727541
6552.5511809018	0.99037534348677
6552.5762095538	0.98479203937885
6552.6012383015	0.98086807324353
6552.6262671447	0.97739034079237
6552.6512960836	0.97732588043642
6552.676325118	0.97914957241102
6552.7013542481	0.98446773528258
6552.7263834737	0.98960050514255
6552.751412795	0.99523090697906
6552.7764422118	0.99993018015773
6552.8014717258	1.0038229955221
6552.8265013339	1.006862288063
6552.8515310375	1.0094189530563
6552.8765608368	1.0097741983143
6552.9015907317	1.0088357769888
6552.9266207222	1.0082242031949
6552.9516508083	1.0104982734356
6552.97668099	1.0213993292819
6553.0017112673	1.0308236360041
6553.0267416402	1.0336750006104
6553.0517721087	1.0337171779092
6553.0768026729	1.031094261637
6553.1018333326	1.0259450273162
6553.126864088	1.0202505221058
6553.1518949389	1.011747129816
6553.1769258855	1.0024957357834
6553.2019569277	0.99861764884752
6553.2269880655	0.99630369069615
6553.2520192989	0.99856289456252
6553.2770506279	1.0012262006562
6553.302082054	1.0066006154711
6553.3271135743	1.011911656549
6553.3521451901	1.0145696728994
6553.3771769016	1.0150848851119
6553.4022087087	1.0119618933277
6553.4272406114	1.0091615745828
6553.4522726097	1.0072960562248
6553.4773047036	1.006366036872
6553.5023368931	1.0054523716444
6553.5273691783	1.0050174448665
6553.552401559	1.0045918625301
6553.5774340354	1.0074137608995
6553.6024666074	1.0105941196805
6553.627499275	1.0121132363036
6553.6525320383	1.0128970852642
6553.6775648971	1.0127968091748
6553.7025978516	1.0131279051956
6553.7276309017	1.0121746573764
6553.7526640474	1.0126739060303
6553.7776972902	1.0142754524024
6553.8027306271	1.0169219041866
6553.8277640597	1.0185001453806
6553.8527975879	1.0209207703748
6553.8778312116	1.0211004424603
6553.9028649311	1.0163806815737
6553.9278987461	1.0093254056575
6553.9529326568	1.0035840490196
6553.977966663	0.99898059617927
6554.003000765	0.99608268639944
6554.0280349625	0.99204204471704
6554.0530692556	0.98125199953698
6554.0781036444	0.96847401563865
6554.1031381288	0.95167315570382
6554.1281727088	0.93209807241012
6554.1532073844	0.90942220602679
6554.1782421557	0.8914384529698
6554.2032770226	0.87446318568446
6554.2283119851	0.87203889698946
6554.2533470448	0.87274171611187
6554.2783821985	0.88859692539017
6554.3034174479	0.90578755562399
6554.328452793	0.92715131131898
6554.3534882336	0.94732583216002
6554.3785237699	0.96319668640457
6554.4035594018	0.97685708174994
6554.4285951293	0.98659829113604
6554.4536309525	0.99439330848154
6554.4786668713	1.0007105705245
6554.5037028857	1.0060553679516
6554.5287389957	1.0103199936589
6554.5537752014	1.0124058124019
6554.5788115027	1.0139585803398
6554.6038478996	1.0127629602263
6554.6288843922	1.0118705902195
6554.6539209804	1.0113413636545
6554.6789576642	1.0080784271326
6554.7039944437	0.99996518241371
6554.7290313203	0.99314895038154
6554.754068291	0.98819001051612
6554.7791053574	0.98518361047365
6554.8041425194	0.98345517499173
6554.829179777	0.98137009201809
6554.8542171303	0.97937533705284
6554.8792545792	0.98199079616205
6554.9042921237	0.98700571749119
6554.9293297639	0.98980123481367
6554.9543674997	0.99218918276237
6554.9794053312	0.99456616167281
6555.0044432582	0.99601238078652
6555.0294812809	0.99498918854208
6555.0545193993	0.9920776074979
6555.0795576133	0.98621179562828
6555.1045959229	0.98073985056932
6555.1296343282	0.97781372276556
6555.1546728291	0.97891861922964
6555.1797114256	0.98227831892209
6555.2047501178	0.98676822623495
6555.2297889071	0.99088700821512
6555.2548277906	0.99039560038697
6555.2798667697	0.98859464307581
6555.3049058445	0.98030647958085
6555.3299450149	0.96985645576793
6555.3549842809	0.95061216237548
6555.3800236425	0.93302536254247
6555.4050630999	0.91720222324947
6555.4301026528	0.90501733170116
6555.4551423014	0.89688878463163
6555.4801820457	0.89645565823387
6555.5052218855	0.90003376032082
6555.5302618211	0.91154851610156
6555.5553018523	0.92632463099027
6555.5803419791	0.94669114296686
6555.6053822015	0.96663346372399
6555.6304225196	0.9760103276489
6555.6554629334	0.98431156642662
6555.6805034428	0.98697135637329
6555.7055440494	0.98846275506584
6555.7305847501	0.98758178392008
6555.7556255464	0.98578877475172
6555.7806664384	0.98311384454671
6555.805707426	0.98049673271198
6555.8307485093	0.97789714163991
6555.8557896883	0.97629400276084
6555.8808309628	0.97408124941824
6555.9058723331	0.96295811953328
6555.930913799	0.95114771600077
6555.9559553605	0.93011597033492
6555.9809970177	0.90928178525694
6556.0060387705	0.88814453843075
6556.031080619	0.87178658710209
6556.0561225632	0.86363811947682
6556.081164603	0.86420702808532
6556.1062067384	0.87581834235072
6556.1312489695	0.89841110732245
6556.1562912963	0.92690023043124
6556.1813337202	0.95251770001237
6556.2063762382	0.97833719143124
6556.231418852	0.99372132114149
6556.2564615613	1.0068701248942
6556.2815043663	1.0113924505053
6556.306547267	1.0156845557582
6556.3315902634	1.0193480909074
6556.3566333554	1.0217171771277
6556.381676543	1.0204083048735
6556.4067198263	1.0205911218921
6556.4317632053	1.0226039209296
6556.4568066799	1.0224531876835
6556.4818502502	1.0213052642699
6556.5068939161	1.0206220789297
6556.5319376777	1.0193589001808
6556.556981535	1.015390109568
6556.5820254879	1.010467235832
6556.6070695365	0.99999521645774
6556.6321136807	0.98910913998381
6556.6571579206	0.976455562297
6556.6822022577	0.96502970615817
6556.7072466889	0.95531843984948
6556.7322912158	0.9451048220568
6556.7573358383	0.93421957225418
6556.7823805565	0.93133851554773
6556.8074253704	0.93260828632313
6556.8324702799	0.94377831448686
6556.8575152851	0.95747287404443
6556.882560386	0.97116074197595
6556.9076055825	0.98339647935835
6556.9326508747	0.9889933909537
6556.9576962625	0.99382509602808
6556.982741746	0.99833580969747
6557.0077873252	1.0024472405987
6557.0328330001	1.0053455988285
6557.0578787706	1.0066778965172
6557.0829246368	1.0075251684292
6557.1079705986	1.0082821446475
6557.1330166561	1.0087290865903
6557.1580628108	1.0092141641561
6557.1831090597	1.0095748585308
6557.2081554042	1.0060313953579
6557.2332018444	1.0028211567759
6557.2582483803	1.002201339425
6557.2832950118	1.0024814747464
6557.308341739	1.0052555459745
6557.3333885619	1.0068473219603
6557.3584354804	1.0068906997459
6557.3834824946	1.0069655787315
6557.4085296045	1.0063368676099
6557.4335768101	1.0078018104505
6557.4586241113	1.0101351407274
6557.4836715082	1.0129832316174
6557.5087190008	1.0164731146035
6557.533766589	1.0155831804379
6557.5588142729	1.0149912588485
6557.5838620525	1.0192409365965
6557.6089099278	1.0211077914889
6557.6339579003	1.019740103787
6557.6590059669	1.0171805215178
6557.6840541292	1.0138098960277
6557.7091023872	1.0108179211544
6557.7341507408	1.0081551228384
6557.7591991901	1.0039500054949
6557.7842477351	0.99925305013173
6557.8092963758	0.99399116941564
6557.8343451122	0.98986798886969
6557.8593939442	0.98948667291047
6557.8844428719	0.98918568219905
6557.9094918953	0.98991480249268
6557.9345410144	0.98723299180721
6557.9595902291	0.97964941777385
6557.9846395396	0.9716566480788
6558.0096889457	0.96340017946721
6558.0347384475	0.95537903714815
6558.059788045	0.94768224563727
6558.0848377381	0.94363540039261
6558.1098875285	0.9403742412957
6558.134937413	0.94243088741671
6558.1599873932	0.94515390448478
6558.1850374691	0.95061368481638
6558.2100876406	0.9566702915663
6558.2351379079	0.96433267445853
6558.2601882708	0.97219878005696
6558.2852387295	0.98150339887431
6558.3102892838	0.99184054057748
6558.3353399337	1.0023345681333
6558.3603906794	1.0091441290092
6558.3854415208	1.0129707269605
6558.4104924578	1.0140686091868
6558.4355434906	1.0131347498024
6558.460594619	1.0084935585652
6558.4856458431	1.0040237501065
6558.5106971629	1.0009334251768
6558.5357485784	1.0003299787262
6558.5608000896	1.0029191977964
6558.5858516964	1.0036812668678
6558.6109034005	1.0027305685102
6558.6359551987	1.0039051804822
6558.6610070927	1.0066813171262
6558.6860590823	1.0065592015966
6558.7111111676	1.0057246497301
6558.7361633486	1.0034698314757
6558.7612156253	1.0014400274347
6558.7862679977	0.99771732744179
6558.8113204658	0.99515019259674
6558.8363730295	0.99265631839891
6558.861425689	0.99038944556105
6558.8864784441	0.99027383911001
6558.911531295	0.99201469483613
6558.9365842415	0.99459084034761
6558.9616372838	0.99840661799572
6558.9866904217	1.00256931113
6559.0117436553	1.0064750622625
6559.0367969847	1.0110525396334
6559.0618504097	1.0132504018189
6559.0869039319	1.0146310422863
6559.1119575483	1.0129270853942
6559.1370112604	1.0124536176554
6559.1620650682	1.0140610583885
6559.1871189717	1.0153472588176
6559.2121729709	1.0169429543088
6559.2372270658	1.0151400995822
6559.2622812564	1.0110061930482
6559.2873355427	1.0103204155042
6559.3123899247	1.010555380856
6559.3374444024	1.0092368920313
6559.3624989758	1.0069030322556
6559.3875536449	0.99708382478814
6559.4126084097	0.98581890144107
6559.4376632702	0.96970795185165
6559.4627182264	0.95196641001201
6559.4877732783	0.93113146464835
6559.5128284259	0.91283470828199
6559.5378836692	0.89729684862981
6559.5629390097	0.89379170551381
6559.5879944444	0.89534196546337
6559.6130499749	0.90618195667574
6559.638105601	0.91954214915548
6559.6631613228	0.93278923310202
6559.6882171403	0.94603555368342
6559.7132730536	0.95684729218936
6559.7383290625	0.96702389391918
6559.7633851671	0.97453090189877
6559.7884413675	0.9818903438778
6559.8134976636	0.98930531524724
6559.8385540553	0.9961307507678
6559.8636105428	1.0022320193495
6559.888667126	1.0077103749204
6559.9137238049	1.0127448738798
6559.9387805795	1.0117353971628
6559.9638374498	1.0106898410499
6559.9888944158	1.0116642245735
6560.0139514775	1.0118587433189
6560.039008635	1.0090672749717
6560.0640658896	1.0051181444175
6560.0891232385	0.99941261142225
6560.114180683	0.99287348266344
6560.1392382233	0.98566953230812
6560.1642958593	0.97938640731769
6560.189353591	0.97262896966626
6560.2144114184	0.96954015773864
6560.2394693416	0.96737129121206
6560.2645273604	0.96742288190044
6560.289585475	0.96811083590165
6560.3146436852	0.97313883571892
6560.3397019912	0.97713128379413
6560.3647603929	0.97933233869164
6560.3898188903	0.97952475139339
6560.4148774835	0.97767039803447
6560.4399361723	0.97032779110955
6560.4649949569	0.95879707461209
6560.4900538371	0.94200044482558
6560.5151128131	0.92440511422525
6560.5401718864	0.91959979778597
6560.5652310538	0.91544642573508
6560.5902903169	0.91403315797397
6560.6153496758	0.9149860311013
6560.6404091304	0.92333576098366
6560.6654686807	0.93219556997368
6560.6905283267	0.94050364879893
6560.7155880685	0.94946671846906
6560.7406479059	0.95967672705728
6560.7657078391	0.97159692186649
6560.790767868	0.98371129289279
6560.8158279926	0.98917237378134
6560.840888213	0.99462053840131
6560.8659485291	1.001625122826
6560.8910089409	1.0062296080268
6560.9160694484	1.0051720552791
6560.9411300516	1.0043669598356
6560.9661907506	1.004618980991
6560.9912515453	1.0027092525363
6561.0163124372	0.99872523126053
6561.0413734233	0.99528112905229
6561.0664345052	0.99247262490846
6561.0914956828	0.9908055973479
6561.1165569561	0.98967667890827
6561.1416183251	0.98837166449179
6561.1666797899	0.98671564361891
6561.1917413504	0.98502671774731
6561.2168030066	0.98294922973997
6561.2418647585	0.97975510083838
6561.2669266062	0.97823779649269
6561.2919885496	0.97837373495707
6561.3170505887	0.98042752779742
6561.3421127236	0.9836262777846
6561.3671749542	0.98553406250992
6561.3922372805	0.98684214742978
6561.4172997025	0.98528591059577
6561.4423622203	0.9844117972638
6561.4674248338	0.98663642251156
6561.4924875431	0.98847485379346
6561.5175503495	0.9876866024223
6561.5426132503	0.98520445656167
6561.5676762467	0.9803718608128
6561.5927393389	0.97672746593227
6561.6178025268	0.97370329240188
6561.6428658104	0.97283770442464
6561.6679291898	0.97359663057538
6561.6929926649	0.96941347848922
6561.7180562357	0.96432860327476
6561.7431199023	0.95752356491186
6561.7681836646	0.94977231124971
6561.7932475226	0.94165168414726
6561.8183114764	0.93417064098745
6561.8433755259	0.92711915007307
6561.8684396712	0.92264765781945
6561.8935039122	0.92036903648339
6561.9185682489	0.91427683566245
6561.9436326813	0.90635330797454
6561.9686972095	0.89651845978905
6561.993761835	0.88634288341851
6562.0188265547	0.87593976703351
6562.0438913701	0.86530453724491
6562.0689562813	0.85413796517423
6562.0940212882	0.84234817909446
6562.1190863908	0.82948176926288
6562.1441515892	0.81645936396352
6562.1692168833	0.80290821371511
6562.1942822732	0.7869304874094
6562.2193477588	0.77020781034848
6562.2444133401	0.76058976712366
6562.2694790172	0.751999549841
6562.29454479	0.73970857158707
6562.3196106586	0.72767982477521
6562.3446766229	0.71736504443505
6562.369742683	0.70906131049884
6562.3948088388	0.7050321341132
6562.4198750903	0.69961056442557
6562.4449414376	0.69286471634659
6562.4700078822	0.68753191370715
6562.495074421	0.68338290555537
6562.5201410555	0.68015064214468
6562.5452077858	0.67691963979682
6562.5702746118	0.67299824809224
6562.5953415336	0.66988086536639
6562.6204085511	0.67153903077436
6562.6454756644	0.67148724958899
6562.6705428734	0.66777757141966
6562.6956101782	0.6653313957752
6562.7206775787	0.66420940598307
6562.7457450749	0.66324553199089
6562.770812667	0.66251429909339
6562.7958803547	0.66311086348497
6562.8209481382	0.66420219353853
6562.8460160175	0.66422415823883
6562.8710839925	0.66400904504393
6562.8961520633	0.66512889115573
6562.9212202298	0.66633233577653
6562.9462884936	0.66615587081503
6562.9713568516	0.66503553447923
6562.9964253054	0.66365451675256
6563.0214938549	0.66543758101752
6563.0465625002	0.66915415770504
6563.0716312413	0.67050364696165
6563.0967000781	0.67117804643838
6563.1217690106	0.67434036639204
6563.1468380389	0.67710109565824
6563.171907163	0.68018057950068
6563.1969763828	0.68426477696294
6563.2220456984	0.68969824988194
6563.2471151097	0.69392960045607
6563.2721846168	0.696781177511
6563.2972542196	0.70137036218013
6563.3223239182	0.70734786134895
6563.3473937126	0.71406748386015
6563.3724636027	0.72105452394069
6563.3975335886	0.7287239612071
6563.4226036702	0.73733794525122
6563.4476738492	0.74964982510154
6563.4727441223	0.76330174273405
6563.4978144912	0.7803503491204
6563.5228849559	0.79618014949643
6563.5479555164	0.81066593275267
6563.5730261726	0.82394515814565
6563.5980969245	0.83632016927273
6563.6231677722	0.84742624327059
6563.6482387157	0.85858500091034
6563.673309755	0.87130278306609
6563.69838089	0.88382712446337
6563.7234521208	0.89345172506771
6563.7485234473	0.90168929765602
6563.7735948696	0.90778538219631
6563.7986663877	0.91351900437268
6563.8237380015	0.91905535692114
6563.8488097112	0.92204136226053
6563.8738815165	0.92331969854485
6563.8989534177	0.92152738686452
6563.9240254161	0.91860290580442
6563.9490975087	0.91576623383826
6563.9741696972	0.91215252272721
6563.9992419814	0.90942442518905
6564.0243143614	0.90626795895619
6564.0493868371	0.90337216650593
6564.0744594086	0.90446667773889
6564.0995320759	0.90986734934007
6564.1246048389	0.91368421048435
6564.1496776978	0.91654064374398
6564.1747506523	0.9208651686512
6564.1998237027	0.92571310926921
6564.2248968488	0.93304850436984
6564.2499700907	0.94062692002432
6564.2750434284	0.94835794698558
6564.3001168619	0.95448572054433
6564.3251903911	0.95695006404692
6564.3502640161	0.96042281211119
6564.3753377368	0.96527778901582
6564.4004115549	0.96694115802366
6564.4254854672	0.96627832958044
6564.4505594753	0.96882785512267
6564.4756335791	0.97250900644295
6564.5007077788	0.9728962835551
6564.5257820742	0.97236361359521
6564.5508564654	0.97087590204747
6564.5759309523	0.97083669542343
6564.6010055351	0.97411692296002
6564.6260802136	0.97567097518167
6564.6511549879	0.97457287305203
6564.676229858	0.97220022939771
6564.7013048238	0.96943370754976
6564.7263798854	0.96860729979586
6564.7514550429	0.9683167953801
6564.776530296	0.96492301314693
6564.801605645	0.96151105624901
6564.8266810898	0.95783562416034
6564.8517566303	0.9549654419547
6564.8768322666	0.95453627365522
6564.9019080002	0.95519321058745
6564.926983828	0.95691290690279
6564.9520597517	0.95822512602208
6564.9771357711	0.95945805669677
6565.0022118863	0.95929200720789
6565.0272880973	0.95851000761857
6565.0523644041	0.95937892355116
6565.0774408067	0.95997857171572
6565.102517305	0.9580537511256
6565.1275938992	0.95802675384723
6565.1526705891	0.96102850578979
6565.1777473748	0.96340634285628
6565.2028242563	0.96598255045334
6565.2279012335	0.96607566740353
6565.2529783066	0.96450536948531
6565.2780554754	0.95906614381104
6565.3031327401	0.95317964663996
6565.3282101005	0.94581815287957
6565.3532875567	0.93912257675295
6565.3783651102	0.9348413007934
6565.403442758	0.93075758891423
6565.4285205016	0.92698811148857
6565.4535983409	0.92189185682387
6565.4786762761	0.91474915379036
6565.503754307	0.91142782717583
6565.5288324337	0.90921851288271
6565.5539106563	0.91188684254211
6565.5789889746	0.91665144829286
6565.6040673887	0.93027581289186
6565.6291458986	0.94299109329254
6565.6542245043	0.95076485765069
6565.6793032057	0.95813608148369
6565.704382003	0.96402333543056
6565.7294608961	0.96651053932674
6565.7545398849	0.96746304935583
6565.7796189696	0.96598930455417
6565.80469815	0.9638590451738
6565.8297774262	0.96046672346563
6565.8548567998	0.95806269974199
6565.8799362676	0.95984722683318
6565.9050158313	0.95853045381404
6565.9300954907	0.96152357720732
6565.9551752459	0.9652286575843
6565.9802550969	0.96833365399067
6566.0053350437	0.97117276702179
6566.0304150863	0.97334363767207
6566.0554952247	0.97525859871038
6566.0805754589	0.9779151263348
6566.1056557889	0.98082007321627
6566.1307362147	0.98191772002684
6566.1558167363	0.98333702570644
6566.1808973537	0.98686025167557
6566.2059780669	0.9908020178823
6566.2310588759	0.99337057715951
6566.2561397807	0.99547871763632
6566.2812207813	0.99508928220161
6566.3063018777	0.99341628836236
6566.3313830714	0.99317155740855
6566.3564643595	0.99393556917426
6566.3815457433	0.99120013811142
6566.4066272229	0.98651223038496
6566.4317087983	0.98543223238547
6566.4567904695	0.98663457605265
6566.4818722365	0.98890163419443
6566.5069540994	0.9915258176399
6566.532036058	0.99192855322353
6566.5571181124	0.99136311917106
6566.5822002627	0.99109955900607
6566.6072825087	0.99086874057594
6566.6323648506	0.98904166461586
6566.6574472882	0.98564558902569
6566.6825298217	0.98444209817651
6566.707612451	0.98586666603589
6566.7326951761	0.98821200292269
6566.7577779969	0.99081960068967
6566.7828609136	0.99198850399211
6566.8079439262	0.99206900835222
6566.833027036	0.99107388456821
6566.8581102401	0.98812732583093
6566.88319354	0.98569715112636
6566.9082769358	0.98491455836932
6566.9333604273	0.98409796033652
6566.9584440147	0.98245187248099
6566.9835276979	0.98081477411149
6567.0086114769	0.98081200203071
6567.0336953517	0.98245317186332
6567.0587793223	0.98594331338414
6567.0838633887	0.98806661664028
6567.108947551	0.98734617127104
6567.134031809	0.98805432242755
6567.1591161629	0.99384782054067
6567.1842006126	0.99870602253298
6567.2092851581	0.99579810017516
6567.2343697994	0.992148052042
6567.2594545365	0.99209328557482
6567.2845393695	0.99120165718566
6567.3096242997	0.98447898365569
6567.3347093243	0.97922889953955
6567.3597944447	0.97891956487565
6567.3848796609	0.97859730993376
6567.4099649729	0.98076090378637
6567.4350503808	0.98298641920339
6567.4601358844	0.98395608763159
6567.4852214839	0.98548989494913
6567.5103071792	0.98682989791591
6567.5353929703	0.98708976777565
6567.5604788573	0.98721054528955
6567.58556484	0.98790871483124
6567.6106509186	0.99170746665806
6567.635737093	0.99525947037322
6567.6608233632	0.9950034549027
6567.6859097293	0.99470835390575
6567.7109961912	0.9930668742374
6567.7360827488	0.99214693299655
6567.7611694024	0.99600666084406
6567.7862561532	1.0001082275578
6567.8113429984	1.0009658384118
6567.8364299393	1.0009267012256
6567.8615169761	0.9998597579079
6567.8866041088	0.99818467907697
6567.9116913372	0.99516343165129
6567.9367786615	0.99275365183026
6567.9618660816	0.99437595863058
6567.9869535975	0.99648357571981
6568.0120412093	0.99594647362009
6568.0371289169	0.99496097294262
6568.0622167203	0.99221569827612
6568.0873046195	0.98951026639982
6568.1123926146	0.99032760173061
6568.1374807055	0.99145232945835
6568.1625688922	0.99564456625066
6568.1876571748	1.0016750960218
6568.2127455532	0.99646642569721
6568.2378340274	0.98585709678225
6568.2629225974	0.98011150077585
6568.2880112648	0.97706376766622
6568.3131000265	0.98492863970293
6568.338188884	0.9990724862193
6568.3632778374	1.0000519986634
6568.3883668866	0.99215508532012
6568.4134560316	0.98857803214948
6568.4385452725	0.98873588430337
6568.4636346092	0.9915535830362
6568.4887240417	0.99618046049657
6568.51381357	0.99793224683639
6568.5389031942	0.99703766905699
6568.5639929143	0.99551984419865
6568.5890827301	0.99371093587114
6568.6141726418	0.99131757292623
6568.6392626494	0.98819261738317
6568.6643527527	0.98645865861542
6568.6894429519	0.98611875690108
6568.714533247	0.98584784377743
6568.7396236379	0.9858262885998
6568.7647141261	0.98358373127765
6568.7898047086	0.97837853323312
6568.814895387	0.97267641572531
6568.8399861613	0.96648213436842
6568.8650770313	0.96178962507569
6568.8901679972	0.9593552991305
6568.915259059	0.95627211421873
6568.9403502166	0.95141743007646
6568.96544147	0.94576050578323
6568.9905328193	0.93929647815136
6569.0156242644	0.9302534079583
6569.0407158053	0.91665674721938
6569.0658074421	0.9063784528856
6569.0908991748	0.90240501647448
6569.1159910032	0.88752682752133
6569.1410829275	0.84458095324215
6569.1661749477	0.80927380106486
6569.1912670637	0.79635426604383
6569.2163592756	0.78745932910388
6569.2414515848	0.79256168587171
6569.2665439883	0.80201204791063
6569.2916364877	0.82737224145771
6569.3167290829	0.85345866998709
6569.341821774	0.88391019637873
6569.3669145609	0.91295010172282
6569.3920074437	0.93380208429187
6569.4171004223	0.9541126968092
6569.4421934968	0.96805533692893
6569.4672866671	0.98235290438009
6569.4923799332	0.99582859642629
6569.5174732952	1.0085365315325
6569.5425667531	1.0108138759705
6569.5676603068	1.0124080293861
6569.5927539563	1.011401438196
6569.6178477017	1.009749145379
6569.642941543	1.0054636633231
6569.6680354801	1.001505945101
6569.6931295131	0.99746987960492
6569.7182236419	0.99287618309407
6569.743317868	0.98835436475056
6569.7684121885	0.98363262820834
6569.7935066049	0.97216589335201
6569.8186011171	0.96091700538802
6569.8436957252	0.95604286387183
6569.8687904291	0.95092731250639
6569.8938852289	0.95213050369021
6569.9189801245	0.95421288538246
6569.944075116	0.9599371040841
6569.9691702033	0.96551425932791
6569.9942653865	0.96421714896839
6570.0193606655	0.96228203847631
6570.0444560404	0.96620353106988
6570.0695515112	0.97098331030652
6570.0946470778	0.97131612989817
6570.1197427403	0.97020155435475
6570.1448384986	0.96700397589509
6570.1699343528	0.96362298059438
6570.1950303029	0.96513047572183
6570.2201263503	0.9671310382812
6570.245222492	0.96487633075904
6570.2703187297	0.96251350479983
6570.2954150631	0.95935845813041
6570.3205114925	0.95574975466953
6570.3456080177	0.95100244833633
6570.3707046387	0.94603392735823
6570.3958013557	0.94553832568333
6570.4208981685	0.94626565374301
6570.4459950771	0.94962021225596
6570.4710920816	0.95392817248912
6570.496189182	0.94879955016307
6570.5212863782	0.93979422375271
6570.5463836703	0.93533136213227
6570.5714810583	0.93297253948408
6570.5965785421	0.92822884329974
6570.6216761218	0.9226994533131
6570.6467737974	0.91688136062928
6570.6718715688	0.9105162356495
6570.6969694376	0.90486388434939
6570.7220674007	0.89907106511826
6570.7471654597	0.89267100308708
6570.7722636146	0.88593432419074
6570.7973618654	0.88800327643841
6570.822460212	0.89623892598624
6570.8475586545	0.90122681987915
6570.8726571928	0.90386920784317
6570.8977558271	0.90838177660231
6570.9228545572	0.91505222855483
6570.9479533831	0.92259371291256
6570.9730523049	0.93063037389442
6570.9981513226	0.93283131472174
6571.0232504362	0.92958959288867
6571.0483496457	0.92921259615222
6571.073448951	0.93103183260093
6571.0985483522	0.93171103667464
6571.1236478492	0.93179025744106
6571.1487474421	0.93153935138364
6571.1738471325	0.9311904591734
6571.1989469171	0.93285270671062
6571.2240467977	0.93693019687111
6571.2491467741	0.94136686078064
6571.2742468464	0.94677433750448
6571.2993470145	0.95289957541196
6571.3244472786	0.95918987046027
6571.3495476385	0.96390773287476
6571.3746480943	0.96438929926265
6571.399748646	0.96605471290894
6571.4248492935	0.97199746186388
6571.4499500369	0.97228451614539
6571.4750508762	0.96149578312856
6571.5001518114	0.95401441349255
6571.5252528424	0.95315868575101
6571.5503539694	0.95461572885763
6571.5754551922	0.96169990284643
6571.6005565109	0.96647719051787
6571.6256579254	0.96609612780838
6571.6507594359	0.96663079483563
6571.6758610437	0.96864731135122
6571.7009627459	0.96958498540716
6571.726064544	0.96518164130954
6571.751166438	0.96471253464725
6571.7762684278	0.97631354015319
6571.8013705136	0.98408158680589
6571.8264726952	0.97992509187601
6571.8515749727	0.9744079557314
6571.876677346	0.96690991144214
6571.9017798153	0.95996782868971
6571.9268823804	0.95682599193709
6571.9519850415	0.95327879496982
6571.9770877984	0.95045929349386
6572.0021906512	0.94831840082553
6572.0272935999	0.94803570316739
6572.0523966444	0.94812937302998
6572.0774997849	0.94879570641397
6572.1026030212	0.94993339091434
6572.1277063534	0.95266580133555
6572.1528097831	0.95452604537666
6572.177913307	0.94875590770849
6572.2030169269	0.9435403088183
6572.2281206427	0.94163089623676
6572.2532244544	0.94141405411386
6572.2783283619	0.94853995615474
6572.3034323654	0.95556895002104
6572.3285364647	0.95793154759653
6572.3536406599	0.9586489001683
6572.378744951	0.95067295343958
6572.403849338	0.94584161895495
6572.4289538209	0.96320801422961
6572.4540583997	0.9795441766464
6572.4791630743	0.98173156298799
6572.5042678449	0.98193034794849
6572.5293727114	0.96862495751484
6572.5544776737	0.95266374430856
6572.5795827319	0.93980919085167
6572.6046878861	0.92666621730257
6572.6297931376	0.9071618967304
6572.6548984835	0.8893870079513
6572.6800039253	0.85158798931243
6572.7051094631	0.81404190594998
6572.7302150967	0.78659584171858
6572.7553208262	0.76028093733996
6572.7804266516	0.75661911477264
6572.8055325729	0.75432953014053
6572.83063859	0.77227019292
6572.8557447031	0.79014776571227
6572.8808509121	0.81777617301389
6572.905957217	0.8467431882777
6572.9310636178	0.87529627136537
6572.9561701145	0.90234645593753
6572.981276707	0.92064924643731
6573.0063833955	0.93904945913086
6573.0314901799	0.94829232887354
6573.0565970602	0.95619963665917
6573.0817040363	0.96754801177143
6573.1068111084	0.98073096494268
6573.1319182779	0.98779517231807
6573.1570255418	0.99461908878158
6573.1821329016	0.99453467123994
6573.2072403572	0.99395276928518
6573.2323479088	0.98840857912766
6573.2574555563	0.98117186629342
6573.2825632997	0.99154683186002
6573.307671139	1.0037859003755
6573.3327790742	1.0053923624769
6573.3578871053	1.0030184901565
6573.3829952323	0.99688324705173
6573.4081034552	0.99062938062103
6573.433211774	0.98345862854751
6573.4583201888	0.9765564259658
6573.4834286994	0.97355928234782
6573.5085373059	0.97301383264188
6573.5336460084	0.97113635726562
6573.5587548067	0.96816585123541
6573.583863701	0.9681065649875
6573.6089726927	0.96825970950973
6573.6340817787	0.95948063343783
6573.6591909607	0.94870747006091
6573.6843002386	0.94507496450006
6573.7094096124	0.94354594415412
6573.7345190821	0.94363407119871
6573.7596286477	0.94416413568103
6573.7847383093	0.95147103806597
6573.8098480667	0.96085582956409
6573.8349579201	0.96165276803191
6573.8600678693	0.95978154682031
6573.8851779145	0.95545143102765
6573.9102880556	0.94849152244624
6573.9353982926	0.94630632186509
6573.9605086255	0.94649779450534
6573.9856190543	0.94022914837263
6574.0107295791	0.9316170628049
6574.0358401997	0.92026148715969
6574.0609509163	0.90850390099857
6574.0860617303	0.88637534250629
6574.1111726387	0.85982294026731
6574.136283643	0.82968375731207
6574.1613947433	0.79612738059236
6574.1865059394	0.77441532291166
6574.2116172315	0.75940180967698
6574.2367286195	0.75200393940289
6574.2618401034	0.74917106315719
6574.2869516832	0.76799989441648
6574.3120633589	0.80081285792807
6574.3371751306	0.82922222029383
6574.3622869981	0.85373198692606
6574.3873989616	0.87718822715505
6574.412511021	0.90126921041297
6574.4376231764	0.92188319395501
6574.4627354276	0.94033906065101
6574.4878477748	0.95461802506474
6574.5129602179	0.96519202586568
6574.5380727569	0.96498875884812
6574.5631853934	0.95563474947812
6574.5882981242	0.9558095796555
6574.613410951	0.96292064121554
6574.6385238737	0.95445286859672
6574.6636368924	0.93354562315938
6574.6887500069	0.9271947715183
6574.7138632174	0.93355436556501
6574.7389765238	0.93262171375627
6574.7640899261	0.92576886385825
6574.7892034244	0.91484474258663
6574.8143170186	0.90166814110213
6574.8394307087	0.88734963013197
6574.8645444947	0.87177900348582
6574.8896583767	0.84946668096335
6574.9147723545	0.82055698664441
6574.9398864283	0.7921865832717
6574.9650005981	0.76345698760728
6574.9901148638	0.74275043949706
6575.0152292253	0.73048412644219
6575.0403436829	0.73168753013568
6575.0654582378	0.74730134017094
6575.0905728872	0.77031975723554
6575.1156876325	0.80319016276041
6575.1408024738	0.83656935437749
6575.1659174109	0.86872876800069
6575.1910324441	0.89522896125899
6575.2161475731	0.91478736389168
6575.2412627981	0.93157295250622
6575.266378119	0.94395838981379
6575.2914935358	0.95328052635706
6575.3166090486	0.95758646846175
6575.3417246573	0.95837251933093
6575.3668403619	0.957293583603
6575.3919561625	0.95693598775366
6575.417072059	0.95762951004041
6575.4421880514	0.95766031701388
6575.4673041398	0.95740368146434
6575.4924203241	0.9586502299608
6575.5175366043	0.96181594559221
6575.542652982	0.96445748467509
6575.5677694541	0.96608342705272
6575.5928860222	0.96432694449066
6575.6180026862	0.95738694121516
6575.6431194461	0.95396723341124
6575.668236302	0.95592655639302
6575.6933532538	0.95683472677236
6575.7184703015	0.95482915486205
6575.7435874452	0.95045862970586
6575.7687046848	0.94426570258779
6575.7938220204	0.93630850527258
6575.8189394519	0.92518125146441
6575.8440569793	0.91692284243439
6575.8691746027	0.91247770194779
6575.894292322	0.91185074502466
6575.9194101373	0.91892493517808
6575.9445280485	0.92625104395287
6575.9696460556	0.93200480609299
6575.9947641587	0.93869972178741
6576.0198823593	0.94491359504875
6576.0450006542	0.94618735664742
6576.0701190452	0.93779852117321
6576.095237532	0.92968852846456
6576.1203561148	0.92525463258612
6576.1454747936	0.91995446708081
6576.1705935683	0.9161935022634
6576.195712439	0.91198436568664
6576.2208314055	0.90898825057134
6576.2459504681	0.90615859159526
6576.2710696266	0.90138483005809
6576.296188881	0.89952295252042
6576.3213082314	0.90188494046333
6576.3464276777	0.90443856507836
6576.37154722	0.9079418861809
6576.3966668582	0.90947031644242
6576.4217865924	0.90748694109517
6576.4469064225	0.9045969526602
6576.4720263486	0.89772972597823
6576.4971463706	0.89080876797674
6576.5222664901	0.88519750119774
6576.547386704	0.8808560622984
6576.5725070139	0.87865892552288
6576.5976274197	0.87903333339103
6576.6227479215	0.88623934929704
6576.6478685192	0.89400941586122
6576.6729892129	0.90242974492982
6576.6981100026	0.91114187990655
6576.7232308882	0.92235287270611
6576.7483518697	0.92814495680348
6576.7734729472	0.91663082143183
6576.7985941207	0.91026397945926
6576.8237153901	0.917021130006
6576.8488367554	0.92005676047984
6576.8739582168	0.91514732807939
6576.899079774	0.91209548237761
6576.9242014273	0.91242707690085
6576.9493231764	0.91405464429357
6576.9744450216	0.91979995204487
6576.9995669642	0.92380893089075
6577.0246890013	0.9266630271633
6577.0498111343	0.93038283073607
6577.0749333633	0.93109753521491
6577.1000556882	0.93076208606851
6577.1251781091	0.93199399035737
6577.150300626	0.9297374555095
6577.1754232388	0.91384754232602
6577.2005459475	0.90610150892429
6577.2256687523	0.92329985994634
6577.250791653	0.93644755786682
6577.2759146496	0.93883632544642
6577.3010377423	0.94093331152349
6577.3261609308	0.93883760234205
6577.3512842154	0.93631908210769
6577.3764075959	0.93266141389952
6577.4015310724	0.93018087565655
6577.4266546448	0.93407834139805
6577.4517783132	0.9353921824443
6577.4769020791	0.92828981573808
6577.5020259394	0.92392351981223
6577.5271498957	0.92742517020412
6577.552273948	0.9280197246539
6577.5773980962	0.91812101426806
6577.6025223404	0.91038317797467
6577.6276466805	0.91069225646082
6577.6527711167	0.91099453652624
6577.6778956488	0.9138494055009
6577.7030202768	0.91772694366308
6577.7281450008	0.92340675260938
6577.7532698208	0.92742170014856
6577.7783947368	0.92917645712507
6577.8035197487	0.93242098171239
6577.8286448566	0.93409533788721
6577.8537700605	0.93424712303709
6577.8788953604	0.9313348513009
6577.9040207562	0.9282032838379
6577.929146248	0.92570347471159
6577.9542718357	0.92434135885424
6577.979397521	0.9277328923108
6578.0045233007	0.93053456633701
6578.0296491763	0.92863770138005
6578.054775148	0.92693335838428
6578.0799012156	0.92681900113231
6578.1050273792	0.92551289715705
6578.1301536387	0.92261772867401
6578.1552799943	0.92109086947067
6578.1804064458	0.91806342935277
6578.2055329933	0.91588924704571
6578.2306596368	0.9214248609574
6578.2557863762	0.92473022656818
6578.2809132116	0.91950305907759
6578.306040143	0.91628654150372
6578.3311671704	0.92063947657966
6578.3562942937	0.9244981151155
6578.3814215131	0.92567399283811
6578.4065488284	0.92621964646456
6578.4316762396	0.92553534927117
6578.4568037484	0.9241853159024
6578.4819313517	0.92118793167368
6578.5070590509	0.92012209961395
6578.5321868461	0.9215265294099
6578.5573147373	0.92174708053816
6578.5824427244	0.92253092907914
6578.6075708076	0.92464086471366
6578.6326989867	0.92870807018053
6578.6578272618	0.93019989818085
6578.6829556329	0.92378152354132
6578.7080840999	0.91754089675658
6578.733212663	0.91065387864318
6578.758341322	0.90576221683265
6578.783470077	0.9081603969355
6578.808598928	0.90618822117358
6578.833727875	0.88877480034809
6578.858856918	0.87712951239664
6578.8839860569	0.88575405473995
6578.9091152919	0.89182005545493
6578.9342446243	0.89018460632619
6578.9593740512	0.89045462769365
6578.9845035741	0.89861352911361
6579.009633193	0.9048699719735
6579.0347629079	0.90375397242274
6579.0598927188	0.9042413038212
6579.0850226256	0.90922894481928
6579.1101526284	0.91334804856049
6579.1352827273	0.91486679197758
6579.1604129221	0.916408813863
6579.1855432129	0.91821373500195
6579.2106735997	0.91888245986749
6579.2358040824	0.9136676877843
6579.2609346612	0.90826348739861
6579.286065336	0.90317523890079
6579.3111961067	0.90086941507137
6579.3363269735	0.90756370518665
6579.3614579362	0.91508122782599
6579.3865889949	0.92562180187569
6579.4117201512	0.93060069360769
6579.4368514019	0.91714361646036
6579.4619827486	0.90652525941179
6579.4871141913	0.90425502071381
6579.51224573	0.90259489337289
6579.5373773647	0.90635792151034
6579.5625090954	0.90934593360999
6579.5876409221	0.90571556040016
6579.6127728447	0.90410310137385
6579.6379048634	0.91191969050434
6579.6630369781	0.92109905050553
6579.6881691887	0.93317672357069
6579.7133014954	0.93823118989859
6579.7384338981	0.92322596721044
6579.7635663967	0.9145398772831
6579.7886989914	0.92300988647827
6579.813831682	0.9267999854301
6579.8389644687	0.91766519866328
6579.8640973513	0.90970619907108
6579.88923033	0.90582531971684
6579.9143634062	0.9005418183336
6579.9394965768	0.892359378367
6579.9646298435	0.8889227214833
6579.9897632061	0.89671900342283
6580.0148966648	0.90192600276405
6580.0400302194	0.90046002598395
6580.0651638701	0.89411902383257
6580.0902976167	0.87462992308238
6580.1154314594	0.86219616030338
6580.1405653981	0.86661167560205
6580.1656994328	0.86808345817205
6580.1908335634	0.86388260888771
6580.2159677901	0.86526789879904
6580.2411021128	0.87974593053433
6580.2662365315	0.88468167525462
6580.2913710462	0.86639318787581
6580.3165056569	0.85865553486486
6580.3416403636	0.87610582666868
6580.3667751663	0.88997736753595
6580.3919100665	0.89561618556679
6580.4170450613	0.90168515620345
6580.442180152	0.90904734367741
6580.4673153387	0.91345915824937
6580.4924506215	0.91183719781222
6580.5175860003	0.91431516031202
6580.542721475	0.92243057109048
6580.5678570458	0.92668302308716
6580.5929927126	0.92574214821895
6580.6181284754	0.92407411139525
6580.6432643342	0.91991038512682
6580.668400289	0.91212822373161
6580.6935363398	0.89794706260947
6580.7186724867	0.88819480117594
6580.7438087295	0.8871336034023
6580.7689450684	0.88453878219792
6580.7940815033	0.87833668851748
6580.8192180342	0.87158744984148
6580.8443546611	0.86454790451489
6580.8694913855	0.85332584413603
6580.8946282045	0.83477322589047
6580.9197651194	0.82868442175704
6580.9449021304	0.84398217821655
6580.9700392374	0.85641631109156
6580.9951764404	0.86338127335385
6581.0203137394	0.861404712122
6581.0454511344	0.84534608872715
6581.0705886254	0.8282973127704
6581.0957262125	0.80864286652284
6581.1208638956	0.7909633970993
6581.1460016747	0.77660682361847
6581.1711395498	0.76575120429897
6581.1962775209	0.75947695318476
6581.2214155881	0.76156837461583
6581.2465537513	0.77596312356884
6581.2716920105	0.79632417335333
6581.2968303657	0.82580866212449
6581.3219688169	0.85473112256896
6581.3471073642	0.88330446282887
6581.372246009	0.90407027461374
6581.3973847483	0.91478926792858
6581.4225235836	0.90948221916164
6581.4476625149	0.88346039709589
6581.4728015423	0.87315683568343
6581.4979406657	0.88278260894524
6581.5230798851	0.88883108737793
6581.5482192005	0.88873211161493
6581.573358612	0.88660889415411
6581.5984981195	0.88381236624768
6581.623637723	0.88449526750313
6581.6487774225	0.88741870321674
6581.6739172181	0.89068065682786
6581.6990571096	0.89455855045528
6581.7241970973	0.8962417914988
6581.7493371809	0.89671428278753
6581.7744773606	0.90136613120207
6581.7996176363	0.91025139733568
6581.824758008	0.91279429882275
6581.8498984772	0.90881821772394
6581.875039041	0.90886765817783
6581.9001797008	0.91174128336442
6581.9253204567	0.91033812948155
6581.9504613085	0.90570013925084
6581.9756022564	0.9019282669853
6582.0007433003	0.89770052483473
6582.0258844403	0.89105358930622
6582.0510256763	0.88326752625385
6582.0761670083	0.87593033470274
6582.1013084364	0.86842585423233
6582.1264499604	0.86347382800446
6582.1515915806	0.86065187587555
6582.1767332967	0.85771055705229
6582.2018751089	0.85575157559866
6582.2270170171	0.85909270531322
6582.2521590214	0.86159607389663
6582.2773011216	0.88206182444593
6582.302443318	0.91491442485037
6582.3275856118	0.92348908154468
6582.3527280002	0.91913888463169
6582.3778704846	0.91222713863514
6582.4030130651	0.89998704510233
6582.4281557416	0.89075578381194
6582.4532985141	0.88729094783689
6582.4784413827	0.88532081812887
6582.5035843473	0.88153686600922
6582.528727408	0.87893071543083
6582.5538705647	0.87479443558221
6582.5790138174	0.87036446581724
6582.6041571661	0.86509085248542
6582.629300611	0.8631959578756
6582.6544441518	0.86353784529347
6582.6795877887	0.86460379557963
6582.7047315216	0.86689347925539
6582.7298753506	0.86917232455718
6582.7550192756	0.8692759475098
6582.7801632966	0.85515966441467
6582.8053074152	0.83415941631657
6582.8304516284	0.83126791688627
6582.8555959375	0.83524853904632
6582.8807403428	0.83651637920227
6582.905884844	0.83956179369548
6582.9310294413	0.84426880710987
6582.9561741347	0.8515611263026
6582.9813189241	0.87688881566218
6583.0064638095	0.90812449399419
6583.031608791	0.9120104698416
6583.0567538686	0.90786768190606
6583.0818990421	0.90196967307359
6583.1070443118	0.89159009242789
6583.1321896774	0.87977012865113
6583.1573351392	0.87342313597222
6583.1824806969	0.86370634181628
6583.2076263507	0.85216355055578
6583.2327721006	0.85291832531214
6583.2579179465	0.857086296311
6583.2830638885	0.85920190185118
6583.308209928	0.85764791359886
6583.3333560621	0.86048994587488
