6546.1710188591	0.7472212464026
6546.1960231409	0.72391552517467
6546.2210275183	0.7035740401839
6546.2460319912	0.71114979133675
6546.2710365596	0.72331636769616
6546.2960412235	0.75514147694568
6546.3210459829	0.79051368289071
6546.3460508378	0.83219720786913
6546.3710557882	0.87163802600443
6546.3960608356	0.90632775617575
6546.4210659771	0.9351708031988
6546.446071214	0.96119817051817
6546.4710765465	0.97839859308709
6546.4960819745	0.99054256117399
6546.521087498	1.0001134716069
6546.546093117	1.0103184109142
6546.5710988315	1.0160663124489
6546.5961046415	1.0198529038705
6546.6211105471	1.0224981052414
6546.6461165481	1.0261141626201
6546.6711226447	1.0279237500702
6546.6961288368	1.0270839218196
6546.7211351244	1.023880314878
6546.7461415076	1.0211783097046
6546.7711479862	1.017635298482
6546.7961545604	1.0115067376934
6546.82116123	1.0070323527678
6546.8461679952	0.99945484347165
6546.8711748559	0.98802010657007
6546.8961818137	0.98209666130583
6546.9211888654	0.98289925085807
6546.9461960127	0.98714433339909
6546.9712032555	0.99019824518067
6546.9962105938	0.99373114981535
6547.0212180276	0.99757355304503
6547.0462255569	0.99751830688008
6547.0712331818	0.99391116396967
6547.0962409022	0.98968903435607
6547.1212487181	0.9847558088383
6547.1462566295	0.9736410465935
6547.1712646365	0.96478549266394
6547.196272739	0.96047172361788
6547.221280937	0.95818011163512
6547.2462892305	0.95734263258854
6547.2712976195	0.95807774470507
6547.2963061041	0.96060166284493
6547.3213146842	0.96543446075684
6547.3463233598	0.97126329421545
6547.3713321325	0.97198158854531
6547.3963409991	0.97192482138214
6547.4213499613	0.97486222215061
6547.4463590191	0.97813178454622
6547.4713681723	0.97385043491454
6547.4963774211	0.9675656239847
6547.5213867654	0.95856413523613
6547.5463962052	0.95204548751031
6547.5714057406	0.9514978937612
6547.5964153715	0.95267766873936
6547.6214250979	0.95504267113436
6547.6464349198	0.95802525672407
6547.6714448373	0.96120791199272
6547.6964548503	0.95835536852034
6547.7214649588	0.95393553369172
6547.7464751629	0.95421164149323
6547.7714854625	0.95341631091687
6547.7964958576	0.9521484828052
6547.8215063483	0.95205251984982
6547.846516936	0.95198271228208
6547.8715276177	0.95338932712733
6547.896538395	0.957053957555
6547.9215492677	0.9620873210327
6547.9465602361	0.96494830848022
6547.9715712999	0.96407613478168
6547.9965824593	0.9583977509425
6548.0215937142	0.94848165124985
6548.0466050647	0.93609627354753
6548.0716165107	0.92754715048942
6548.0966280522	0.92007245787228
6548.1216396893	0.91913625640848
6548.1466514219	0.9203206272107
6548.17166325	0.93373212567718
6548.1966751737	0.94803937032944
6548.2216871929	0.9577144539946
6548.2466993077	0.96738258279768
6548.271711518	0.97724054926628
6548.2967238238	0.9855749698185
6548.3217362252	0.9907071233884
6548.3467487236	0.99780807237541
6548.3717613161	1.0029613786487
6548.396774004	1.0082391408275
6548.4217867876	1.0122040320569
6548.4467996666	1.0138752919264
6548.4718126413	1.0135777151875
6548.4968257114	1.0126568933304
6548.5218388771	1.0134591824446
6548.5468521383	1.0159640342258
6548.5718654951	1.0168804637095
6548.5968789474	1.0153553074252
6548.6218924953	1.0159152484604
6548.6469061387	1.018189407192
6548.6719198777	1.0181357531853
6548.6969337122	1.0147049278278
6548.7219476422	1.0110845820244
6548.7469616678	1.0077449888698
6548.7719757889	1.0073417252519
6548.7969900056	1.0094030400817
6548.8220043194	1.0129219219594
6548.8470187271	1.0171566351419
6548.8720332305	1.0203409394244
6548.8970478293	1.0214496321389
6548.9220625237	1.0227648591648
6548.9470773137	1.0245071526321
6548.9720921992	1.0281762441356
6548.9971071803	1.0313068907173
6549.0221222569	1.035046817011
6549.0471374291	1.0391274740714
6549.0721526968	1.0410078574167
6549.09716806	1.0408763080695
6549.1221835188	1.0361194428152
6549.1471990732	1.0301885406634
6549.1722147231	1.0259672259196
6549.1972304686	1.0223539859623
6549.2222463096	1.0181491476446
6549.2472622462	1.0139982447861
6549.2722782783	1.0133780720684
6549.2972944075	1.0119251832823
6549.3223106307	1.0091920665647
6549.3473269495	1.0045689546008
6549.3723433638	1.0013086722058
6549.3973598737	1.0037772741014
6549.4223764792	1.0049013001021
6549.4473931802	1.0042017295167
6549.4724099767	1.0028111570067
6549.4974268688	1.0007782724881
6549.5224438565	1.0020082815974
6549.5474609397	1.0057567737906
6549.5724781185	1.0088283105343
6549.5974953929	1.0105959464619
6549.6225127628	1.008858543885
6549.6475302282	1.0066896987016
6549.6725477893	1.0069415310064
6549.6975654458	1.0072248217851
6549.722583198	1.0122422441289
6549.7476010457	1.018693855152
6549.7726189889	1.0230210464103
6549.7976370293	1.0287237975085
6549.8226551636	1.032244859702
6549.8476733936	1.0325655156779
6549.8726917191	1.0310804609033
6549.8977101401	1.0278476453055
6549.9227286568	1.0266267207721
6549.947747269	1.0211223427177
6549.9727659767	1.0147748762136
6549.99778478	1.0083123904356
6550.0228036789	1.0034139468384
6550.0478226734	1.0014093870321
6550.0728417634	0.9999054695139
6550.0978609489	0.99825313559667
6550.1228802301	0.99569103300654
6550.1478996068	0.98645935586161
6550.172919079	0.97813836123877
6550.1979386469	0.97296875230431
6550.2229583103	0.96935731136889
6550.2479780693	0.96783972805289
6550.2729979253	0.97026641935418
6550.2980178754	0.97691051040098
6550.3230379211	0.98214051626948
6550.3480580623	0.98613172172413
6550.3730782991	0.99444955218898
6550.3980986315	1.003725848856
6550.4231190595	1.0072519943573
6550.448139583	1.0097674239001
6550.4731602021	1.0118150471854
6550.4981809167	1.0139644739622
6550.523201727	1.0137297160555
6550.5482226328	1.0137191528765
6550.5732436342	1.0159720010506
6550.5982647311	1.017234043971
6550.6232859236	1.015105866302
6550.6483072117	1.0119645635012
6550.6733285954	1.011158346944
6550.6983500746	1.0099998394003
6550.7233716494	1.0060696945403
6550.7483933213	1.0008766311365
6550.7734150873	0.99590547023736
6550.7984369488	0.98956658972616
6550.823458906	0.98173959065383
6550.8484809587	0.97409506940784
6550.8735031069	0.96785214424808
6550.8985253508	0.96735585724433
6550.9235476902	0.97218440005354
6550.9485701252	0.98269985398045
6550.9735926558	0.99017443010117
6550.9986152819	0.99640022448609
6551.0236380036	1.0047699449045
6551.048660821	1.01162735615
6551.0736837338	1.0122346847122
6551.0987067423	1.010303073159
6551.1237298464	1.0128362801601
6551.148753046	1.016419192942
6551.1737763412	1.0136642359306
6551.198799732	1.0108430517176
6551.2238232199	1.007725624741
6551.2488468018	1.0055257817484
6551.2738704794	1.0045412693028
6551.2988942525	1.0006413244955
6551.3239181212	0.99240745633461
6551.3489420855	0.98564967513524
6551.3739661453	0.98076055076883
6551.3989903008	0.97651942326678
6551.4240145518	0.97345541567912
6551.4490388985	0.96946312956522
6551.4740633407	0.96424030270296
6551.4990878785	0.95813557291787
6551.5241125118	0.95177584664727
6551.5491372408	0.94010583035922
6551.5741620653	0.92933234713305
6551.5991869855	0.91848101477903
6551.6242120012	0.90907335604821
6551.6492371125	0.90347208535987
6551.6742623194	0.90070905596802
6551.6992876219	0.90449944188375
6551.7243130215	0.91745274462669
6551.7493385152	0.93744952877131
6551.7743641044	0.95475414304253
6551.7993897893	0.97088873693223
6551.8244155697	0.98044881128039
6551.8494414457	0.98871592983313
6551.8744674173	0.99091684520011
6551.8994934845	0.9940744787502
6551.9245196473	1.0002627087002
6551.9495459057	1.0059009698484
6551.9745722597	1.0065345203111
6551.9995987093	1.003230086973
6552.0246252545	0.99455581339335
6552.0496518952	0.98296543078737
6552.0746786316	0.96803133027594
6552.0997054635	0.95800309175209
6552.1247323911	0.95086944887849
6552.1497594142	0.95482833845421
6552.174786533	0.96418174390713
6552.1998137488	0.97282376584663
6552.2248410587	0.98174780160509
6552.2498684642	0.99025822001311
6552.2748959654	0.99853870060297
6552.2999235621	0.9971654151734
6552.3249512544	0.99645089922686
6552.3499790423	0.99840942456621
6552.3750069258	1.0017153631492
6552.4000349049	1.0060746836007
6552.4250629796	1.0065200065307
6552.4500911499	1.0018128814511
6552.4751194158	0.99746268918785
6552.5001477774	0.99408738644503
6552.5251762345	0.98830918993313
6552.5502047872	0.98191978088181
6552.5752334355	0.97955760743441
6552.6002621794	0.97799039829691
6552.6252910189	0.97808183707966
6552.650319954	0.97752600434974
6552.6753489862	0.97983420511067
6552.7003781126	0.98372762271441
6552.7254073345	0.98843901072153
6552.750436652	0.99240064357073
6552.7754660651	0.99523848008197
6552.8004955739	0.99745995950246
6552.8255251782	0.99945727355972
6552.8505548782	1.0036087524861
6552.8755846737	1.0084472730942
6552.9006145649	1.010281712085
6552.9256445516	1.0100832921822
6552.950674634	1.0135594159525
6552.975704812	1.0205302650784
6553.0007350856	1.0284503596626
6553.0257654547	1.0352444821366
6553.0507959195	1.0382541501355
6553.0758264799	1.0399571781009
6553.100857136	1.035250609176
6553.1258878876	1.025689778516
6553.1509187348	1.0149109401495
6553.1759496792	1.005562131715
6553.2009807176	0.99897117246634
6553.2260118517	0.99485974163589
6553.2510430814	0.99168747924425
6553.2760744066	0.98990448269917
6553.3011058276	0.99026722503392
6553.3261373441	0.99501032010703
6553.3511689562	1.0001912864547
6553.3762006639	1.0042673025247
6553.4012324673	1.0074621495468
6553.4262643662	1.0075933556498
6553.4512963608	1.0059664057609
6553.476328451	1.0045895096169
6553.5013606368	1.0063850485256
6553.5263929182	1.0080759288245
6553.5514252953	1.0104661725175
6553.5764577679	1.0140547745685
6553.6014903362	1.0155807862216
6553.6265230001	1.0169521742999
6553.6515557611	1.0129766928199
6553.6765886162	1.0099082281122
6553.7016215669	1.0088188544752
6553.7266546133	1.0069013136397
6553.7516877552	1.006700660579
6553.7767209928	1.0083554620005
6553.801754326	1.0107526058513
6553.8267877549	1.0132250241559
6553.8518212793	1.01790488013
6553.8768548994	1.0227752086398
6553.9018886151	1.0247082494314
6553.9269224264	1.0217491590938
6553.9519563333	1.0183712175265
6553.9769903359	1.0110181029587
6554.002024434	1.0038187139752
6554.0270586278	0.99176502174942
6554.0520929173	0.97727992038362
6554.0771273023	0.9571310300481
6554.102161783	0.93602282049623
6554.1271963608	0.91281118974709
6554.1522310327	0.89333494199481
6554.1772658002	0.87692181788546
6554.2023006634	0.87318869852621
6554.2273356222	0.87294295746824
6554.2523706766	0.88381520197492
6554.2774058266	0.89712585424525
6554.3024410723	0.91646462942539
6554.3274764136	0.93583659384601
6554.3525118505	0.95502640814474
6554.377547383	0.9722318593402
6554.4025830112	0.98273896364488
6554.427618735	0.99280213360119
6554.4526545544	1.0018055379074
6554.4776904695	1.0055182583904
6554.5027264802	1.0064709127106
6554.5277625865	1.0083372377369
6554.5527987884	1.0099003881327
6554.577835086	1.0087102536287
6554.6028714807	1.0068046244137
6554.6279079696	1.0089697543575
6554.652944554	1.0116367226213
6554.6779812341	1.0058553935939
6554.7030180099	0.99689824537809
6554.7280548813	0.98854467503539
6554.7530918483	0.98275675911963
6554.7781289109	0.98052493423715
6554.8031660692	0.98063494646216
6554.8282033231	0.9818824098632
6554.8532406726	0.98272776683307
6554.8782781178	0.98496677676656
6554.9033156586	0.98841338225084
6554.928353295	0.99312129890832
6554.9533910271	0.99617365660058
6554.9784288548	0.99722151948958
6555.0034667781	0.99703461782262
6555.0285047971	0.99723951794752
6555.0535429117	0.99522229331808
6555.078581122	0.99197062636027
6555.1036194294	0.9849409799707
6555.128657831	0.9798012553245
6555.1536963281	0.97983411680182
6555.1787349209	0.98666929742183
6555.2037736094	0.99544038766604
6555.2288123935	0.99539928927101
6555.2538512732	0.99378639042132
6555.2788902486	0.98840564000096
6555.3039293196	0.98091341633312
6555.3289684863	0.96439198715304
6555.3540077486	0.94720350247977
6555.3790471065	0.92487016402415
6555.4040865601	0.90635555161167
6555.4291261093	0.89471975718507
6555.4541657542	0.89013190302698
6555.4792054947	0.89294695230114
6555.5042453309	0.90409646075646
6555.5292852627	0.91875622866875
6555.5543252901	0.93631324204963
6555.5793654147	0.9564805035123
6555.6044056334	0.97243126208725
6555.6294459478	0.98537028822929
6555.6544863578	0.9896959307602
6555.6795268635	0.99331573804254
6555.7045674648	0.99289541415039
6555.7296081618	0.99079555645274
6555.7546489544	0.9848738913767
6555.7796898427	0.98124597787262
6555.8047308266	0.98029848124299
6555.8297719061	0.98022001267289
6555.8548130813	0.98109946168093
6555.8798543522	0.9732524630901
6555.9048957187	0.95899308014281
6555.9299371809	0.94094820145005
6555.9549787387	0.92456063557831
6555.9800203921	0.90332577089161
6556.0050621412	0.88205989215324
6556.030103986	0.86718147891576
6556.0551459279	0.86085103832896
6556.080187964	0.86964951367133
6556.1052300957	0.88553547205705
6556.1302723231	0.9109856079447
6556.1553146461	0.93774932699167
6556.1803570648	0.96234601944168
6556.2053995791	0.98496107777676
6556.2304421891	1.0061425302311
6556.2554848947	1.0156843484297
6556.280527696	1.022174138742
6556.305570593	1.0234726487595
6556.3306135856	1.0241535188521
6556.3556566738	1.0231339553441
6556.3806998577	1.0238921429826
6556.4057431373	1.0275001010832
6556.4307865126	1.0274035113453
6556.4558299834	1.0228938078666
6556.48087355	1.0195284608246
6556.5059172122	1.0182122214527
6556.5309609701	1.0154609507338
6556.5560048251	1.0098196751582
6556.5810487743	1.0014596029973
6556.6060928191	0.99300787257284
6556.6311369596	0.97828642706864
6556.6561811958	0.96273602523136
6556.6812255276	0.9454844750086
6556.7062699551	0.93195123087871
6556.7313144783	0.92467182904796
6556.7563590971	0.92512347493773
6556.7814038116	0.93092511469571
6556.8064486217	0.93860323774811
6556.8314935275	0.94812359635305
6556.856538529	0.96113167147138
6556.8815836261	0.97526755919221
6556.9066288189	0.98919013267688
6556.9316741073	0.99971395069988
6556.9567194915	1.0019146472994
6556.9817649712	1.0042930667738
6557.0068105467	1.0057652494732
6557.0318562193	1.0068362967593
6557.0569019861	1.0074258546581
6557.0819478486	1.0075563458743
6557.1069938067	1.0065546049741
6557.1320398605	1.0068357938291
6557.1570860099	1.0085727429902
6557.182132255	1.0134222630402
6557.2071785958	1.0172084780639
6557.2322250323	1.0125607402413
6557.2572715644	1.0090484355431
6557.2823181922	1.0093688049416
6557.3073649157	1.0078878931312
6557.3324117348	1.0030223372036
6557.3574586497	1.0000361769451
6557.3825056601	1.0010063999762
6557.4075527663	1.0056798485734
6557.4325999681	1.0101363903352
6557.4576472656	1.0147218493739
6557.4826946588	1.0188845652616
6557.5077421491	1.0170529305223
6557.5327897337	1.0152230090125
6557.5578374138	1.0190817155862
6557.5828851897	1.0215624412504
6557.6079330613	1.0191669762712
6557.6329810285	1.0145036617103
6557.6580290914	1.0093415282469
6557.6830772499	1.0068381215769
6557.7081255042	1.0075844424738
6557.7331738541	1.0051069997068
6557.7582222997	1.0019218146527
6557.7832708409	0.99791092089902
6557.8083194779	0.99387186142784
6557.8333682105	0.99145811423138
6557.8584170388	0.99117849922763
6557.8834659628	0.99009113295445
6557.9085149825	0.98834921143102
6557.9335640978	0.98414400673254
6557.9586133088	0.9775475900109
6557.9836626155	0.96786123919356
6558.0087120194	0.96091826174106
6558.0337615175	0.95459687542
6558.0588111112	0.94891733399205
6558.0838608007	0.94404543545302
6558.1089105858	0.94283108998277
6558.1339604666	0.94198267196764
6558.159010443	0.94418921183187
6558.1840605152	0.94878802274902
6558.209110683	0.96190247822981
6558.2341609465	0.97300298076158
6558.2592113057	0.98090401311687
6558.2842617606	0.9902570771667
6558.3093123112	1.0012703096584
6558.3343629575	1.0083097887132
6558.3594136994	1.015197049034
6558.384464537	1.0190644071021
6558.4095154704	1.0186643174891
6558.4345664994	1.0175275364714
6558.459617624	1.0124808209084
6558.4846688459	1.0093570558674
6558.509720162	1.0068128128352
6558.5347715738	1.0071256462697
6558.5598230812	1.0090183892244
6558.5848746843	1.0108322674422
6558.6099263832	1.010700779153
6558.6349781777	1.0095007368277
6558.6600300679	1.0088449199029
6558.6850820537	1.011022347795
6558.7101341353	1.0091014609605
6558.7351863126	1.0039952143331
6558.7602385856	0.99744380956279
6558.7852909542	0.99205570262272
6558.8103434186	0.99093800571411
6558.8353959786	0.99050173404726
6558.8604486343	0.98834143424646
6558.8855013857	0.98688537799898
6558.9105542329	0.99121689344241
6558.9356071757	0.99651956359079
6558.9606602157	1.0004649494857
6558.9857133499	1.0037305033504
6559.0107665798	1.0064263024959
6559.0358199054	1.0060188856826
6559.0608733267	1.0064252390868
6559.0859268436	1.0111565063817
6559.1109804563	1.0145624397787
6559.1360341647	1.0158695270882
6559.1610879688	1.0177428862586
6559.1861418685	1.0179690122267
6559.211195864	1.0173823558712
6559.2362499552	1.0158410635892
6559.261304142	1.0153366296921
6559.2863584246	1.017175041277
6559.3114128029	1.0147610713002
6559.3364672768	1.0102515639003
6559.3615218465	1.0022405060687
6559.3865765119	0.99397403933291
6559.4116312729	0.97754115440929
6559.4366861312	0.95997133573331
6559.4617410837	0.94216584484244
6559.4867961318	0.9244491976852
6559.5118512757	0.90609437756633
6559.5369065153	0.89412991832819
6559.5619618506	0.89024663076866
6559.5870172815	0.89672613973598
6559.6120728082	0.90636340465469
6559.6371284306	0.92034779564705
6559.6621841487	0.93670156290637
6559.6872399625	0.95107093938617
6559.712295872	0.96385883489144
6559.7373518772	0.96910684176592
6559.7624079781	0.97392558799206
6559.7874641747	0.98097494137825
6559.8125204671	0.99063088247693
6559.8375768551	1.0005961655856
6559.8626333389	1.0056661035349
6559.8876899183	1.0087287423996
6559.9127465935	1.010991287574
6559.9378033658	1.0106963202933
6559.9628602324	1.0064080613284
6559.9879171947	1.0035856271686
6560.0129742527	1.0035523309831
6560.0380314064	1.0022539947057
6560.0630886558	1.0005299814615
6560.0881460009	0.99669730021344
6560.1132034418	0.98983851536257
6560.1382609783	0.98287558642296
6560.1633186106	0.97629456621984
6560.1883763385	0.97221052031185
6560.2134341622	0.96757323030412
6560.2384920816	0.96657523329017
6560.2635500967	0.96654436758742
6560.2886082076	0.96909466287442
6560.3136664141	0.97129915165765
6560.3387247163	0.97373074690908
6560.3637831143	0.97584601464127
6560.388841608	0.97545896000654
6560.4139001989	0.9708915463134
6560.438958884	0.96364477453521
6560.4640176648	0.95315455978524
6560.4890765414	0.93957588691689
6560.5141355136	0.92534344678116
6560.5391945816	0.91241103155847
6560.5642537453	0.90927785439786
6560.5893130047	0.90582049578887
6560.6143723599	0.91072096993646
6560.6394318107	0.91859121766172
6560.6644913573	0.92990379259303
6560.6895509996	0.94138943368416
6560.7146107376	0.95235311040669
6560.7396705713	0.96217953230912
6560.7647305008	0.97544245915982
6560.789790526	0.98406074197212
6560.8148506468	0.98852648322117
6560.8399108635	0.99246100882373
6560.8649711758	0.99863056032073
6560.8900315854	1.0019860998347
6560.9150920892	1.0046037271453
6560.9401526887	1.0074163780862
6560.9652133839	1.0060255069988
6560.9902741748	1.0029691849879
6561.0153350615	0.9993315676203
6561.0403960439	0.99544521692077
6561.065457122	0.99317479143338
6561.0905182959	0.99127589607303
6561.1155795655	0.99012780840286
6561.1406409308	0.98862731488923
6561.1657023918	0.98431639416285
6561.1907639486	0.9816127838021
6561.2158256011	0.98281011064111
6561.2408873493	0.98145335454952
6561.2659491932	0.97824925258349
6561.2910111329	0.97750530638302
6561.3160731683	0.976710764576
6561.3411352994	0.97792039972478
6561.3661975262	0.98176121049095
6561.3912598503	0.98361027112295
6561.4163222687	0.98424386760504
6561.4413847827	0.98335941868676
6561.4664473925	0.98365788008485
6561.491510098	0.98569545118536
6561.5165728992	0.98688325779238
6561.5416357962	0.98888837353239
6561.5666987889	0.98743539964707
6561.5917618773	0.98233142883117
6561.6168250615	0.97721854520798
6561.6418883414	0.97237093446258
6561.666951717	0.96552791997249
6561.6920151884	0.95967639864797
6561.7170787555	0.95738674643444
6561.7421424183	0.95459207538001
6561.7672061769	0.95001340404733
6561.7922700312	0.94276826313922
6561.8173339813	0.93529383399208
6561.842398027	0.92656445685379
6561.8674621701	0.91816484500963
6561.8925264073	0.91119746550959
6561.9175907403	0.90480243250513
6561.9426551691	0.89722235731535
6561.9677196935	0.88784110419291
6561.9927843137	0.87787569008071
6562.0178490297	0.86759043734484
6562.0429138414	0.85413614934918
6562.0679787488	0.8425074161072
6562.093043752	0.8305620342011
6562.1181088509	0.81754324334458
6562.1431740455	0.80310894097189
6562.1682393359	0.78750140779737
6562.193304722	0.77164265941842
6562.2183702039	0.75835318171703
6562.2434357815	0.74646412969727
6562.2685014549	0.73521833575364
6562.2935672239	0.72392509605405
6562.3186330888	0.71520164768399
6562.3436990509	0.70658109260139
6562.3687651072	0.69792128691506
6562.3938312593	0.6906853210624
6562.4188975071	0.68419168447558
6562.4439638507	0.67719782380566
6562.46903029	0.67262160013926
6562.494096825	0.66961692720139
6562.5191634558	0.66739536413012
6562.5442301824	0.66468955969821
6562.5692970047	0.66066022157148
6562.5943639227	0.65857826353515
6562.6194309365	0.6573163495489
6562.644498046	0.65659614766239
6562.6695652513	0.65582258027637
6562.6946325523	0.65504950778306
6562.7196999491	0.65369512901324
6562.7447674416	0.65307592693629
6562.7698350299	0.65518294887609
6562.794902714	0.65682913085586
6562.8199704953	0.65646144037807
6562.8450383708	0.65683265753621
6562.8701063421	0.65616341897697
6562.8951744091	0.65465996312537
6562.9202425719	0.65398020494896
6562.9453108304	0.65448783226314
6562.9703791847	0.65640318795613
6562.9954476348	0.65739272472656
6563.0205161806	0.65895391559594
6563.0455848221	0.66049440196359
6563.0706535594	0.66231871275981
6563.0957223925	0.66763682138221
6563.1207913213	0.67261583720272
6563.1458603459	0.67594126026178
6563.1709294662	0.67945279828555
6563.1959986823	0.68345728618078
6563.2210679941	0.68878780991789
6563.2461374017	0.6946020041421
6563.2712069051	0.69915438193259
6563.2962765042	0.70454315224816
6563.3213462006	0.71034468282168
6563.3464159912	0.7160700291936
6563.3714858776	0.72406618216714
6563.3965558597	0.73306994091758
6563.4216259376	0.74602982794081
6563.4466961113	0.75927477348943
6563.4717663807	0.77379431324317
6563.4968367459	0.78844574336705
6563.5219072069	0.80378472416308
6563.5469777636	0.81784434922634
6563.572048416	0.83060856719372
6563.5971191643	0.84228438825797
6563.6221900082	0.85280186728091
6563.647260948	0.86034100401543
6563.6723319835	0.86858448474727
6563.6974031148	0.87883021546419
6563.7224743419	0.88784336420971
6563.7475456647	0.89535678217864
6563.7726170832	0.90258299566441
6563.7976885991	0.9107885625998
6563.8227602092	0.91833641512853
6563.847831915	0.92264072503193
6563.8729037167	0.92205189943514
6563.8979756141	0.91965850381064
6563.9230476073	0.91912228444555
6563.9481196962	0.91824565159317
6563.9731918809	0.91452711699839
6563.9982641614	0.9097604431107
6564.0233365376	0.90709397293045
6564.0484090096	0.90438207202063
6564.0734815774	0.90578896841462
6564.0985542409	0.91031063747517
6564.1236270002	0.91484253749497
6564.1486998553	0.91992773170156
6564.1737728062	0.92708790031135
6564.1988458528	0.93351857831183
6564.2239189952	0.94008670314097
6564.2489922334	0.94590226333926
6564.2740655688	0.95202393491873
6564.2991389985	0.95683217475159
6564.324212524	0.96027553159242
6564.3492861453	0.96290470296964
6564.3743598623	0.96634125720867
6564.3994336751	0.97007878534521
6564.4245075837	0.97109772154793
6564.449581588	0.97044046847115
6564.4746556882	0.97004351008252
6564.4997298841	0.96951577839091
6564.5248041757	0.97506954760919
6564.5498785632	0.97931395339867
6564.5749530464	0.98037054244927
6564.6000276254	0.98070645005971
6564.6251023002	0.97922262324191
6564.6501770708	0.97675338405543
6564.6752519371	0.97496027694176
6564.7003268992	0.97397696355511
6564.7254019571	0.97500327813195
6564.7504771108	0.97455437188559
6564.7755523617	0.97314443156137
6564.800627707	0.97017754318114
6564.825703148	0.96710864759147
6564.8507786848	0.9652466647284
6564.8758543173	0.96532503678978
6564.9009300457	0.96636372981328
6564.9260058698	0.96681629050284
6564.9510817897	0.96755453352172
6564.9761578054	0.96770759194244
6565.0012339169	0.96714343501204
6565.0263101242	0.96671138546158
6565.0513864272	0.96574306852348
6565.0764628261	0.96523887382147
6565.1015393207	0.96561431307435
6565.1266159111	0.96719868683943
6565.1516925972	0.96711549210257
6565.1767693792	0.96464429596695
6565.201846257	0.96541184874049
6565.2269232305	0.96729513275439
6565.2520003013	0.96298655049951
6565.2770774664	0.95822540981579
6565.3021547273	0.95742804846555
6565.327232084	0.95615935215765
6565.3523095365	0.94817900421016
6565.3773870847	0.94128322651384
6565.4024647288	0.93458118862683
6565.4275424686	0.93156481678154
6565.4526203043	0.93198399170437
6565.4776982357	0.9284864278807
6565.5027762629	0.92642826834182
6565.5278543859	0.92828793900331
6565.5529326046	0.93022887885767
6565.5780109192	0.93344199549998
6565.6030893296	0.93908209476476
6565.6281678357	0.94943776930548
6565.6532464377	0.95961362887185
6565.6783251354	0.96827082807188
6565.703403929	0.97324417622909
6565.7284828198	0.97413262116997
6565.7535618049	0.97447347705801
6565.7786408858	0.97347598165656
6565.8037200626	0.97011173164723
6565.8287993351	0.96670255949814
6565.8538787034	0.96443724978823
6565.8789581674	0.96187374190155
6565.9040377273	0.96513245919158
6565.929117383	0.96979406355173
6565.9541971345	0.97585043250512
6565.9792769818	0.98004169554628
6566.0043569248	0.9810261717793
6566.0294369637	0.98258765560789
6566.0545170984	0.98297014574843
6566.0795973289	0.9821033951079
6566.1046776551	0.98407830848068
6566.1297580772	0.98703292444721
6566.154838595	0.99083766494137
6566.1799192087	0.99410455764776
6566.2049999182	0.99486272185125
6566.230080725	0.99569520068925
6566.255161626	0.99832391538625
6566.2802426229	1.0009122501646
6566.3053237155	1.0009248813231
6566.330404904	0.99961617944422
6566.3554861883	1.0001710945312
6566.3805675684	1.0022217850066
6566.4056490442	1.0011515614179
6566.4307306159	0.99775886687106
6566.4558122834	0.99790350075272
6566.4808940467	1.0010814002476
6566.5059759058	0.99978295864122
6566.5310578607	0.99488364313906
6566.5561399114	0.99308235505456
6566.5812220579	0.9926060241253
6566.6063043002	0.99203079404261
6566.6313866383	0.99333549817455
6566.6564690722	0.9941128297844
6566.681551602	0.99287618800844
6566.706634229	0.9928720829201
6566.7317169504	0.99467710788494
6566.7567997675	0.99580271961329
6566.7818826805	0.99557843803631
6566.8069656892	0.99268217345966
6566.8320487938	0.98741741419658
6566.8571319942	0.98525536357031
6566.8822152904	0.98550704266508
6566.9072986824	0.98636931023993
6566.9323821702	0.98957796140762
6566.9574657539	0.99003721894755
6566.9825494333	0.98542854668553
6567.0076332086	0.98113747986259
6567.0327170796	0.97981532746476
6567.0578010465	0.98117135608374
6567.0828851092	0.98484150930508
6567.1079692677	0.98679003130248
6567.133053522	0.98429964287621
6567.1581378722	0.98197913946832
6567.1832223196	0.97952659350832
6567.2083068614	0.97908934308804
6567.233391499	0.98463067269087
6567.2584762323	0.98809238230367
6567.2835610616	0.98547029984582
6567.3086459866	0.98265896854045
6567.3337310074	0.9808425134629
6567.3588161241	0.98071737625433
6567.3839013365	0.98129401190467
6567.4089866448	0.98137643369415
6567.4340720489	0.98186102329229
6567.4591575489	0.98186290049524
6567.4842431446	0.98511820229614
6567.5093288362	0.9879799052401
6567.5344146236	0.98307295239276
6567.5595005068	0.97814384735837
6567.5845864858	0.98459828310067
6567.6096725606	0.99029942316705
6567.6347587313	0.99267154765388
6567.6598449993	0.9951086716481
6567.6849313616	0.99299493098042
6567.7100178197	0.99071112454023
6567.7351043737	0.99074688452358
6567.7601910234	0.99121330684589
6567.785277769	0.99152383895305
6567.8103646105	0.99212686652413
6567.8354515477	0.99637259656859
6567.8605385808	1.0009138611617
6567.8856257097	1.0047422594383
6567.9107129344	1.0080174485477
6567.9358002549	1.0029708393835
6567.9608876713	0.9968714756992
6567.9859751835	0.99617063048928
6568.0110627915	0.99667070379884
6568.0361504954	0.99456572308775
6568.061238295	0.99195836574083
6568.0863261905	0.99145351832132
6568.1114141819	0.99068557629369
6568.136502269	0.98785835961005
6568.1615904535	0.98492604175694
6568.1866787323	0.98460096091633
6568.211767107	0.98504264467737
6568.2368555774	0.98291097990626
6568.2619441437	0.9792063004895
6568.2870328059	0.97771367151416
6568.3121215638	0.97880192418161
6568.3372104176	0.98120140093485
6568.3622993673	0.98304131441112
6568.3873884127	0.98346289442667
6568.412477554	0.98347698993647
6568.4375667911	0.98306603198285
6568.4626561241	0.98286713736796
6568.4877455529	0.98596378164591
6568.5128350775	0.99030723311454
6568.537924698	0.9930189761221
6568.5630144142	0.99496129863274
6568.5881042264	0.99755077479352
6568.6131941343	1.0013025835345
6568.6382841396	1.0015649047264
6568.6633742393	0.9977080367026
6568.6884644347	0.99463321166815
6568.713554726	0.99300436640168
6568.7386451132	0.99140213415792
6568.7637355962	0.98861885644408
6568.788826175	0.98284006132265
6568.8139168496	0.97342114408028
6568.8390076201	0.96164413966509
6568.8640984865	0.94555614209573
6568.8891894486	0.93496943287326
6568.9142805066	0.93445934476812
6568.9393716605	0.93348906338878
6568.9644629102	0.93168284481673
6568.9895542557	0.9288289714371
6569.0146456971	0.92165095877033
6569.0397372343	0.91055716478897
6569.0648288673	0.89066288663823
6569.0899205962	0.87030775868379
6569.1150124225	0.84191514046282
6569.1401043431	0.81297855584522
6569.1651963595	0.78846298037338
6569.1902884718	0.77055684395843
6569.2153806799	0.77340122636671
6569.2404729838	0.77974404588763
6569.2655653836	0.80508677890497
6569.2906578793	0.83073737218464
6569.3157504708	0.85981279713272
6569.3408431581	0.8870446757152
6569.3659359413	0.90896497281033
6569.3910288203	0.93048533277113
6569.4161217952	0.94844269683755
6569.4412148659	0.96624763300786
6569.4663080325	0.97705420625317
6569.4914012949	0.98637984478175
6569.5164946532	0.98955659242125
6569.5415881073	0.99532061489166
6569.5666816573	1.0010754189695
6569.5917753031	1.0052416701638
6569.6168690462	1.0054051926246
6569.6419628838	1.0062658676683
6569.6670568171	1.0020591695502
6569.6921508463	0.9969698597174
6569.7172449714	0.99014434689303
6569.7423391923	0.98361474951118
6569.7674335091	0.97524106002575
6569.7925279217	0.9679509146587
6569.8176224302	0.97633755207692
6569.8427170345	0.98438796941611
6569.8678117347	0.96408498648575
6569.8929065307	0.94204537907174
6569.9180014226	0.94210564149734
6569.9430964104	0.94410313694302
6569.968191494	0.95143259458382
6569.9932866734	0.95812146602731
6570.0183819487	0.96069601414704
6570.0434773199	0.96397228655113
6570.0685727869	0.96592925348698
6570.0936683513	0.96753784937282
6570.11876401	0.96562114989866
6570.1438597646	0.96175602855913
6570.1689556151	0.96030256500718
6570.1940515614	0.96151822302129
6570.2191476035	0.96445816132498
6570.2442437416	0.96594277019673
6570.2693399755	0.96247684298406
6570.2944363052	0.9581044795417
6570.3195327308	0.95720190579379
6570.3446292523	0.95706421649761
6570.3697258696	0.9526247117234
6570.3948225828	0.94769438370644
6570.4199193918	0.94227137716799
6570.4450162967	0.936139955855
6570.4701132975	0.93359242671425
6570.4952103941	0.93202673851748
6570.5203075866	0.92945357668333
6570.545404875	0.92651021297908
6570.5705022607	0.91978837291908
6570.5955997408	0.90989752542108
6570.6206973168	0.90813491272469
6570.6457949886	0.91123242558898
6570.6708927563	0.90814561777815
6570.6959906198	0.90164352467412
6570.7210885792	0.8981148926011
6570.7461866345	0.89700486434617
6570.7712847857	0.89813940248933
6570.7963830327	0.90081689592242
6570.8214813756	0.90528904342083
6570.8465798143	0.91184968740156
6570.8716783489	0.91874851307107
6570.8967769794	0.92504351101552
6570.9218757057	0.93101555414152
6570.946974528	0.93728863495612
6570.9720734461	0.94164022223334
6570.99717246	0.94309654847908
6571.0222715699	0.9381352947895
6571.0473707756	0.92721092054788
6571.0724700786	0.92078788810739
6571.0975694761	0.92031754058174
6571.1226689694	0.9245401795987
6571.1477685586	0.93094785622421
6571.1728682436	0.93623350633013
6571.1979680246	0.94302106672079
6571.2230679014	0.94983596637959
6571.2481678741	0.9535601364865
6571.2732679426	0.95418824204079
6571.2983681071	0.9548459361688
6571.3234683674	0.95755992881392
6571.3485687235	0.9617850038711
6571.3736691756	0.96411430307929
6571.3987697235	0.96372942799079
6571.4238703673	0.96507795728035
6571.448971107	0.96628314565072
6571.4740719426	0.96288901414595
6571.499172874	0.95587725835976
6571.5242739013	0.94799723567687
6571.549375026	0.93603935210873
6571.5744762451	0.92809690208421
6571.59957756	0.92933104277136
6571.6246789708	0.93078755698217
6571.6497804776	0.93388362457257
6571.6748820801	0.93882957764786
6571.6999837786	0.95208293884898
6571.725085573	0.96600537624852
6571.7501874632	0.97053500870566
6571.7752894493	0.97327322473986
6571.8003915313	0.97733505856756
6571.8254937091	0.97610074236278
6571.8505959829	0.95804543789725
6571.8756983525	0.94557287832181
6571.9008008181	0.95187083019175
6571.9259033795	0.95650957008629
6571.9510060368	0.95680313109434
6571.9761087899	0.95640696351895
6572.001211639	0.95025683938322
6572.0263145854	0.94417835134194
6572.0514176263	0.94192605172325
6572.076520763	0.94076043426758
6572.1016239956	0.94914795846623
6572.126727324	0.95626666302815
6572.1518307484	0.95088331857453
6572.1769342687	0.94662485232014
6572.2020378848	0.9435782051363
6572.2271415969	0.94037878564877
6572.2522454048	0.94278000330674
6572.2773493086	0.94552629607878
6572.3024533083	0.94442060876128
6572.3275574039	0.94517253732277
6572.3526615953	0.95516033568035
6572.3777658827	0.96426646542283
6572.402870266	0.96680645094121
6572.4279747451	0.97136249348459
6572.4530793202	0.98137482035518
6572.4781839911	0.98901038162068
6572.5032887594	0.97579645767175
6572.5283936221	0.96099435758842
6572.5534985807	0.94577078963829
6572.5786036352	0.92947514809619
6572.6037087856	0.90527559234756
6572.6288140319	0.8796294261813
6572.6539193741	0.85470513241489
6572.6790248122	0.83095894559986
6572.7041303461	0.80377965220907
6572.729235976	0.77712272152519
6572.7543417018	0.75715590598362
6572.7794475234	0.73847410844567
6572.804553441	0.74916898623708
6572.8296594544	0.76412857815662
6572.8547655638	0.79458440936656
6572.879871769	0.82261006883511
6572.9049780702	0.85386857086516
6572.9300844672	0.88844714382758
6572.9551909601	0.90846836857069
6572.980297549	0.92579298508353
6573.0054042352	0.93921574537175
6573.0305110159	0.95161686412823
6573.0556178924	0.95661778777352
6573.0807248648	0.95932739659177
6573.1058319332	0.95690421511932
6573.1309390974	0.95574237249541
6573.1560463575	0.96346739601965
6573.1811537136	0.9740989640661
6573.2062611655	0.96962245040965
6573.2313687134	0.96222977601068
6573.2564763571	0.96616637158053
6573.2815840968	0.97260388486344
6573.3066919323	0.98364173931191
6573.3317998638	0.99466157004591
6573.3569078911	0.99250288764032
6573.3820160144	0.98481054818626
6573.4071242336	0.98324849279088
6573.4322325487	0.98208830590193
6573.4573409596	0.97566316446596
6573.482449468	0.96906730414021
6573.5075580708	0.97026272725262
6573.5326667695	0.97477656354457
6573.5577755642	0.97930649203533
6573.5828844547	0.98390123053338
6573.6079934411	0.97811386495119
6573.6331025234	0.9673811665
6573.6582117017	0.95298390699114
6573.6833209758	0.94003217800994
6573.7084303459	0.92937739055197
6573.7335398119	0.91937461833441
6573.7586493737	0.92066432687687
6573.7837590315	0.92667306296063
6573.8088687852	0.93047030168789
6573.8339786348	0.93336319177286
6573.8590885804	0.93883271363866
6573.8841986218	0.94565923865399
6573.9093087591	0.94708685056315
6573.9344189924	0.94619796160027
6573.9595293231	0.94315651829349
6573.9846397482	0.93793285726264
6574.0097502692	0.92528318750232
6574.0348608861	0.90770601879936
6574.0599715989	0.88862643097319
6574.0850824077	0.8653455655666
6574.1101933123	0.83661632420294
6574.1353043129	0.80506797646024
6574.1604154094	0.7754470494314
6574.1855266018	0.74853617033138
6574.2106378901	0.74001031838851
6574.2357492744	0.74320695443699
6574.2608607545	0.75381720302198
6574.2859723306	0.76965901081009
6574.3110840026	0.79128614165177
6574.3361957705	0.81941654846541
6574.3613076344	0.84174557769347
6574.3864195941	0.85952524271948
6574.4115316498	0.87545902307479
6574.4366438014	0.89123848727902
6574.4617560504	0.90725787640502
6574.4868683939	0.92226947160401
6574.5119808332	0.93797780762091
6574.5370933685	0.95441123859416
6574.5622059997	0.96265463032154
6574.5873187268	0.96607688702135
6574.6124315498	0.96313497023516
6574.6375444688	0.95252014538377
6574.6626574837	0.944068758313
6574.6877705945	0.93874779964451
6574.7128838013	0.93391161408836
6574.7379971039	0.92762804881579
6574.7631105025	0.91922715893534
6574.788223997	0.90455442361214
6574.8133375874	0.89004674134486
6574.8384512738	0.87427573866634
6574.8635650561	0.85158493379263
6574.8886789343	0.8230421715032
6574.9137929085	0.79350848440956
6574.93890698	0.76429439740389
6574.964021146	0.73888245642438
6574.989135408	0.72034016429714
6575.0142497658	0.71666545339561
6575.0393642196	0.72874158205225
6575.0644787693	0.74803242656448
6575.089593415	0.77614150690725
6575.1147081565	0.80664844550923
6575.139822994	0.84185137845004
6575.1649379275	0.87473961279358
6575.1900529568	0.90487263076859
6575.2151680821	0.92641507276954
6575.2402833034	0.9361808476035
6575.2653986205	0.94475907996154
6575.2905140336	0.95333685585576
6575.3156295426	0.95624897445194
6575.3407451476	0.95176354068925
6575.3658608485	0.94900291692985
6575.3909766453	0.94886662557759
6575.4160925396	0.95001110827781
6575.4412085283	0.95407341647822
6575.4663246129	0.95686133830907
6575.4914407935	0.95669203169884
6575.51655707	0.95883637120294
6575.5416734424	0.96286910449253
6575.5667899108	0.96565222625937
6575.5919064751	0.96588771914037
6575.6170231353	0.96442911313226
6575.6421398915	0.95985238190208
6575.6672567436	0.9566681710532
6575.6923736917	0.95715356600411
6575.7174907357	0.95471694749905
6575.7426078756	0.94465906767881
6575.7677251115	0.93571788637652
6575.7928424433	0.92986939382854
6575.8179598711	0.92458551171132
6575.8430773948	0.92103296825044
6575.8681950144	0.92188814347309
6575.8933127315	0.92987650587949
6575.9184305431	0.93614866905075
6575.9435484505	0.94152225667087
6575.9686664539	0.94193181783191
6575.9937845533	0.93318233106347
6576.0189027486	0.93260981452635
6576.0440210398	0.95248642943513
6576.069139427	0.96042962380914
6576.0942579101	0.93870362075452
6576.1193764892	0.91963936183715
6576.1444951642	0.90381256864491
6576.1696139352	0.89198126261528
6576.1947328021	0.88901026504896
6576.2198517649	0.88847542220227
6576.2449708237	0.89400898749278
6576.2700899785	0.89732235337553
6576.2952092291	0.8973371763608
6576.3203285758	0.899186479881
6576.3454480184	0.90240423965699
6576.3705675569	0.90392676194339
6576.3956871929	0.90552305818975
6576.4208069233	0.90555669670302
6576.4459267497	0.90240100636497
6576.4710466721	0.89934144464337
6576.4961666903	0.89124825739285
6576.5212868046	0.88128386815901
6576.5464070148	0.8734840635851
6576.5715273209	0.86770952621281
6576.596647723	0.86041147269829
6576.621768221	0.85429874737548
6576.646888815	0.85425534091208
6576.6720095049	0.85772841538533
6576.6971302908	0.87022327722498
6576.7222511727	0.88386648295569
6576.7473721505	0.90346515194585
6576.7724932243	0.91373292615274
6576.797614394	0.89579454918416
6576.8227356596	0.8828808687302
6576.8478570213	0.88500550554984
6576.8729784803	0.88923118338189
6576.8981000339	0.89869955793916
6576.9232216834	0.90786569485243
6576.9483434288	0.91448059573447
6576.9734652702	0.92010268387129
6576.9985872076	0.92238407526685
6577.0237092409	0.92528272218866
6577.0488313702	0.93225845315135
6577.0739535954	0.9367372142415
6577.0990759166	0.93297562893257
6577.1241983338	0.93062767056933
6577.1493208469	0.93171755978511
6577.1744434559	0.93233991621338
6577.199566161	0.92926185938861
6577.224688962	0.92638007835082
6577.2498118589	0.92461881502204
6577.2749348518	0.92366749048144
6577.3000579407	0.93029708766414
6577.3251811256	0.93539228775839
6577.3503044079	0.92374439683324
6577.3754277846	0.91298548454448
6577.4005512574	0.91577851286927
6577.4256748261	0.91937787576924
6577.4507984907	0.92172280330933
6577.4759222513	0.92381233186482
6577.5010461079	0.92797077499848
6577.5261700605	0.93052212017726
6577.551294109	0.9264541762972
6577.5764182535	0.92287998377743
6577.6015424939	0.91963379455425
6577.6266668303	0.91640106378679
6577.6517912627	0.91581842953605
6577.6769157911	0.91626358322448
6577.7020404154	0.92017073779443
6577.7271651357	0.92273306548607
6577.7522899519	0.92041672596004
6577.7774148641	0.9193956641537
6577.8025398723	0.92343552988023
6577.8276649765	0.92780058136378
6577.8527901781	0.9300649531799
6577.8779154742	0.92994704882488
6577.9030408663	0.92536886408258
6577.9281663543	0.92160872127382
6577.9532919384	0.91318533616401
6577.9784176184	0.90331839308849
6578.0035433943	0.90127370954048
6578.0286692662	0.90312161393431
6578.0537952341	0.90741372612823
6578.078921298	0.90939341815054
6578.1040474579	0.90545198086369
6578.1291737137	0.9014869868292
6578.1543000655	0.90651938263838
6578.1794265133	0.91309360401424
6578.204553057	0.90978933502391
6578.2296796967	0.91033655295459
6578.2548064324	0.93908993702899
6578.2799332641	0.95808999904529
6578.3050601918	0.93262803962038
6578.3301872169	0.91154696167794
6578.3553143365	0.90929877864165
6578.3804415521	0.91113933125067
6578.4055688636	0.93128073040848
6578.4306962712	0.94340808693698
6578.4558237747	0.92009059593544
6578.4809513742	0.90232151662133
6578.5060790697	0.90872809450834
6578.5312068611	0.91448597790278
6578.5563347486	0.91470619594858
6578.581462732	0.91417762924195
6578.6065908114	0.91304972311706
6578.6317189868	0.91248797995218
6578.6568472581	0.91276257708329
6578.6819756255	0.91231195904281
6578.7071040888	0.90982731142712
6578.7322326481	0.90505464393177
6578.7573613034	0.88973099789446
6578.7824900547	0.87724254959035
6578.8076189034	0.87456571498994
6578.8327478467	0.87622224236337
6578.8578768859	0.90135418486895
6578.8830060211	0.91932394639528
6578.9081352523	0.9048827956318
6578.9332645795	0.89239275243621
6578.9583940026	0.89341790650023
6578.9835235218	0.89613838927926
6579.0086531369	0.90096007324802
6579.0337828481	0.90410069553907
6579.0589126552	0.90249849788134
6579.0840425583	0.90220387080061
6579.1091725574	0.90341909805772
6579.1343026525	0.90581612006936
6579.1594328435	0.91443816273128
6579.1845631306	0.92053287143286
6579.2096935136	0.91683538019018
6579.2348239927	0.91286971184298
6579.2599545677	0.90774310454939
6579.2850852387	0.90404354990679
6579.3102160072	0.90235821317781
6579.3353468702	0.90027816442453
6579.3604778292	0.90277709165349
6579.3856088842	0.90519447698055
6579.4107400352	0.90235793062911
6579.4358712822	0.90203581677581
6579.4610026251	0.91166097378361
6579.4861340641	0.91435669215201
6579.5112655991	0.89191424161246
6579.53639723	0.87558769232387
6579.5615289569	0.88411693837299
6579.5866607799	0.89133350461493
6579.6117926988	0.89301390740257
6579.6369247137	0.89554654659861
6579.6620568247	0.89961956751794
6579.6871890316	0.9020662970178
6579.7123213345	0.90093790683844
6579.7374537334	0.90045107956522
6579.7625862283	0.90110065098989
6579.7877188208	0.90144698007102
6579.8128515077	0.89974168651813
6579.8379842906	0.8986080762241
6579.8631171695	0.8998488971093
6579.8882501444	0.90030665913787
6579.9133832153	0.89818604334743
6579.9385163822	0.89452625386261
6579.9636496451	0.88941355654299
6579.988783004	0.88577697644119
6580.0139164589	0.88075908799382
6580.0390500099	0.87182569202722
6580.0641836568	0.85614115629118
6580.0893173997	0.8449794056134
6580.1144512386	0.84590118814788
6580.1395851735	0.84771451838826
6580.1647192045	0.84917048066141
6580.1898533314	0.84557115976463
6580.2149875543	0.83140125116006
6580.2401218733	0.82980916413967
6580.2652562897	0.86177827168219
6580.2903908007	0.88147972844723
6580.3155254076	0.86602776820475
6580.3406601106	0.85997841302511
6580.3657949096	0.88189808769852
6580.3909298045	0.90054280060281
6580.4160647955	0.90748462685263
6580.4411998825	0.90764187031731
6580.4663350655	0.89363692179528
6580.4914703445	0.88708573625299
6580.5166057195	0.89861025157578
6580.5417411906	0.90840957410225
6580.5668767576	0.91356691856791
6580.5920124206	0.91664710894037
6580.6171481797	0.91544155272466
6580.6422840348	0.91288834497466
6580.6674199858	0.90594627650624
6580.6925560329	0.89741665011542
6580.717692176	0.88621505064298
6580.7428284166	0.87448003825159
6580.7679647518	0.86306429587367
6580.7931011829	0.85579286999223
6580.8182377101	0.85604464278345
6580.8433743332	0.85430764125345
6580.8685110524	0.84765971393943
6580.8936478676	0.8395844645007
6580.9187847788	0.83300930428854
6580.943921786	0.82878686459545
6580.9690588893	0.82444085652263
6580.9941960885	0.81968118535359
6581.0193333838	0.81455473741992
6581.0444707751	0.80641939313801
6581.0696082624	0.79323196796567
6581.0947458457	0.781483248045
6581.119883525	0.77411002183596
6581.1450213004	0.76626655801175
6581.1701591717	0.75496552428779
6581.1952971391	0.7509545223367
6581.2204352025	0.76020743206842
6581.2455733635	0.7759696370875
6581.2707116189	0.80140282185491
6581.2958499704	0.82391308687309
6581.3209884179	0.84555285989348
6581.3461269614	0.8685065451476
6581.3712656009	0.88625977288689
6581.3964043365	0.89778180700616
6581.4215431681	0.906555188599
6581.4466820957	0.91005080953044
6581.4718211193	0.90226992191261
6581.4969602389	0.88708676891684
6581.5220994546	0.86460681279458
6581.5472387663	0.85087130025952
6581.572378174	0.84935919384881
6581.5975176777	0.85193529034272
6581.6226572775	0.85793823057926
6581.6477969733	0.86641536787397
6581.6729367651	0.87914427230328
6581.6980766529	0.89200248727038
6581.7232166383	0.90235484375292
6581.7483567182	0.90089453486445
6581.7734968941	0.88924449960419
6581.7986371661	0.88496907116708
6581.8237775341	0.88760896669129
6581.8489179981	0.8884218815858
6581.8740585581	0.89063102341029
6581.8991992142	0.89505574869485
6581.9243399662	0.89879490133199
6581.9494808144	0.90376160344049
6581.9746217585	0.91042068177779
6581.9997627987	0.91070696580916
6582.0249039349	0.90440859776484
6582.0500451671	0.90042191856828
6582.0751864954	0.89803450230019
6582.1003279197	0.89320786034192
6582.1254694401	0.88638205317014
6582.1506110564	0.87309186915673
6582.1757527688	0.85414883048268
6582.2008945788	0.84724120265647
6582.2260364833	0.85632080940661
6582.2511784838	0.85338412380003
6582.2763205803	0.85310950254624
6582.3014627729	0.8545041390478
6582.3266050615	0.85235469457482
6582.3517474461	0.85921271274404
6582.3768899268	0.87131436602506
6582.4020325035	0.88442735429974
6582.4271751763	0.88834754979325
6582.4523179451	0.89558899997285
6582.4774608099	0.90635422738134
6582.5026037708	0.89426478554489
6582.5277468277	0.88109460829303
6582.5528899806	0.86921183635035
6582.5780332296	0.86139475760344
6582.6031765746	0.85551053141139
6582.6283200157	0.85218769302178
6582.6534635528	0.85352871736411
6582.6786071859	0.8535746337135
6582.7037509166	0.85535774649716
6582.7288947418	0.857538448644
6582.7540386631	0.84903669300863
6582.7791826804	0.84047971093347
6582.8043267937	0.84064548633816
6582.8294710031	0.84412504799097
6582.8546153086	0.84982599755205
6582.87975971	0.85813094087277
6582.9049042075	0.8619840570541
6582.9300488011	0.854341583651
6582.9551934907	0.87595090457069
6582.9803382764	0.90882087733598
6583.0054831581	0.91184272869123
6583.0306281358	0.90433246052014
6583.0557732096	0.892036762036
6583.0809183794	0.87720812799432
6583.1060636453	0.87431543304032
6583.1312090072	0.86471432535322
6583.1563544652	0.86243118331149
6583.1815000207	0.86153225603707
6583.2066456708	0.85103969226279
6583.2317914169	0.84667273691727
6583.2569372591	0.85114005867083
6583.2820831973	0.8610170359733
6583.3072292316	0.86059141730205
6583.3323753619	0.85975966613888
6583.3575215883	0.87078340054971
