6546.1564584096	0.78514640318786
6546.1814626359	0.76334684657337
6546.2064669576	0.74946530599114
6546.2314713749	0.73831522399113
6546.2564758876	0.75784215936377
6546.2814804959	0.78480802717198
6546.3064851997	0.82362376441417
6546.331489999	0.86469663719363
6546.3564948938	0.8993791487892
6546.3814998841	0.93118497324686
6546.4065049699	0.95582652950165
6546.4315101513	0.97892492644781
6546.4565154281	0.99156913388635
6546.4815208005	1.0033915910925
6546.5065262684	1.0141610589662
6546.5315318317	1.024876003888
6546.5565374906	1.034301822715
6546.5815432466	1.0382481335764
6546.6065490965	1.0391759086126
6546.6315550419	1.0402626954068
6546.6565610829	1.0402001150879
6546.6815672194	1.0428452368742
6546.7065734514	1.0460338638613
6546.7315797789	1.0397897384238
6546.7565862019	1.0318655996031
6546.7815927204	1.0296318080042
6546.8065993345	1.0276141695194
6546.831606044	1.0158736888145
6546.8566128491	1.0058519358886
6546.8816197497	1.0037883369502
6546.9066267459	1.004195435699
6546.9316338375	1.0046257909778
6546.9566410247	1.0095444064366
6546.9816483073	1.019294530313
6547.0066556855	1.0248509221688
6547.0316631593	1.0257637323967
6547.05667073	1.02414655505
6547.0816783948	1.0230290884172
6547.1066861551	1.0205095035227
6547.1316940109	1.0167939487097
6547.1567019622	1.0092089701763
6547.1817100091	1.002764192442
6547.2067181514	0.99486245996552
6547.2317263893	0.98937850991581
6547.2567347228	0.99428217119354
6547.2817431517	0.99592180167294
6547.3067516762	0.98962740228192
6547.3317602962	0.98838081510566
6547.3567690117	0.99277473344401
6547.3817778227	0.99253959654251
6547.4067867293	0.98943602500364
6547.4317957314	0.99036225231352
6547.456804829	0.99113977111683
6547.4818140221	0.99020485987468
6547.5068233108	0.98902198191078
6547.5318326965	0.98384712484917
6547.5568421763	0.97807274390833
6547.5818517515	0.97564041713221
6547.6068614223	0.97337067575554
6547.6318711886	0.97334115927323
6547.6568810505	0.97322405399016
6547.6818910079	0.97199130756854
6547.7069010608	0.97037621399131
6547.7319112092	0.96763572174496
6547.7569214532	0.96489767702855
6547.7819317927	0.96538666290466
6547.8069422277	0.96681023180655
6547.8319527582	0.96951916629823
6547.8569633843	0.97011610381658
6547.881974106	0.97007964212945
6547.9069849231	0.97696407753888
6547.9319958358	0.98481832361447
6547.957006844	0.98332972905302
6547.9820179478	0.98014226605839
6548.0070291471	0.9744346096576
6548.0320404434	0.96972653252936
6548.0570518338	0.96550639480655
6548.0820633197	0.96171786504555
6548.1070749011	0.96024694581041
6548.1320865781	0.96235980300875
6548.1570983506	0.96852679186693
6548.1821102187	0.97580142026228
6548.2071221822	0.98406574828459
6548.2321342414	0.99116753432631
6548.257146396	0.99775928759958
6548.2821586462	1.0032398460866
6548.3071709919	1.0088778407486
6548.3321834332	1.0114359007202
6548.35719597	1.011787321371
6548.3822086024	1.0197815648697
6548.4072213303	1.0260938502759
6548.4322341537	1.0268488722962
6548.4572470727	1.0258310521321
6548.4822600872	1.0224993790447
6548.5072731988	1.0205877959478
6548.5322864044	1.0188779119924
6548.5572997055	1.0184756634098
6548.5823131022	1.0209035286868
6548.6073265944	1.0216080430035
6548.6323401822	1.0201911964684
6548.6573538655	1.0231995656639
6548.6823676444	1.0280612930417
6548.7073815188	1.0231347648792
6548.7323954888	1.0175360468997
6548.7574095543	1.019696733794
6548.7824237153	1.0228822887725
6548.8074379719	1.0215843242884
6548.832452324	1.0218520958501
6548.8574667717	1.0273256862336
6548.8824813149	1.0292634686758
6548.9074959537	1.0258503443984
6548.932510688	1.0227463924604
6548.9575255179	1.0189679223392
6548.9825404448	1.0156982153041
6549.0075554658	1.0113755046623
6549.0325705823	1.0063656082917
6549.0575857944	0.99901679183674
6549.082601102	1.0023347436045
6549.1076165052	1.006551338382
6549.1326320039	1.0144908461795
6549.1576475982	1.0235332946623
6549.182663288	1.0257372571162
6549.2076790734	1.0275704851162
6549.2326949543	1.0257866714289
6549.2577109308	1.0250257383483
6549.2827270028	1.0210744914717
6549.3077431704	1.0195551713662
6549.3327594336	1.0220124466271
6549.3577757922	1.0222894609474
6549.3827922465	1.0207386296816
6549.4078087963	1.0226319849187
6549.4328254417	1.0268539375207
6549.4578421826	1.0219170015998
6549.4828590206	1.0142591343331
6549.5078759526	1.0162093994008
6549.5328929802	1.0193805866109
6549.5579101033	1.0172094459397
6549.582927322	1.0142522249092
6549.6079446363	1.0127198686236
6549.6329620461	1.0136357704481
6549.6579795515	1.0189539585832
6549.6829971524	1.0234726421366
6549.7080148489	1.0280392692196
6549.7330326409	1.0317138956117
6549.7580505285	1.0344696361083
6549.7830685117	1.039520123008
6549.8080865904	1.0441726570117
6549.8331047647	1.0450423095789
6549.8581230346	1.0436343533039
6549.8831414	1.0370034123724
6549.908159861	1.0293504672273
6549.9331784175	1.0260316761319
6549.9581970711	1.0220797740542
6549.9832158188	1.0131185402973
6550.008234662	1.0076949359272
6550.0332536008	1.0083637446843
6550.0582726352	1.0084397391141
6550.0832917651	1.0070755487785
6550.1083109906	1.0033296132888
6550.1333303117	0.99644189260175
6550.1583497283	0.9905238524042
6550.1833692405	0.98600887460881
6550.2083888482	0.98262867249067
6550.2334085515	0.9792176701097
6550.2584283504	0.98301324446403
6550.2834482449	0.98810347399223
6550.3084682349	0.98946644112699
6550.3334883205	0.99123216117113
6550.3585085017	0.99779304831231
6550.3835287784	1.0047570841908
6550.4085491507	1.0130644435403
6550.4335696201	1.0182285481738
6550.4585901835	1.0196168390108
6550.4836108425	1.0218869099212
6550.5086315971	1.0241444809289
6550.5336524472	1.0249465436284
6550.558673393	1.0253816107417
6550.5836944343	1.0274245516556
6550.6087155711	1.0286695843682
6550.6337368036	1.0216730331624
6550.6587581316	1.0153944469305
6550.6837795552	1.0136914213847
6550.7088010743	1.0107429843588
6550.7338226891	1.0090352510815
6550.7588443994	1.0070696639414
6550.7838662053	1.0031211587891
6550.8088881067	0.99785062045579
6550.8339101037	0.99204151560602
6550.8589321964	0.98946959612542
6550.8839543845	0.99125060428322
6550.9089766698	0.99442378246976
6550.9339990492	0.99682247310891
6550.9590215241	1.0058234899953
6550.9840440946	1.0183611474298
6551.0090667606	1.022168875762
6551.0340895223	1.0231089963195
6551.0591123795	1.0319375115129
6551.0841353323	1.038938700143
6551.1091583807	1.0360200648327
6551.1341815247	1.0317165253382
6551.1592047643	1.0240577491511
6551.1842280994	1.0182403409416
6551.2092515301	1.0146598435562
6551.2342750564	1.0133523202643
6551.2592986783	1.0138988709022
6551.2843223957	1.0109382782878
6551.3093462088	1.0063111819278
6551.3343701174	1.0042536329866
6551.3593941216	1.0027389634033
6551.3844182214	0.99907675830695
6551.4094424183	0.99552484791199
6551.4344667093	0.98977984253395
6551.4594910958	0.98362453864839
6551.4845155779	0.97768829470426
6551.5095401556	0.9709642214767
6551.534564829	0.96226635171684
6551.5595895978	0.95365943462214
6551.5846144623	0.94472818500259
6551.6096394224	0.94016569445216
6551.634664478	0.93883709027863
6551.6596896293	0.94343484956357
6551.6847148761	0.9511572629659
6551.7097402185	0.95856090706784
6551.7347656565	0.9656559981399
6551.7597911901	0.97241008753901
6551.7848168193	0.97946347785217
6551.809842544	0.99072652738304
6551.8348683644	1.0023640607504
6551.8598942804	1.0124344878245
6551.8849202934	1.0201898121954
6551.9099464005	1.0212527240696
6551.9349726033	1.0218760424069
6551.9599989016	1.0207542039158
6551.9850252955	1.0234082065921
6552.010051785	1.0293555428507
6552.0350783701	1.0305793592067
6552.0601050508	1.0298782718824
6552.0851318271	1.0249495601215
6552.110158699	1.0190469355379
6552.1351856664	1.0207038626703
6552.1602127295	1.0229942837364
6552.1852398882	1.0188376669188
6552.2102671424	1.0155382643508
6552.2352944923	1.0148611861681
6552.2603219377	1.0146589048083
6552.2853494788	1.0140846114254
6552.3103771154	1.0152519554194
6552.3354048477	1.0183585005321
6552.360432677	1.016207697623
6552.3854606004	1.0096557539227
6552.4104886195	1.0093809512729
6552.4355167341	1.0100861630559
6552.4605449444	1.0068146511837
6552.4855732502	1.0033345182326
6552.5106016516	1.00206047917
6552.5356301487	1.0002042688886
6552.5606587413	0.99500424899276
6552.5856874296	0.99030560774893
6552.6107162134	0.98605595037742
6552.6357450928	0.98485531709874
6552.6607740679	0.9897668857444
6552.6858031385	0.99403871000512
6552.7108323048	0.99714382206203
6552.7358615666	1.0036190480558
6552.7608909241	1.0123946127575
6552.7859203772	1.0142934201837
6552.8109499258	1.0147646201594
6552.8359795701	1.0199852094948
6552.8610093115	1.0246357959556
6552.886039147	1.01718130599
6552.911069078	1.0096472380347
6552.9360991047	1.006810479321
6552.961129227	1.0055641719822
6552.986159445	1.0030988935808
6553.0111897585	1.0005614084445
6553.0362201676	0.99684229593752
6553.0612506723	0.99881323941452
6553.0862812727	1.0014564674119
6553.1113119686	1.0006692878316
6553.1363427602	0.99966181147958
6553.1613736473	1.0021988049572
6553.1864046301	1.0069543587682
6553.2114357085	1.0109833603526
6553.2364668825	1.0152411491585
6553.2614981521	1.0179204080082
6553.2865295173	1.0213796146513
6553.3115609782	1.0238139059128
6553.3365925361	1.0262707280865
6553.3616241882	1.027886259494
6553.3866559359	1.0272856041605
6553.4116877791	1.0240055609123
6553.436719718	1.0210010597554
6553.4617517526	1.0194007559429
6553.4867838827	1.0210773273322
6553.5118161084	1.0224035355334
6553.5368484298	1.0244982922484
6553.5618808468	1.0269764937136
6553.5869133593	1.0259905730688
6553.6119459675	1.0263091668361
6553.6369786714	1.031200459348
6553.6620114708	1.0325778824713
6553.6870443659	1.0258775292313
6553.7120773565	1.0210025907841
6553.7371104428	1.0201086335958
6553.7621436247	1.0229607586746
6553.7871769023	1.0278042104255
6553.8122102769	1.0318682428901
6553.8372437457	1.0358208805671
6553.8622773101	1.0338766125679
6553.8873109701	1.0279104826312
6553.9123447257	1.0296449368256
6553.9373785769	1.0301425592275
6553.9624125238	1.0219529343168
6553.9874465663	1.0149428012698
6554.0124807044	1.0092640260528
6554.0375149382	0.99883850249914
6554.0625492675	0.98183956183728
6554.0875836925	0.96516753903038
6554.1126182131	0.94863673816093
6554.1376528293	0.92987061807269
6554.1626875412	0.90965205050028
6554.1877223487	0.90205680055881
6554.2127572518	0.89572863247136
6554.2377922505	0.91112912829424
6554.2628273448	0.92814105723112
6554.2878625348	0.94754319311612
6554.3128978219	0.96576171532519
6554.3379332032	0.97989121422906
6554.36296868	0.9938931346711
6554.3880042525	1.0074830058469
6554.4130399206	1.0166164103001
6554.4380756844	1.0209022175315
6554.4631115437	1.0212252071881
6554.4881474988	1.0204035565684
6554.5131835494	1.021774077572
6554.5382196956	1.0233383762516
6554.5632559375	1.0239181926747
6554.5882922751	1.0244345643274
6554.6133287082	1.0249775638129
6554.638365237	1.0260042837044
6554.6634018614	1.0271288445821
6554.6884385814	1.0240939049967
6554.7134753971	1.0168625209485
6554.7385123084	1.0093985998035
6554.7635493154	1.0011327677711
6554.7885864195	0.99933617473539
6554.8136236177	1.0015199757917
6554.8386609115	1.0029110977718
6554.863698301	1.0052816868385
6554.8887357861	1.0104721639792
6554.9137733669	1.0168594213324
6554.9388110433	1.0220592872292
6554.9638488153	1.0251873205468
6554.9888866829	1.0230853145606
6555.0139246462	1.0196333816032
6555.0389627052	1.01095395033
6555.0640008597	1.0069187989428
6555.0890391099	1.0091186959661
6555.1140774558	1.0060817585397
6555.1391158973	1.0006577388166
6555.1641544344	1.0032471664122
6555.1891930671	1.0081055700331
6555.2142317955	1.010235259762
6555.2392706196	1.0122878898812
6555.2643095408	1.0060863010187
6555.2893485561	0.99801922252883
6555.3143876671	0.9838208833691
6555.3394268737	0.96989000652264
6555.3644661759	0.9550596177764
6555.3895055738	0.94010159933439
6555.4145450673	0.92450086197788
6555.4395846565	0.91927874621346
6555.4646243413	0.92336716926072
6555.4896641218	0.9341287815791
6555.5147039979	0.94745547832526
6555.5397439696	0.96348614023682
6555.564784037	0.98123436514213
6555.5898242001	0.99249228424657
6555.6148644587	1.0015801569048
6555.6399048131	1.0068376295659
6555.6649452631	1.0103768793411
6555.6899858087	1.0070281045985
6555.7150264499	1.0033739749855
6555.7400671884	0.99889989596131
6555.7651080209	0.99681158407106
6555.7901489491	0.99721512365757
6555.815189973	0.99494622352276
6555.8402310925	0.99120074510842
6555.8652723077	0.98688441235604
6555.8903136185	0.98014096483638
6555.9153550249	0.96468397668541
6555.940396527	0.949663189722
6555.9654381248	0.92798589333244
6555.9904798182	0.90716059830336
6556.0155216073	0.8936677862301
6556.040563492	0.88676085964253
6556.0656054723	0.89206696020207
6556.0906475484	0.90735657378226
6556.11568972	0.93434430597235
6556.1407319873	0.9589227763818
6556.1657743503	0.9803493466073
6556.190816809	0.99852908093275
6556.2158593632	1.0149146923228
6556.2409020147	1.0211059352096
6556.2659447603	1.0250753462592
6556.2909876015	1.0278422601208
6556.3160305384	1.031352133585
6556.341073571	1.0376456984139
6556.3661166992	1.039940435278
6556.3911599231	1.0339456731218
6556.4162032426	1.0326548069327
6556.4412466578	1.0362092230196
6556.4662901686	1.0387290667981
6556.4913337751	1.0413300862689
6556.5163774773	1.0369309023534
6556.5414212751	1.0285725749994
6556.5664651686	1.0262940249423
6556.5915091577	1.0248008276358
6556.6165532425	1.0152779316079
6556.641597423	1.0050054951969
6556.6666416991	0.99192858971078
6556.6916860709	0.98040123649533
6556.7167305399	0.97153611079217
6556.741775103	0.96561580165992
6556.7668197617	0.96153058758278
6556.7918645162	0.9653039013004
6556.8169093663	0.97465620035463
6556.841954312	0.98685718342247
6556.8669993534	0.99987104343247
6556.8920444905	1.0129195427416
6556.9170897233	1.0236312845847
6556.9421350517	1.025621389602
6556.9671804758	1.0271024520962
6556.9922259955	1.0244655503187
6557.0172716109	1.0229426898453
6557.042317322	1.0241265151985
6557.0673631287	1.0242861511076
6557.0924090312	1.0224291385984
6557.1174550292	1.0207701194962
6557.142501123	1.019821166042
6557.1675473124	1.0208326578252
6557.192593599	1.0212955470298
6557.2176399797	1.0226165862495
6557.2426864562	1.0243650474424
6557.2677330282	1.022571682595
6557.292779696	1.0210957343636
6557.3178264594	1.0215391184363
6557.3428733185	1.0219492774337
6557.3679202733	1.0221646955612
6557.3929673237	1.0224188355346
6557.4180144699	1.0204295124155
6557.4430617116	1.022667404902
6557.4681090491	1.0272746994057
6557.4931564822	1.0272873300775
6557.518204011	1.0262405244905
6557.5432516355	1.0199837487322
6557.5682993557	1.0130128629602
6557.5933471715	1.0129922798033
6557.618395083	1.0130464706597
6557.6434430902	1.0195643723294
6557.668491193	1.022699592883
6557.6935393931	1.0200238022513
6557.7185876873	1.0206083250243
6557.7436360771	1.0252823178329
6557.7686845627	1.0246372714114
6557.7937331439	1.0216041249234
6557.8187818209	1.0171521938179
6557.8438305934	1.0134637153653
6557.8688794617	1.0103373927638
6557.8939284257	1.0067120749692
6557.9189774853	1.0013535733742
6557.9440266406	0.99614238618471
6557.9690758916	0.9924600350787
6557.9941252382	0.98916154643856
6558.0191746806	0.98450441421048
6558.0442242186	0.97907962266202
6558.0692738523	0.97326372662339
6558.0943235817	0.97192464226306
6558.1193734068	0.97236756157266
6558.1444233275	0.97505834907585
6558.1694733455	0.97907846143939
6558.1945234576	0.98821418799398
6558.2195736654	0.99640276245943
6558.2446239689	1.002429724935
6558.2696743681	1.0103283991218
6558.2947248629	1.020521077726
6558.3197754534	1.0277178741836
6558.3448261397	1.0322825267839
6558.3698769216	1.0366883928453
6558.3949277992	1.0387840754238
6558.4199787725	1.0370107061728
6558.4450298414	1.0315787844662
6558.4700810061	1.0277134122006
6558.4951322664	1.0247410136332
6558.5201836225	1.0213150064533
6558.5452350742	1.0189507644714
6558.5702866216	1.0184413440625
6558.5953382647	1.018325484169
6558.6203900035	1.0209321597865
6558.6454418395	1.0233074294583
6558.6704937696	1.0271187613284
6558.6955457955	1.0275798791119
6558.720597917	1.0243667507207
6558.7456501343	1.0198112854675
6558.7707024472	1.0158398192999
6558.7957548558	1.011033643974
6558.8208073601	1.0064414113088
6558.8458599602	1.0085020388774
6558.8709126559	1.0106542561255
6558.8959654472	1.0176895207151
6558.9210183343	1.0232776471784
6558.9460713171	1.0241586263844
6558.9711243956	1.0246532710636
6558.9961775698	1.0252851556815
6559.0212308396	1.0250526046827
6559.0462842052	1.0249989634451
6559.0713376664	1.0284426027256
6559.0963912234	1.0322819721545
6559.1214448775	1.0379867368529
6559.1464986259	1.0430872038314
6559.1715524699	1.0380857174636
6559.1966064097	1.0350486010609
6559.2216604451	1.0381522265379
6559.2467145763	1.037973458169
6559.2717688031	1.0341709056379
6559.2968231256	1.0312815719011
6559.3218775439	1.0285366698906
6559.3469320578	1.0222157696285
6559.3719866674	1.0149122839328
6559.3970413728	1.0065266136853
6559.4220961738	0.99732808435345
6559.4471510705	0.97394892535578
6559.472206063	0.95193094747874
6559.4972611511	0.93619299319333
6559.522316335	0.92517716720623
6559.5473716145	0.92562811708919
6559.5724269898	0.93414470592916
6559.5974824607	0.9512366823969
6559.6225380289	0.95990884189933
6559.6475936913	0.96411049251579
6559.6726494493	0.97442117677945
6559.6977053031	0.98642604428233
6559.7227612526	0.99647889834858
6559.7478172978	1.0052601573801
6559.7728734386	1.0111644921051
6559.7979296752	1.0179131382325
6559.8229860075	1.0228589531583
6559.8480424355	1.0272739902588
6559.8730989593	1.0327024579472
6559.8981555787	1.0363027535539
6559.9232122938	1.0367822703562
6559.9482691047	1.0368610348394
6559.9733260112	1.0378204757454
6559.9983830135	1.0361218288393
6560.0234401114	1.0330315006902
6560.0484973051	1.0278404814586
6560.0735545945	1.0223589162387
6560.0986119811	1.0147428391421
6560.1236694619	1.0075549757212
6560.1487270385	1.0005348431523
6560.1737847107	0.99497508356107
6560.1988424786	0.99088969101485
6560.2239003423	0.99005329410335
6560.2489583017	0.99156267502795
6560.2740163568	0.99657555273055
6560.2990745076	1.0025635860555
6560.3241327541	1.0018213951389
6560.3491910963	1.0010309682038
6560.3742495343	1.002530509579
6560.3993080679	1.0009073047402
6560.4243666973	0.98767797849654
6560.4494254224	0.97555201998595
6560.4744842432	0.96551667827208
6560.4995431597	0.95573555909514
6560.524602172	0.94675896617518
6560.5496612799	0.94112911007117
6560.5747204851	0.93603868272848
6560.5997797845	0.94485439046201
6560.6248391796	0.95845916047346
6560.6498986704	0.96642122058182
6560.674958257	0.97388316443174
6560.7000179393	0.98298381033185
6560.7250777173	0.99193106525241
6560.750137591	1.0040187535669
6560.7751975604	1.0113921594989
6560.8002576256	1.0108192907335
6560.8253177864	1.0126339354219
6560.850378043	1.0169880914885
6560.8754383953	1.0158604661466
6560.9004988434	1.0122273923542
6560.9255593872	1.016406701855
6560.9506200266	1.0191053826501
6560.9756807618	1.017628440069
6561.0007415928	1.0166617996153
6561.0258025194	1.0180390565424
6561.0508635418	1.0180590120817
6561.0759246614	1.0147892977188
6561.1009858753	1.0115453299801
6561.1260471848	1.0074977047366
6561.1511085901	1.0055803453472
6561.1761700911	1.0055925531832
6561.2012316879	1.0067656588147
6561.2262933803	1.0075819001816
6561.2513551685	1.0057309855503
6561.2764170525	1.0056444060518
6561.3014790321	1.0074161255784
6561.3265411075	1.0079961948127
6561.3516032786	1.0073633827457
6561.3766655454	1.0072858786463
6561.401727908	1.007659376491
6561.4267903663	1.006897934147
6561.4518529203	1.0061587396013
6561.4769155701	1.0032935910947
6561.5019783156	0.99866080437971
6561.5270411568	0.99744782832062
6561.5521040953	0.99604678520709
6561.577167128	0.9973886341701
6561.6022302564	0.99758001713019
6561.6272934805	0.99636415065783
6561.6523568004	0.9941678264445
6561.6774202161	0.99033525230622
6561.7024837274	0.98711219863205
6561.7275473345	0.9835296838846
6561.7526110373	0.97832834464717
6561.7776748359	0.9714623337928
6561.8027387302	0.96173239958225
6561.8278027202	0.95159042092731
6561.852866806	0.94660162209077
6561.8779309875	0.94184186115446
6561.9029952647	0.9329137307691
6561.9280596377	0.9251228447953
6561.9531241064	0.91855808508219
6561.9781886709	0.91025164342365
6562.0032533311	0.90044421258603
6562.0283180885	0.8870924629656
6562.0533829402	0.87345912124195
6562.0784478876	0.8599770759367
6562.1035129308	0.84663491415582
6562.1285780697	0.83215817836128
6562.1536433043	0.81733031947977
6562.1787086347	0.80312667897715
6562.2037740608	0.78950858041518
6562.2288395826	0.77629405986257
6562.2539052002	0.76575967668159
6562.2789709136	0.75816889702099
6562.3040367227	0.74667153293884
6562.3291026275	0.73290316899991
6562.3541686281	0.72364911614144
6562.3792347244	0.7160233370785
6562.4043009165	0.71092015016457
6562.4293672043	0.70476657989006
6562.4544335878	0.69847775628527
6562.4795000671	0.69430346586173
6562.5045666422	0.69320553155033
6562.5296333145	0.69182666548481
6562.554700081	0.68917202573728
6562.5797669433	0.68602480954012
6562.6048339013	0.68313036396471
6562.6299009551	0.68277689803507
6562.6549681046	0.68325268493113
6562.6800353499	0.68202204708427
6562.7051026909	0.6802572299765
6562.7301701277	0.67783101637084
6562.7552376602	0.67656034821701
6562.7803052885	0.67550767602845
6562.8053730125	0.67511114585064
6562.8304408323	0.67654479435413
6562.8555087478	0.67815336675662
6562.8805767591	0.67997714500478
6562.9056448661	0.68168438866126
6562.9307130689	0.68267468307365
6562.9557813674	0.68428014520538
6562.9808497617	0.68560653478856
6563.0059182533	0.68628208685196
6563.0309868391	0.68748353898719
6563.0560555206	0.68960184236564
6563.0811242979	0.69326678893869
6563.106193171	0.69826713218968
6563.1312621398	0.70205044475654
6563.1563312044	0.70580774962963
6563.1814003647	0.71094311963632
6563.2064696208	0.71671536330513
6563.2315389726	0.72044444370102
6563.2566084202	0.7224685477467
6563.2816779635	0.72898740589293
6563.3067476026	0.73584658400476
6563.3318173375	0.74217786681101
6563.3568871681	0.75034434275683
6563.3819570945	0.76263639239547
6563.4070271167	0.77607384240266
6563.4320972346	0.7899858568472
6563.4571674482	0.80521553163539
6563.4822377592	0.82083648534542
6563.5073081643	0.83789510078946
6563.5323786653	0.85498884967384
6563.557449262	0.86861057757731
6563.5825199545	0.88213984015431
6563.6075907427	0.89724640778675
6563.6326616267	0.9110542935389
6563.6577326064	0.92262422847123
6563.6828036819	0.93215835213211
6563.7078748532	0.93792535751291
6563.7329461203	0.94369369363297
6563.7580174831	0.94954350515458
6563.7830889416	0.9525047902775
6563.808160496	0.95571180177635
6563.8332321461	0.95825140111933
6563.8583038919	0.95833560643425
6563.8833757336	0.94601402471157
6563.908447671	0.93711315649814
6563.9335197041	0.93558908299494
6563.9585918346	0.93255123821995
6563.9836640593	0.92791811727499
6564.0087363798	0.92734121468454
6564.033808796	0.92919975718306
6564.058881308	0.93303742308281
6564.0839539158	0.93836439533605
6564.1090266193	0.94532613730863
6564.1340994187	0.95126234513324
6564.1591723137	0.95586843732982
6564.1842453046	0.96083478592208
6564.2093183912	0.96637092026353
6564.2343915736	0.97210640183873
6564.2594648518	0.97820861451778
6564.2845382257	0.98403061286478
6564.3096116954	0.98917555358178
6564.3346852609	0.99242542616918
6564.3597589222	0.99580896068719
6564.3848326792	0.99433274828813
6564.409906532	0.99236544490989
6564.4349804806	0.99316007749978
6564.4600545265	0.99372836172895
6564.4851286666	0.99201873177291
6564.5102029025	0.98944107372278
6564.5352772342	0.98599835299141
6564.5603516616	0.98195381487983
6564.5854261849	0.9774508910994
6564.6105008039	0.97619154315964
6564.6355755187	0.97415572584607
6564.6606503292	0.97635665878418
6564.6857252356	0.97888935268436
6564.7108002377	0.98414770414875
6564.7358753356	0.98920010441143
6564.7609505293	0.99219595545299
6564.7860258187	0.99335653355986
6564.811101204	0.99169702715077
6564.836176685	0.98946297607901
6564.8612522618	0.98813486204539
6564.8863279343	0.98957550677924
6564.9114037027	0.99168437660935
6564.9364795684	0.99190638480888
6564.9615555283	0.99280298216311
6564.986631584	0.9961190147396
6565.0117077355	0.99660025877495
6565.0367839827	0.99033982977349
6565.0618603258	0.98795213017587
6565.0869367646	0.99067347476315
6565.1120132992	0.99223015849304
6565.1370899296	0.99242293918423
6565.1621666558	0.99432469703543
6565.1872434778	0.99823796063562
6565.2123203956	0.99633045565435
6565.2373974091	0.992851481015
6565.2624745184	0.99055532782226
6565.2875517236	0.98644343716479
6565.3126290245	0.97549053244164
6565.3377064212	0.96757434376442
6565.3627839136	0.9640279388065
6565.3878615019	0.9599910712133
6565.4129391875	0.95602105201564
6565.4380169673	0.9488312953136
6565.4630948429	0.93790798955393
6565.4881728144	0.94127305546905
6565.5132508816	0.94492484092749
6565.5383290446	0.94688795602315
6565.5634073034	0.95205826416516
6565.588485658	0.96480463066186
6565.6135641083	0.97712957261303
6565.6386426545	0.98837258128135
6565.6637212965	0.99405108485771
6565.6888000342	0.99511884400537
6565.7138788678	0.99504377763733
6565.7389577971	0.99595832758593
6565.7640368222	0.99489474738153
6565.7891159432	0.99345250005555
6565.8141951599	0.99044488664296
6565.8392744724	0.9892443621778
6565.8643538807	0.98913800933189
6565.8894333848	0.99030811000322
6565.9145129862	0.99368450023589
6565.9395926819	0.99841328331542
6565.9646724734	1.0023165782437
6565.9897523607	1.0098921386385
6566.0148323438	1.0190380209211
6566.0399124227	1.0168852162654
6566.0649925973	1.0142194266213
6566.0900728678	1.012813281801
6566.1151532341	1.0120886554012
6566.1402336962	1.0132261156247
6566.1653142541	1.0135026109508
6566.1903949077	1.0127532001841
6566.2154756572	1.0151105909596
6566.2405565025	1.0190454157552
6566.2656374436	1.018072460457
6566.2907184804	1.0155831751967
6566.3157996131	1.0159585014266
6566.3408808416	1.0169300917618
6566.3659621659	1.0192640701528
6566.3910435875	1.0204946023531
6566.4161251034	1.0197266624236
6566.4412067151	1.0187969249437
6566.4662884226	1.0179964640915
6566.4913702259	1.0212150881445
6566.516452125	1.0261592191766
6566.5415341199	1.0194818042184
6566.5666162106	1.01112470405
6566.5916983971	1.008258009095
6566.6167806795	1.0062925816347
6566.6418630576	1.0057924733278
6566.6669455315	1.0055201889842
6566.6920281013	1.0065025757878
6566.7171107668	1.0087244789055
6566.7421935282	1.011008510432
6566.7672763854	1.0141165571429
6566.7923593384	1.0172066268005
6566.8174423871	1.0173632586489
6566.8425255317	1.0179861351263
6566.8676087737	1.0155367119248
6566.8926921099	1.0129585036775
6566.9177755419	1.0130314023333
6566.9428590697	1.0120838395214
6566.9679426934	1.010749060153
6566.9930264129	1.0095939441967
6567.0181102281	1.0107794534216
6567.0431941392	1.0131233685733
6567.0682781461	1.0168421776869
6567.0933622488	1.0202388983963
6567.1184464473	1.0198444409478
6567.1435307417	1.0200162245268
6567.1686151318	1.0188236991597
6567.1936996178	1.016743454315
6567.2187841996	1.0172593117544
6567.2438688772	1.0181707591408
6567.2689536506	1.0150204384668
6567.2940385198	1.010855997385
6567.3191234849	1.0102213422842
6567.3442085472	1.011367153042
6567.3692937039	1.0112105393173
6567.3943789564	1.0104681174548
6567.4194643047	1.0123672324441
6567.4445497488	1.0149797627083
6567.4696352888	1.0190664876349
6567.4947209246	1.0228184106661
6567.5198066561	1.0228098448627
6567.5448924835	1.021808605355
6567.5699784068	1.0208599950885
6567.5950644258	1.0186636518457
6567.6201505407	1.0201404873473
6567.6452367514	1.0244451904959
6567.6703230579	1.026598085421
6567.6954094602	1.0275808846594
6567.7204959584	1.0291482635588
6567.7455825523	1.0305318354523
6567.7706692421	1.0292924528657
6567.7957560277	1.0257033935952
6567.8208429092	1.0235869989167
6567.845929888	1.0232025597104
6567.8710169611	1.0217364375442
6567.89610413	1.0197075805102
6567.9211913947	1.0203013703393
6567.9462787553	1.0239008101668
6567.9713662117	1.0243689196992
6567.9964537639	1.0203181972092
6568.0215414119	1.0187795670164
6568.0466291558	1.0218000372974
6568.0717169955	1.024392578391
6568.096804931	1.0233955284807
6568.1218929624	1.0203812561684
6568.1469810896	1.0164866993592
6568.1720693126	1.0153360027394
6568.1971576314	1.0180398271142
6568.2222460461	1.0190773522231
6568.2473345566	1.0175401526949
6568.2724231629	1.016556202214
6568.2975118651	1.0184769226978
6568.3226006646	1.0219379574549
6568.3476895584	1.0246155008466
6568.3727785481	1.0253352334896
6568.3978676335	1.0252819671042
6568.4229568149	1.0253854344961
6568.448046092	1.023368398779
6568.473135465	1.0224409508721
6568.4982249338	1.0225908762056
6568.5233144985	1.0216977050335
6568.548404159	1.020527626563
6568.5734939153	1.0195268765084
6568.5985837674	1.0212377735787
6568.6236737154	1.0228627148455
6568.6487637592	1.0223701540639
6568.6738538989	1.0216056905925
6568.6989441344	1.0186790755092
6568.7240344657	1.0162789581221
6568.7491248929	1.0138099337718
6568.7742154159	1.010804455044
6568.7993060363	1.0043426319257
6568.8243967509	0.99803878567211
6568.8494875615	0.99223837627944
6568.8745784678	0.986926658788
6568.89966947	0.98342372246743
6568.9247605681	0.97966823285943
6568.9498517619	0.97563961457431
6568.9749430517	0.97187757177081
6569.0000344372	0.96069862739288
6569.0251259186	0.9486168401938
6569.0502174959	0.92580020633472
6569.075309169	0.90215980528194
6569.1004009379	0.87327417645745
6569.1254928027	0.84197616574967
6569.1505847633	0.81725335458116
6569.1756768197	0.79497440254091
6569.200768972	0.79659254182029
6569.2258612202	0.80516643637595
6569.2509535642	0.83159091160995
6569.276046004	0.86382847792403
6569.3011385412	0.89313386351088
6569.3262311727	0.92083903781321
6569.3513239001	0.94417527510779
6569.3764167233	0.96573823510817
6569.4015096424	0.98398339404581
6569.4266026573	1.000866699554
6569.451695768	1.0116919634107
6569.4767889746	1.0181941423438
6569.5018822771	1.0243838409
6569.5269756754	1.03184069886
6569.5520691695	1.0396129934484
6569.5771627595	1.046671386479
6569.6022564454	1.0463548095006
6569.6273502271	1.0416892178149
6569.6524441046	1.0377019049518
6569.677538078	1.0329162916581
6569.7026321473	1.0268489938268
6569.7277263124	1.0204815382158
6569.7528205733	1.0141182620981
6569.7779149316	1.0091649566362
6569.8030093843	1.0048403037804
6569.8281039328	0.9995428403443
6569.8531985772	0.99182705480341
6569.8782933174	0.98257824972151
6569.9033881535	0.97894780310155
6569.9284830854	0.98136986273737
6569.9535781132	0.98346614317915
6569.9786732368	0.98462143377643
6570.0037684563	0.98551436146287
6570.0288637716	0.98743216548723
6570.0539591828	0.99070352045403
6570.0790546899	0.99537476271595
6570.1041502928	0.99819466065214
6570.1292459916	0.99813626441374
6570.1543417862	0.99737355800339
6570.1794376767	0.99678323639407
6570.204533663	0.99607145967149
6570.2296297452	0.99450035115008
6570.2547259248	0.99444270252912
6570.2798221987	0.99678998699746
6570.3049185685	0.99871712519255
6570.3300150342	0.99936923133341
6570.3551115957	0.99967779126025
6570.380208253	0.99977913960597
6570.4053050063	0.9988226140792
6570.4304018554	0.99338622711658
6570.4554988003	0.98758810218051
6570.4805958411	0.97972297321684
6570.5056929778	0.97104780774095
6570.5307902103	0.95951852723069
6570.5558875387	0.94926232158932
6570.580984963	0.9452029287132
6570.6060824831	0.94188228173033
6570.6311800991	0.94215835595826
6570.656277811	0.9420162928135
6570.6813756187	0.94232407786076
6570.7064735223	0.94160700036141
6570.7315715217	0.93829679966678
6570.7566696186	0.93514868545365
6570.7817678098	0.93832939436857
6570.8068660968	0.94168849477533
6570.8319644797	0.94812679477302
6570.8570629585	0.95497960737438
6570.8821615332	0.9569429932947
6570.9072602037	0.95971879111915
6570.9323589701	0.96072854210646
6570.9574578324	0.96245751487583
6570.9825567905	0.96416257993399
6571.0076558445	0.96562988467718
6571.0327549944	0.9674823274015
6571.0578542401	0.96853084802112
6571.0829535817	0.96334318465781
6571.1080530192	0.9588066207551
6571.1331525526	0.96116524952245
6571.1582521818	0.96313851435546
6571.1833519069	0.97340140505444
6571.2084517279	0.98567097628978
6571.2335516463	0.99152798490692
6571.258651659	0.99556342947364
6571.2837517676	0.99778989960238
6571.3088519721	1.0011281534785
6571.3339522724	1.0061964851411
6571.3590526686	1.0098976545765
6571.3841531607	1.0080795647323
6571.4092537487	1.0069067645584
6571.4343544326	1.0084065172855
6571.4594552123	1.0083178743879
6571.4845560879	1.006831272304
6571.5096570594	1.0052596517239
6571.5347581267	1.0051246449853
6571.55985929	1.0059531452461
6571.5849605491	1.0084745485689
6571.6100619041	1.0115879898879
6571.6351633549	1.0133867752039
6571.6602649017	1.0145797161818
6571.6853665443	1.0132364879924
6571.7104682844	1.012146056897
6571.7355701188	1.0136780329788
6571.760672049	1.0154718982327
6571.7857740752	1.0157431884811
6571.8108761972	1.0140393664621
6571.8359784151	1.0124706832584
6571.8610807289	1.0119899518109
6571.8861831386	1.0089353893154
6571.9112856442	1.0038352316038
6571.9363882456	1.0011922920421
6571.961490943	1.0012705556998
6571.9865937362	1.0004966833006
6572.0116966253	0.9985452677423
6572.0367996103	0.9974360271729
6572.0619026912	0.99653619240006
6572.0870058679	0.99309338932757
6572.1121091406	0.9877465635347
6572.1372125091	0.98477167291527
6572.1623159735	0.98431277446874
6572.1874195354	0.98272483259821
6572.2125231915	0.97976690910045
6572.2376269436	0.98061249651269
6572.2627307916	0.98513110148741
6572.2878347355	0.99146151366337
6572.3129387752	0.99986465070802
6572.3380429108	1.0032225619487
6572.3631471424	1.0021499914803
6572.3882514698	1.0018856661857
6572.4133558931	1.0013731621883
6572.4384604123	0.99901321504157
6572.4635650274	0.99179705872578
6572.4886697384	0.98370275456806
6572.5137745452	0.97433308100607
6572.538879448	0.96119455716267
6572.5639844467	0.94685461062424
6572.5890895412	0.93095272927745
6572.6141947317	0.91253078776341
6572.639300018	0.89137081451365
6572.6644054002	0.86204497609481
6572.6895108799	0.83292865435474
6572.7146164539	0.80463781350938
6572.7397221238	0.78397838607765
6572.7648278897	0.77875531868404
6572.7899337514	0.78054471034181
6572.815039709	0.79861835716625
6572.8401457625	0.82127867635174
6572.8652519119	0.85517272102524
6572.8903581572	0.88756739452219
6572.9154644984	0.91600675158132
6572.9405709355	0.94086270257663
6572.9656774684	0.95992569239884
6572.9907840973	0.97784843817047
6573.0158908221	0.98726559965458
6573.0409976428	0.99456190396923
6573.0661045594	0.99554344256428
6573.0912115719	0.99799068860257
6573.1163186803	1.0029602987813
6573.1414258846	1.0082488582938
6573.1665331863	1.0125510564434
6573.1916405824	1.0178977669292
6573.2167480744	1.0231257871946
6573.2418556623	1.0271379092985
6573.2669633461	1.0278959575311
6573.2920711258	1.0272601098965
6573.3171790014	1.0271242758092
6573.3422869729	1.0244853995915
6573.3673950404	1.0196449954643
6573.3925032037	1.0155636816515
6573.4176114629	1.01072439652
6573.442719818	1.0059256101277
6573.4678282691	1.0029360768239
6573.492936816	1.0022884812322
6573.5180454589	1.003622368188
6573.5431541976	1.0043104875505
6573.5682630323	1.0032006058428
6573.5933719629	1.0009831417358
6573.6184809894	0.99619092114202
6573.6435901133	0.99186500741445
6573.6686993316	0.98744365003134
6573.6938086458	0.98340060190521
6573.7189180559	0.98390270983653
6573.7440275619	0.9843200961156
6573.7691371639	0.987572647512
6573.7942468617	0.98967538154459
6573.8193566555	0.98937214709642
6573.8444665452	0.99047277584018
6573.8695765308	0.99084340764513
6573.8946866123	0.98911062500478
6573.9197967897	0.98768981614232
6573.944907063	0.98627056541572
6573.9700174322	0.97708299921849
6573.9951278974	0.96833509219728
6574.0202384584	0.94892069225393
6574.0453491154	0.93069318285827
6574.0704598683	0.90528268589295
6574.0955707171	0.88057249671913
6574.1206816618	0.84945317579115
6574.145792704	0.81591621688327
6574.1709038405	0.79587789267864
6574.196015073	0.77708431182629
6574.2211264014	0.78486660016309
6574.2462378257	0.79552841984332
6574.2713493459	0.82295878485023
6574.2964609621	0.85260818274934
6574.3215726741	0.8806239719593
6574.3466844821	0.90740382616213
6574.371796386	0.92854898577182
6574.3969083858	0.95006928703569
6574.4220204816	0.96343585183862
6574.4471326732	0.97704053597756
6574.4722449608	0.98861569960677
6574.4973573443	0.99951489503069
6574.5224698237	1.0035610867565
6574.5475823991	1.004604979737
6574.5726950703	1.0064307579051
6574.5978078375	1.0077305747083
6574.6229207021	1.0049520329687
6574.6480336612	1.0008505243987
6574.6731467161	0.9956002688072
6574.698259867	0.99034554696485
6574.7233731138	0.98232713602964
6574.7484864565	0.97438472407866
6574.7735998952	0.96502680325124
6574.7987134297	0.95660152863302
6574.8238270602	0.93698573564805
6574.8489407867	0.91286265830116
6574.874054609	0.87988035058929
6574.8991685273	0.8440928585215
6574.9242825415	0.80991181118024
6574.9493966517	0.77560702295375
6574.9745108577	0.75991319456831
6574.9996251597	0.75298531220047
6575.0247395576	0.76409513656141
6575.0498540515	0.78222272068652
6575.0749686413	0.81060476745579
6575.1000833285	0.84507783284766
6575.1251981101	0.87650468557985
6575.1503129877	0.90534692510942
6575.1754279612	0.92163917535939
6575.2005430306	0.93177253631665
6575.225658196	0.93510414587578
6575.2507734573	0.9335638173923
6575.2758888145	0.93936551085151
6575.3010042677	0.94649299935163
6575.3261198168	0.9547448893507
6575.3512354618	0.96519852542434
6575.3763512028	0.97585744646741
6575.4014670397	0.9862168100468
6575.4265829725	0.99311149584949
6575.4516990013	0.99883933366701
6575.476815126	1.0022374068985
6575.5019313466	1.0047003711459
6575.5270476632	1.0028380594989
6575.5521640757	0.99804536410826
6575.5772805841	0.996708006013
6575.60239719	0.99801570548793
6575.6275138903	0.99674135829619
6575.6526306866	0.99348969139282
6575.6777475788	0.9901567668336
6575.7028645669	0.9857419143837
6575.727981651	0.98110636883947
6575.753098831	0.97755584973298
6575.778216107	0.97306040495111
6575.8033334788	0.96807078305762
6575.8284509467	0.9666724657541
6575.8535685104	0.96775388725428
6575.8786861702	0.96668256705247
6575.9038039258	0.96423600483409
6575.9289217774	0.96852977638433
6575.954039725	0.97787595569149
6575.9791577684	0.98415917980945
6576.0042759079	0.98531560816673
6576.0293941432	0.98584122269348
6576.0545124745	0.98544713507574
6576.0796309033	0.98102672066413
6576.1047494265	0.97435952715278
6576.1298680456	0.96244786017022
6576.1549867607	0.94699710576293
6576.1801055718	0.93864530766108
6576.2052244787	0.94004811800006
6576.2303434817	0.94022209095974
6576.2554625805	0.93754659367754
6576.2805817754	0.93651154007263
6576.3057010661	0.93627633073407
6576.3308204528	0.9371235194706
6576.3559399355	0.93835944008868
6576.3810595141	0.93875996896524
6576.4061791887	0.93918514503226
6576.4312989592	0.93967408403998
6576.4564188256	0.93968904756238
6576.4815387881	0.93835624941973
6576.5066588464	0.93507704137702
6576.5317790007	0.93365725013203
6576.5568992525	0.93538412676803
6576.5820195987	0.93781311566779
6576.6071400409	0.94103112791839
6576.632260579	0.94502061060169
6576.6573812131	0.94944566256521
6576.6825019431	0.95030430368719
6576.707622769	0.94735016305028
6576.732743691	0.94552851780224
6576.7578647089	0.94352131186987
6576.7829858227	0.93965394545724
6576.8081070325	0.93171695273646
6576.8332283382	0.92579895169764
6576.8583497399	0.92578050603128
6576.8834712376	0.92872436850123
6576.9085928312	0.93510896937512
6576.9337145208	0.94102090263417
6576.9588363063	0.94558574142787
6576.9839581878	0.95011423515435
6577.0090801652	0.95845745112331
6577.0342022401	0.9642969743686
6577.0593244095	0.96033803072436
6577.0844466748	0.95675675256358
6577.1095690361	0.95845541467776
6577.1346914933	0.96162225370672
6577.1598140465	0.96599381372943
6577.1849366956	0.9702840973719
6577.2100594408	0.972882000262
6577.2351822818	0.97366098111355
6577.2603052189	0.97278150701474
6577.2854282519	0.97333899182506
6577.3105513808	0.97586642717418
6577.3356746058	0.97831756416391
6577.3607979266	0.97872676221348
6577.3859213435	0.97873167354872
6577.4110448563	0.98053296147728
6577.4361684651	0.97885346121841
6577.4612921698	0.97006426457438
6577.4864159705	0.96388827707055
6577.5115398672	0.96191855213287
6577.5366638613	0.96119866388799
6577.5617879499	0.96328233463933
6577.5869121345	0.96424680938376
6577.612036415	0.96210227527349
6577.6371607915	0.96038931745478
6577.662285264	0.96238119577728
6577.6874098324	0.965025710502
6577.7125344968	0.96670404740474
6577.7376592572	0.96702793959246
6577.7627841135	0.96886156726902
6577.7879090658	0.97224401348389
6577.8130341141	0.97310657177138
6577.8381592584	0.97298168131331
6577.8632844986	0.97160252570399
6577.8884098348	0.96986629573872
6577.9135352669	0.96983845101466
6577.938660795	0.96898904425716
6577.9637864191	0.96453896106483
6577.9889121392	0.96172956821911
6578.0140379568	0.96318401650099
6578.0391638688	0.96377989083978
6578.0642898768	0.9616807357834
6578.0894159807	0.96048955900554
6578.1145421807	0.9643289765432
6578.1396684766	0.96839360418135
6578.1647948685	0.96840304314741
6578.1899213563	0.9679611913219
6578.2150479402	0.96888140693446
6578.24017462	0.96912955514974
6578.2653013958	0.96765608064932
6578.2904282675	0.96730076088088
6578.3155552353	0.97021795502431
6578.340682299	0.97295227847858
6578.3658094587	0.97420693510352
6578.3909367143	0.97535757420469
6578.416064066	0.97717679705966
6578.4411915136	0.97618639804276
6578.4663190572	0.96876799504992
6578.4914466983	0.96429721793111
6578.5165744339	0.96292043167158
6578.5417022654	0.95990165910915
6578.566830193	0.95754606402181
6578.5919582165	0.95566582270411
6578.6170863359	0.95171396669383
6578.6422145514	0.94820674346984
6578.6673428629	0.94832688669399
6578.6924712703	0.94861978593649
6578.7175997737	0.94805933168856
6578.7427283731	0.94723968818289
6578.7678570685	0.9455435324684
6578.7929858599	0.94351097486314
6578.8181147472	0.94104116099273
6578.8432437305	0.93999810558992
6578.8683728098	0.94197654959304
6578.8935019851	0.94309360245886
6578.9186312564	0.9425562795894
6578.9437606237	0.94239661932516
6578.968890087	0.94550674828312
6578.9940196477	0.94857358139659
6579.019149303	0.9507735342052
6579.0442790542	0.9520719073769
6579.0694089014	0.94931440534095
6579.0945388446	0.94681352912325
6579.1196688838	0.94555091819138
6579.1447990189	0.94324693389081
6579.1699292501	0.9379490030629
6579.1950595773	0.93477124346039
6579.2201900004	0.93601087149884
6579.2453205195	0.93758339848407
6579.2704511346	0.94226173111882
6579.2955818458	0.94539117908053
6579.3207126529	0.94161631077657
6579.345843556	0.93778433229223
6579.3709745551	0.93499002208919
6579.3961056501	0.93427622239351
6579.4212368412	0.94050739719796
6579.4463681283	0.94636784575574
6579.4714995128	0.94906250171081
6579.4966309919	0.94906193459329
6579.5217625669	0.94527712415298
6579.546894238	0.94434315543084
6579.572026005	0.94644340149498
6579.5971578681	0.94702989035042
6579.6222898271	0.94775568161387
6579.6474218821	0.9489713923102
6579.6725540331	0.94945500775459
6579.6976862801	0.94914340086988
6579.7228186232	0.94797142355357
6579.7479510622	0.94641940310011
6579.7730835972	0.94155931083781
6579.7982162282	0.93765377384444
6579.8233489552	0.9375393264995
6579.8484817782	0.93502110106327
6579.8736146972	0.92569184389547
6579.8987477122	0.91851884722304
6579.9238808232	0.91968726830334
6579.9490140317	0.92070715557774
6579.9741473347	0.91947340155467
6579.9992807338	0.91852922635872
6580.0244142288	0.91814702657887
6580.0495478198	0.91642536556605
6580.0746815068	0.90996201337493
6580.0998152898	0.90311932141778
6580.1249491688	0.89341427587906
6580.1500831438	0.88536699599965
6580.1752172149	0.88489873820843
6580.2003513819	0.88635928286308
6580.2254856449	0.89301197511007
6580.250620004	0.90080759815285
6580.275754459	0.91153307244047
6580.3008890101	0.92095740601368
6580.3260236571	0.92708055569149
6580.3511584002	0.93394345252378
6580.3762932393	0.94329096789646
6580.4014281743	0.94986885417388
6580.4265632069	0.94851975875324
6580.451698334	0.94663779425363
6580.4768335571	0.9441307689528
6580.5019688762	0.94427469999078
6580.5271042913	0.9462009730288
6580.5522398025	0.94647916758129
6580.5773754096	0.94735159216438
6580.6025111128	0.94678232192269
6580.6276469119	0.94038914791033
6580.6527828071	0.93487927484457
6580.6779187983	0.93300180476996
6580.7030548854	0.92971708321858
6580.7281910686	0.92300337139527
6580.7533273479	0.91720367453938
6580.7784637231	0.91240802289574
6580.8036001943	0.90806713864619
6580.8287367616	0.9064465830856
6580.8538734248	0.90293748415647
6580.8790101841	0.89411971866628
6580.9041470394	0.88699844346838
6580.9292839922	0.88458418769942
6580.9544210396	0.88111780545879
6580.9795581829	0.87357875914819
6581.0046954223	0.86407688291016
6581.0298327576	0.85063595557338
6581.054970189	0.83660852683205
6581.0801077164	0.81880979062823
6581.1052453399	0.8007237760174
6581.1303830593	0.78284657688209
6581.1555208748	0.76976509081095
6581.1806587862	0.76639416809446
6581.2057967937	0.76945758302428
6581.2309348972	0.78763337973874
6581.2560730968	0.80837561075201
6581.2812113923	0.83597655066028
6581.3063497839	0.86162775438613
6581.3314882715	0.88450191397412
6581.3566268551	0.90229805770708
6581.3817655348	0.90965099036675
6581.4069043119	0.91484963193542
6581.4320431836	0.91516552264503
6581.4571821513	0.91550170044095
6581.482321215	0.91659788927836
6581.5074603748	0.91915232534652
6581.5325996306	0.92051631796922
6581.5577389824	0.92081969716384
6581.5828784302	0.92247955256237
6581.608017974	0.92563509523719
6581.6331576139	0.92824805195742
6581.6582973498	0.92957076961345
6581.6834371817	0.92973470295837
6581.7085771097	0.92921464893104
6581.7337171336	0.9296369228582
6581.7588572536	0.93008384060219
6581.7839974697	0.92994106951016
6581.8091377817	0.92959969567196
6581.8342781898	0.92761702049607
6581.8594186939	0.92803367474293
6581.8845592956	0.93014791679109
6581.9096999918	0.93029008517624
6581.9348407839	0.9290644185867
6581.9599816722	0.92858443019448
6581.9851226564	0.92745061664585
6582.0102637367	0.92356373547664
6582.0354049131	0.91805740881016
6582.0605461854	0.91450547736519
6582.0856875538	0.91331806217798
6582.1108290182	0.91074436977683
6582.1359705787	0.90672903292256
6582.1611122351	0.90602462840007
6582.1862539877	0.91130001937527
6582.2113958362	0.9184733127787
6582.2365377808	0.91730520935959
6582.2616798214	0.91834315115672
6582.286821958	0.92000669301967
6582.3119641907	0.91984327255773
6582.3371065195	0.92327530118572
6582.3622489442	0.93105582973335
6582.3873914665	0.93923797759533
6582.4125340834	0.93862227346159
6582.4376767962	0.93744976717543
6582.4628196051	0.93507890981591
6582.4879625101	0.92507661823176
6582.513105511	0.91751860890747
6582.538248608	0.90623118759476
6582.5633918011	0.90065278324852
6582.5885350902	0.89902124354699
6582.6136784753	0.89717033863605
6582.6388219565	0.89582214349847
6582.6639655337	0.89580280903889
6582.689109207	0.89961141463359
6582.7142529763	0.90240676278162
6582.7393968416	0.90058260462895
6582.764540803	0.89713469044725
6582.7896848604	0.89093565727668
6582.8148290139	0.88511767370413
6582.8399732634	0.87811573671871
6582.8651176104	0.87711509700312
6582.890262052	0.88637331680526
6582.9154065897	0.8926095606419
6582.9405512233	0.90091212003692
6582.9656959531	0.90922738574847
6582.9908407788	0.91643055534508
6583.0159857006	0.91964442048281
6583.0411307185	0.9218404763594
6583.0662758324	0.9202232118606
6583.0914210423	0.91158148746574
6583.1165663483	0.8977713794954
6583.1417117504	0.89186791915681
6583.1668572485	0.88905839372722
6583.1920028426	0.88501224264588
6583.2171485328	0.88543703935407
6583.242294319	0.88692075955395
6583.2674402013	0.8912188276845
6583.2925861797	0.89191361921941
6583.317732254	0.89623050603359
6583.342878426	0.90271271067566
6583.3680246925	0.90109624189545
6583.393171055	0.89816331595861
6583.4183175136	0.89663013768074
6583.4434640682	0.89661446953242
6583.4686107189	0.89569303829323
6583.4937574657	0.88906049365395
6583.5189043085	0.87515994327837
6583.5440512473	0.86768230995893
6583.5691982822	0.85509961737471
6583.5943454132	0.85983238978249
6583.6194926402	0.8953860475516
6583.6446399632	0.88672813318205
6583.6697873823	0.88560306165368
6583.6949348975	0.8842303123262
6583.7200825087	0.89318871362606
6583.745230216	0.90773322196867
6583.7703780194	0.91505251708292
6583.7955259188	0.91857491284297
6583.8206739142	0.91941093723032
6583.8458220072	0.92231813097884
6583.8709701948	0.92284042430708
6583.8961184784	0.92802188139387
6583.9212668581	0.92913653109735
6583.9464153339	0.9206547737234
6583.9715639057	0.92952625277309
6583.9967125735	0.93867288858074
6584.0218613374	0.94040289914243
6584.0470101974	0.95361263216202
6584.0721591535	0.97096203052196
6584.0973082056	0.97992535672725
6584.1224573537	0.97905933126893
6584.147606598	0.9810413368713
6584.1727559382	0.97566732465548
6584.1979053746	0.95989164844341
6584.223054907	0.95023558490353
6584.2482045355	0.94578318200247
6584.27335426	0.94568978027755
6584.2985040806	0.93795378010541
6584.3236539988	0.96937363344688
