6546.3763138336	0.81330538223155
6546.4013188996	0.85523809854543
6546.4263240611	0.89347576277631
6546.4513293182	0.92624667464912
6546.4763346707	0.95036313019801
6546.5013401188	0.96704256360808
6546.5263456624	0.98058547072336
6546.5513513015	0.99277599226882
6546.5763570361	0.99626891603239
6546.6013628662	0.99623860015174
6546.6263687918	0.99901220107855
6546.651374813	1.0037247849406
6546.6763809296	1.0043910446091
6546.7013871418	1.0053425672891
6546.7263934495	1.0078542880422
6546.7513998527	1.0094503377946
6546.7764063515	1.0054639693725
6546.8014129457	1.0034315049997
6546.826419637	1.0064283322492
6546.8514264222	1.0083307111507
6546.876433303	1.0077339918327
6546.9014402794	1.0014838921727
6546.9264473512	0.99188315150737
6546.9514545185	0.98565869493127
6546.9764617814	0.97988499056841
6547.0014691398	0.97675411715553
6547.0264765937	0.97585872519979
6547.0514841431	0.97756813185567
6547.0764917881	0.9788464870545
6547.1014995286	0.98175143388066
6547.1265073646	0.98623433195047
6547.1515152961	0.98559823547678
6547.1765233231	0.98278740571233
6547.2015314457	0.97679351665386
6547.2265396638	0.97176864735322
6547.2515479774	0.96681610905048
6547.2765563865	0.96191279165522
6547.3015648927	0.9591415056657
6547.3265734928	0.95829522891658
6547.3515821886	0.95755979938963
6547.3765909798	0.96055061932067
6547.4015998665	0.96563903846572
6547.4266088488	0.96891261541844
6547.4516179266	0.97173136039655
6547.4766271	0.97143931000471
6547.5016363688	0.9708812248851
6547.5266457332	0.96627285741997
6547.5516551931	0.96230647457755
6547.5766647486	0.95944972791867
6547.6016743996	0.95810741955132
6547.6266841461	0.96006361795886
6547.6516939881	0.96387915083131
6547.6767039257	0.96779792941097
6547.7017139588	0.97036007779411
6547.7267240874	0.97239461363063
6547.7517343115	0.97355210457895
6547.7767446312	0.97449913294082
6547.8017550479	0.97461916180405
6547.8267655587	0.97446670926797
6547.851776165	0.97735464504866
6547.8767868668	0.97965842158987
6547.9017976641	0.977512152989
6547.926808557	0.97519953186646
6547.9518195454	0.97267293780215
6547.9768306294	0.9688596842581
6548.0018418088	0.96548628242321
6548.0268530839	0.96130248593081
6548.0518644544	0.95589453972072
6548.0768759205	0.94754413889266
6548.1018874821	0.9370051970521
6548.1268991393	0.9325555598831
6548.151910892	0.92996490319462
6548.1769227402	0.93612490782464
6548.201934684	0.9437403947725
6548.2269467233	0.9526475990697
6548.2519588581	0.96205672431908
6548.27697109	0.96903610557952
6548.3019834159	0.97528045124797
6548.3269958374	0.98068013104681
6548.3520083544	0.98645364809666
6548.3770209669	0.99226238210891
6548.402033675	0.99790108589439
6548.4270464786	1.0032038188126
6548.4520593778	1.0062358597425
6548.4770723725	1.0074548240386
6548.5020854627	1.011160555147
6548.5270986485	1.0164724264572
6548.5521119298	1.0201700873985
6548.5771253067	1.0217214449881
6548.6021387791	1.0205839702763
6548.6271523471	1.0183469309815
6548.6521660106	1.0188246655947
6548.6771797696	1.0184515666007
6548.7021936242	1.0170439128661
6548.7272075744	1.0166504255399
6548.7522216216	1.015806860185
6548.7772357628	1.0136400280686
6548.8022499995	1.0111015216349
6548.8272643319	1.0098918958227
6548.8522787597	1.00874540395
6548.8772932831	1.003900791426
6548.9023079021	0.99742219334046
6548.9273226166	0.99278493496681
6548.9523374267	0.98973705228376
6548.9773523323	0.99284580708237
6549.0023673334	0.99775685771672
6549.0273824301	1.0044062683762
6549.0523976224	1.0113724615683
6549.0774129102	1.01843990245
6549.1024282935	1.0256682561711
6549.1274437724	1.0356374635411
6549.1524593469	1.0438707942197
6549.1774750169	1.0485700894723
6549.2024907825	1.0494885535521
6549.2275066436	1.0459655035843
6549.2525226018	1.0441087873673
6549.277538654	1.0415609122504
6549.3025548017	1.0367525147026
6549.3275710451	1.0299917570204
6549.3525873839	1.0215241580789
6549.3776038184	1.0142346209157
6549.4026203484	1.0130259207263
6549.4276369739	1.0117743858649
6549.452653695	1.0069190136939
6549.4776705116	1.0051132727869
6549.5026874239	1.006044177184
6549.5277044316	1.0063798338709
6549.5527215349	1.0065572327727
6549.5777387338	1.0075612095113
6549.6027560283	1.0092691096382
6549.6277734183	1.0097512134141
6549.6527909038	1.0099377570662
6549.6778084849	1.0093446723001
6549.7028261616	1.0084905596684
6549.7278439353	1.0104960893209
6549.7528618031	1.0130384118397
6549.7778797665	1.0141051486261
6549.8028978254	1.0143646171743
6549.8279159799	1.0147112291347
6549.8529342299	1.0149491980745
6549.8779525755	1.0132745797668
6549.9029710167	1.0112314948406
6549.9279895534	1.0095556827226
6549.9530081857	1.0113915463071
6549.9780269135	1.0163116904056
6550.0030457369	1.0217805756992
6550.0280646559	1.0258667039019
6550.0530836704	1.0281927051326
6550.0781027805	1.0287044303352
6550.1031219862	1.0208547249026
6550.1281412874	1.0114332974284
6550.1531606842	1.0007989226949
6550.1781801766	0.99029179525733
6550.203199766	0.97804374073449
6550.2282194495	0.96876779936947
6550.2532392286	0.96374338445146
6550.2782591032	0.96081431933613
6550.3032790734	0.9606262524696
6550.3282991392	0.96378334936348
6550.3533193006	0.96942419319868
6550.3783395575	0.97777089761712
6550.4033599099	0.98819157046652
6550.428380358	0.99398844580716
6550.4534009016	0.998148029714
6550.4784215408	1.0021206608812
6550.5034422755	1.0063517850031
6550.5284631059	1.0106440252126
6550.5534840318	1.0143139302036
6550.5785050533	1.0161593473409
6550.6035261703	1.0172781318615
6550.6285473829	1.0168384541659
6550.6535686911	1.0163379070014
6550.6785900949	1.0166948296747
6550.7036115957	1.017159216426
6550.7286331906	1.017029333154
6550.7536548811	1.0137500001538
6550.7786766672	1.0092578117566
6550.8036985488	1.0015887977198
6550.828720526	0.99206749250766
6550.8537425988	0.98759169476789
6550.8787647672	0.98514036201333
6550.9037870311	0.98487939781447
6550.9288093906	0.9839642383889
6550.9538318457	0.98547557528003
6550.9788543964	0.98790191476083
6551.0038770427	0.99148304411164
6551.0288997845	0.99333633261404
6551.0539226219	0.99422858967747
6551.0789455549	0.99586046964402
6551.1039685835	0.99920885808957
6551.1289917076	1.0028842069713
6551.1540149273	1.005625982292
6551.1790382442	1.0068341656677
6551.2040616551	1.0089366533605
6551.2290851615	1.0098784401874
6551.2541087636	1.008768035348
6551.2791324612	1.0038786808382
6551.3041562544	0.99907919275412
6551.3291801432	0.99515033376765
6551.3542041276	0.99130339686748
6551.3792282076	0.98789731926213
6551.4042523831	0.98429808149136
6551.4292766543	0.98011780937721
6551.454301021	0.97628254147039
6551.4793254833	0.97255856820443
6551.5043500412	0.9697694852349
6551.5293746947	0.96736450078092
6551.5543994437	0.95931408700607
6551.5794242884	0.95019618970843
6551.6044492286	0.93663927827839
6551.6294742645	0.92379945963875
6551.6544993974	0.91340163086115
6551.6795246244	0.90451882974215
6551.704549947	0.90073943802777
6551.7295753651	0.90397120104224
6551.7546008789	0.91767379902777
6551.7796264883	0.93513843860524
6551.8046521932	0.95580091988457
6551.8296779937	0.97264834305563
6551.8547038899	0.98699447421935
6551.8797298816	0.99295014035842
6551.9047559689	0.99675343150736
6551.9297821518	0.9987384637448
6551.9548084303	1.0003856453298
6551.9798348044	1.0002797264781
6552.004861274	0.99980354155134
6552.0298878393	0.99803699517356
6552.0549145002	0.99583274654774
6552.0799412566	0.99161999788823
6552.1049681087	0.98879960477945
6552.1299950578	0.98691331090029
6552.1550221011	0.98570056725002
6552.1800492399	0.98381482051035
6552.2050764744	0.98572390640645
6552.2301038044	0.98916382153407
6552.25513123	0.99137401011669
6552.2801587512	0.99341015432921
6552.3051863681	0.9917327598121
6552.3302140805	0.99018290126314
6552.3552418885	0.99072538106243
6552.3802697921	0.99118331376524
6552.4052977913	0.98852161325049
6552.4303258861	0.98767933533302
6552.4553540765	0.98993096347956
6552.4803823625	0.99175384781024
6552.5054107441	0.99272552327586
6552.5304392214	0.99385528120002
6552.5554677942	0.99491861020825
6552.5804964626	0.99445482577845
6552.6055252266	0.99235162468448
6552.6305540877	0.99000657481158
6552.6555830429	0.98674133328155
6552.6806120937	0.98730787210501
6552.7056412402	0.98806755656777
6552.7306704822	0.9884210316891
6552.7556998198	0.98976663120313
6552.7807292531	0.99355154136178
6552.8057587819	0.9973027705619
6552.8307884063	1.0004793512075
6552.8558181264	0.99881723480403
6552.880847942	0.99470297992645
6552.9058778533	0.99264663192545
6552.9309078602	0.99141115519833
6552.9559379626	0.9920699178244
6552.9809681607	0.99400342079272
6553.0059984544	0.99884013242894
6553.0310288437	1.0037894237398
6553.0560593286	1.0064861577548
6553.0810899091	1.0094426402904
6553.1061205867	1.0130194997595
6553.1311513585	1.0149005324642
6553.1561822258	1.0166350109858
6553.1812131888	1.0195447067198
6553.2062442473	1.0221112896752
6553.2312754015	1.0251829334857
6553.2563066513	1.0266134786613
6553.2813379967	1.0265592163693
6553.3063694377	1.0224999705247
6553.3314009743	1.0213523261995
6553.3564326065	1.020737030372
6553.3814643344	1.0202745804736
6553.4064961578	1.0202881110695
6553.4315280769	1.0170989258481
6553.4565600916	1.0138399455956
6553.4815922019	1.0096254931761
6553.5066244078	1.006882167552
6553.5316567093	1.0051128869167
6553.5566891064	1.0066245185512
6553.5817216007	1.0097463246198
6553.6067541891	1.01022419348
6553.6317868731	1.0095038844248
6553.6568196527	1.0103585321905
6553.6818525279	1.0124450940914
6553.7068854987	1.013349130457
6553.7319185652	1.0127034645877
6553.7569517273	1.0089867306412
6553.781984985	1.0055168254427
6553.8070183383	1.001832604185
6553.8320517872	0.99837835288647
6553.8570853318	0.99463336307288
6553.8821189719	0.99385078935625
6553.9071527077	0.99578876776952
6553.9321865392	0.99914704614297
6553.9572204662	1.004658481069
6553.9822544889	1.0146126378872
6554.0072886071	1.0253287808476
6554.032322821	1.025069883964
6554.0573571306	1.022687359208
6554.0823915372	1.0100024484549
6554.107426038	0.99113120110728
6554.1324606344	0.96212488832944
6554.1574953264	0.93232163011401
6554.1825301141	0.90205093111998
6554.2075649973	0.87915415876244
6554.2325999762	0.86299974030543
6554.2576350507	0.85966564397385
6554.2826702209	0.8634227700091
6554.3077054867	0.88399795521577
6554.3327408481	0.90862965533453
6554.3577763051	0.9303542167112
6554.3828118577	0.95138562161937
6554.407847506	0.97102761823958
6554.4328832499	0.98650388943656
6554.4579190895	0.9944236114687
6554.4829550246	1.000641190319
6554.5079910554	1.00432452618
6554.5330271819	1.0073279578
6554.5580634054	1.0099575861654
6554.5830997231	1.009406270584
6554.6081361364	1.0073870858514
6554.6331726454	1.004814214419
6554.65820925	1.0021325567974
6554.6832459502	0.99967850412041
6554.708282746	0.99814947501008
6554.7333196375	0.99390212575164
6554.7583566246	0.99004772947953
6554.7833937073	0.98901121813332
6554.8084308857	0.98774711833909
6554.8334681597	0.98644255519825
6554.8585055294	0.98547386703841
6554.8835429947	0.98323776653406
6554.9085805556	0.98269920597552
6554.9336182121	0.98474365446869
6554.9586559643	0.98664003530191
6554.9836938121	0.98888740808736
6555.0087317556	0.98844708524039
6555.0337697962	0.98709886838753
6555.0588079309	0.9840030396432
6555.0838461613	0.98158348727665
6555.1088844873	0.97881502611382
6555.133922909	0.97789677901422
6555.1589614262	0.97883329143768
6555.1840000392	0.98007985826466
6555.2090387477	0.98255315123843
6555.2340775519	0.98724139531353
6555.2591164518	0.99229095096701
6555.2841554473	0.99383291719994
6555.3091945384	0.99294244909457
6555.3342337252	0.98027884971539
6555.3592730076	0.96820565630076
6555.3843123856	0.95390527550388
6555.4093518593	0.93815244083278
6555.4343914287	0.9182634246713
6555.4594310936	0.90241195537196
6555.4844708543	0.89381594831668
6555.509510712	0.89034620456352
6555.534550664	0.89334092388288
6555.5595907115	0.90594256081408
6555.5846308547	0.92491734020245
6555.6096710936	0.94478644847518
6555.6347114281	0.96505272491275
6555.6597518582	0.97444248328478
6555.684792384	0.9823898400437
6555.7098330054	0.98413490393572
6555.7348737225	0.9846782954812
6555.7599145352	0.9849399610369
6555.7849554436	0.98422158928901
6555.8099964476	0.97935862871543
6555.8350375473	0.97502353002871
6555.8600787426	0.97285542724692
6555.8851200336	0.96992880920984
6555.9101614202	0.96652893930849
6555.9352029025	0.95564004502982
6555.9602444804	0.94250054202662
6555.9852861539	0.92248988481018
6556.0103279247	0.90209160601575
6556.0353697896	0.88225703992458
6556.0604117501	0.86566039419515
6556.0854538063	0.86156821174623
6556.1104959581	0.86263746483143
6556.1355382056	0.87826724062241
6556.1605805487	0.9002842320956
6556.1856229875	0.92786419845663
6556.2106655219	0.95113439812842
6556.235708152	0.97262463669404
6556.2607508778	0.98782736226804
6556.2857936992	1.0001598043561
6556.3108366163	1.0049555981125
6556.335879629	1.0102924672664
6556.3609227374	1.0142751570274
6556.3859659414	1.0167757037069
6556.4110092411	1.0187611665184
6556.4360526364	1.0201592260251
6556.4610961274	1.0204926305496
6556.4861397156	1.0180547381354
6556.5111833979	1.0137872714191
6556.5362271759	1.0121373594579
6556.5612710496	1.0125633813828
6556.5863150189	1.0106836708442
6556.6113590838	1.0080302107225
6556.6364032444	1.002154782537
6556.6614475007	0.99544969385752
6556.6864918527	0.98200237465374
6556.7115363003	0.96828872517546
6556.7365808435	0.95103329189947
6556.7616254825	0.93676949125559
6556.7866702171	0.92995108695648
6556.8117150473	0.92816672457458
6556.8367599732	0.93094382359799
6556.8618049948	0.93904402538726
6556.886850112	0.95038826606027
6556.911895325	0.9645813388723
6556.9369406335	0.97987859276792
6556.9619860393	0.99242658417523
6556.9870315392	1.0034903946746
6557.0120771348	1.0083235740294
6557.037122826	1.0127467925785
6557.0621686129	1.015168342479
6557.0872144955	1.0169619424283
6557.1122604737	1.0171558623708
6557.1373065476	1.0163101215966
6557.1623527172	1.0154430996422
6557.1873989824	1.0143774790464
6557.2124453433	1.0133064224637
6557.2374917999	1.0118749097657
6557.2625383521	1.0103847606294
6557.2875850001	1.0114655444703
6557.3126317436	1.0129855595864
6557.3376785829	1.0148725311527
6557.3627255178	1.0155921788577
6557.3877725484	1.012400127855
6557.4128196747	1.0076788014636
6557.4378668966	1.002128740655
6557.4629142158	0.99811247337352
6557.4879616291	0.99490823539795
6557.513009138	0.99314618802416
6557.5380567427	0.99270195041211
6557.563104443	0.9950573952169
6557.588152239	0.99943985358129
6557.6132001306	1.0058901904699
6557.6382481179	1.0105896689816
6557.663296201	1.0116317586018
6557.6883443796	1.0128926763674
6557.713392654	1.0157403204025
6557.738441024	1.017688367173
6557.7634894898	1.017426617108
6557.7885380511	1.0171971288275
6557.8135867082	1.0160790996369
6557.838635461	1.0135943770688
6557.8636843094	1.0105990010144
6557.8887332535	1.0078013934087
6557.9137822933	1.0047089715935
6557.9388314302	0.99588052051904
6557.9638806614	0.98783351930056
6557.9889299882	0.98007045846234
6558.0139794107	0.97270567642942
6558.0390289289	0.96619058113958
6558.0640785427	0.95979902846769
6558.0891282523	0.95211401723061
6558.1141780575	0.94696821664545
6558.1392279584	0.94262599998046
6558.164277955	0.94253513866291
6558.1893280473	0.94400505956926
6558.2143782352	0.94846634220984
6558.2394285189	0.95330595793401
6558.2644788982	0.96332411236582
6558.2895293732	0.97294672628018
6558.3145799439	0.98069229632456
6558.3396306103	0.98775436308965
6558.3646813724	0.9942543270868
6558.3897322301	0.99882251454016
6558.4147831851	1.0012034355522
6558.4398342342	1.0000699320283
6558.464885379	0.9977811638989
6558.4899366195	0.99648931042156
6558.5149879557	0.99654031218399
6558.5400393876	1.0012156816389
6558.5650909151	1.0074552964731
6558.5901425384	1.0144202477226
6558.6151942573	1.0182332272445
6558.6402460719	1.0187102996586
6558.6652979823	1.0186087604484
6558.6903499883	1.0206075639322
6558.71540209	1.0198184159349
6558.7404542874	1.0180962748582
6558.7655065805	1.0138067941655
6558.7905589692	1.0077276048821
6558.8156114537	1.001781947129
6558.8406640339	0.99581957819203
6558.8657167097	0.98865197309462
6558.8907694813	0.98423511117566
6558.91582235	0.98513806900387
6558.9408753129	0.98584902937456
6558.9659283716	0.98773778799224
6558.9909815259	0.99163786923318
6559.0160347759	0.99762851046183
6559.0410881216	1.0017698650272
6559.066141563	1.0037129735923
6559.0911951001	1.0054415486064
6559.1162487329	1.0084464653773
6559.1413024614	1.0106355078843
6559.1663562856	1.0119150918094
6559.1914102055	1.0130581045354
6559.2164642211	1.0135764173607
6559.2415183324	1.0138125235851
6559.2665725394	1.0131500627747
6559.2916268421	1.0099716057924
6559.3166812405	1.009612387308
6559.3417357346	1.0119196812261
6559.3667903243	1.009755019492
6559.3918450113	1.0052855450201
6559.4168997925	0.99558867652883
6559.4419546694	0.98483351438198
6559.467009642	0.96662862028243
6559.4920647103	0.94899980306155
6559.5171198743	0.9310835929816
6559.542175134	0.91497871504959
6559.5672304894	0.9023683828791
6559.5922859405	0.89710373869972
6559.6173414873	0.89828608591563
6559.6423971298	0.90675950280269
6559.667452868	0.9192995458913
6559.692508702	0.93376918805546
6559.7175646316	0.9486004853958
6559.7426206569	0.95691301331356
6559.767676778	0.96592433866856
6559.7927329947	0.97270594558275
6559.8177893072	0.97732095902883
6559.8428457153	0.9793048307579
6559.8679022207	0.9832269691474
6559.8929588203	0.98876289013022
6559.9180155156	0.9938150881476
6559.9430723065	0.99895140120713
6559.9681291932	1.0013921121252
6559.9931861757	1.0034694069176
6560.0182432538	1.0054842416043
6560.0433004276	1.0064708787753
6560.0683576972	1.002115917471
6560.0934150624	0.99788086761179
6560.1184725234	0.99371919505314
6560.14353008	0.9873543033781
6560.1685877324	0.97952316561669
6560.1936454805	0.97250744221249
6560.2187033243	0.96535377066157
6560.2437612638	0.96086835275232
6560.2688192991	0.9579280932814
6560.29387743	0.96058773335119
6560.3189356567	0.9647176717938
6560.3439939806	0.9684009089798
6560.3690523987	0.97248122825526
6560.3941109125	0.97601149019626
6560.419169522	0.97621919988271
6560.4442282273	0.97178077538711
6560.4692870282	0.96463870529041
6560.4943459249	0.95411962616176
6560.5194049173	0.93934635948254
6560.5444640054	0.92215395222885
6560.5695231892	0.91025763489894
6560.5945824687	0.89975300528059
6560.619641844	0.9029732044407
6560.644701315	0.90843279948792
6560.6697608817	0.91764121289309
6560.6948205441	0.92671167801743
6560.7198803022	0.937889972312
6560.7449401561	0.94820235219072
6560.7700001057	0.95582341932709
6560.795060151	0.96247013257976
6560.820120292	0.96923300336815
6560.8451805303	0.97833931973476
6560.8702408627	0.98829484715156
6560.8953012909	0.99023832771534
6560.9203618148	0.99027347388884
6560.9454224345	0.99067524822247
6560.9704831498	0.99253677571757
6560.9955439609	0.99260540510232
6561.0206048677	0.99221392954715
6561.0456658702	0.99332942157596
6561.0707269685	0.99666504799872
6561.0957881625	0.99991093300789
6561.1208494522	1.0020095598089
6561.1459108376	1.0029107508323
6561.1709723188	1.0007255886735
6561.1960338957	0.99846081438178
6561.2210955683	0.99042045986977
6561.2461573366	0.98333717775611
6561.2712192007	0.98073511004227
6561.2962811605	0.97915544554023
6561.3213432175	0.97994185697128
6561.3464053688	0.97925268662088
6561.3714676158	0.97686621273287
6561.3965299585	0.97613561348303
6561.4215923969	0.97612560155772
6561.4466549311	0.9748490443082
6561.471717561	0.9743508688922
6561.4967802866	0.97451794101863
6561.521843108	0.97421082186068
6561.5469060251	0.97265993854002
6561.5719690379	0.97153951318264
6561.5970321465	0.96986683051571
6561.6220953508	0.96756831858058
6561.6471586508	0.96521614321701
6561.6722220466	0.96394902973834
6561.6972855381	0.96333898879102
6561.7223491253	0.95972101051108
6561.7474128083	0.95507025146028
6561.772476587	0.94855150683207
6561.797540463	0.94161008742825
6561.8226044331	0.93470373242696
6561.847668499	0.92830412587362
6561.8727326607	0.9241963886925
6561.8977969181	0.91930451611762
6561.9228612712	0.91136613748917
6561.9479257201	0.90341314444994
6561.9729902647	0.89502015536662
6561.998054905	0.88441252802062
6562.0231196411	0.87397517083044
6562.0481844729	0.86164689127745
6562.0732494005	0.85013116251409
6562.0983144238	0.83713717766855
6562.1233795428	0.82441788724542
6562.1484447576	0.81090534749608
6562.1735100681	0.79590464022875
6562.1985754744	0.77952371603588
6562.2236409763	0.76472377824906
6562.2487065741	0.75140521665296
6562.2737722676	0.7382358027835
6562.2988380583	0.72468108186898
6562.3239039433	0.71175726391826
6562.348969924	0.699264938813
6562.3740360005	0.69096769990777
6562.3991021727	0.68314040281422
6562.4241684406	0.67664849415217
6562.4492348043	0.67177957162568
6562.4743012638	0.66943739177145
6562.499367819	0.66639679783666
6562.5244344699	0.66269099442696
6562.5495012166	0.6586670942093
6562.574568059	0.65429916606296
6562.5996349972	0.65180650541821
6562.6247020311	0.64906417151089
6562.6497691608	0.64475176482218
6562.6748363862	0.64154472585163
6562.6999037073	0.64031162054331
6562.7249711243	0.63989386559574
6562.7500386369	0.64031094198687
6562.7751062468	0.63976177184564
6562.800173951	0.63883722830251
6562.8252417509	0.638090527208
6562.8503096466	0.63721309099488
6562.875377638	0.63771925077756
6562.9004457252	0.63856062956801
6562.9255139081	0.63997218164964
6562.9505821868	0.64185911845519
6562.9756505612	0.6434621423617
6563.0007190314	0.64446005086534
6563.0257875973	0.64562333553935
6563.050856259	0.6472237476647
6563.0759250164	0.64824352666394
6563.1009938696	0.65032504247131
6563.1260628186	0.65381736136724
6563.1511318633	0.65793872066681
6563.1762010038	0.6612972781237
6563.20127024	0.66508451105842
6563.226339572	0.6695377933777
6563.2514090012	0.67533467699241
6563.2764785247	0.68188642321779
6563.3015481439	0.68961459974257
6563.3266178589	0.69594027260821
6563.3516876697	0.70091054844045
6563.3767575762	0.70706116393595
6563.4018275785	0.71424988863633
6563.4268976766	0.72387839259132
6563.4519678704	0.73321996614883
6563.4770381599	0.74700730295776
6563.5021085452	0.76111355943211
6563.5271790263	0.77584962252239
6563.5522496032	0.790927109088
6563.5773202758	0.80674461377085
6563.6023910441	0.82202249590632
6563.6274619083	0.83669044368139
6563.6525328682	0.84975381903714
6563.6776039238	0.86174060239833
6563.7026750752	0.87077290251084
6563.7277463239	0.8786509987343
6563.7528176669	0.88605638513109
6563.7778891056	0.8934255027461
6563.8029606401	0.90233508728863
6563.8280322703	0.90959014480685
6563.8531039963	0.91361779864808
6563.8781758181	0.91790734250836
6563.9032477356	0.9215575523238
6563.9283197489	0.92248200721934
6563.953391858	0.9216147937266
6563.9784640628	0.91747161541907
6564.0035363634	0.91273997241212
6564.0286087598	0.91265833944858
6564.053681252	0.91269977338422
6564.0787538399	0.91451442511142
6564.1038265236	0.91802273181119
6564.128899303	0.92489890623281
6564.1539721782	0.93137793912098
6564.1790451492	0.93734885716651
6564.204118216	0.94320948976944
6564.22919138	0.94899126369829
6564.2542646383	0.9529024507726
6564.2793379924	0.95741336648124
6564.3044114423	0.96328070081656
6564.3294849879	0.96805830724574
6564.3545586293	0.97076485817337
6564.3796323665	0.9738375543956
6564.4047061994	0.97667211557816
6564.4297801281	0.97960289441161
6564.4548541526	0.98242938175453
6564.4799282729	0.98448094930612
6564.5050024889	0.98572912635835
6564.5300768007	0.98410442849768
6564.5551512083	0.98212841767507
6564.5802257117	0.98462887876786
6564.6053003108	0.98737303836721
6564.6303750057	0.98917318247677
6564.6554497965	0.99114396940397
6564.6805246829	0.99428181289722
6564.7055996667	0.99697384827091
6564.7306747447	0.99869033223451
6564.7557499185	1.0006087705333
6564.7808251881	1.002930930011
6564.8059005535	1.0044757672394
6564.8309760147	1.0053651641921
6564.8560515716	1.0025340201352
6564.8811272243	0.99936384081102
6564.9062029728	0.99759281645351
6564.9312788171	0.99596540290001
6564.9563547571	0.99322414008075
6564.981430793	0.9916562505018
6565.0065069246	0.99165384644228
6565.031583152	0.9910231938312
6565.0566594752	0.99008178168268
6565.0817358941	0.98886679256636
6565.1068124089	0.98748149397019
6565.1318890194	0.98811784077573
6565.1569657257	0.98929678990924
6565.1820425294	0.99139017727892
6565.2071194273	0.99206078975096
6565.2321964209	0.98984735789821
6565.2572735104	0.98751198445033
6565.2823506957	0.98565774693015
6565.3074279767	0.98283292178462
6565.3325053535	0.97957015980086
6565.3575828261	0.97059872890013
6565.3826603945	0.96084937923824
6565.4077380587	0.95244093086914
6565.4328158187	0.9447498472589
6565.4578936745	0.93970183538051
6565.482971626	0.93655099107612
6565.5080496734	0.93541552294701
6565.5331278165	0.93504259780226
6565.5582060554	0.93578159892397
6565.5832843901	0.94344657069063
6565.6083628207	0.95357353530753
6565.633441347	0.96722681742022
6565.658519969	0.97967891237853
6565.6835986884	0.98636942439576
6565.7086775021	0.99234327309769
6565.7337564116	0.99444152439808
6565.7588354169	0.9948512643167
6565.7839145179	0.99447516525285
6565.8089937148	0.99301581801526
6565.8340730074	0.99037308180788
6565.8591523959	0.98661455145821
6565.8842318801	0.98256551790688
6565.9093114601	0.97692650325473
6565.934391136	0.97162741593296
6565.9594709076	0.97308470862934
6565.984550775	0.97469082628677
6566.0096307382	0.97787062847306
6566.0347107972	0.98195895005386
6566.059790952	0.98502210679901
6566.0848712027	0.98725284495345
6566.1099515491	0.9911018375379
6566.1350319913	0.99592900759419
6566.1601125308	0.99975408102832
6566.1851931646	1.0020685415151
6566.2102738942	1.0028446760008
6566.2353547196	1.003782637493
6566.2604356408	1.0037432482934
6566.2855166578	1.0028022728323
6566.3105977706	1.0022134400555
6566.3356789793	1.0022116956856
6566.3607602837	1.0036727971252
6566.3858416839	1.0051506800444
6566.4109231799	1.0054712890617
6566.4360047717	1.0057481731485
6566.4610864594	1.0065694035659
6566.4861682428	1.0070860169178
6566.511250122	1.0052772439674
6566.5363320971	1.0020564256044
6566.5614141679	1.0000402580293
6566.5864963346	0.99907407249821
6566.611578597	0.99640703782753
6566.6366609568	0.99211151263572
6566.6617434109	0.99113873149673
6566.6868259608	0.99372459934879
6566.7119086064	0.99199362435532
6566.7369913479	0.98549588696811
6566.7620741852	0.98547458375361
6566.7871571184	0.99258976341143
6566.8122401473	0.99427033355741
6566.837323272	0.98938850611221
6566.8624064925	0.98781136998572
6566.8874898089	0.99077475893486
6566.912573221	0.9927418314279
6566.937656729	0.9925192935924
6566.9627403328	0.99227468316072
6566.9878240324	0.99245986205421
6567.0129078278	0.99334058689223
6567.037991719	0.99688192196838
6567.063075706	1.0007975828643
6567.0881597889	1.0039321394376
6567.1132439675	1.0043282365583
6567.1383282435	0.99661605782241
6567.1634126138	0.98945674451468
6567.1884970799	0.98711873727557
6567.2135816418	0.98552240724516
6567.2386662995	0.98700552639463
6567.263751053	0.98901838322626
6567.2888359024	0.98873533840811
6567.3139208475	0.98840971827045
6567.3390058885	0.99026051904476
6567.3640910253	0.99262554463172
6567.389176258	0.99230204054091
6567.4142615864	0.99143706063039
6567.4393470107	0.98925112316572
6567.4644325307	0.98679237392525
6567.4895181466	0.98730471633926
6567.5146038583	0.98799567592592
6567.5396896659	0.9894932370249
6567.5647755692	0.99178000497972
6567.5898615684	0.99104422731818
6567.6149476649	0.99007888415563
6567.6400338557	0.9947587585123
6567.6651201423	0.99949268950478
6567.6902065248	0.99170046743351
6567.7152930031	0.98249691751464
6567.7403795772	0.99019237316072
6567.7654662471	0.9997113831175
6567.7905530128	0.99760215370254
6567.8156398744	0.99335610754085
6567.8407268318	0.99338533336349
6567.865813885	0.9942414508762
6567.8909010341	1.0005386345231
6567.9159882789	1.0082802252038
6567.9410756196	1.0061560270464
6567.9661630561	1.0017468340856
6567.9912505885	1.0018145899201
6568.0163382167	1.0030514628782
6568.0414259407	1.0013599973393
6568.0665137605	0.99846912151976
6568.0916016776	0.99691057029881
6568.1166896891	0.9960121971475
6568.1417777964	0.99546252240666
6568.1668659996	0.99535168694884
6568.1919542985	0.98922000376981
6568.2170426933	0.98028297448766
6568.242131184	0.97873996573035
6568.2672197704	0.98134726787915
6568.2923084527	0.98305224345931
6568.3173972308	0.98312005666013
6568.3424861048	0.98341450989784
6568.3675750745	0.98485025614441
6568.3926641401	0.98520100987101
6568.4177533016	0.98403040429576
6568.4428425589	0.98499260140053
6568.467931912	0.98784230272492
6568.4930213609	0.9919153364063
6568.5181109057	0.99794029978578
6568.5432005463	1.0008913085497
6568.5682902842	0.99929009498686
6568.5933801165	0.99803255668229
6568.6184700446	0.99839857882081
6568.6435600686	0.99775874316208
6568.6686501884	0.99599914394246
6568.693740404	0.99272994951687
6568.7188307154	0.98622479171635
6568.7439211227	0.98248425017661
6568.7690116259	0.98352197698821
6568.7941022248	0.98498331697452
6568.8191929196	0.98729171347511
6568.8442837103	0.98367360525131
6568.8693745968	0.97008877006219
6568.8944655791	0.96150544638065
6568.9195566573	0.96259891243953
6568.9446478313	0.96135656244902
6568.9697391011	0.95428987265767
6568.9948304668	0.94531543693131
6569.0199219283	0.93301574075675
6569.0450134857	0.92104947154011
6569.0701051404	0.90952470893259
6569.0951968895	0.89531224219831
6569.1202887343	0.87242913312721
6569.1453806751	0.84673926293194
6569.1704727117	0.81277284427854
6569.1955648441	0.78386533513324
6569.2206570723	0.77265559288005
6569.2457493965	0.76641167322293
6569.2708418164	0.78097257651564
6569.2959343322	0.79864557853948
6569.3210269439	0.82570566358083
6569.3461196513	0.85250977767003
6569.3712124547	0.88421737630518
6569.3963053539	0.91536077562422
6569.4213983489	0.9383549943391
6569.4464914398	0.95972351544361
6569.4715846265	0.97053773321764
6569.4966779091	0.98049767304394
6569.5217712875	0.98491636015363
6569.5468647633	0.98882173921559
6569.5719583334	0.99193302996576
6569.5970519994	0.99523484985126
6569.6221457612	0.99496740727595
6569.6472396189	0.99529332399812
6569.6723335724	0.99573683256811
6569.6974276217	0.99579852383233
6569.722521767	0.990954404959
6569.747616008	0.98740097743342
6569.772710345	0.98547925694569
6569.7978047777	0.98253572251603
6569.8228993064	0.97514541878117
6569.8479939309	0.96814102031758
6569.8730886512	0.96040349873115
6569.8981834674	0.95182399141369
6569.9232783794	0.94169511486342
6569.9483733873	0.93157849619581
6569.9734684911	0.933338900709
6569.9985636907	0.93739255044024
6570.0236589877	0.94523256951671
6570.048754379	0.95272174982416
6570.0738498662	0.96160327540888
6570.0989454492	0.97131696649197
6570.1240411281	0.97406097830841
6570.1491369028	0.97490001608461
6570.1742327734	0.9730395047337
6570.1993287399	0.96980763644314
6570.2244248022	0.96856848323349
6570.2495209604	0.96873352909839
6570.2746172145	0.97083362837591
6570.2997135644	0.97310874258458
6570.3248100101	0.97217367290721
6570.3499065517	0.96963124556037
6570.3750031892	0.96575085698859
6570.4000999226	0.96240332623661
6570.4251967518	0.96124056769739
6570.4502936768	0.96023739066045
6570.4753906978	0.95639875437944
6570.5004878146	0.95142548063356
6570.5255850287	0.94311814425501
6570.5506823372	0.93297872251331
6570.5757797416	0.93012939385591
6570.6008772419	0.93177415635761
6570.625974838	0.92811979373995
6570.65107253	0.92107529459111
6570.6761703178	0.9184863084475
6570.7012682015	0.9183383861859
6570.7263661811	0.91762348633683
6570.7514642565	0.91667839465106
6570.7765624278	0.91572108071061
6570.801660695	0.91421340745955
6570.826759058	0.9168499616378
6570.8518575169	0.92263613645674
6570.8769560717	0.93116019716776
6570.9020547224	0.94224785567124
6570.9271534689	0.9447267707028
6570.9522523112	0.93963402261449
6570.9773512495	0.93834115505117
6571.0024502851	0.94090280382878
6571.0275494151	0.93967984242474
6571.052648641	0.93471947403469
6571.0777479627	0.93012667739488
6571.1028473803	0.92557984922566
6571.1279468938	0.92467699468086
6571.1530465031	0.9282719219974
6571.1781462084	0.93053310904956
6571.2032460095	0.93015384751173
6571.2283459064	0.93629213303318
6571.2534458993	0.95218001955149
6571.278545988	0.96259781004199
6571.3036461726	0.96552510121758
6571.328746453	0.96997844034477
6571.3538468294	0.97459428103103
6571.3789473016	0.97527591534446
6571.4040478697	0.97113008177575
6571.4291485336	0.96980976605208
6571.4542492935	0.97195437807378
6571.4793501507	0.97089991457288
6571.5044511023	0.96588680226308
6571.5295521498	0.96469373285506
6571.5546532931	0.96926459996704
6571.5797545324	0.96782794755397
6571.6048558675	0.95404527380432
6571.6299572985	0.94873866344766
6571.6550588253	0.96234595043774
6571.6801604481	0.97068651394768
6571.7052621667	0.9691327496674
6571.7303639812	0.96867649202325
6571.7554658916	0.97070823636107
6571.7805678979	0.97220698457315
6571.80567	0.97120431015319
6571.8307721981	0.96937383937838
6571.855874492	0.96460683528325
6571.8809768818	0.96002928637787
6571.9060793675	0.95628903394313
6571.931181949	0.95505028382086
6571.956284628	0.95661271594054
6571.9813874013	0.95687081414893
6572.0064902705	0.9568600159088
6572.0315932356	0.95715815423787
6572.0566962966	0.96440171271022
6572.0817994535	0.97036972740236
6572.1069027063	0.96546672247552
6572.1320060549	0.95972065041655
6572.1571094994	0.95297302983396
6572.1822130399	0.94723954003282
6572.2073166762	0.94730661506891
6572.2324204084	0.94720012632216
6572.2575242364	0.94768207501042
6572.2826281604	0.94794663537175
6572.3077321803	0.94699654158576
6572.332836296	0.94673712221136
6572.3579405077	0.95108492945592
6572.3830448152	0.95597544582606
6572.4081492186	0.95870722679267
6572.4332537179	0.96131447312424
6572.4583583146	0.95993617941344
6572.4834630057	0.95910322093804
6572.5085677927	0.95431452412643
6572.5336726756	0.94988904056325
6572.5587776544	0.94467569102443
6572.583882729	0.93982488914586
6572.6089878996	0.93107567676656
6572.634093166	0.92319848880126
6572.6591985284	0.90792561103686
6572.6843039866	0.89052061660441
6572.7094095408	0.86223956478887
6572.7345151908	0.83142464697583
6572.7596209367	0.8064818274871
6572.7847267785	0.78140217970948
6572.8098327163	0.77243663171536
6572.8349387499	0.76471927943331
6572.8600448794	0.77444371032016
6572.8851511048	0.78658118071526
6572.9102574261	0.81680374754381
6572.9353638448	0.84986630277995
6572.9604703579	0.87477786989954
6572.9855769669	0.89930700303258
6573.0106836718	0.91881766216562
6573.0357904726	0.93832750608179
6573.0608973693	0.94518416180466
6573.0860043619	0.94800246393546
6573.1111114504	0.95464178115935
6573.1362186348	0.96311920004925
6573.1613259152	0.95831010691525
6573.1864332914	0.9507601593637
6573.2115407635	0.94997708966013
6573.2366483315	0.95020446648378
6573.2617559954	0.95053584852526
6573.2868637552	0.95082098758632
6573.3119716109	0.95441543930586
6573.3370795626	0.96028849972188
6573.3621876101	0.96356093471066
6573.3872957535	0.96696366727373
6573.4124039944	0.97419862918242
6573.4375123296	0.98235954698318
6573.4626207608	0.9852767373602
6573.4877292878	0.98587469752173
6573.5128379108	0.98797911988665
6573.5379466296	0.98941547881076
6573.5630554444	0.9916306060118
6573.5881643551	0.99349397880303
6573.6132733617	0.98607307967059
6573.6383824642	0.97435002701336
6573.6634916626	0.96247203000778
6573.6886009569	0.95191711243713
6573.7137103472	0.9468091407817
6573.7388198333	0.94401539218905
6573.7639294153	0.93729652061424
6573.7890390933	0.92859106289465
6573.8141488672	0.9421394780764
6573.839258737	0.96636420654411
6573.8643687027	0.974033261321
6573.8894787643	0.9746958357135
6573.9145889233	0.96404196282329
6573.9396991767	0.94703921273754
6573.9648095261	0.94005164425379
6573.9899199713	0.93833720847143
6574.0150305125	0.93714808957861
6574.0401411496	0.93682618345293
6574.0652518826	0.93083586048516
6574.0903627115	0.92062757900205
6574.1154736363	0.89524035747784
6574.1405846571	0.86063818576583
6574.1656957737	0.82659480788657
6574.1908069863	0.79265010295449
6574.2159182948	0.77023777047159
6574.2410296992	0.75581130066261
6574.2661411995	0.75600099531701
6574.2912527958	0.76520318173465
6574.316364488	0.78399647121747
6574.341476276	0.80974928868357
6574.36658816	0.83390187147232
6574.3917001415	0.85779459237052
6574.4168122173	0.88282871359026
6574.4419243891	0.90842795278804
6574.4670366568	0.92679579774799
6574.4921490204	0.93907733747708
6574.5172614799	0.94509756418876
6574.5423740353	0.94644517635602
6574.5674866867	0.94607937011221
6574.592599434	0.94469267505689
6574.6177122772	0.94133031164226
6574.6428252164	0.9366698840499
6574.6679382514	0.93461146519478
6574.6930513824	0.93385100641792
6574.7181646093	0.93295353346464
6574.7432779321	0.93172516764543
6574.7683913509	0.92980087055315
6574.7935048656	0.92853358008122
6574.8186184762	0.92530616392717
6574.8437321827	0.91927113951076
6574.8688459867	0.90438098499276
6574.8939598851	0.87995918151455
6574.9190738794	0.8513661282446
6574.9441879696	0.8168484720727
6574.9693021558	0.78569910402322
6574.9944164379	0.75687647702034
6575.0195308159	0.73514193159783
6575.0446452899	0.72147154814669
6575.0697598598	0.71903016071733
6575.0948745256	0.73276613423005
6575.1199892873	0.75367955183207
6575.145104145	0.78476033464668
6575.1702190986	0.81469687196229
6575.1953341481	0.84428914563718
6575.2204492936	0.87137733750615
6575.245564535	0.89276448099446
6575.2706798723	0.90939079844697
6575.2957953056	0.9193147311701
6575.3209108348	0.92782137120168
6575.3460264599	0.93392094144314
6575.3711421825	0.93492751169005
6575.3962579995	0.92793261192956
6575.4213739124	0.93109955713252
6575.4464899213	0.9509815775855
6575.4716060261	0.96553044927057
6575.4967222269	0.97195236920048
6575.5218385235	0.97379680929508
6575.5469549161	0.97028393584037
6575.5720714047	0.96895341169376
6575.5971879892	0.97172973466742
6575.6223046696	0.96976557097379
6575.647421446	0.95979181612283
6575.6725383182	0.95538579158337
6575.6976552865	0.96083593863783
6575.7227723507	0.96310415806489
6575.7478895108	0.9573852113238
6575.7730067668	0.95226677310209
6575.7981241188	0.9481102255952
6575.8232415667	0.94431008537459
6575.8483591121	0.94098489982996
6575.8734767519	0.93895365167143
6575.8985944877	0.93988129561893
6575.9237123194	0.93618928782958
6575.948830247	0.92201107018055
6575.9739482706	0.91092893871427
6575.9990663902	0.90753457366094
6576.0241846056	0.90633686112701
6576.049302917	0.90990398687574
6576.0744213244	0.91215899497133
6576.0995398277	0.91024216349315
6576.1246584269	0.90564795985554
6576.1497771221	0.89479468227873
6576.1748959133	0.88903907701922
6576.2000148003	0.89621187812184
6576.2251337834	0.90173231548773
6576.2502528623	0.90478709459774
6576.2753720373	0.90765021034121
6576.3004913081	0.91033355582047
6576.3256106765	0.91316923138881
6576.3507301392	0.91657196427537
6576.3758496979	0.91851499423679
6576.4009693526	0.91702472760566
6576.4260891032	0.91662985844715
6576.4512089498	0.9179645945856
6576.4763288923	0.91880528295877
6576.5014489307	0.91825459874444
6576.5265690651	0.91689302592332
6576.5516892955	0.91106458611217
6576.5768096218	0.90729869979629
6576.6019300441	0.91408454363347
6576.6270505623	0.91384759771378
6576.6521711765	0.89015844159342
6576.6772918866	0.87397044817634
6576.7024126926	0.88015286808564
6576.7275335947	0.88554713782101
6576.7526545926	0.89280789796956
6576.7777756866	0.89908658949607
6576.802896878	0.89672211171392
6576.8280181638	0.89391484747904
6576.8531395456	0.89084237195565
6576.8782610234	0.88914020046501
6576.9033825971	0.89234093481083
6576.9285042668	0.89624912034792
6576.9536260324	0.9029464097742
6576.978747894	0.91112234199283
6577.0038698515	0.92524490437834
6577.028991905	0.93689756335663
6577.0541140545	0.93956017235762
6577.0792362999	0.94211899349807
6577.1043586412	0.94173488897297
6577.1294810786	0.94186346025256
6577.1546036119	0.94327281513009
6577.1797262411	0.94349600447972
6577.2048489663	0.94131721371933
6577.2299717875	0.94096177427476
6577.2550947046	0.94625718034733
6577.2802177177	0.94787969544354
6577.3053408283	0.93708415826769
6577.3304640333	0.92865251244648
6577.3555873343	0.92769724111962
6577.3807107312	0.92738207663285
6577.4058342242	0.92776170994742
6577.430957813	0.92756382117659
6577.4560814979	0.92656760946996
6577.4812052787	0.92512937614679
6577.5063291554	0.92270766154165
6577.5314531282	0.9221460099844
6577.5565771969	0.92290424526433
6577.5817013615	0.92205844037614
6577.6068256221	0.92227473643473
6577.6319499787	0.922120357987
6577.6570744313	0.91727524113015
6577.6821989798	0.91439638650855
6577.7073236243	0.92228591203948
6577.7324483648	0.92848450142565
6577.7575732012	0.92616516569334
6577.7826981351	0.92556935090019
6577.8078231635	0.93264050258835
6577.8329482879	0.93823966931797
6577.8580735082	0.93983096502053
6577.8831988244	0.9421005866343
6577.9083242367	0.94605197746482
6577.9334497449	0.94802604615868
6577.9585753491	0.94272941080833
6577.9837010493	0.93850079884097
6578.0088268454	0.93499989488123
6578.0339527375	0.93113251981327
6578.0590787256	0.92457771498708
6578.0842048097	0.91923890058486
6578.1093309897	0.92542176856407
6578.1344572657	0.93121581529101
6578.1595836377	0.92943091066289
6578.1847101056	0.92529992434192
6578.2098366696	0.91718414428754
6578.2349633295	0.91209389654212
6578.2600900869	0.91310418597995
6578.2852169387	0.91343288507943
6578.3103438866	0.91511835426571
6578.3354709304	0.91614887774901
6578.3605980702	0.91584454763819
6578.3857253059	0.91728580781063
6578.4108526377	0.91899306641476
6578.4359800654	0.91944912034984
6578.4611075891	0.92080515346714
6578.4862352088	0.92207058547475
6578.5113629244	0.92261884512741
6578.5364907361	0.92314337373969
6578.5616186437	0.92233061362751
6578.5867466473	0.92131032673179
6578.6118747469	0.9197325992898
6578.6370029424	0.91841117170181
6578.662131234	0.91957537851605
6578.6872596215	0.9216773823992
6578.712388105	0.92511732907903
6578.7375166845	0.92687069190943
6578.7626453615	0.92102162643758
6578.7877741329	0.91710636615103
6578.8129030004	0.92330344228278
6578.8380319638	0.9274257723612
6578.8631610232	0.92082519685505
6578.8882901786	0.91395816388792
6578.91341943	0.90576544015169
6578.9385487773	0.89882049208203
6578.9636782207	0.8977392966735
6578.98880776	0.89756633847796
6579.0139373954	0.900747167918
6579.0390671267	0.90388750828311
6579.064196954	0.90920970176897
6579.0893268773	0.91341792015193
6579.1144568965	0.9122972348535
6579.1395870118	0.91052158250405
6579.1647172231	0.90949326209739
6579.1898475303	0.90971096775307
6579.2149779335	0.91219666964985
6579.2401084343	0.9139555383811
6579.2652390295	0.91309102733907
6579.2903697207	0.91229440248061
6579.3155005079	0.90949784581448
6579.3406313911	0.90715684896418
6579.3657623702	0.90788163037507
6579.3908934454	0.90914586281269
6579.4160246166	0.91205290445636
6579.4411558837	0.91268363064163
6579.4662872469	0.90371312090469
6579.491418706	0.89647246365554
6579.5165502612	0.89418678727013
6579.5416819123	0.89579532784902
6579.5668136594	0.91805150191391
6579.5919455026	0.93387470600163
6579.6170774417	0.91956780214467
6579.6422094768	0.90866810901177
6579.6673416079	0.91164635535322
6579.692473835	0.91325853151212
6579.7176061596	0.91148224595827
6579.7427385787	0.90957774015134
6579.7678710938	0.90672925599965
6579.7930037049	0.90448655040395
6579.818136412	0.90567232966189
6579.8432692151	0.90741289496785
6579.8684021142	0.90969835663824
6579.8935351093	0.91061624037074
6579.9186682004	0.9082161133087
6579.9438013875	0.90670231862548
6579.9689346706	0.90701554609681
6579.9940680497	0.9059589150486
6580.0192015248	0.89971677615258
6580.0443350959	0.89350546043769
6580.069468763	0.88815033076391
6580.0946025261	0.88300458817918
6580.1197363852	0.87899641597094
6580.1448703403	0.87286705920893
6580.1700043914	0.8609830536077
6580.1951385401	0.85378063968655
6580.2202727832	0.85800189714389
6580.2454071223	0.85896582774735
6580.2705415574	0.85254033424078
6580.2956760886	0.85055167631463
6580.3208107157	0.8608714085878
6580.3459454389	0.87016542150182
6580.371080258	0.8754782688514
6580.3962151732	0.88127197557069
6580.4213501844	0.89029949190532
6580.4464852916	0.89777006167174
6580.4716204947	0.90036792950435
6580.4967557939	0.90427460654112
6580.5218911891	0.91035529215715
6580.5470266804	0.91401953202829
6580.5721622676	0.91352350393895
6580.5972979508	0.91405397008403
6580.6224337301	0.9152779408018
6580.6475696053	0.91428238367122
6580.6727055766	0.9092777885159
6580.6978416454	0.90454807041339
6580.7229778087	0.89929647636823
6580.748114068	0.89363654120058
6580.7732504233	0.88791986352941
6580.7983868746	0.8820815472402
6580.8235234219	0.87571810943965
6580.8486600653	0.8717159194253
6580.8737968047	0.87251058416445
6580.89893364	0.86967589844048
6580.9240705714	0.85945407931212
6580.9492075988	0.85101681962999
6580.9743447223	0.8468966895983
6580.9994819417	0.84324845816587
6581.0246192572	0.84036689659221
6581.0497566686	0.83473188697862
6581.0748941761	0.82302671190267
6581.1000317796	0.80887570912413
6581.1251694792	0.7924620160154
6581.1503072747	0.77586965701829
6581.1754451678	0.75589822096769
6581.2005831554	0.74247693157503
6581.225721239	0.74144222647905
6581.2508594186	0.7461390652954
6581.2759976942	0.76069717588588
6581.3011360659	0.78023932389707
6581.3262745336	0.80961036519562
6581.3514130973	0.83773429745307
6581.376551757	0.86193704412573
6581.4016905127	0.8736207919184
6581.4268293645	0.86613687799365
6581.4519683123	0.86732443960676
6581.4771073561	0.88217405333304
6581.5022464959	0.89162204797622
6581.5273857318	0.8951222883476
6581.5525250637	0.89025075529017
6581.5776644916	0.86900706210576
6581.6028040155	0.86730008673936
6581.6279436355	0.89682327935926
6581.653083353	0.90342621576139
6581.678223165	0.87635869118216
6581.703363073	0.86380270709582
6581.7285030771	0.87128115073614
6581.7536431772	0.88195478048157
6581.7787833733	0.89794931910318
6581.8039236654	0.90561773181405
6581.8290640536	0.90127107032295
6581.8542045378	0.89756230783639
6581.879345118	0.89548735584569
6581.9044857942	0.89549871878338
6581.9296265665	0.89683791266252
6581.9547674348	0.89548380589823
6581.9799083992	0.89294411784292
6582.0050494596	0.88948519452629
6582.030190616	0.88423230340431
6582.0553318684	0.87643919004652
6582.0804732169	0.86752992546125
6582.1056146614	0.86354743597508
6582.1307562019	0.86305868730462
6582.15589784	0.86569574158244
6582.1810395726	0.871162250792
6582.2061814012	0.86700993371744
6582.2313233259	0.85398304434769
6582.2564653466	0.85076747246828
6582.2816074633	0.85582638149862
6582.3067496761	0.86743362340224
6582.3318919849	0.88481238586023
6582.3570343897	0.90120784794324
6582.3821768906	0.91710546502148
6582.4073194875	0.91962834121925
6582.4324621805	0.91328350638261
6582.4576049694	0.89836063705586
6582.4827478545	0.88381584957302
6582.5078908355	0.87982165105282
6582.5330339126	0.88209014803911
6582.5581770858	0.88600973349504
6582.5833203549	0.88893896503676
6582.6084637201	0.88828642544721
6582.6336071829	0.88097860869117
6582.6587507402	0.87795338863149
6582.6838943935	0.87739973557651
6582.7090381429	0.87057395000964
6582.7341819883	0.86686318014839
6582.7593259298	0.86108509614418
6582.7844699673	0.85573944019719
6582.8096141008	0.85608270812394
6582.8347583304	0.86063153443922
6582.859902656	0.85904251501952
6582.8850470777	0.85226777289233
6582.9101915954	0.8602056136665
6582.9353362092	0.87445171860424
6582.960480919	0.88717253795565
6582.9856257248	0.9020267812701
6583.0107706267	0.89028764237275
6583.0359156247	0.8655835990978
6583.0610607187	0.87201458768811
6583.0862059087	0.8939362174537
6583.1113511963	0.89214386878293
6583.1364965784	0.87588840481683
6583.1616420566	0.87156566770644
6583.1867876308	0.8712329251534
6583.2119333011	0.87625396305823
6583.2370790674	0.88425947393381
6583.2622249297	0.88547800565885
6583.2873708882	0.88241233296509
6583.3125169426	0.87779954137605
6583.3376630931	0.86858482297953
6583.3628093397	0.86986885109663
6583.3879556823	0.87346003001738
6583.413102121	0.87006048078182
