6546.1476529425	0.79667917716619
6546.1726571351	0.76279590820073
6546.1976614233	0.73015191074938
6546.2226658069	0.71545449727584
6546.247670286	0.70594753849097
6546.2726748607	0.71965031717872
6546.2976795308	0.74149753613968
6546.3226842965	0.77969049200508
6546.3476891576	0.81824089965856
6546.3726941143	0.85748596334875
6546.3976991665	0.8936417322323
6546.4227043142	0.92783841408087
6546.4477095574	0.95444610717403
6546.4727148962	0.97704641481642
6546.4977203304	0.9927207223951
6546.5227258601	1.0068631454923
6546.5477314854	1.0153858821363
6546.5727372062	1.0225543867378
6546.5977430225	1.0252151656588
6546.6227489358	1.028011828258
6546.6477549431	1.0303041478833
6546.6727610459	1.0302494239286
6546.6977672443	1.0263390777476
6546.7227735382	1.0230566145121
6546.7477799275	1.0207629207849
6546.7727864124	1.0162326281584
6546.7977929929	1.0107173331684
6546.8227996688	1.0035064773036
6546.8478064402	0.99493591560932
6546.8728133072	0.99150312287557
6546.8978202697	0.9923628878942
6546.9228273277	0.99275062910399
6546.9478344812	0.99174708147425
6546.9728417303	0.99167265083282
6546.9978490748	0.99116017110598
6547.0228565149	0.99246017526666
6547.0478640505	0.99173084904456
6547.0728716817	0.98878976546948
6547.0978794098	0.98722858013524
6547.122887232	0.9873133589403
6547.1478951497	0.98539508774419
6547.1729031629	0.9806790252889
6547.1979112716	0.97602289033634
6547.2229194759	0.97123536498796
6547.2479277756	0.96607775100209
6547.272936171	0.96122039537914
6547.2979446618	0.96153818043234
6547.3229532481	0.96324022474667
6547.34796193	0.96627548779152
6547.3729707074	0.96964679324295
6547.3979795803	0.96994877198608
6547.4229885488	0.97024071589201
6547.4479976128	0.9704881641488
6547.4730067723	0.96833180239434
6547.4980160273	0.96050106575997
6547.5230253779	0.95272664347145
6547.548034824	0.94616943449771
6547.5730443656	0.94443479073241
6547.5980540042	0.94754509277329
6547.6230637369	0.94917240789218
6547.6480735651	0.94930237158359
6547.6730834889	0.9483098907838
6547.6980935081	0.94700107941143
6547.7231036229	0.94477836488477
6547.7481138332	0.94236167231562
6547.7731241391	0.94121067562121
6547.7981345405	0.94145842538402
6547.8231450374	0.94297045013383
6547.8481556298	0.94639342521322
6547.8731663178	0.95459738584656
6547.8981771013	0.9626613327179
6547.9231879804	0.96769324912976
6547.948198955	0.97032840509874
6547.9732100251	0.97049506808143
6547.9982211907	0.96715069739189
6548.0232324519	0.96108350640356
6548.0482438086	0.95557972334317
6548.0732552624	0.95003975672823
6548.0982668102	0.9482640927634
6548.1232784535	0.94752651192756
6548.1482901924	0.95333383691715
6548.1733020268	0.95984535750283
6548.1983139567	0.96581671015717
6548.2233259822	0.9722065680743
6548.2483381032	0.98050168473298
6548.2733503198	0.98709876626958
6548.2983626319	0.98937009158502
6548.3233750395	0.99283855734897
6548.3483875427	0.99635702897338
6548.3734001414	1.0004095031619
6548.3984128356	1.0041860706146
6548.4234256254	1.0054372370422
6548.4484385107	1.0054324814546
6548.4734514916	1.0057354718971
6548.498464568	1.0069835144319
6548.52347774	1.0121704573789
6548.548491009	1.0170376365694
6548.573504372	1.0171020712657
6548.5985178306	1.0172193820305
6548.6235313847	1.0130211239952
6548.6485450344	1.0087864135666
6548.6735587796	1.006129880861
6548.6985726204	1.0060293867259
6548.7235865567	1.0099841633893
6548.7486005885	1.0143105893224
6548.7736147159	1.0186356465238
6548.7986289389	1.0204908886842
6548.8236432574	1.0209545258611
6548.8486576714	1.0223962461717
6548.873672181	1.0232054192137
6548.8986867861	1.0256080232546
6548.9237014868	1.0278099117403
6548.948716283	1.0294825505451
6548.9737311748	1.0301888309403
6548.9987461621	1.0328045504152
6549.0237612465	1.0336809506393
6549.0487764249	1.0299839402481
6549.0737916989	1.0257903411249
6549.0988070684	1.0209997571156
6549.1238225335	1.0181673555046
6549.1488380941	1.0188543630872
6549.1738537503	1.0170559651573
6549.198869502	1.0135759141264
6549.2238853493	1.0103288271694
6549.2489012921	1.0087726291251
6549.2739173305	1.0074528089261
6549.2989334644	1.0054902258371
6549.3239496939	1.0039151879727
6549.348966019	1.0032390133486
6549.3739824396	1.0059319820261
6549.3989989557	1.0073449427593
6549.4240155674	1.0055093194569
6549.4490322747	1.0038767743226
6549.4740490775	1.0033383811308
6549.4990659759	1.0036062757548
6549.5240829713	1.0038382944321
6549.5491000608	1.0055776973265
6549.5741172459	1.0081204135162
6549.5991345265	1.0087549631272
6549.6241519026	1.0088866067576
6549.6491693744	1.0062116978359
6549.6741869416	1.003640500498
6549.6992046045	1.0081488788986
6549.7242223629	1.0144746872017
6549.7492402168	1.023091335188
6549.7742581664	1.0304279668323
6549.7992762114	1.0316103377231
6549.8242943521	1.0314494973456
6549.8493125883	1.0312817214352
6549.87433092	1.0259229691735
6549.8993493474	1.0173507070809
6549.9243678702	1.010264666274
6549.9493864887	1.0057490735784
6549.9744052027	1.005570525328
6549.9994240138	1.0081417926561
6550.0244429189	1.005837732871
6550.0494619196	1.0029295153993
6550.0744810159	1.0011459989592
6550.0995002077	0.9983489354157
6550.1245194951	0.99069427434404
6550.1495388781	0.9840659618263
6550.1745583566	0.97953205772818
6550.1995779307	0.97511252000433
6550.2245976004	0.97100905512483
6550.2496173656	0.9667099841573
6550.2746372264	0.96242347564977
6550.2996571828	0.96609533979981
6550.3246772347	0.973949044838
6550.3496973822	0.98140744658623
6550.3747176253	0.98842087522564
6550.399737964	0.99549213721418
6550.4247583982	1.0027587289088
6550.449778928	1.0087048693827
6550.4747995548	1.0140830926554
6550.4998202757	1.0163729539073
6550.5248410922	1.0180524953146
6550.5498620043	1.0187131436655
6550.5748830119	1.0173227399921
6550.5999041152	1.0127161541057
6550.6249253139	1.0106514028071
6550.6499466083	1.0119454435251
6550.6749679982	1.0123151432134
6550.6999894837	1.0110606383543
6550.7250110648	1.0100795913567
6550.7500327415	1.0090954715172
6550.7750545137	0.99997392029753
6550.8000763815	0.9897123411302
6550.8250983449	0.98080509817812
6550.8501204038	0.97419097661782
6550.8751425583	0.97408028266885
6550.9001648084	0.97567813735345
6550.9251871541	0.97868581452625
6550.9502095954	0.9825050792011
6550.9752321337	0.98792713781678
6551.0002547661	0.99612782434222
6551.0252774941	1.005090989248
6551.0503003177	1.010343329201
6551.0753232369	1.0138848062482
6551.1003462516	1.0137988908191
6551.1253693619	1.0132607112703
6551.1503925678	1.0138368239077
6551.1754158693	1.01420058664
6551.2004392663	1.0124358093777
6551.225462759	1.0100191048354
6551.2504863472	1.0038221196615
6551.275510031	0.99821357109386
6551.3005338104	0.9940774194587
6551.3255576853	0.98921281762931
6551.3505816559	0.98383368666882
6551.375605722	0.97943023807867
6551.4006298837	0.97606674464713
6551.425654141	0.9747174164416
6551.4506784954	0.97360983805626
6551.4757029439	0.96984762144532
6551.5007274879	0.96567898670349
6551.5257521276	0.95457617700095
6551.5507768628	0.94426338332333
6551.5758016936	0.93420598864155
6551.60082662	0.92354898753412
6551.625851642	0.91169830075024
6551.6508767596	0.90305034019648
6551.6759019727	0.9011126639095
6551.7009272815	0.90624853464811
6551.7259526858	0.91710949838548
6551.7509781858	0.93016470817365
6551.7760037813	0.9451022158968
6551.8010294724	0.96313984928751
6551.8260552591	0.98247566999978
6551.8510811414	0.99016508935665
6551.8761071193	0.99719554706015
6551.9011331927	0.99734435059387
6551.9261593633	0.99795927281818
6551.951185628	1.0017395177324
6551.9762119882	1.0038718554436
6552.001238444	1.004312166713
6552.0262649955	1.0012098676833
6552.0512916425	0.99379786648858
6552.0763183851	0.98991113439457
6552.1013452233	0.98870206430617
6552.1263721571	0.99000305134044
6552.1513991866	0.99254503120386
6552.1764263115	0.99643627380601
6552.2014535321	1.0011776730259
6552.2264808483	1.0031799375239
6552.2515082601	1.0058187373012
6552.2765357675	1.0089106571114
6552.3015633705	1.0105864686564
6552.3265910691	1.0083417609721
6552.3516188632	1.0069266284874
6552.376646753	1.0070654165803
6552.4016747384	1.0059365898379
6552.4267028209	1.003196723454
6552.4517309974	1.0006239741229
6552.4767592696	0.99840931368751
6552.5017876374	0.99509538830791
6552.5268161007	0.99173750843838
6552.5518446597	0.98690926147312
6552.5768733143	0.98193116575694
6552.6019020645	0.97743867191063
6552.6269309102	0.97362790241422
6552.6519598516	0.97520598997323
6552.6769888886	0.9790050901715
6552.7020180212	0.98643846248521
6552.7270472494	0.99216013894024
6552.7520765732	0.99522368144295
6552.7771059925	0.99991601709671
6552.8021355075	1.005745834488
6552.8271651182	1.0102065935781
6552.8521948244	1.0136518618909
6552.8772246262	1.0139033444548
6552.9022545251	1.0136958594843
6552.9272845181	1.0159559520308
6552.9523146068	1.0204774934662
6552.977344791	1.0267558074595
6553.0023750708	1.0320623465193
6553.0274054463	1.0367511086209
6553.0524359174	1.0377864250863
6553.077466484	1.0328409000511
6553.1024971463	1.0256047634772
6553.1275279042	1.018157483276
6553.1525587577	1.0103045990941
6553.1775897068	1.0032645929857
6553.2026207515	0.99820317244032
6553.2276518919	0.99379568329146
6553.2526831278	0.99276593661198
6553.2777144594	0.99363962136553
6553.3027458865	1.0008363777885
6553.3277774093	1.0074745607044
6553.3528090277	1.0106865921719
6553.3778407432	1.0129383258528
6553.4028725528	1.0129402199252
6553.427904458	1.0115411100978
6553.4529364589	1.0092126546669
6553.4779685553	1.0077450270364
6553.5030007474	1.0058243429621
6553.5280330351	1.0048663508248
6553.5530654184	1.0047416893864
6553.5780978973	1.0074227410988
6553.6031304718	1.0102987806995
6553.628163142	1.0072244230622
6553.6531959077	1.0061861427261
6553.6782287691	1.011651302403
6553.7032617261	1.0157457930569
6553.7282947787	1.0172740583017
6553.753327927	1.0190960001218
6553.7783611708	1.019538636759
6553.8033945103	1.0195304214569
6553.8284279454	1.0193501738183
6553.8534614776	1.0180853161296
6553.8784951039	1.014471180675
6553.9035288259	1.0097978517952
6553.9285626435	1.0056714108932
6553.9535965567	1.0027775857053
6553.9786305655	1.0008707893633
6554.0036646699	0.99683794756854
6554.02869887	0.99078302150804
6554.0537331657	0.97774823756257
6554.078767557	0.9642375413705
6554.1038020439	0.94898550258731
6554.1288366265	0.93029463335068
6554.1538713046	0.90821028040137
6554.1789060784	0.89061784124073
6554.2039409479	0.87424242739571
6554.2289759129	0.87323692874212
6554.2540109736	0.8759601626601
6554.2790461299	0.89388281577937
6554.3040813818	0.91258038054904
6554.3291167294	0.93093289590924
6554.3541521741	0.94832442036457
6554.3791877129	0.96181587675735
6554.4042233473	0.97495878988362
6554.4292590774	0.98742803116057
6554.4542949031	0.99633305806949
6554.4793308244	1.0024091284107
6554.5043668414	1.0050784869861
6554.529402954	1.0055334711896
6554.5544391622	1.0067798094173
6554.579475466	1.0084142692593
6554.6045118655	1.0104986014381
6554.6295483606	1.012074215772
6554.6545849513	1.0100277138192
6554.6796216377	1.0058750508922
6554.7046584197	0.99935130230622
6554.7296952973	0.99393689738388
6554.7547322706	0.98945533634869
6554.7797693395	0.98525643898694
6554.804806504	0.98096459015316
6554.8298437657	0.97929359887042
6554.8548811215	0.98040294570634
6554.8799185729	0.98615497024883
6554.90495612	0.99356854250052
6554.9299937627	0.99950458088729
6554.9550315011	1.0040313340631
6554.980069335	1.0041566574733
6555.0051072647	1.0034704022488
6555.0301452899	0.99857511301488
6555.0551834108	0.9920465173842
6555.0802216273	0.98317438079241
6555.1052599395	0.97751271652532
6555.1302983473	0.97659164841667
6555.1553368507	0.98025016964847
6555.1803754498	0.98542261777359
6555.2054141445	0.98998729992068
6555.2304529349	0.99470475074335
6555.2554918209	0.99233439526237
6555.2805308025	0.98831886538939
6555.3055698813	0.97743528357088
6555.3306090542	0.96569308436644
6555.3556483228	0.9467079680619
6555.380687687	0.9293484943928
6555.4057271469	0.91493317737396
6555.4307667024	0.90438003484641
6555.4558063535	0.89779346697097
6555.4808461003	0.89813498557866
6555.5058859427	0.90266676338361
6555.5309258808	0.91714252828578
6555.5559659145	0.93554537665762
6555.5810060438	0.95326756666475
6555.6060462688	0.96972748512756
6555.6310865895	0.9785306005765
6555.6561270058	0.98615730057158
6555.6811675177	0.98747783724594
6555.7062081253	0.98869659604987
6555.7312488285	0.98942886165518
6555.7562896274	0.98729317775593
6555.7813305219	0.98177561243678
6555.8063715136	0.97990824426731
6555.8314125994	0.98022614086945
6555.8564537809	0.97957542629793
6555.881495058	0.97723741603819
6555.9065364308	0.96348703494695
6555.9315778992	0.9493246854385
6555.9566194633	0.92879345504683
6555.981661123	0.90784553549583
6556.0067028784	0.88782243753871
6556.0317447294	0.87182555601977
6556.0567866761	0.86464992965752
6556.0818287184	0.86735429249978
6556.1068708564	0.88173622270178
6556.1319130901	0.9056731171153
6556.1569554194	0.9347810578169
6556.1819978443	0.96029346451623
6556.2070403649	0.98385747713648
6556.2320829812	0.99752776141573
6556.2571256931	1.0089745711706
6556.2821685021	1.0133439485828
6556.3072114053	1.0172893259194
6556.3322544042	1.0183427472687
6556.3572974988	1.0189681797899
6556.3823406889	1.0186600526562
6556.4073839748	1.0189264440742
6556.4324273563	1.0195957866045
6556.4574708334	1.0197404538036
6556.4825144063	1.0198918640175
6556.5075580747	1.0186533523298
6556.5326018389	1.0157178284411
6556.5576456987	1.0112251581759
6556.5826896541	1.0066820968564
6556.6077337052	0.99764647796811
6556.632777852	0.98742992033953
6556.6578220944	0.97257179290865
6556.6828664325	0.95915720927903
6556.7079108663	0.94795978301135
6556.7329553957	0.93948599886549
6556.7580000223	0.93283577189271
6556.783044743	0.93353306680948
6556.8080895594	0.93881772075098
6556.8331344715	0.95011526806604
6556.8581794792	0.96275947114429
6556.8832245826	0.97537086998539
6556.9082697817	0.98590723208279
6556.9333150764	0.99029087225627
6556.9583604668	0.99495093622037
6556.9834059529	0.99919189379406
6557.0084515346	1.0022919523666
6557.033497212	1.0039560588374
6557.058542985	1.0050533441479
6557.0835888537	1.0050163899489
6557.1086348181	1.0045958341254
6557.1336808782	1.0043437707247
6557.1587270339	1.0037717754878
6557.1837732853	1.0023466821655
6557.2088196324	1.0034030217302
6557.2338660766	1.0047752595528
6557.258912615	1.0046077149231
6557.2839592491	1.0047185282152
6557.3090059788	1.0058073528849
6557.3340528042	1.007341027773
6557.3590997253	1.0093135500108
6557.384146742	1.0104779636869
6557.4091938545	1.0095803436374
6557.4342410626	1.008162152307
6557.4592883663	1.0065947640872
6557.4843357658	1.0082887283331
6557.5093832609	1.010571673497
6557.5344308517	1.0141410183523
6557.5594785381	1.01651178127
6557.5845263202	1.0170410265056
6557.6095741981	1.0167134214289
6557.6346221715	1.0175310979752
6557.6596702407	1.0151965529918
6557.6847184055	1.0089779360735
6557.709766666	1.0030500008708
6557.7348150237	0.99793495349087
6557.7598634756	0.99670620863654
6557.7849120231	0.99738430748415
6557.8099606664	0.99542230555283
6557.8350094053	0.9939918226348
6557.8600582398	0.99319679052629
6557.8851071701	0.99110582383576
6557.910156196	0.98494387492375
6557.9352053176	0.97884596617988
6557.9602545349	0.97340203344264
6557.9853038479	0.96659527168126
6558.0103532565	0.95736291860326
6558.0354027609	0.95255974204786
6558.0604523609	0.95046284816242
6558.0855020566	0.94564136164621
6558.1105518479	0.93989436300304
6558.135601735	0.94086743845753
6558.1606517177	0.94342759266191
6558.1857017962	0.95150115868825
6558.2107519718	0.95859901743112
6558.2358022416	0.9644954957865
6558.260852607	0.9737225878876
6558.2859030682	0.98709627343655
6558.3109536251	0.9996935142843
6558.3360042776	1.01232940111
6558.3610550258	1.0169437761132
6558.3861058697	1.0159306158232
6558.4111568093	1.0137417968107
6558.4362078446	1.0095747831337
6558.4612589755	1.0067026021915
6558.4863102022	1.0041396634873
6558.5113615245	0.99993551141084
6558.5364129425	0.99768769937731
6558.5614644562	0.99889817011606
6558.5865160656	0.99996683280742
6558.6115677707	1.0016626229346
6558.6366195715	1.0029778686368
6558.661671468	1.005191206438
6558.6867234616	1.0060860711148
6558.7117755495	1.0058315513976
6558.736827733	1.0013272789956
6558.7618800123	0.99730429258841
6558.7869323872	0.99283424565066
6558.8119848578	0.98899029756246
6558.8370374241	0.98752894872524
6558.8620900861	0.98714744332067
6558.8871428438	0.99038781848337
6558.9121956972	0.99348816683529
6558.9372486463	0.99535445183349
6558.962301691	0.99996247329682
6558.9873548315	1.0062496816112
6559.0124080677	1.0079761455217
6559.0374613995	1.0091620741457
6559.0625148271	1.0124832353407
6559.0875683503	1.0152262288542
6559.1126219693	1.0157107851294
6559.1376756839	1.0161291260778
6559.1627294943	1.015465630228
6559.1877834018	1.0149017486848
6559.2128374036	1.0145252875398
6559.237891501	1.0143400629218
6559.2629456941	1.0149562543098
6559.287999983	1.013702171441
6559.3130543675	1.0112837584782
6559.3381088477	1.0057068597566
6559.3631634237	0.9997855310293
6559.3882180953	0.99036824454808
6559.4132728626	0.97977873322304
6559.4383277257	0.96613114346824
6559.4633826844	0.94957969493108
6559.4884377389	0.92721753951401
6559.513492889	0.90883808787285
6559.5385481349	0.89497575464319
6559.5636034764	0.89235589679355
6559.5886589136	0.89512085484418
6559.6137144466	0.90744893693922
6559.6387700753	0.92292001434478
6559.6638258011	0.93836756286189
6559.6888816212	0.95289680420903
6559.713937537	0.96065512623825
6559.7389935484	0.96767631693881
6559.7640496556	0.97445277379317
6559.7891058585	0.98175005618738
6559.8141621571	0.98815293293202
6559.8392185514	0.99464781798752
6559.8642750414	1.0017992129101
6559.8893316272	1.0058464388323
6559.9143883086	1.0078954971124
6559.9394450857	1.0121391341256
6559.9645019586	1.0170715699556
6559.9895589271	1.0138596449388
6560.0146159914	1.0102789127573
6560.0396731514	1.0076038717135
6560.0647304071	1.0038857185392
6560.0897877584	0.99834769057972
6560.1148452056	0.99303141473354
6560.1399027499	0.98768048770393
6560.1649603884	0.98073025130984
6560.1900181227	0.97238570298637
6560.2150759526	0.96806721669384
6560.2401338783	0.96463628722526
6560.2651918997	0.96710395315791
6560.2902500168	0.96944217979015
6560.3153082296	0.97170989427242
6560.3403665381	0.97316381766223
6560.3654249423	0.97164031531803
6560.3904834423	0.97054502556364
6560.4155420379	0.97035796644169
6560.4406007293	0.96400606962722
6560.4656595164	0.95346841141854
6560.4907183992	0.94116807424989
6560.5157773778	0.92878469964532
6560.540836452	0.91892471051858
6560.565895622	0.90939583935292
6560.5909548877	0.91160439898718
6560.6160142491	0.91628141107203
6560.6410737077	0.9249371893136
6560.6661332606	0.93386590239055
6560.6911929091	0.94354861262195
6560.7162526534	0.95504422099819
6560.7413124934	0.96973166368219
6560.7663724291	0.97810882021071
6560.7914324606	0.98305774947755
6560.8164925877	0.98868010578779
6560.8415528106	0.99505869609498
6560.8666131292	1.0021008235594
6560.8916735436	1.007001809713
6560.9167340536	1.0061267022815
6560.9417946594	1.0041259896155
6560.9668553609	1.0031154424787
6560.9919161581	1.0011450259241
6561.0169770511	0.99848053231093
6561.0420380398	0.99536022555872
6561.0670991242	0.99190066659556
6561.0921603043	0.98919810813455
6561.1172215816	0.98630231471041
6561.1422829532	0.98475412886136
6561.1673444205	0.98338193618636
6561.1924059835	0.97951211874525
6561.2174676423	0.97680019062383
6561.2425293968	0.97825826164232
6561.267591247	0.9787583368324
6561.2926531929	0.97664575939411
6561.3177152346	0.97766695391046
6561.342777372	0.98124822018046
6561.3678396051	0.98314684263408
6561.392901934	0.98444491362687
6561.4179643586	0.98691131776541
6561.4430268789	0.98977500837779
6561.4680894949	0.98853696035057
6561.4931522067	0.9870185160207
6561.5182150142	0.98670552591029
6561.5432779175	0.98558824301023
6561.5683409164	0.98389383044457
6561.5934040127	0.98133037418139
6561.6184672031	0.97868349645743
6561.6435304893	0.97485748316132
6561.6685938712	0.97113581359181
6561.6936573488	0.96860785897901
6561.7187209222	0.96526920246995
6561.7437845913	0.95995193551141
6561.7688483562	0.95363366593809
6561.7939122167	0.94778704056272
6561.8189761731	0.93989931780235
6561.8440402251	0.92939795955052
6561.8691043729	0.92150798036547
6561.8941686164	0.91527011568224
6561.9192329557	0.90984239670536
6561.9442973907	0.90413212803395
6561.9693619214	0.89713026995435
6561.9944265479	0.88986497148529
6562.0194912701	0.87929767951106
6562.0445560881	0.86913095742083
6562.0696210033	0.85612027228381
6562.0946860127	0.84290172518365
6562.1197511179	0.82922645328203
6562.1448163188	0.81471711173698
6562.1698816155	0.79991577902612
6562.1949470079	0.78631758940551
6562.220012496	0.77332995211963
6562.2450780799	0.759649850586
6562.2701437595	0.7456799448927
6562.2952095349	0.73551411968603
6562.320275406	0.72561921176862
6562.3453413729	0.71720243502246
6562.3704074355	0.70937994193433
6562.3954735938	0.70205235630615
6562.4205398479	0.6938029667373
6562.4456061978	0.6861268024262
6562.4706726433	0.68190515562169
6562.4957391847	0.67942690087813
6562.5208058217	0.67621542414789
6562.5458725546	0.67224128948666
6562.5709393846	0.67176201495754
6562.5960063089	0.67105985526487
6562.621073329	0.6655741713843
6562.6461404448	0.66171849585852
6562.6712076564	0.66185886094879
6562.6962749637	0.66181587650376
6562.7213423667	0.66219556343282
6562.7464098655	0.66310573734759
6562.7714774601	0.66345372045194
6562.7965451504	0.66350022565821
6562.8216129365	0.66385029791626
6562.8466808183	0.66207285390516
6562.8717487958	0.6604033197945
6562.8968168691	0.66212085854927
6562.9218850382	0.66350636418256
6562.946953303	0.66434558970809
6562.9720216636	0.66444927434458
6562.9970901199	0.6644176284818
6563.022158672	0.66465125225911
6563.0472273213	0.6651112244947
6563.0722960649	0.66753015949953
6563.0973649042	0.66972530535556
6563.1224338393	0.67253043467784
6563.1475028701	0.67579942654622
6563.1725719967	0.67992258358657
6563.1976412191	0.68427291646878
6563.2227105372	0.68841332301358
6563.2477799511	0.69196539157172
6563.2728494607	0.69625367749503
6563.2979190661	0.70024072009632
6563.3229887672	0.70384488344613
6563.3480585641	0.71049313518208
6563.3731284568	0.71845207498467
6563.3981984452	0.72907887242602
6563.4232685294	0.73994214390483
6563.4483387093	0.75213878322062
6563.473408985	0.76539734561415
6563.4984793565	0.78237054010373
6563.5235498252	0.79872758662514
6563.5486203882	0.81444914055196
6563.573691047	0.8275799650227
6563.5987618015	0.83890146711017
6563.6238326517	0.84927266525147
6563.6489035978	0.86003764017866
6563.6739746396	0.87236067794288
6563.6990457771	0.88362909096836
6563.7241170104	0.8917123779295
6563.7491883395	0.8995085984469
6563.7742597644	0.90733770715952
6563.799331285	0.91484072667065
6563.8244029013	0.92059862285926
6563.8494746135	0.92194330599112
6563.8745464214	0.92071760399709
6563.8996183251	0.91985094006417
6563.9246903245	0.91826368615767
6563.9497624197	0.91184640299493
6563.9748346107	0.904466059331
6563.9999068974	0.89995921166106
6564.0249792815	0.89682659584154
6564.0500517598	0.89906665298952
6564.0751243338	0.90192473122931
6564.1001970036	0.90378841290213
6564.1252697692	0.90605226052137
6564.1503426306	0.90950646904135
6564.1754155877	0.91748401298671
6564.2004886406	0.92709242417099
6564.2255617893	0.93493560258927
6564.2506350337	0.9424154325427
6564.2757083739	0.94614509363947
6564.3007818099	0.94939939724465
6564.3258553417	0.95269228890886
6564.3509289692	0.95650817568915
6564.3760026925	0.96035244506236
6564.4010765116	0.96199128685643
6564.4261504264	0.9623342324933
6564.4512244371	0.96163240483991
6564.4762985435	0.96017809683922
6564.5013727472	0.96597678303165
6564.5264470451	0.97103178892281
6564.5515214388	0.97063308181759
6564.5765959283	0.97011412504842
6564.6016705136	0.96930683922563
6564.6267451947	0.9676260648429
6564.6518199715	0.96624548409362
6564.6768948441	0.96457522504883
6564.7019698125	0.96345944411966
6564.7270448767	0.96208483026319
6564.7521200366	0.96035100917436
6564.7771952923	0.95825292762494
6564.8022706439	0.95625037389475
6564.8273460911	0.95645856544667
6564.8524216342	0.95694202902931
6564.8774972731	0.95612961584187
6564.9025730077	0.95690463823806
6564.9276488381	0.95993731078676
6564.9527247643	0.96053576049518
6564.9778007878	0.95934973556515
6565.0028769055	0.95728227723464
6565.0279531191	0.95491118933858
6565.0530294284	0.9542111674979
6565.0781058335	0.95462282812319
6565.1031823344	0.95876354333299
6565.128258931	0.96112696567476
6565.1533356235	0.96037241250631
6565.1784124117	0.96070857197788
6565.2034892958	0.9608542330928
6565.2285662756	0.95866284902157
6565.2536433512	0.95653522458766
6565.2787205226	0.95533205522427
6565.3037977897	0.95390621490265
6565.3288751527	0.94707390650604
6565.3539526114	0.94066320842054
6565.379030166	0.93382334448207
6565.4041078163	0.92775580089518
6565.4291855624	0.92191180413693
6565.4542634043	0.91470355782115
6565.4793413435	0.90867721122018
6565.504419377	0.90713597967973
6565.5294975063	0.90739694396479
6565.5545757313	0.91155922537265
6565.5796540522	0.91778505023479
6565.6047324688	0.92927061050582
6565.6298109812	0.94043605114678
6565.6548895895	0.94921726709008
6565.6799682935	0.95705648539143
6565.7050470933	0.96466915543457
6565.7301259889	0.96896201319792
6565.7552049803	0.96997029847555
6565.7802840675	0.96793672750317
6565.8053632505	0.96531036264888
6565.8304425293	0.96258626440328
6565.8555219038	0.95945891358086
6565.8806013742	0.95798389065145
6565.9056809404	0.95744881623453
6565.9307606023	0.9615926850283
6565.9558403616	0.96534078784774
6565.9809202151	0.9675099944677
6566.0060001645	0.96980965988552
6566.0310802096	0.97067453932919
6566.0561603506	0.97066654674247
6566.0812405873	0.97345246440101
6566.1063209199	0.97766629793446
6566.1314013482	0.98165821929824
6566.1564818724	0.9850066173576
6566.1815624923	0.98537021570055
6566.206643208	0.98485004488591
6566.2317240196	0.98599036122371
6566.2568049269	0.98741748517138
6566.2818859301	0.98928772803733
6566.306967029	0.99164674357408
6566.3320482237	0.99172401196924
6566.3571295143	0.99031650300884
6566.3822109006	0.98958790617632
6566.4072923828	0.98934127979622
6566.4323739623	0.98628832112929
6566.457455636	0.98094256643134
6566.4825374056	0.98058139082154
6566.507619271	0.98524070168048
6566.5327012321	0.99023348543131
6566.5577832891	0.9946326992816
6566.5828654419	0.99410182719658
6566.6079476905	0.98863565396007
6566.6330300349	0.9861708035342
6566.6581124751	0.98717061602493
6566.6831950111	0.98778488492976
6566.7082776429	0.98750361347376
6566.7333603705	0.98750301443339
6566.758443194	0.98833167296213
6566.7835261132	0.98897651274707
6566.8086091282	0.98997772438446
6566.8336922391	0.99116761403721
6566.8587754458	0.99153205423979
6566.8838587482	0.99006994775496
6566.908942148	0.98434782708083
6566.9340256421	0.9798030844556
6566.9591092321	0.9806489160686
6566.9841929178	0.98151401066019
6567.0092766993	0.98219469913131
6567.0343605766	0.98395664674292
6567.0594445498	0.98671391967627
6567.0845286188	0.98872696293682
6567.1096127836	0.98883980619196
6567.1346970441	0.9895547116418
6567.1597814006	0.98912587194207
6567.1848658528	0.98865180045897
6567.2099504008	0.99136432790879
6567.2350350447	0.99339363560179
6567.2601197843	0.99224732543511
6567.2852046198	0.99108865963819
6567.3102895511	0.98714542425458
6567.3353745782	0.98404217111719
6567.3604597012	0.98496963410596
6567.3855449199	0.98575112011533
6567.410630236	0.98832410154648
6567.4357156464	0.99086599985495
6567.4608011526	0.98656785292174
6567.4858867546	0.98150645612915
6567.5109724525	0.97897781052945
6567.5360582461	0.97683237409871
6567.5611441356	0.98075614896294
6567.5862301209	0.98445496633728
6567.611316202	0.98859099818318
6567.636402379	0.99290214762185
6567.6614886517	0.99270102781329
6567.6865750203	0.99236499253295
6567.7116614847	0.99228501742575
6567.736748045	0.99224615378188
6567.761834701	0.99267291071943
6567.7869214529	0.99309618657779
6567.8120083006	0.99387419786202
6567.8370952441	0.99438885235394
6567.8621822834	0.99433045555303
6567.8872694201	0.99433796192211
6567.9123566511	0.99463762434375
6567.9374439779	0.99530845871025
6567.9625314006	0.99451760616214
6567.9876189191	0.99313098017594
6568.0127065334	0.99410298179836
6568.0377942435	0.99646581918004
6568.0628820494	0.99687208149552
6568.0879699512	0.99537200996814
6568.1130579488	0.99376157451305
6568.1381460423	0.99292605769974
6568.1632342315	0.9953864733426
6568.1883225166	0.99910061228953
6568.2134108975	0.99618859769581
6568.2384993743	0.98920567114526
6568.2635879469	0.98887889546604
6568.2886766153	0.99413205398421
6568.3137653795	0.9972924953293
6568.3388542396	0.99739723689632
6568.363943197	0.99561012365312
6568.3890322488	0.99317621863298
6568.4141213963	0.99268768715784
6568.4392106397	0.99414801326008
6568.464299979	0.99595986165987
6568.489389414	0.99704249941694
6568.5144789449	0.9958744063012
6568.5395685717	0.99282888183539
6568.5646582942	0.98931824945783
6568.5897481126	0.98537148151007
6568.6148380269	0.98693552222446
6568.639928037	0.99612982965067
6568.6650181429	0.99804172444779
6568.6901083446	0.98910652752701
6568.7151986422	0.98082747874378
6568.7402890356	0.97288648153439
6568.7653795249	0.96672172456994
6568.79047011	0.96465120815361
6568.8155607909	0.96218519707178
6568.8406515677	0.95862374163632
6568.8657424418	0.95595484926083
6568.8908334102	0.95461716894075
6568.9159244745	0.95201474247805
6568.9410156347	0.9467639880121
6568.9661068906	0.9409638287494
6568.9911982424	0.93297845805599
6569.0162896901	0.92283322748634
6569.0413812336	0.9053640894707
6569.0664728729	0.88840923400803
6569.0915646081	0.86944305050198
6569.1166564391	0.84811364619157
6569.141748366	0.82078485315076
6569.1668403887	0.79664328112749
6569.1919325072	0.7858603637085
6569.2170247216	0.77760369662697
6569.2421170319	0.78637143673137
6569.2672094379	0.79808792447347
6569.2923019399	0.83323068096478
6569.3173945376	0.86735037653962
6569.3424872328	0.89584818754677
6569.3675800222	0.92378550735766
6569.3926729075	0.94143879224205
6569.4177658887	0.95919922240098
6569.4428589657	0.96977285977523
6569.4679521385	0.97993120979708
6569.4930454072	0.98682269043518
6569.5181387718	0.99479601278796
6569.5432322322	1.001646925093
6569.5683257884	1.0074950737747
6569.5934194405	1.0044827427892
6569.6185131885	1.0019678124157
6569.6436070323	0.99889272986151
6569.6687009719	0.99506526297792
6569.6937950074	0.98885947819522
6569.7188891387	0.9826261667625
6569.7439833659	0.98015240422673
6569.769077689	0.97867906876786
6569.7941721079	0.98221960777034
6569.8192666242	0.98541784581296
6569.8443612348	0.97510056796834
6569.8694559412	0.96366123740178
6569.8945507435	0.95560546178766
6569.9196456417	0.9476481278078
6569.9447406357	0.95081338761323
6569.9698357256	0.95530443520362
6569.9949309113	0.95782740046785
6570.0200261929	0.96070361440276
6570.0451215704	0.96363376555672
6570.0702170437	0.96614273721627
6570.0953126128	0.96998772729714
6570.1204082779	0.97370903957438
6570.1455040387	0.97061720345644
6570.1705998955	0.96630980142469
6570.195695848	0.96478099320812
6570.2207918965	0.96362930505065
6570.2458880408	0.95418400081739
6570.270984281	0.94182126023466
6570.2960806185	0.94592598718358
6570.3211770504	0.95659317656993
6570.3462735781	0.95845241579674
6570.3713702017	0.95682757838524
6570.3964669212	0.95393249876699
6570.4215637365	0.95016098618331
6570.4466606477	0.9466179364556
6570.4717576548	0.94284988233318
6570.4968547577	0.9387337920087
6570.5219519565	0.93454262074338
6570.5470492511	0.92981984292129
6570.5721466416	0.92435717187014
6570.597244128	0.92018875497722
6570.6223417102	0.91672868514789
6570.6474393883	0.91296359215057
6570.6725371623	0.90903794000351
6570.6976350321	0.90489589440476
6570.7227329978	0.90087349900683
6570.7478310594	0.89666547569387
6570.7729292168	0.89236160216879
6570.7980274716	0.88745990210797
6570.8231258208	0.88231496045808
6570.8482242658	0.88431517646898
6570.8733228067	0.89315595712837
6570.8984214434	0.89949037226072
6570.9235201761	0.9032282471757
6570.9486190046	0.91056607835492
6570.973717929	0.92133632993104
6570.9988169492	0.92689525217888
6571.0239160653	0.92632378722388
6571.0490152773	0.92496579393717
6571.0741145851	0.92334957694202
6571.0992139889	0.92297786985128
6571.1243134885	0.9225333533179
6571.1494130839	0.92403978724351
6571.1745127753	0.93018616090169
6571.1996125625	0.93384005043306
6571.2247124456	0.93196266541901
6571.2498124245	0.93302369300057
6571.2749125009	0.94128978259762
6571.3000126716	0.9500202784878
6571.3251129382	0.95737692537766
6571.3502133006	0.96292287415861
6571.375313759	0.96666559115781
6571.4004143132	0.97063006795445
6571.4255149633	0.97233032264778
6571.4506157092	0.96912701294378
6571.4757165511	0.95812930112775
6571.5008174888	0.95064056962238
6571.5259185224	0.95158230370924
6571.5510196519	0.95421777936735
6571.5761208772	0.96112780316708
6571.6012221984	0.96689689159096
6571.6263236156	0.96929013078413
6571.6514251285	0.97144341998686
6571.6765267374	0.97263070635688
6571.7016284422	0.97405103334505
6571.7267302428	0.97031036094288
6571.7518321408	0.96520750483946
6571.7769341332	0.9589925870315
6571.8020362215	0.95322459556422
6571.8271384056	0.95308210239161
6571.8522406857	0.95294464927967
6571.8773430616	0.951559201209
6571.9024455334	0.95073382463979
6571.9275481011	0.95680042170429
6571.9526507646	0.96182234717056
6571.9777535241	0.95794388738911
6572.0028563794	0.95388930657113
6572.0279593306	0.94985996160106
6572.0530623778	0.94674174424251
6572.0781655208	0.95219320927228
6572.1032687596	0.95688766837321
6572.1283720944	0.94975921492182
6572.153475525	0.94365776433061
6572.1785790516	0.94333109404005
6572.203682674	0.94321085103871
6572.2287863923	0.94563748681755
6572.253890208	0.94859941774243
6572.2789941181	0.95137703293366
6572.3040981241	0.95439869651861
6572.329202226	0.95742396522534
6572.3543064238	0.96109460671458
6572.3794107174	0.97414338327391
6572.4045151069	0.98798532974494
6572.4296195924	0.98828504032484
6572.4547241737	0.98675208626796
6572.4798288509	0.97370910439507
6572.504933624	0.95840385886797
6572.530038493	0.96243085048816
6572.5551434579	0.96638271766382
6572.5802485187	0.94905788354753
6572.6053536754	0.93097667199304
6572.6304589279	0.90490814511978
6572.6555642764	0.87909606797676
6572.6806697207	0.84266515565433
6572.705775261	0.80624438976434
6572.7308808987	0.78209885905414
6572.7559866307	0.75975896561872
6572.7810924586	0.75550411861921
6572.8061983825	0.75369602659358
6572.8313044022	0.76965482612193
6572.8564105178	0.78615327719037
6572.8815167294	0.81456183196822
6572.9066230368	0.8454424885102
6572.9317294401	0.87375953461888
6572.9568359393	0.90170013149394
6572.9819425345	0.92014059382322
6573.0070492255	0.93650925621506
6573.0321560124	0.94993656066946
6573.0572628952	0.96289229201085
6573.0823698739	0.97413256687205
6573.1074769486	0.98637838388892
6573.1325841191	0.98573249239026
6573.1576913855	0.98300759210789
6573.1827987478	0.9737255071935
6573.2079062076	0.96255983790963
6573.2330137617	0.97949090529889
6573.2581214117	1.003157024585
6573.2832291576	0.9991103821472
6573.3083369995	0.98577982718632
6573.3334449372	0.97874588009783
6573.3585529709	0.97307393637646
6573.3836611004	0.97221268804984
6573.4087693259	0.97243595668439
6573.4338776472	0.97154278106807
6573.4589860645	0.9716453164158
6573.4840945777	0.9730198609107
6573.5092031868	0.97483067950643
6573.5343118918	0.97395394321235
6573.5594206926	0.97175286146029
6573.5845295894	0.96915170249742
6573.6096385822	0.96632774001411
6573.6347476708	0.96142244512484
6573.6598568553	0.95685668576619
6573.6849661357	0.95750477042037
6573.7100755136	0.96032809256866
6573.7351849858	0.9559857686694
6573.760294554	0.94774305919578
6573.7854042181	0.95018775510397
6573.8105139781	0.95864600081752
6573.835623834	0.96200853744756
6573.8607337858	0.96189708843208
6573.8858438335	0.95955967578301
6573.9109539771	0.95638636802331
6573.9360642167	0.95084805462505
6573.9611745521	0.94376468002951
6573.9862849835	0.93155854352136
6574.0113955108	0.91623147889171
6574.036506134	0.90444114886577
6574.0616168531	0.89367385084932
6574.0867276681	0.87941185880782
6574.1118385791	0.86235793805856
6574.1369495859	0.83403886215283
6574.1620606887	0.79854138815092
6574.1871718889	0.77157253482872
6574.2122831835	0.75048715269095
6574.2373945741	0.74258398052278
6574.2625060605	0.74486149386199
6574.2876176429	0.76418583029641
6574.3127293212	0.79774054044718
6574.3378410953	0.82812819443216
6574.3629529655	0.85651100553116
6574.3880649315	0.87812202001396
6574.4131769935	0.89460960195247
6574.4382891513	0.91189359961007
6574.4634014051	0.92884751806615
6574.4885137549	0.94313095194041
6574.5136262005	0.95468017064389
6574.5387387421	0.95885688267638
6574.5638513795	0.95696306190765
6574.5889641129	0.95888545915382
6574.6140769423	0.96409198665371
6574.6391898675	0.95553376024797
6574.6643028902	0.93337075541797
6574.6894160073	0.92264884126157
6574.7145292203	0.92347463053978
6574.7396425293	0.92220422001834
6574.7647559342	0.91724529587044
6574.789869435	0.91022957758575
6574.8149830317	0.89999950010896
6574.8400967243	0.8832548879734
6574.8652105129	0.85980843406827
6574.8903243974	0.83498552537918
6574.9154383778	0.80868052599042
6574.9405524542	0.78157300308904
6574.9656666265	0.75452610573712
6574.9907808947	0.73616559799128
6575.0158952588	0.72754647552093
6575.0410097189	0.73120524346517
6575.0661242749	0.75202048059695
6575.0912389268	0.77765989429813
6575.1163536747	0.80979346413592
6575.14146852	0.84412466504111
6575.1665834597	0.88181268094465
6575.1916984953	0.90815596117368
6575.2168136269	0.91729617463549
6575.2419288544	0.92707052581407
6575.2670441779	0.93844757917045
6575.2921595972	0.94209053784619
6575.3172751126	0.93582709028713
6575.3423907238	0.94165342828981
6575.367506431	0.96727956858436
6575.3926222341	0.97569095995512
6575.4177381331	0.9559651422114
6575.4428541281	0.94636494345824
6575.467970219	0.95355814843524
6575.4930864059	0.95659294324002
6575.5182026887	0.95094284771596
6575.5433190674	0.94995055338233
6575.568435542	0.95731961277599
6575.5935521126	0.96084870597235
6575.6186687792	0.95687427930765
6575.6437855432	0.95379853065048
6575.6689024016	0.95245678296193
6575.6940193559	0.94901479217275
6575.7191364062	0.9414836793928
6575.7442535524	0.9357283386566
6575.7693707946	0.93403437351197
6575.7944881327	0.93252040913697
6575.8196055667	0.93091322135255
6575.8447230967	0.92881200927482
6575.8698407227	0.92496562186292
6575.8949584445	0.91708847390752
6575.9200762623	0.90040692895621
6575.9451941761	0.89079211383436
6575.9703121858	0.89699291759396
6575.9954302914	0.90305671305316
6576.020548493	0.91029603495191
6576.0456667905	0.91545167342283
6576.070785184	0.9160828336983
6576.0959036734	0.91436717226662
6576.1210222603	0.90721066476536
6576.1461409416	0.90036583407557
6576.1712597188	0.89513903667332
6576.196378592	0.89300326505985
6576.2214975611	0.89758619616073
6576.2466166262	0.90114914122641
6576.2717357873	0.90183660248378
6576.2968550442	0.90220672425073
6576.3219743972	0.90023636113608
6576.347093846	0.89875975129492
6576.3722133909	0.90186278093603
6576.3973330316	0.90496717439789
6576.4224527683	0.90754770290759
6576.447572601	0.9109183389393
6576.4726925296	0.91460789868617
6576.4978125542	0.91511320495446
6576.5229326747	0.9093983758923
6576.5480528912	0.90077211682721
6576.5731732036	0.87911656982398
6576.5982936135	0.86623101157794
6576.6234141178	0.88213011592555
6576.6485347181	0.89460809907886
6576.6736554143	0.89605265643267
6576.6987762065	0.897343208909
6576.7238970947	0.89796083051622
6576.7490180787	0.89826296103104
6576.7741391588	0.89756582994277
6576.7992603348	0.89804751578415
6576.8243816067	0.9034378147219
6576.8495029746	0.90759511390652
6576.8746244385	0.90522988243703
6576.8997459983	0.90392466312944
6576.9248676541	0.90584154698372
6576.9499894058	0.90845286658694
6576.9751112535	0.91602023689743
6577.0002331972	0.92266820152982
6577.0253552368	0.92363693161711
6577.0504773723	0.92279491383344
6577.0755996039	0.91827112541
6577.1007219329	0.91743809364305
6577.1258443563	0.92836107674482
6577.1509668757	0.93761040785809
6577.1760894911	0.93843874904329
6577.2012122024	0.93633527270607
6577.2263350097	0.92416826393945
6577.2514579129	0.91431770623436
6577.2765809121	0.91434593948961
6577.3017040073	0.91663973706622
6577.3268271984	0.92263177628737
6577.3519504855	0.92855426263685
6577.3770738685	0.94117628071534
6577.4021973476	0.94915689945331
6577.4273209225	0.93519561044858
6577.4524445935	0.92337167835167
6577.4775683604	0.92145539950643
6577.5026922233	0.91846511013104
6577.5278161821	0.91064423645851
6577.5529402369	0.90422124359793
6577.5780643892	0.90328183080403
6577.6031886359	0.90190961798703
6577.6283129786	0.90156744448396
6577.6534374173	0.90218652671405
6577.6785619519	0.90554314916341
6577.7036865825	0.90944039992268
6577.7288113091	0.91851194364607
6577.7539361317	0.92542490913205
6577.7790610502	0.91780957477258
6577.8041860646	0.91231067835306
6577.8293111751	0.9163613107038
6577.8544363815	0.91801983422207
6577.8795616839	0.91266239825855
6577.9046870823	0.9092590127548
6577.9298125766	0.91080442760678
6577.9549381669	0.9119624209654
6577.9800638532	0.91757172930797
6578.0051896354	0.92295262795372
6578.0303155136	0.91955079500909
6578.0554414893	0.91736494652161
6578.0805675595	0.92524695826195
6578.1056937256	0.92999904868511
6578.1308199878	0.92063176968295
6578.1559463458	0.9118839366499
6578.1810727999	0.89955594355642
6578.2061993499	0.88787766162888
6578.2313259959	0.88529404706459
6578.2564527379	0.88524015704085
6578.2815795759	0.89710110248036
6578.3067065098	0.90762973690164
6578.3318335397	0.91072486623461
6578.3569606656	0.91364952856685
6578.3820878875	0.91634581318581
6578.4072152054	0.91810634177489
6578.4323426192	0.91639361679812
6578.457470129	0.9161574270857
6578.4825977348	0.91947507114364
6578.5077254366	0.92176269891072
6578.5328532358	0.92078252063675
6578.5579811295	0.91994806534488
6578.5831091192	0.91945938547703
6578.6082372049	0.91895577227258
6578.6333653866	0.91860355778113
6578.6584936642	0.91774790699721
6578.6836220379	0.91440316485694
6578.7087505075	0.9100462935384
6578.7338790731	0.90060916137554
6578.7590077347	0.89212178610827
6578.7841364922	0.88716805759506
6578.8092653458	0.88336694047802
6578.8343942953	0.88656766223325
6578.8595233408	0.88836174423229
6578.8846524823	0.88415749771685
6578.9097817198	0.88103521414234
6578.9349110533	0.88600186588565
6578.9600404827	0.89126924931678
6578.9851700082	0.89482868181038
6579.0102996296	0.89817583115831
6579.0354293485	0.90107215087249
6579.0605591619	0.9063021642167
6579.0856890713	0.9197508243529
6579.1108190767	0.92822171812558
6579.1359491781	0.9163990433483
6579.1610793754	0.90785176785962
6579.1862096688	0.91212716798512
6579.2113400581	0.91415791582753
6579.2364705434	0.90740557041436
6579.2616011248	0.90216148778148
6579.2867318021	0.90091269387314
6579.3118625754	0.89944900764254
6579.3369934447	0.90052128919327
6579.3621244099	0.90312299782784
6579.3872554712	0.90900321056015
6579.4123866285	0.91082242104098
6579.4375178817	0.89680667789084
6579.462649231	0.88539337544318
6579.4877806763	0.88602467280098
6579.512912219	0.88756714437958
6579.5380438562	0.89160413841691
6579.5631755895	0.89427277573969
6579.5883074187	0.89326249656965
6579.6134393439	0.89509007786368
6579.6385713651	0.90564361663313
6579.6637034824	0.91250085441269
6579.6888356956	0.90792344074589
6579.7139680048	0.90484304861118
6579.73910041	0.90559509142025
6579.7642329112	0.90622847720557
6579.7893655084	0.90622880163615
6579.8144982016	0.90524216861739
6579.8396309908	0.90173307543156
6579.864763876	0.89793698715678
6579.8898968572	0.89370776044015
6579.9150299344	0.88843801195207
6579.9401631076	0.880670500264
6579.9652963768	0.87762388815987
6579.9904297435	0.886179348855
6580.0155632047	0.89050614605978
6580.0406967619	0.88436251160149
6580.0658304151	0.87690760156943
6580.0909641643	0.86444822999563
6580.1160980095	0.85402868760368
6580.1412319507	0.84889278040991
6580.1663659879	0.84246734104467
6580.1915001212	0.83392618456766
6580.2166343504	0.83032814099661
6580.2417686756	0.83977074344382
6580.2669030969	0.84976221129994
6580.2920376141	0.86010771423338
6580.3171722273	0.87155348400039
6580.3423069366	0.88779690431431
6580.3674417419	0.90094589994438
6580.3925766431	0.90460553889765
6580.4177116404	0.90753299009195
6580.4428467337	0.9100523474562
6580.467981923	0.91394401383929
6580.4931172098	0.91972452736116
6580.5182525911	0.92285880536274
6580.5433880684	0.92093951470828
6580.5685236417	0.919202377431
6580.5936593111	0.91753529688648
6580.6187950764	0.91593242894584
6580.6439309378	0.91411214544792
6580.6690668951	0.90676033873207
6580.6942029485	0.8879722755638
6580.7193390979	0.87300378127454
6580.7444753433	0.86641448329921
6580.7696116847	0.86027011830343
6580.7947481221	0.85494762130926
6580.8198846556	0.85039456750191
6580.845021285	0.84690414702588
6580.8701580105	0.84104475605183
6580.895294832	0.83276842304861
6580.9204317495	0.82931920702116
6580.945568763	0.83218107507664
6580.970705874	0.83540944116689
6580.9958430796	0.83969642829436
6581.0209803811	0.83892634239458
6581.0461177787	0.82880526164447
6581.0712552723	0.8154210534343
6581.0963928619	0.79755982672838
6581.1215305475	0.7805243178239
6581.1466683292	0.76318243221471
6581.1718062069	0.75184843383957
6581.1969441805	0.75119307098284
6581.2220822502	0.7584092380195
6581.247220416	0.77814723303017
6581.2723586777	0.79804991902128
6581.2974970355	0.82020240523829
6581.3226354892	0.84043254102028
6581.347774039	0.85429664242512
6581.3729126849	0.8721971059526
6581.3980514267	0.89886943678375
6581.4231902646	0.91371107686108
6581.4483292	0.91035344453599
6581.4734682299	0.89963059792574
6581.4986073558	0.87948858780342
6581.5237465778	0.88086664838183
6581.5488858958	0.91136003596153
6581.5740253098	0.91827439821968
6581.5991648198	0.89398746196337
6581.6243044258	0.88131780762944
6581.6494441279	0.88351694736739
6581.674583926	0.88658614408419
6581.6997238202	0.8898789704226
6581.7248638103	0.89497961419223
6581.7500038965	0.90370752398831
6581.7751440787	0.90606242408589
6581.800284357	0.90069903544924
6581.8254247312	0.89810115042313
6581.8505652015	0.8996097474373
6581.8757057678	0.90166480368479
6581.9008464302	0.90309849288743
6581.9259871886	0.90431087108254
6581.9511280445	0.90499432248553
6581.976268995	0.90499744628831
6582.0014100414	0.90456416265373
6582.0265511839	0.90084462310295
6582.0516924225	0.8936342028277
6582.076833757	0.88080375482557
6582.1019751876	0.86320339968585
6582.1271167143	0.8533369296216
6582.1522583369	0.85041485648458
6582.1774000556	0.85333844786688
6582.2025418703	0.86193002093316
6582.2276837811	0.87438333757343
6582.2528257879	0.89592515433174
6582.2779678907	0.89540710594748
6582.3031100896	0.87747143151723
6582.3282523845	0.87655493429419
6582.3533947754	0.88546487901076
6582.3785372624	0.89218217414635
6582.4036798454	0.89423930315766
6582.428822526	0.89449781916657
6582.4539653011	0.89298018485731
6582.4791081722	0.88584749092653
6582.5042511393	0.88103001023359
6582.5293942025	0.87601364013979
6582.5545373618	0.87222701592548
6582.579680617	0.86958325834913
6582.6048239684	0.86855437457159
6582.6299674157	0.87208573811104
6582.6551109591	0.87654328948056
6582.6802545985	0.87849846699445
6582.705398334	0.87786396729087
6582.7305421655	0.86766823418735
6582.7556860931	0.8551830421267
6582.7808301167	0.85850530425577
6582.8059742363	0.8685320681745
6582.831118452	0.85852986037463
6582.8562627637	0.84163325859112
6582.8814071715	0.83918492803512
6582.9065516768	0.83891867020189
6582.9316962767	0.84281755114632
6582.9568409726	0.84777860331319
6582.9819857645	0.85319394569967
6583.0071306525	0.85984820340782
6583.0322756365	0.86764851797581
6583.0574207166	0.87362642585722
6583.0825658927	0.86563886779857
6583.1077111649	0.85015396014235
6583.1328565331	0.84577197506826
6583.1580019974	0.84398420523132
6583.1831475577	0.84257224508933
6583.2082932141	0.84601705233339
6583.2334389665	0.85167080649311
6583.2585848149	0.85795066207048
6583.2837307595	0.85679203805329
6583.3088768	0.85484998791902
6583.3340229366	0.85438727961795
