6544.2740304893	1.0220588380413
6544.2990275252	1.0210424888153
6544.3240246567	1.0202345432617
6544.3490218836	1.01895181598
6544.374019206	1.0169212057155
6544.3990166239	1.0143591173258
6544.4240141373	1.0133199492583
6544.4490117477	1.0131606765589
6544.474009452	1.0091411186588
6544.4990072518	1.0037055967552
6544.5240051471	1.0046262299449
6544.5490031379	1.0062965188694
6544.5740012242	1.001481035463
6544.598999406	0.99778375456366
6544.6239976832	0.99783975422767
6544.6489960559	0.99609289751489
6544.6739945241	0.98922895129665
6544.6989930878	0.984996066392
6544.723991747	0.98494007236283
6544.7489905017	0.98219571978939
6544.7739893519	0.97622782964274
6544.7989882975	0.9748700113772
6544.8239873387	0.97587476169016
6544.8489864753	0.97383795364939
6544.8739857074	0.97011752196638
6544.898985035	0.97376346452744
6544.9239844596	0.97956982499149
6544.9489839782	0.97923529319758
6544.9739835923	0.97867097704596
6544.9989833018	0.98098684777767
6545.0239831069	0.98584477347168
6545.0489830074	0.99082298014416
6545.0739830035	0.9951736361179
6545.098983095	0.99960037524168
6545.123983282	1.0025516593254
6545.1489835645	1.0025960744799
6545.1739839425	1.0024500287918
6545.198984416	1.0038625056098
6545.223984985	1.0027627887292
6545.2489856495	0.99988796000295
6545.2739864095	0.999794751833
6545.298987265	1.0012927386834
6545.323988216	1.0058665851572
6545.3489892624	1.0101604479692
6545.3739904044	1.0075061869443
6545.3989916434	1.0055971860689
6545.4239929763	1.0058856562983
6545.4489944048	1.0064339677749
6545.4739959287	1.0070749142203
6545.4989975482	1.0072381117564
6545.5239992631	1.0072281625196
6545.5490010736	1.0078855965014
6545.5740029795	1.0075872396869
6545.599004981	1.0034225311203
6545.6240070779	0.99712835515392
6545.6490092704	0.99835049836662
6545.6740115583	1.0024162958653
6545.6990139418	1.0053846791945
6545.7240164207	1.008047927506
6545.7490189952	1.009826299008
6545.7740216651	1.0112444149565
6545.7990244306	1.0126287110859
6545.8240272915	1.0133851525416
6545.849030248	1.0122480572032
6545.8740333	1.007653776605
6545.8990364489	0.99811098929684
6545.9240396919	0.9908044923811
6545.9490430304	0.98602745444934
6545.9740464644	0.97641426320872
6545.9990499938	0.96273622932574
6546.0240536188	0.95546706178945
6546.0490573393	0.95056468058386
6546.0740611553	0.92383542750832
6546.0990650668	0.89045304904825
6546.1240690739	0.86036883952913
6546.1490731764	0.83110227684827
6546.1740773744	0.80284100579764
6546.1990816679	0.77650441102676
6546.224086057	0.76700469424364
6546.2490905415	0.76402164830184
6546.2740951216	0.78036402784423
6546.2990997972	0.80289153450234
6546.3241045683	0.83613619658089
6546.3491094349	0.87182741998325
6546.3741143985	0.9102736290807
6546.3991194561	0.94060552539212
6546.4241246092	0.96571578471862
6546.4491298579	0.98320472340677
6546.474135202	0.9960431692109
6546.4991406417	1.0027147227311
6546.5241461769	1.0072335790446
6546.5491518075	1.0069274319829
6546.5741575337	1.0058879128881
6546.5991633555	1.0043123239618
6546.6241692727	1.0039641400791
6546.6491752854	1.0040615920118
6546.6741813937	1.0027792410216
6546.6991875975	1.0003519438828
6546.7241938968	1.0003497660659
6546.7492002916	1.0022217764819
6546.7742067819	1.0011429625188
6546.7992133677	0.9981673337776
6546.8242200491	0.99826012642699
6546.8492268275	1.0008270783323
6546.8742336999	1.0032283944944
6546.8992406678	1.0063096040787
6546.9242477312	1.0091912584413
6546.9492548902	1.0124454383406
6546.9742621447	1.0216879094494
6546.9992694946	1.0300773733046
6547.0242769401	1.0381930673447
6547.0492844812	1.0452592336609
6547.0742921177	1.0491184243044
6547.0992998498	1.0496929512435
6547.1243076774	1.0452081225923
6547.1493156005	1.041768216366
6547.1743236191	1.0382246296821
6547.1993317333	1.0296140333777
6547.224339943	1.0169768670395
6547.2493482482	1.0043734757998
6547.2743566489	0.99323255111101
6547.2993651452	0.99040638980825
6547.324373737	0.98941958968634
6547.3493824258	0.9929999731693
6547.3743912086	0.99823797154184
6547.3994000869	0.9988323150198
6547.4244090608	0.99865264202383
6547.4494181302	0.99781856470482
6547.4744272952	0.99564390575039
6547.4994365556	0.99018642535227
6547.5244459116	0.9823340784709
6547.5494553631	0.97204673911044
6547.5744649102	0.96813372013771
6547.5994745527	0.96919736052638
6547.6244842908	0.97275700688144
6547.6494941245	0.97716753570274
6547.6745040536	0.97971002304602
6547.6995140783	0.98135712154854
6547.7245241986	0.98597551496622
6547.7495344143	0.9912360404719
6547.7745447256	0.99861658359514
6547.7995551324	1.0052896196957
6547.8245656362	1.0084601502714
6547.8495762341	1.0131319021187
6547.8745869275	1.018658040343
6547.8995977165	1.0265650196453
6547.924608601	1.0357126261794
6547.949619581	1.0316106800262
6547.9746306565	1.0165753421402
6547.9996418276	1.0120515296302
6548.0246530942	1.0132938391366
6548.0496644563	0.99815632334246
6548.074675914	0.97994776811193
6548.0996874672	0.97523887768977
6548.124699116	0.97385003524007
6548.1497108603	0.9779420729495
6548.1747227001	0.98194669246813
6548.1997346355	0.98390643008853
6548.2247466664	0.98631835805774
6548.2497587928	0.99003657667345
6548.2747710148	0.99438132011052
6548.2997833338	0.99966799873927
6548.3247957469	1.003854313028
6548.3498082555	1.0069513673224
6548.3748208596	1.0102504074721
6548.3998335593	1.0138931435268
6548.4248463545	1.0148726898378
6548.4498592453	1.014810717548
6548.4748722316	1.0204990156918
6548.4998853134	1.0264395093706
6548.5248984908	1.0275772230926
6548.5499117637	1.0285027808298
6548.5749251322	1.0282115028822
6548.5999385962	1.0286963496299
6548.6249521557	1.0309071146093
6548.6499658108	1.0322530402866
6548.6749795615	1.0326800328779
6548.6999934077	1.0313712106748
6548.7250073494	1.0278101855333
6548.7500213867	1.0243005598386
6548.775035521	1.022161573959
6548.8000497494	1.0202094936743
6548.8250640733	1.0171008567202
6548.8500784927	1.0122934114141
6548.8750930078	1.0071997054169
6548.9001076183	0.99956730301236
6548.9251223244	0.99291985283926
6548.9501371261	0.99693422474412
6548.9751520233	1.0000592290232
6549.000167016	0.99908670251792
6549.0251821043	1.0013461820219
6549.0501972882	1.0067283000076
6549.0752125676	1.0114529703669
6549.1002279425	1.0163455556638
6549.125243413	1.0191303432527
6549.1502589791	1.0192161804754
6549.1752746407	1.0260015596046
6549.2002903978	1.0347311049156
6549.2253062505	1.0264081970283
6549.2503221988	1.0162679436661
6549.2753382441	1.0154974491294
6549.3003543835	1.0150414348144
6549.3253706184	1.0165469360714
6549.3503869489	1.0188473703054
6549.3754033749	1.0222799092829
6549.4004198965	1.023725228749
6549.4254365136	1.0223815378457
6549.4504532263	1.0211195761929
6549.4754700345	1.0201363105359
6549.5004869383	1.0184611088175
6549.5255039377	1.0168216059921
6549.5505210326	1.0182189323459
6549.5755382231	1.0200434067106
6549.6005555091	1.0170284582777
6549.6255728907	1.0137197156581
6549.6505903679	1.0233768317522
6549.6756079406	1.0317930360205
6549.7006256088	1.0287572059653
6549.7256433727	1.0249753633343
6549.7506612336	1.0196070620773
6549.7756791885	1.0157138667009
6549.800697239	1.0156978775473
6549.8257153851	1.0132461891638
6549.8507336267	1.0079015153871
6549.8757519639	1.0077137317795
6549.9007703967	1.01090814482
6549.925788925	1.0130101493507
6549.9508075489	1.0152576137764
6549.9758262683	1.0175762554128
6550.0008450833	1.0205122867049
6550.0258639939	1.0195174199683
6550.050883	1.0179922964046
6550.0759021017	1.014890808957
6550.100921299	1.0109316228872
6550.1259405918	1.0071204695164
6550.1509599802	1.0010054029465
6550.1759794641	0.99186554809103
6550.2009990437	0.98509142848126
6550.2260187203	0.98029629277021
6550.2510384909	0.98215509617089
6550.2760583572	0.98734529446855
6550.301078319	0.98778513455878
6550.3260983763	0.98771901003236
6550.3511185292	0.99704707684605
6550.3761387778	1.0075696121168
6550.4011591218	1.0170229362337
6550.4261795615	1.0265751533761
6550.4512000967	1.0373391624621
6550.4762207275	1.0425146638346
6550.5012414538	1.0365290123967
6550.5262622757	1.0331209567417
6550.5512831932	1.0325245748657
6550.5763042063	1.0306949453899
6550.6013253149	1.0283130503313
6550.6263465191	1.0253649656653
6550.6513678189	1.0224807495498
6550.6763892143	1.0194465779647
6550.7014107052	1.0163078011172
6550.7264322932	1.0147406575448
6550.7514539753	1.0127494073821
6550.776475753	1.0106267490412
6550.8014976262	1.008881542742
6550.826519595	1.0061256398075
6550.8515416594	1.0052708268416
6550.8765638193	1.0065707677204
6550.9015860749	1.0104202692063
6550.926608426	1.0166813251919
6550.9516308727	1.0206314127568
6550.9766534149	1.0227303207538
6551.0016760528	1.0304074571192
6551.0266987862	1.0400865621912
6551.0517216152	1.0443792498836
6551.0767445398	1.0498733330881
6551.10176756	1.0553669109101
6551.1267906757	1.0591843158751
6551.151813887	1.0598882697848
6551.1768371939	1.0582428956847
6551.2018605979	1.0522686275859
6551.226884096	1.0447080723081
6551.2519076896	1.0377641132352
6551.2769313789	1.0310641616592
6551.3019551637	1.0254066557407
6551.3269790441	1.0197740971009
6551.35200302	1.0141579695397
6551.3770270916	1.0035360791232
6551.4020512587	0.99298566567075
6551.4270755215	0.99170258459627
6551.4520998798	0.99104178195333
6551.4771243337	0.98640172586691
6551.5021488832	0.97976915315979
6551.5271735282	0.96447409652871
6551.5521982689	0.94982546496384
6551.5772231051	0.93691628682805
6551.602248037	0.92653724636619
6551.6272730644	0.91796681730828
6551.6522981874	0.91348907778666
6551.6773234075	0.91250366115491
6551.7023487217	0.92994261452522
6551.7273741314	0.9542101635175
6551.7523996368	0.97160097940288
6551.7774252377	0.98898383347095
6551.8024509343	1.0023331245094
6551.8274767264	1.0157411348474
6551.8525026141	1.0292035526278
6551.8775285974	1.041454638411
6551.9025546763	1.0462694632577
6551.9275808508	1.0504477691452
6551.9526071209	1.0554200073131
6551.9776334866	1.0564445181151
6552.0026599479	1.0534354287431
6552.0276865047	1.0479172532584
6552.0527131572	1.0425770957635
6552.0777399052	1.0351746665454
6552.1027667489	1.028464648567
6552.1277936881	1.0288644055373
6552.1528207229	1.0302396126822
6552.1778478549	1.0275116433423
6552.2028750809	1.0270353095089
6552.2279024025	1.0319736011421
6552.2529298197	1.0348851107282
6552.2779573326	1.0336585192398
6552.302984941	1.0320933463173
6552.328012645	1.0300564043735
6552.3530404446	1.0256310933011
6552.3780683398	1.0198991325248
6552.4030963306	1.0180180091616
6552.428124417	1.0174743600782
6552.453152599	1.0131537328895
6552.4781808766	1.0084964953492
6552.5032092498	1.0051543887634
6552.5282377186	1.0022341364633
6552.553266283	1.0014146210259
6552.578294943	1.0005212691101
6552.6033236986	0.9995623044679
6552.6283525498	0.99971761971825
6552.6533814981	1.0011638579652
6552.6784105405	1.0026740629703
6552.7034396785	1.0044609350117
6552.7284689122	1.0065362051241
6552.7534982414	1.0082150413426
6552.7785276662	1.0120607412251
6552.8035571866	1.0153870632616
6552.8285868027	1.0129084572559
6552.8536165143	1.0112604247645
6552.8786463215	1.0127185164465
6552.9036762244	1.0145012525951
6552.9287062229	1.017185905693
6552.9537363169	1.0190671885554
6552.9787665066	1.0208543541156
6553.0037967919	1.0233505574213
6553.0288271728	1.0257692474206
6553.0538576492	1.0274655949835
6553.0788882213	1.0277212216394
6553.1039188891	1.0238129032126
6553.1289496539	1.0187447231492
6553.1539805128	1.0176581157988
6553.1790114674	1.0159671746182
6553.2040425175	1.0138679042863
6553.2290736633	1.0134762802949
6553.2541049046	1.0201385295857
6553.2791362416	1.0269556736628
6553.3041676742	1.0309770401725
6553.3291992024	1.0327567541945
6553.3542308262	1.0331254476733
6553.3792625457	1.0333345799731
6553.4042943607	1.0331444427119
6553.4293262714	1.0315403676003
6553.4543582776	1.0302820275065
6553.4793903795	1.0309597801947
6553.504422577	1.032145847983
6553.5294548701	1.0336778913874
6553.5544872589	1.0356958543931
6553.5795197432	1.0381079844679
6553.6045523247	1.038435115012
6553.6295850003	1.0343766887523
6553.6546177715	1.0311593609303
6553.6796506383	1.0291600682739
6553.7046836007	1.0290256519179
6553.7297166588	1.0296528160276
6553.7547498124	1.0268083689303
6553.7797830617	1.022491870672
6553.8048164066	1.0190410536434
6553.8298498471	1.0159407687161
6553.8548833833	1.0153393088645
6553.879917015	1.015244845359
6553.9049507424	1.0166606104
6553.9299845654	1.0183206677626
6553.9550184841	1.0200855937948
6553.9800524983	1.0201140776776
6554.0050866082	1.0170222620197
6554.0301208137	1.0086403358225
6554.0551551148	0.99639684294795
6554.0801895115	0.98595801299809
6554.1052240054	0.97571373589807
6554.1302585934	0.95258387326345
6554.155293277	0.92573052959294
6554.1803280562	0.90578016441356
6554.2053629311	0.88928734726765
6554.2303979016	0.89767909817516
6554.2554329677	0.90812589136964
6554.2804681294	0.92397766675233
6554.3055033868	0.94258876647212
6554.3305387398	0.96387535763526
6554.3555741884	0.97875091047128
6554.3806097326	0.98728257347196
6554.4056453725	0.99544368873187
6554.430681108	1.003792030403
6554.4557169391	1.0119797864216
6554.4807528659	1.0199206058521
6554.5057888883	1.0191999548406
6554.5308250063	1.0183479850103
6554.5558612199	1.0211374792527
6554.5808975307	1.0231449856611
6554.6059339356	1.0219472851081
6554.6309704361	1.0213163448066
6554.6560070323	1.0211715723325
6554.6810437241	1.0181019192819
6554.7060805115	1.0128317825869
6554.7311173946	1.0063362896872
6554.7561543733	0.99918526428584
6554.7811914476	0.9973436945886
6554.8062286176	0.99740071216964
6554.8312658832	0.997845076131
6554.8563032444	0.99891362490809
6554.8813407013	1.003789644225
6554.9063782538	1.0086437012305
6554.9314159019	1.0150654289765
6554.9564536457	1.018708228075
6554.9814914851	1.0163694388758
6555.0065294202	1.015657512652
6555.0315674509	1.0158592304928
6555.0566055787	1.0143082493675
6555.0816438006	1.012555444231
6555.1066821182	1.0093434314691
6555.1317205315	1.0053600949875
6555.1567590404	1.0053289875143
6555.1817976449	1.0066546036399
6555.206836345	1.0081543695236
6555.2318751408	1.0089455739307
6555.2569140322	1.0079419294747
6555.2819530193	1.0048738248216
6555.306992102	0.99702889615746
6555.3320312804	0.98610205241528
6555.3570705544	0.97229451606823
6555.382109924	0.95597558884783
6555.4071493893	0.93835810477239
6555.4321889502	0.92874346481517
6555.4572286068	0.92246168427438
6555.482268359	0.93244137606583
6555.5073082069	0.94459939998105
6555.5323481504	0.95986202291855
6555.557388191	0.97374031252276
6555.5824283258	0.98346326631013
6555.6074685562	0.99579788650603
6555.6325088823	1.0119642132353
6555.657549304	1.0239633831486
6555.6825898214	1.0313931302049
6555.7076304344	1.0299920581355
6555.7326711431	1.0228193441907
6555.7577119474	1.0136330267967
6555.7827528474	1.0039855133991
6555.807793843	0.99975056137995
6555.8328349342	0.99599438239116
6555.8578761211	0.99253879685512
6555.8829174037	0.98744416174753
6555.9079587819	0.97623876982421
6555.9330002558	0.96341522868953
6555.9580418253	0.94674882798476
6555.9830834904	0.92666980673635
6556.0081252512	0.90301159956598
6556.0331671092	0.89235975552425
6556.0582090613	0.88914744214597
6556.0832511091	0.89383894926394
6556.1082932525	0.90117991143847
6556.1333354916	0.91899222884899
6556.1583778263	0.93832507744604
6556.1834202567	0.96622068996978
6556.2084627827	0.99154893116213
6556.2335054044	1.0081665976596
6556.2585481217	1.0215191626697
6556.2835909347	1.0298871933161
6556.3086338434	1.0369240532456
6556.3336768477	1.0422556371805
6556.3587199476	1.0418035278795
6556.3837631433	1.0399320974468
6556.4088064345	1.0437294544451
6556.4338498215	1.0487961029327
6556.4588933041	1.0547280068051
6556.4839368823	1.0592775968414
6556.5089805577	1.0580047167349
6556.5340243273	1.0553430401543
6556.5590681925	1.0521122508645
6556.5841121534	1.0469754453474
6556.60915621	1.0397202212098
6556.6342003622	1.0308409395818
6556.65924461	1.0198740649568
6556.6842889536	1.0092376443485
6556.7093333927	0.9984904642416
6556.7343779276	0.98355911877886
6556.7594225581	0.96805305075404
6556.7844672843	0.96624514703414
6556.8095121061	0.96627969877639
6556.8345570236	0.97239208042095
6556.8596020368	0.98024585641801
6556.8846471456	0.99240740139177
6556.9096923501	1.0060246552548
6556.9347376503	1.0197958299884
6556.9597830461	1.0284574732574
6556.9848285391	1.0339736097213
6557.0098741263	1.0358201326449
6557.0349198091	1.036072458008
6557.0599655876	1.0340874127382
6557.0850114617	1.0312824789179
6557.1100574315	1.0321253005492
6557.135103497	1.033372965853
6557.1601496582	1.0338969797485
6557.185195915	1.034956550124
6557.2102422675	1.0374855819074
6557.2352887157	1.0410194556665
6557.2603352595	1.0453321263369
6557.285381899	1.0454177915406
6557.3104286342	1.0432223293892
6557.335475465	1.0387431262596
6557.3605223915	1.033441856819
6557.3855694137	1.0305700337313
6557.4106165316	1.0281090759872
6557.4356637451	1.0286437389238
6557.4607110543	1.0288335121392
6557.4857584607	1.0296614220267
6557.5108059612	1.0289664254677
6557.5358535574	1.0255815586603
6557.5609012493	1.0248058759902
6557.5859490369	1.0264276446957
6557.6109969202	1.0273200856893
6557.6360448991	1.0282688669224
6557.6610929737	1.0274220003258
6557.6861411439	1.0256660641354
6557.7111894099	1.024264228178
6557.7362377715	1.0229880457556
6557.7612862288	1.0201014203854
6557.7863347818	1.0194158613056
6557.8113834304	1.0236408708802
6557.8364321748	1.0246729586572
6557.8614810148	1.020158469697
6557.8865299504	1.0155744745131
6557.9115789818	1.0114694717165
6557.9366281089	1.0068562301142
6557.9616773331	1.0014697812744
6557.9867266515	0.9950510937074
6558.0117760656	0.98831870832625
6558.0368255753	0.98245531619587
6558.0618751808	0.97749193640731
6558.0869248819	0.97628599089123
6558.1119746787	0.97485951823117
6558.1370245712	0.97242726712073
6558.1620745594	0.97204024687118
6558.1871246433	0.97410989402262
6558.2121748228	0.98156473436821
6558.237225098	0.99248809520047
6558.2622754689	1.0035507766323
6558.2873259355	1.0137889210317
6558.3123764978	1.0183867531767
6558.3374271558	1.022600449674
6558.3624779094	1.0256655087897
6558.3875287588	1.0268022962275
6558.4125797038	1.0220470803784
6558.437630746	1.0186167041659
6558.4626818824	1.0178566230672
6558.4877331145	1.0180058722766
6558.5127844422	1.0191335089442
6558.5378358657	1.0206120750626
6558.5628873848	1.0213100772959
6558.5879389997	1.0226244008729
6558.6129907102	1.0246380294812
6558.6380425164	1.0303390683914
6558.6630944183	1.0346711112577
6558.6881464159	1.032398368649
6558.7131985092	1.0312281389664
6558.7382506982	1.0337246351815
6558.7633029828	1.0356101161818
6558.7883553632	1.0354431147864
6558.8134078393	1.0312490785479
6558.838460411	1.0250332838492
6558.8635130784	1.0240636429025
6558.8885658416	1.0244521824469
6558.9136187004	1.0295469105167
6558.9386716564	1.0358926783159
6558.9637247066	1.0437000684666
6558.9887778525	1.0496014468127
6559.0138310941	1.051952314148
6559.0388844314	1.0518607304615
6559.0639378644	1.048037620212
6559.0889913931	1.0468655983862
6559.1140450175	1.0479302974322
6559.1390987376	1.0484139872878
6559.1641525533	1.0490475166199
6559.1892064648	1.0483769395689
6559.214260472	1.047827758063
6559.2393145749	1.049627251093
6559.2643687734	1.0505032516757
6559.2894230677	1.0481769280538
6559.3144774577	1.0450860046054
6559.3395319433	1.0397782790525
6559.3645865247	1.033117951593
6559.3896412018	1.0246425468895
6559.4146959761	1.0105544893262
6559.4397508445	0.99290959746464
6559.4648058087	0.97388011084741
6559.4898608686	0.95411339199159
6559.5149160242	0.93823971178862
6559.5399712754	0.92468585292892
6559.5650266224	0.93007221562998
6559.5900820651	0.93784188904974
6559.6151376035	0.95135036127187
6559.6401932376	0.96520032405598
6559.6652489674	0.97948006823306
6559.6903047929	0.99112865906953
6559.7153607141	1.0003798946581
6559.740416731	1.0063997205121
6559.7654728436	1.0119709436058
6559.790529052	1.0181980505033
6559.815585356	1.0241097280898
6559.8406417558	1.0289216315824
6559.8656982512	1.0325536998023
6559.8907548439	1.0349312926942
6559.9158115307	1.0366637221678
6559.9408683133	1.0360956154608
6559.9659251916	1.0346471494683
6559.9909821656	1.0321280079732
6560.0160392353	1.0295156610926
6560.0410964007	1.0264387003616
6560.0661536618	1.0213819030023
6560.0912110186	1.0158248751692
6560.1162684712	1.0095126933947
6560.1413260194	1.003360944004
6560.1663836634	0.99909278977959
6560.1914414031	0.99596702725414
6560.2164992385	0.99588879262034
6560.2415571696	0.99621650262835
6560.2666151964	0.99651338882949
6560.2916733189	0.99969051004475
6560.3167315372	1.0052123126059
6560.3417898511	1.0106371761173
6560.3668482608	1.015856446276
6560.3919067677	1.011017365103
6560.4169653688	1.004749955986
6560.4420240656	0.99556817021651
6560.4670828582	0.98473630104544
6560.4921417464	0.9686581386445
6560.5172007304	0.95400498398257
6560.5422598101	0.94210205258696
6560.5673189855	0.93693871134612
6560.5923782566	0.93790125664853
6560.6174376234	0.94435742575689
6560.642497086	0.95304467183378
6560.6675566443	0.95749681135203
6560.6926162983	0.96130401941932
6560.717676048	0.97210982164635
6560.7427358934	0.98244248560821
6560.7677958346	0.99036961581933
6560.7928558715	0.99757366417444
6560.8179160041	1.0032008406483
6560.8429762324	1.0066333923841
6560.868036558	1.0076502622566
6560.8930969777	1.0097484869396
6560.9181574932	1.012814762004
6560.9432181044	1.0114856226229
6560.9682788114	1.0085081359832
6560.993339614	1.0081158467933
6561.0184005124	1.0086610153187
6561.0434615065	1.0107546221459
6561.0685225964	1.0112207468324
6561.0935837819	1.0097430697048
6561.1186450632	1.0090475045616
6561.1437064402	1.0090981881263
6561.168767913	1.008609206485
6561.1938294814	1.0076299231326
6561.2188911456	1.0060033008571
6561.2439529056	1.0038266527125
6561.2690147612	1.0044386162752
6561.2940767126	1.0052099474982
6561.3191387597	1.0004937314078
6561.344200904	0.99630810997357
6561.3692631426	0.99548541973402
6561.3943254769	0.99441989494239
6561.4193879069	0.99336204083577
6561.4444504327	0.99175653324162
6561.4695130542	0.98974293644434
6561.4945757714	0.9900421831188
6561.5196385843	0.9915294213231
6561.544701493	0.9904283853664
6561.5697644974	0.98883466721367
6561.5948275976	0.98596368654504
6561.6198907934	0.98326926694314
6561.644954085	0.98238511450315
6561.6700174724	0.9797615165953
6561.6950809555	0.97435375631103
6561.7201445343	0.96886741897864
6561.7452082088	0.96384393681729
6561.7702719791	0.95974920808084
6561.7953358451	0.95578748733093
6561.8203998084	0.9518033332082
6561.8454638659	0.94726317394609
6561.8705280191	0.94013537110189
6561.8955922681	0.93308829040892
6561.9206566128	0.9258340128927
6561.9457210532	0.91790005688448
6561.9707855894	0.90899827764336
6561.9958502213	0.89954770897484
6562.020914949	0.88913335740142
6562.0459797724	0.87851590240587
6562.0710446915	0.86714621648753
6562.0961097064	0.85206670953253
6562.121174817	0.83584398287913
6562.1462400234	0.81894148895034
6562.1713053255	0.80302396681997
6562.1963707233	0.78779742762758
6562.2214362169	0.7714720099687
6562.2465018062	0.75411250544342
6562.2715674913	0.73904862519956
6562.2966332721	0.72607437529659
6562.3216991501	0.71363970151475
6562.3467651224	0.70147825796767
6562.3718311905	0.69524005201499
6562.3968973543	0.69006247636242
6562.4219636138	0.68551721378263
6562.4470299691	0.68072432831392
6562.4720964201	0.67325651774027
6562.4971629668	0.66764792593622
6562.5222296094	0.66547194963776
6562.5472963476	0.66530716947883
6562.5723631816	0.66786648020742
6562.5974301114	0.66851549655264
6562.6224971369	0.66748194762338
6562.6475642581	0.66656156546258
6562.6726314751	0.66571386407324
6562.6976987879	0.66444795515171
6562.7227661964	0.66280792231041
6562.7478337006	0.66107259226638
6562.7729013006	0.65856167482173
6562.7979689978	0.65541394991615
6562.8230367893	0.65445236043157
6562.8481046766	0.65542039333017
6562.8731726596	0.65369881958808
6562.8982407383	0.65057986654906
6562.9233089128	0.65097114751112
6562.9483771831	0.65229729945265
6562.9734455491	0.64989487156441
6562.9985140108	0.64799717129799
6563.0235825683	0.65050311651036
6563.0486512216	0.65371064660074
6563.0737199706	0.65795556946522
6563.0987888154	0.66039700505696
6563.1238577559	0.66047974753495
6563.1489267922	0.66290283952506
6563.1739959243	0.66723348487846
6563.1990651521	0.67339237272141
6563.2241344756	0.68012422919303
6563.2492038949	0.68798245647994
6563.2742734115	0.69654288088453
6563.2993430223	0.70937584055874
6563.3244127289	0.72117195035214
6563.3494825312	0.73011965514296
6563.3745524293	0.74013473600859
6563.3996224232	0.75071341703199
6563.4246925128	0.76514507002403
6563.4497626982	0.78228735253925
6563.4748329793	0.79985398119097
6563.4999033562	0.81729436135706
6563.5249738289	0.837701267253
6563.5500443973	0.85709574442608
6563.5751150615	0.87667141818496
6563.6001858214	0.89338996969862
6563.6252566771	0.90211865105803
6563.6503276286	0.90818080258068
6563.6753986758	0.91255171724221
6563.7004698188	0.91952982290155
6563.7255410576	0.92790551963695
6563.7506123921	0.93603532076846
6563.7756838239	0.94414411809971
6563.80075535	0.94383265914725
6563.8258269718	0.94336378616433
6563.8508986894	0.94551072550268
6563.8759705027	0.94736053704145
6563.9010424118	0.94815425410126
6563.9261144167	0.94725803703403
6563.9511865174	0.94440977089127
6563.9762587138	0.94098689706153
6564.001331006	0.93753769912645
6564.0264033939	0.93571149665197
6564.0514758776	0.93422091439208
6564.0765484571	0.93966539040075
6564.1016211324	0.94537100406294
6564.1266939034	0.95402403515342
6564.1517667702	0.96195942298772
6564.1768397328	0.96798621059138
6564.2019127911	0.97488696024195
6564.2269859452	0.98317301882691
6564.2520591966	0.99203374348868
6564.2771325423	1.0005037537711
6564.3022059837	1.0050867175928
6564.3272795209	1.0092922408725
6564.3523531539	1.0090564637023
6564.3774268826	1.0087678233654
6564.4025007071	1.0106695241619
6564.4275746274	1.0111753466143
6564.4526486435	1.0095332728192
6564.4777227553	1.0095082727992
6564.502796963	1.0106273994313
6564.5278712663	1.0106670813031
6564.5529456655	1.0104991280609
6564.5780201605	1.010843455078
6564.6030947512	1.0110930758618
6564.6281694377	1.0114054942826
6564.65324422	1.0123645153022
6564.678319098	1.0126881618805
6564.7033940718	1.012638064338
6564.728469143	1.0132737030663
6564.7535443083	1.0136241433837
6564.7786195695	1.0132038884691
6564.8036949265	1.0139547280473
6564.8287703792	1.0152966963836
6564.8538459277	1.0146755457567
6564.878921572	1.0132822587375
6564.903997312	1.0148747925797
6564.9290731479	1.0167175968197
6564.9541490795	1.0178083411832
6564.9792251069	1.0169490827138
6565.0043012301	1.0138514994806
6565.0293774491	1.0127699334715
6565.0544537639	1.012408163021
6565.0795301744	1.0098611793715
6565.1046066807	1.0071152620074
6565.1296832829	1.0099631903582
6565.1547599807	1.0138389990062
6565.1798367744	1.0133920012977
6565.2049136654	1.012093517416
6565.2299906507	1.009185023892
6565.2550677317	1.0058221931935
6565.2801449085	1.0016392640934
6565.3052221811	0.99675196382174
6565.3302995495	0.99002736915345
6565.3553770137	0.98076924368379
6565.3804545737	0.97123908903271
6565.4055322295	0.96048445404051
6565.430609981	0.95039828212188
6565.4556878284	0.94813150160174
6565.4807657715	0.94617639570083
6565.5058438104	0.94849939251204
6565.5309219451	0.95162897599105
6565.5560001756	0.9584671628686
6565.5810785019	0.96660117528643
6565.606156924	0.97783193213593
6565.6312354419	0.98871313598541
6565.6563140555	0.99624173665915
6565.681392765	1.003447882502
6565.7064715718	1.0080884573502
6565.7315504728	1.0118355073602
6565.7566294696	1.0112968490824
6565.7817085623	1.0091148673718
6565.8067877507	1.0073206773719
6565.8318670349	1.0063634387269
6565.8569464149	1.0056509023566
6565.8820258907	1.0048950607964
6565.9071054624	1.0044097622021
6565.9321851298	1.0035428642765
6565.957264893	1.0026911300737
6565.982344752	1.0015683015205
6566.0074247067	1.0029488639447
6566.0325047573	1.0069900267005
6566.0575849037	1.0103745501591
6566.0826651459	1.0125041676574
6566.1077454839	1.0128596476676
6566.1328259177	1.0118841433476
6566.1579064472	1.012870611755
6566.1829870741	1.0161715020074
6566.2080677953	1.0190798532269
6566.2331486123	1.0211054893409
6566.2582295251	1.0228701938092
6566.2833105337	1.0248822258906
6566.3083916381	1.0265547386906
6566.3334728382	1.0271428101965
6566.3585541342	1.0272704676885
6566.383635526	1.0274117057988
6566.4087170136	1.0274959572079
6566.433798597	1.0267866982607
6566.4588802762	1.0257867996492
6566.4839620512	1.0236241369219
6566.509043922	1.021854676274
6566.5341258886	1.0226676808007
6566.5592079511	1.0223584174127
6566.5842901093	1.0172925116295
6566.6093723633	1.0134784590302
6566.6344547132	1.0145846430931
6566.6595371603	1.0143955249869
6566.6846197018	1.0104460778277
6566.709702339	1.007721613806
6566.7347850721	1.0095839785765
6566.759867901	1.0108874688535
6566.7849508256	1.0092279208067
6566.8100338461	1.0080314516449
6566.8351169624	1.0095247099396
6566.8602001745	1.0105697955748
6566.8852834825	1.0088922640198
6566.9103668862	1.0073318147356
6566.9354503857	1.0071372982803
6566.9605339811	1.0074399709094
6566.9856176722	1.0122647574912
6567.0107014592	1.0172243778388
6567.035785342	1.0178918424995
6567.0608693206	1.0182084161759
6567.085953395	1.0203848711171
6567.1110375652	1.0223018778235
6567.1361218313	1.0228520717211
6567.1612061946	1.0243524072948
6567.1862906523	1.02634055637
6567.2113752058	1.0278445996904
6567.2364598551	1.0261740609606
6567.2615446002	1.0244082316431
6567.2866294411	1.0223314423402
6567.3117143779	1.0198423055783
6567.3367994104	1.0160210059819
6567.3618845388	1.0120978810501
6567.386969763	1.0085325386443
6567.412055083	1.0047527606391
6567.4371404988	1.0030388022141
6567.4622260105	1.0021845655218
6567.4873116179	1.0034011797608
6567.5123973212	1.0057129999923
6567.5374831203	1.008542571379
6567.5625690153	1.0118411705952
6567.587655006	1.0114791956711
6567.6127410926	1.0103660972097
6567.6378272765	1.0127717171958
6567.6629135547	1.0156331938663
6567.6879999287	1.0150338048862
6567.7130863985	1.0127693871107
6567.7381729642	1.0135456223118
6567.7632596257	1.016004440842
6567.788346383	1.0170195734001
6567.8134332362	1.0170150536412
6567.8385201851	1.0165032160793
6567.8636072299	1.0153390109594
6567.8886943705	1.0176808600566
6567.913781607	1.0223638706644
6567.9388689392	1.0246437296524
6567.9639563673	1.0251527644422
6567.9890438912	1.0238633003978
6568.014131511	1.0212383307318
6568.0392192265	1.0208201633532
6568.0643070379	1.022411066984
6568.0893949452	1.0226268924529
6568.1144829497	1.0220961892814
6568.1395710486	1.0215405525812
6568.1646592433	1.0203223348335
6568.1897475339	1.0195315804187
6568.2148359202	1.0188935079316
6568.2399244024	1.0193983909879
6568.2650129804	1.022597657864
6568.2901016543	1.0233708417097
6568.315190424	1.018583589231
6568.3402792895	1.0142470698295
6568.3653682508	1.0127588197334
6568.390457308	1.0124962384609
6568.415546461	1.0135772203707
6568.4406357099	1.0144176701151
6568.4657250546	1.0152398453699
6568.4908144951	1.0162697986418
6568.5159040314	1.0164804701921
6568.5409936636	1.0165802000882
6568.5660833916	1.0171319164775
6568.5911732155	1.017724335689
6568.6162631366	1.0194811705608
6568.6413531522	1.0209111435396
6568.6664432635	1.0213550791528
6568.6915334707	1.0214634996859
6568.7166237737	1.0219696623302
6568.7417141726	1.021870120285
6568.7668046673	1.018592485987
6568.7918952578	1.0154822028654
6568.8169859442	1.0136870489167
6568.8420767264	1.0106523178522
6568.8671676045	1.0013283283351
6568.8922585784	0.9919236847831
6568.9173496481	0.98254031630799
6568.9424408137	0.9738172310303
6568.9675320751	0.96706621206325
6568.9926234324	0.96017615007098
6569.0177148855	0.95033364765848
6569.0428064344	0.9406126991075
6569.0678980792	0.91424606340277
6569.0929898213	0.88785641891029
6569.1180816578	0.86064305400404
6569.1431735901	0.83349607763901
6569.1682656182	0.80990909191107
6569.1933577422	0.78626446226179
6569.218449962	0.79302293524535
6569.2435422777	0.79937715152939
6569.2686346892	0.82117917582724
6569.2937271966	0.84409822727335
6569.3188197998	0.87609459435487
6569.3439124989	0.90806022343159
6569.3690052938	0.92975952135045
6569.3940981845	0.95218931222059
6569.4191911711	0.96727803061058
6569.4442842536	0.98187602767144
6569.4693774319	0.9901888926268
6569.494470706	0.99687039604558
6569.519564076	1.0012758523953
6569.5446575419	1.0049912280578
6569.5697511051	1.0050491197222
6569.5948447626	1.0044949531295
6569.619938516	1.0042191690396
6569.6450323652	1.003541916689
6569.6701263103	1.0009161095145
6569.6952203513	0.9978720308654
6569.720314488	0.99347643515634
6569.7454087207	0.9891637918109
6569.7705030492	0.98710806459772
6569.7955974735	0.98722923037903
6569.8206919937	0.98599291114928
6569.8457866098	0.9828515687826
6569.8708813217	0.97889151976671
6569.8959761294	0.97498453122214
6569.9210710331	0.97295449775989
6569.9461660325	0.97140296562881
6569.9712611278	0.97317198362107
6569.996356319	0.97575723923406
6570.0214516061	0.97765503669395
6570.0465469905	0.9790327326783
6570.0716424692	0.98191601754327
6570.0967380438	0.98568547262669
6570.1218337143	0.98529174443876
6570.1469294806	0.98266388842236
6570.1720253428	0.98172905036799
6570.1971213008	0.98224510252161
6570.2222173547	0.98533697220327
6570.2473135044	0.99045374816255
6570.27240975	0.99360993457318
6570.2975060915	0.99483177425932
6570.3226025288	0.99610138446198
6570.347699062	0.99823033749579
6570.3727956911	1.0002376201967
6570.397892416	1.0020443600689
6570.4229892368	0.99933850191611
6570.4480861534	0.9909328243148
6570.4731831659	0.98521754959757
6570.4982802743	0.98357454191423
6570.5233774785	0.98379689030812
6570.5484747801	0.98492063285608
6570.573572176	0.98439652391667
6570.5986696678	0.98263158831985
6570.6237672555	0.97848144893969
6570.6488649391	0.97103866820425
6570.6739627185	0.96262273061827
6570.6990605937	0.95354743343556
6570.7241585649	0.94615048567643
6570.7492566319	0.94310579999205
6570.7743547948	0.94229163999433
6570.7994530535	0.94411239135859
6570.8245514081	0.94839848480866
6570.8496498586	0.95665452811987
6570.8747484049	0.96398375681754
6570.8998470471	0.96857670257975
6570.9249457852	0.97206378399524
6570.9500446192	0.97077724112572
6570.975143549	0.96630453537221
6571.0002425747	0.95942224164773
6571.0253416977	0.95292747583466
6571.0504409152	0.94332029587799
6571.0755402285	0.93547127213303
6571.1006396376	0.93406713381727
6571.1257391427	0.93341692067504
6571.1508387436	0.93535575054369
6571.1759384404	0.93881431738114
6571.201038233	0.94872048779665
6571.2261381216	0.96048549380792
6571.251238106	0.97366511615588
6571.2763381863	0.98675248806941
6571.3014383624	0.99613101528316
6571.3265386345	1.0050979752606
6571.3516390024	1.0115599797172
6571.3767394661	1.0165705204534
6571.4018400258	1.0173548026681
6571.4269406813	1.0160270925464
6571.4520414327	1.0109561076346
6571.47714228	1.005007492927
6571.5022432247	1.0023494961202
6571.5273442637	0.99907166153248
6571.5524453987	0.99436822107323
6571.5775466294	0.9916203174499
6571.6026479561	0.99448843153471
6571.6277493787	0.9978087156425
6571.6528508971	0.99803378126485
6571.6779525114	0.99784202389031
6571.7030542216	0.99722051438694
6571.7281560277	0.99612861759679
6571.7532579297	0.99595101224855
6571.7783599275	0.99743146079034
6571.8034620212	0.99836177569039
6571.8285642108	0.99902721915726
6571.8536664963	0.99641390251983
6571.8787688777	0.99334494532625
6571.9038713549	0.99173567654905
6571.928973928	0.9901945843148
6571.954076597	0.99242589459347
6571.979179362	0.99454124572289
6572.0042822242	0.99114470731465
6572.0293851809	0.98714116384144
6572.0544882335	0.98694274874705
6572.0795913819	0.98661951487052
6572.1046946262	0.98021940807225
6572.1297979664	0.97396207748416
6572.1549014025	0.97344259600487
6572.1800049345	0.97269047151476
6572.2051085624	0.97718158984247
6572.2302122862	0.98227311086374
6572.2553161058	0.98213456709078
6572.2804200214	0.98143413055999
6572.3055240328	0.98570808176827
6572.3306281401	0.98994011527316
6572.3557323433	0.9909583637389
6572.3808366424	0.9913798736428
6572.4059410374	0.98969424880842
6572.4310455283	0.98848054661368
6572.456150115	0.98609282057432
6572.4812547992	0.98369673846771
6572.5063595778	0.97711408489945
6572.5314644522	0.97147047315319
6572.5565694225	0.96527324065178
6572.5816744888	0.95917809936561
6572.6067796509	0.94467568183265
6572.6318849089	0.92796755283257
6572.6569902628	0.89668794270984
6572.6820957126	0.86215959203872
6572.7072012583	0.83059859265017
6572.7323068999	0.79862669845501
6572.7574126374	0.78381133730439
6572.7825184708	0.77407376144696
6572.8076244001	0.78059742024153
6572.8327304253	0.79141726196286
6572.8578365463	0.81586446414385
6572.8829427633	0.84343446552828
6572.9080490762	0.87244980193738
6572.9331554849	0.90156198437894
6572.9582619911	0.9244572762438
6572.9833685917	0.94578243903117
6573.0084752882	0.96144626282392
6573.0335820805	0.97577044672839
6573.0586889688	0.98400755212066
6573.083795953	0.99097874140257
6573.108903033	0.99703128939701
6573.134010209	1.0021575091257
6573.1591174809	1.0061393067722
6573.1842248486	1.0096167734357
6573.2093323123	1.0118497647024
6573.2344398719	1.0144350717872
6573.2595475274	1.0162573868252
6573.2846552787	1.017763582187
6573.309763126	1.0215034167478
6573.3348710692	1.0261831742793
6573.3599791083	1.029847657312
6573.3850872433	1.0323444627974
6573.4101954742	1.0300659209225
6573.4353038025	1.0242396392295
6573.4604122252	1.0177008358562
6573.4855207439	1.0105431157978
6573.5106293584	1.0032799287515
6573.5357380688	0.99633037525331
6573.5608468752	0.99239033587705
6573.5859557774	0.99068118577192
6573.6110647756	0.9898328669537
6573.6361738696	0.98923637730698
6573.6612830596	0.98781728712686
6573.6863923455	0.98575238560916
6573.7115017273	0.98125532553522
6573.736611205	0.97490185642105
6573.7617207786	0.96787322913642
6573.7868304481	0.96052084815146
6573.8119402136	0.95583300874208
6573.8370500749	0.95263220159973
6573.8621600322	0.95406780732527
6573.8872700853	0.9600673337882
6573.9123802344	0.96591540710709
6573.9374904809	0.97196238986451
6573.9626008218	0.97515989216908
6573.9877112586	0.97519556962768
6574.0128217914	0.97015670354051
6574.03793242	0.96097888032363
6574.0630431446	0.94569236286436
6574.0881539651	0.9243461166822
6574.1132648815	0.8973607073106
6574.1383758938	0.86466123609634
6574.163487002	0.83698518738037
6574.1885982061	0.81401823492117
6574.2137095062	0.80147829466012
6574.2388209022	0.80018600471463
6574.2639323941	0.8088184498912
6574.2890439819	0.82950012981982
6574.3141556656	0.85435635429694
6574.3392674452	0.88454170782533
6574.3643793208	0.91249718851786
6574.3894912923	0.93817259291618
6574.4146033612	0.95820609915273
6574.4397155245	0.96946327196932
6574.4648277838	0.9764875650865
6574.489940139	0.97904386300931
6574.51505259	0.98170931134986
6574.5401651371	0.98478064259901
6574.56527778	0.98654248480455
6574.5903905188	0.98474631201124
6574.6155033536	0.9815945369524
6574.6406162843	0.97866061898436
6574.6657293109	0.97606255118474
6574.6908424335	0.97173278870772
6574.715955652	0.96715802846432
6574.7410689664	0.9628565297099
6574.7661823767	0.95597812955475
6574.7912958829	0.94436581180207
6574.8164094851	0.9312333917334
6574.8415231832	0.91585176624312
6574.8666369772	0.8945354349403
6574.8917508687	0.86252147821931
6574.9168648545	0.82957433227693
6574.9419789364	0.79489378034998
6574.9670931141	0.76626712486658
6574.9922073877	0.74870072957338
6575.0173217573	0.73902387115243
6575.0424362229	0.74487064900162
6575.0675507843	0.75752615782139
6575.0926654417	0.7852959598849
6575.117780195	0.81435016370726
6575.1428950442	0.84573991250266
6575.1680099894	0.87422609810248
6575.1931250305	0.89742068029828
6575.2182401675	0.91775226987886
6575.2433554005	0.93035930706702
6575.2684707294	0.93980584075955
6575.2935861542	0.94069405228063
6575.318701675	0.94120051081711
6575.3438172916	0.94147036589533
6575.3689330043	0.94354230765847
6575.3940488143	0.95113913351044
6575.4191647188	0.95996353533909
6575.4442807193	0.96799579795321
6575.4693968156	0.97312118299478
6575.4945130079	0.97480574695806
6575.5196292962	0.9774566814375
6575.5447456803	0.9812164206414
6575.5698621604	0.98422876445103
6575.5949787365	0.98583115871154
6575.6200954085	0.98638190413649
6575.6452121764	0.98374503090849
6575.6703290403	0.98087285619483
6575.6954460001	0.97666806108302
6575.7205630558	0.9719743752599
6575.7456802075	0.96762629345938
6575.7707974551	0.96346076862376
6575.7959147986	0.95887511256326
6575.8210322381	0.95486808075457
6575.8461497736	0.95449072834599
6575.8712674064	0.95524162800826
6575.8963851338	0.95711641699374
6575.921502957	0.95908285959184
6575.9466208762	0.96079045415
6575.9717388914	0.96188899041009
6575.9968570025	0.96406437706196
6576.0219752095	0.96530430562135
6576.0470935125	0.95935628770135
6576.0722119114	0.95194865147435
6576.0973304062	0.94465514208154
6576.122448997	0.93923589482486
6576.1475676838	0.93432882440259
6576.1726864665	0.92939884981283
6576.1978053451	0.92795876282343
6576.2229243197	0.92619172590261
6576.2480433902	0.92450073362882
6576.2731625567	0.92547232972032
6576.2982818192	0.93127324467997
6576.3234011775	0.93553249842976
6576.3485206334	0.93878419907927
6576.3736401836	0.9418639354222
6576.3987598299	0.94396806866638
6576.423879572	0.94587011307883
6576.4489994101	0.94580669155083
6576.4741193442	0.94551376438997
6576.4992393742	0.94465677654759
6576.5243595002	0.94404061076046
6576.5494797221	0.9456337218165
6576.57460004	0.94816681510834
6576.5997204538	0.95183217340324
6576.6248409636	0.95461153569327
6576.6499615693	0.954425884164
6576.675082271	0.95406544840725
6576.7002030686	0.95251791958408
6576.7253239622	0.95026143042565
6576.7504449518	0.94438077812676
6576.7755660373	0.93880939582777
6576.8006872187	0.93479968258674
6576.8258084961	0.9310429950949
6576.850929871	0.92820399776885
6576.8760513403	0.92622357810007
6576.9011729056	0.92808527621318
6576.9262945668	0.92995164490853
6576.951416324	0.93425086114193
6576.9765381771	0.93846099480827
6577.0016601262	0.94266310062577
6577.0267821713	0.94544557017543
6577.0519043123	0.94426064835576
6577.0770265493	0.94445797646916
6577.1021488822	0.94871129769668
6577.1272713111	0.95249511452636
6577.1523938359	0.95396377154114
6577.1775164567	0.95532470135758
6577.2026391735	0.95317708700507
6577.2277619862	0.95098620519122
6577.2528848949	0.94982725234377
6577.2780078996	0.94919432252546
6577.3031310002	0.9504409142649
6577.3282541983	0.9515812457063
6577.3533774908	0.95283997747492
6577.3785008793	0.95445147966558
6577.4036243638	0.95477304208255
6577.4287479442	0.95369687825761
6577.4538716206	0.94911346412351
6577.478995393	0.94520400190411
6577.5041192613	0.94086067178158
6577.5292432256	0.9371218316477
6577.5543672859	0.93733589557428
6577.5794914421	0.93708191611192
6577.6046156943	0.93826276477707
6577.6297400424	0.93969889696734
6577.6548644865	0.94049170559316
6577.6799890266	0.94124960259245
6577.7051136627	0.9450285744752
6577.7302383947	0.94886540412687
6577.7553632227	0.94990831335095
6577.7804881467	0.9502754990574
6577.8056131681	0.94920606620278
6577.830738284	0.94882584676333
6577.8558634959	0.95014151670204
6577.8809888037	0.95118557742162
6577.9061142075	0.950000279029
6577.9312397073	0.94874887352485
6577.9563653031	0.94904311336942
6577.9814909948	0.94924321878232
6578.0066167825	0.95023907702092
6578.0317426662	0.95079861076439
6578.0568686458	0.94918990049565
6578.0819947214	0.94907048377034
6578.107120893	0.95269650993536
6578.1322471606	0.95474516699071
6578.1573735241	0.950788155842
6578.1824999836	0.94789471255055
6578.2076265391	0.94920334898165
6578.2327531906	0.95047988597497
6578.257879938	0.9510102593931
6578.2830067829	0.95081540013725
6578.3081337223	0.94909267014322
6578.3332607577	0.94786277173743
6578.358387889	0.94835431741226
6578.3835151164	0.94915061046447
6578.4086424397	0.94975840666468
6578.4337698589	0.94943000620779
6578.4588973742	0.94770225827579
6578.4840249854	0.94619878603693
6578.5091526926	0.94212013134877
6578.5342804958	0.93760362839656
6578.559408395	0.93370544403292
6578.5845363902	0.93166465719974
6578.6096644813	0.93629058398448
6578.6347926684	0.93949142206753
6578.6599209515	0.93863383738007
6578.6850493306	0.93761050693571
6578.7101778057	0.93377402510205
6578.7353063767	0.93010031105894
6578.7604350438	0.92718216957983
6578.7855638083	0.92443432136909
6578.8106926673	0.92448488607354
6578.8358216223	0.92432231467779
6578.8609506732	0.92338744440705
6578.8860798202	0.92256585873087
6578.9112090631	0.92276996401025
6578.936338402	0.92345494789738
6578.961467837	0.92613394443949
6578.9865973678	0.92754794270427
6579.0117269947	0.92685269224878
6579.0368567176	0.92777911224934
6579.0619865365	0.92860173895327
6579.0871164513	0.92955083375515
6579.1122464621	0.932350513923
6579.137376569	0.93534053431073
6579.1625067718	0.93732080192688
6579.1876370706	0.93828455855205
6579.2127674654	0.93691369231795
6579.2378979561	0.93684539860871
6579.2630285444	0.93852235838813
6579.2881592272	0.93860050660337
6579.3132900059	0.93535670865601
6579.3384208807	0.93207552008143
6579.3635518514	0.93136887973453
6579.3886829181	0.92984880386977
6579.4138140809	0.92936233603463
6579.4389453396	0.93070642582705
6579.4640766943	0.93115213779157
6579.489208145	0.93023026436079
6579.5143396917	0.9308833613474
6579.5394713344	0.93252726818695
6579.5646030731	0.93259436795707
6579.5897349077	0.93248660873305
6579.6148668384	0.93153803294212
6579.6399988651	0.92962752854382
6579.6651309877	0.92806970567574
6579.6902632064	0.92759220719115
6579.7153955211	0.92480523499021
6579.7405279332	0.92194720519586
6579.7656604399	0.9230514255955
6579.7907930425	0.92377907091389
6579.8159257412	0.92326816273976
6579.8410585359	0.92204422742294
6579.8661914265	0.92091161717868
6579.8913244132	0.92007409256351
6579.9164574958	0.91633336454062
6579.9415906745	0.91306389064474
6579.9667239491	0.91227699443726
6579.9918573198	0.91226711733124
6580.0169907864	0.91250264871371
6580.0421243491	0.91269573996099
6580.0672580077	0.91243296037978
6580.0923917624	0.91026127377506
6580.117525613	0.90563909696827
6580.1426595597	0.90055906266125
6580.1677936024	0.89371666515763
6580.1929277411	0.88769753799086
6580.2180619757	0.88651460655615
6580.2431963079	0.88595217115414
6580.2683307346	0.88862851961068
6580.2934652573	0.89372610111237
6580.318599876	0.90476932700888
6580.3437345907	0.90980382074376
6580.3688694014	0.9127785071119
6580.3940043082	0.91817092582693
6580.4191393109	0.92484406053222
6580.4442744096	0.93353476008267
6580.4694096044	0.93725125444882
6580.4945448951	0.93813676467275
6580.5196802819	0.93428653709801
6580.5448157646	0.93162378971481
6580.5699513434	0.93016774678414
6580.5950870182	0.9256051465072
6580.620222789	0.92590846215563
6580.6453586558	0.92454941064343
6580.6704946186	0.9211034029469
6580.6956306775	0.9172457454232
6580.7207668338	0.91357399533113
6580.7459030847	0.91152761760645
6580.7710394315	0.90940506839151
6580.7961758744	0.90764958152081
6580.8213124133	0.9046492819404
6580.8464490482	0.89833586956878
6580.8715857792	0.89256269165119
6580.8967226061	0.88852751897613
6580.921859529	0.88700483465455
6580.946996548	0.87964813906509
6580.972133663	0.86551843732384
6580.997270874	0.85692671332175
6581.022408181	0.84845340016154
6581.047545584	0.83832553251446
6581.0726830831	0.82313435765538
6581.0978206781	0.80630853780627
6581.1229583692	0.78873898921722
6581.1480961563	0.77436848741205
6581.1732340394	0.76087542751745
6581.1983720201	0.75182510504172
6581.2235100952	0.75201160076803
6581.2486482664	0.76384883923752
6581.2737865336	0.7863533230556
6581.2989248968	0.80912065575388
6581.3240633561	0.83863827569893
6581.3492019113	0.86402763494088
6581.3743405626	0.8821112676717
6581.3994793099	0.89120464219905
6581.4246181532	0.89300089061582
6581.4497570925	0.89339798586801
6581.4748961279	0.89127627761816
6581.5000352593	0.89119089713502
6581.5251744867	0.88902991691654
6581.5503138101	0.88754158000927
6581.5754532296	0.88902026475894
6581.6005927451	0.88673308725962
6581.6257323566	0.88064162615865
6581.6508720641	0.87925450343192
6581.6760118692	0.87930987396003
6581.7011517688	0.8995617194232
6581.7262917644	0.93859907877105
6581.751431856	0.94471002816025
6581.7765720437	0.95357741881452
6581.8017123274	0.95439013597277
6581.8268527071	0.95093411396146
6581.8519931829	0.95175077626234
6581.8771337547	0.9514615322529
6581.9022744225	0.9477133771949
6581.9274151863	0.9439320259408
6581.9525560462	0.94084287409299
6581.9776970021	0.93365894198039
6582.002838054	0.92945058319185
6582.0279792019	0.92775101742413
6582.0531204459	0.92098224934797
6582.078261786	0.91660794155119
6582.103403222	0.91028637327394
6582.1285447541	0.90524966903754
6582.1536863822	0.91696280314641
6582.1788281079	0.93613582235064
6582.2039699281	0.9458383368912
6582.2291118443	0.94934137101208
6582.2542538565	0.95683652040718
6582.2793959648	0.96097383506823
6582.3045381691	0.95906015864082
6582.3296804695	0.95979300574995
6582.3548228659	0.95828896795918
6582.3799653583	0.95638177594256
6582.4051079468	0.95652521315305
6582.4302506313	0.98933814872762
6582.4553934118	1.0098213538079
6582.4805362884	0.96311871447051
6582.505679261	0.9895643627936
6582.5308223297	1.0469532760128
6582.5559654943	1.0622377370269
6582.5811087551	1.0793427213134
6582.6062521118	1.0931195556433
6582.6313955646	1.1221164964861
6582.656539115	1.0363705519462
6582.6816827599	0.87912451278451
6582.7068265008	0.87290111444937
6582.7319703378	0.87323122722571
6582.7571142708	0.8762800290085
6582.7822582998	0.8845287653425
6582.8074024249	0.88818180923147
6582.8325466461	0.88676434530415
6582.8576909633	0.88739370537165
6582.8828353765	0.89444859229462
6582.9079798857	0.90709478400071
