6546.1710368624	0.75078135901999
6546.1960411443	0.72825009470216
6546.2210455218	0.70825634832993
6546.2460499947	0.71249351422215
6546.2710545632	0.72186670329016
6546.2960592271	0.75317789715121
6546.3210639866	0.78907706254666
6546.3460688416	0.83360940947896
6546.3710737921	0.87438429303102
6546.3960788381	0.90836222668662
6546.4210839796	0.93507480538111
6546.4460892166	0.9577711553974
6546.4710945491	0.97499122822577
6546.4960999787	0.98889450887835
6546.5211055023	0.99824660709763
6546.5461111213	1.0076570258827
6546.5711168359	1.0131922213039
6546.596122646	1.0168461045945
6546.6211285517	1.0205947452017
6546.6461345528	1.0253253160412
6546.6711406494	1.0283210998851
6546.6961468416	1.0286212355113
6546.7211531293	1.0264138352838
6546.7461595125	1.0245280596587
6546.7711659912	1.0214784638671
6546.7961725654	1.015531047672
6546.8211792351	1.0108959460856
6546.8461860004	1.0029929471654
6546.8711928612	0.99111821072999
6546.8961998175	0.98241370867425
6546.9212068693	0.97948476287352
6546.9462140166	0.9832607923185
6546.9712212595	0.98652146884845
6546.9962285994	0.99254108874864
6547.0212360333	0.99864629104301
6547.0462435627	0.99565898201126
6547.0712511876	0.9893158880116
6547.0962589081	0.98324513832498
6547.121266724	0.97830561478902
6547.1462746355	0.97147700148914
6547.1712826426	0.96405344466846
6547.1962907451	0.9572065770356
6547.2212989432	0.95369419374635
6547.2463072368	0.95276816620737
6547.2713156259	0.95358402202361
6547.2963241105	0.95627849248598
6547.3213326907	0.96241937032777
6547.3463413664	0.96988866474449
6547.3713501376	0.97323684237585
6547.3963590043	0.97586180910868
6547.4213679666	0.97600184312185
6547.4463770244	0.9767450258764
6547.4713861792	0.97172512049925
6547.496395428	0.96635293959045
6547.5214047724	0.96321104815732
6547.5464142123	0.95981073043856
6547.5714237477	0.95770809189561
6547.5964333787	0.95657165306627
6547.6214431052	0.95582543674917
6547.6464529272	0.95666103164796
6547.6714628447	0.95831665593711
6547.6964728578	0.95746436358645
6547.7214829664	0.95635922707383
6547.7464931706	0.95457879092009
6547.7715034702	0.95076642337721
6547.7965138654	0.94835746105022
6547.8215243561	0.94754482387984
6547.8465349424	0.95049618088505
6547.8715456242	0.95388747505531
6547.8965564015	0.95561301715886
6547.9215672744	0.95906523486759
6547.9465782443	0.96107126923897
6547.9715893082	0.95964674043338
6547.9966004677	0.95378433787032
6548.0216117227	0.94734402299306
6548.0466230732	0.94118708876383
6548.0716345193	0.9310810897746
6548.0966460609	0.91857675389243
6548.121657698	0.91896088484833
6548.1466694307	0.92293165995713
6548.1716812589	0.93257940171428
6548.1966931826	0.94303561059451
6548.2217052019	0.95535781442947
6548.2467173167	0.96648059278121
6548.2717295271	0.97221907317384
6548.296741833	0.97874312411776
6548.3217542344	0.98751031403828
6548.3467667314	0.99687440012249
6548.3717793239	1.0023893983103
6548.396792012	1.0088818041943
6548.4218047971	1.0147839064905
6548.4468176762	1.0162012023304
6548.4718306509	1.0145355945524
6548.4968437211	1.0112292757668
6548.5218568869	1.0093683477375
6548.5468701482	1.0114929014506
6548.5718835051	1.0123115686398
6548.5968969575	1.0123256805013
6548.6219105054	1.0143960141736
6548.6469241489	1.0180165722026
6548.6719378879	1.0182261213886
6548.6969517225	1.0121978962717
6548.7219656526	1.0083627190135
6548.7469796782	1.0084212761377
6548.7719937994	1.0096403853371
6548.7970080162	1.0116868443478
6548.8220223285	1.0122515497813
6548.8470367363	1.0119018171197
6548.8720512397	1.0151644849267
6548.8970658386	1.017772198725
6548.9220805346	1.0182552488564
6548.9470953247	1.0189285754741
6548.9721102103	1.0254610872237
6548.9971251914	1.0312641386459
6549.0221402681	1.0364681622275
6549.0471554403	1.0409700499747
6549.0721707081	1.0403039827563
6549.0971860714	1.0399904545039
6549.1222015303	1.0388429585858
6549.1472170847	1.0318834949492
6549.1722327347	1.0221417273586
6549.1972484802	1.0156503320628
6549.2222643213	1.0101050423346
6549.247280258	1.0064812281669
6549.2722962901	1.0069917504381
6549.2973124179	1.0091754932326
6549.3223286412	1.0104072693604
6549.34734496	1.007502336121
6549.3723613745	1.0054970637672
6549.3973778859	1.0061115877413
6549.4223944914	1.006064869859
6549.4474111925	1.0061980839766
6549.4724279891	1.0050029027003
6549.4974448813	1.0021218691076
6549.5224618691	1.0040708768576
6549.5474789524	1.0100799337774
6549.5724961312	1.0124250697478
6549.5975134056	1.0117066957806
6549.6225307756	1.0090467487698
6549.6475482411	1.0064636366798
6549.6725658022	1.0067342239791
6549.6975834589	1.0070770549608
6549.7226012111	1.0090201538415
6549.7476190588	1.013005784977
6549.7726370022	1.0188892367072
6549.7976550411	1.0257219543226
6549.8226731755	1.0291377320925
6549.8476914055	1.0310377170646
6549.8727097326	1.0338468172324
6549.8977281537	1.0305048457433
6549.9227466704	1.0249309462785
6549.9477652827	1.017204801467
6549.9727839905	1.0098586906939
6549.9978027939	1.0054582668215
6550.0228216928	1.0035795950755
6550.0478406873	1.0058870315001
6550.0728597774	1.0087629217447
6550.0978789631	1.0051394028292
6550.1228982443	1.0007143180998
6550.147917621	0.99027088524761
6550.1729370934	0.98057504609166
6550.1979566613	0.97358770006945
6550.2229763248	0.96802848798827
6550.2479960838	0.96436493411788
6550.2730159384	0.96425555384574
6550.2980358886	0.96800868401229
6550.3230559343	0.9750104829118
6550.3480760756	0.98328516392806
6550.373096314	0.99197393712594
6550.3981166465	1.0005007588351
6550.4231370745	1.0055511221965
6550.4481575981	1.0096962308938
6550.4731782172	1.0094220573885
6550.498198932	1.0102234598562
6550.5232197423	1.0137360606786
6550.5482406481	1.0155483075823
6550.5732616496	1.0148750910897
6550.5982827466	1.0142141712615
6550.6233039392	1.0115670666597
6550.6483252274	1.0088413942018
6550.6733466111	1.0092335285592
6550.6983680904	1.0086145413381
6550.7233896653	1.0049024729619
6550.7484113358	1.0015214061632
6550.7734331018	0.99875724690013
6550.7984549634	0.99373752619367
6550.8234769206	0.98708871917422
6550.8484989748	0.97944754293106
6550.8735211232	0.97356107480011
6550.8985433671	0.97495202740871
6550.9235657066	0.97955311255264
6550.9485881417	0.98528273011676
6550.9736106723	0.99034557639354
6550.9986332985	0.99710827975726
6551.0236560203	1.0040122353972
6551.0486788377	1.0079249719575
6551.0737017507	1.009671926979
6551.0987247592	1.0105897665302
6551.1237478633	1.0069732763496
6551.148771063	1.0026211491574
6551.1737943583	1.0020512270209
6551.1988177492	1.0016484816885
6551.2238412356	0.99957566877517
6551.2488648176	0.99809265080796
6551.2738884952	0.99668902404535
6551.2989122684	0.9942266947962
6551.3239361387	0.99081623480705
6551.348960103	0.98534322926301
6551.373984163	0.97797180949273
6551.3990083185	0.97484178313704
6551.4240325696	0.97514166602231
6551.4490569163	0.97251795453872
6551.4740813586	0.96798101719078
6551.4991058964	0.96143945024155
6551.5241305299	0.95447851194385
6551.5491552589	0.94138472940175
6551.5741800835	0.92917797274265
6551.5992050037	0.91683202388013
6551.6242300195	0.90695378592821
6551.6492551309	0.90367040225585
6551.6742803379	0.90448829024943
6551.6993056404	0.91375803355665
6551.7243310386	0.92537491775163
6551.7493565323	0.93802242446378
6551.7743821216	0.94943318809045
6551.7994078066	0.96041415259183
6551.8244335886	0.97150372387825
6551.8494594647	0.98303022363265
6551.8744854364	0.98977809803776
6551.8995115036	0.99722695212455
6551.9245376665	1.0018738367807
6551.949563925	1.0061208804116
6551.974590279	1.0059992169696
6551.9996167287	1.0019663373722
6552.0246432739	0.99261908006755
6552.0496699147	0.98111122228652
6552.0746966512	0.96716604476262
6552.0997234832	0.95817599487565
6552.1247504108	0.95211586643442
6552.149777434	0.95578930905428
6552.1748045528	0.96432904695512
6552.1998317672	0.97478473852764
6552.2248590772	0.98597895455591
6552.2498864828	0.98888410364932
6552.274913984	0.99297403906922
6552.2999415823	0.99891736758794
6552.3249692746	1.0026639658883
6552.3499970626	1.0005551672093
6552.3750249462	1.0006147079143
6552.4000529254	1.0030443684097
6552.4250810002	1.0034239604849
6552.4501091705	1.0003880059857
6552.4751374365	0.99593784442733
6552.5001657981	0.99151307696915
6552.5251942553	0.98684042563168
6552.550222808	0.98214813981988
6552.5752514564	0.97772093468033
6552.6002802004	0.97385944090567
6552.62530904	0.97356900592713
6552.6503379752	0.97322166961852
6552.6753670059	0.97832269065525
6552.7003961323	0.98269199114279
6552.7254253543	0.9829633562698
6552.7504546719	0.98572235271315
6552.7754840866	0.99123991085419
6552.8005135954	0.996000092065
6552.8255431998	1.0004376009001
6552.8505728999	1.0058823559511
6552.8756026955	1.0115766982623
6552.9006325867	1.0115976742425
6552.9256625735	1.009143944302
6552.950692656	1.0127527523824
6552.975722834	1.019862687768
6553.0007531077	1.0278451108397
6553.0257834769	1.0343270394883
6553.0508139418	1.0359741399935
6553.0758445023	1.0375961230693
6553.1008751583	1.0347393816458
6553.12590591	1.0270045736228
6553.1509367573	1.0180315427321
6553.1759677003	1.0073110432462
6553.2009987388	0.99778024313701
6553.2260298729	0.99287655705252
6553.2510611042	0.98943229554562
6553.2760924295	0.99058291112073
6553.3011238505	0.99399947614937
6553.3261553671	1.0008181003312
6553.3511869793	1.006433159209
6553.3762186871	1.0048717188194
6553.4012504905	1.0045723232777
6553.4262823895	1.0052044258588
6553.4513143842	1.0042576505743
6553.4763464744	1.0037516551658
6553.5013786603	1.0050053252777
6553.5264109418	1.005294780275
6553.5514433189	1.0040696776442
6553.5764757916	1.0033383798667
6553.6015083599	1.0072080122637
6553.6265410239	1.0116635430734
6553.6515737835	1.0095568751226
6553.6766066386	1.0082868125245
6553.7016395895	1.0086508058285
6553.7266726359	1.0068130640098
6553.7517057794	1.0035814980413
6553.7767390171	1.0041431054119
6553.8017723504	1.0078789445746
6553.8268057793	1.0105476495217
6553.8518393038	1.0146014933059
6553.8768729239	1.0190499452368
6553.9019066397	1.0206408047497
6553.926940451	1.0170293529039
6553.951974358	1.0129466081862
6553.9770083607	1.0061307446999
6554.0020424589	0.99983908349888
6554.0270766528	0.99108125573889
6554.0521109423	0.97868923126976
6554.0771453274	0.9573783124696
6554.1021798081	0.93705525044405
6554.1272143845	0.91745138888084
6554.1522490564	0.89928887687914
6554.177283824	0.88228694355451
6554.2023186873	0.87598771401512
6554.2273536476	0.87226782079409
6554.2523887021	0.8810184378027
6554.2774238522	0.89249838604744
6554.302459098	0.91429164679535
6554.3274944393	0.93576487051308
6554.3525298763	0.95242944562917
6554.3775654089	0.96876529766384
6554.4026010372	0.98363436148882
6554.427636761	0.99530292925118
6554.4526725805	1.0014033704524
6554.4777084957	1.0044478498198
6554.5027445064	1.0068049758518
6554.5277806128	1.0075477978835
6554.5528168148	1.0066744793258
6554.5778531125	1.0079833122007
6554.6028895057	1.0098273194427
6554.6279259947	1.0097604961442
6554.6529625792	1.0101853962408
6554.6779992594	1.0067796536419
6554.7030360367	0.9995067368462
6554.7280729081	0.99035246965438
6554.7531098752	0.98369557127492
6554.7781469379	0.98047282476135
6554.8031840962	0.98046911185318
6554.8282213502	0.98248822270991
6554.8532586998	0.98280555159028
6554.878296145	0.98377973522404
6554.9033336859	0.98759052728641
6554.9283713224	0.99312633316061
6554.9534090546	0.99914431232068
6554.9784468823	1.0028230916319
6555.0034848058	0.99709700817088
6555.0285228248	0.99212518497651
6555.0535609395	0.98636956206275
6555.0785991498	0.98234630797131
6555.1036374558	0.98025108512487
6555.1286758574	0.9798281810629
6555.1537143547	0.98434745003283
6555.1787529475	0.98967522914248
6555.2037916376	0.99333596116683
6555.2288304217	0.99485356535707
6555.2538693015	0.99683608290218
6555.278908277	0.98865780028956
6555.3039473481	0.97789302552905
6555.3289865148	0.96148341025067
6555.3540257772	0.94486281568677
6555.3790651352	0.92502330676616
6555.4041045888	0.90797230198708
6555.4291441381	0.89574092878022
6555.454183783	0.89149436928575
6555.4792235236	0.8956869231095
6555.5042633598	0.90815400913875
6555.5293032917	0.92409513247053
6555.5543433192	0.93871307298477
6555.5793834424	0.9546103078838
6555.6044236612	0.97230792564015
6555.6294639756	0.98761742366444
6555.6545043857	0.99378768535341
6555.679544893	0.99805277684649
6555.7045854944	0.99310096845344
6555.7296261914	0.98595144165351
6555.7546669841	0.97393174542954
6555.7797078724	0.9682170028238
6555.8047488564	0.96963102309873
6555.829789936	0.97341878435172
6555.8548311113	0.97909730100125
6555.8798723822	0.97484298376476
6555.9049137488	0.96379404289196
6555.929955211	0.94180034965084
6555.9549967689	0.92089113748322
6555.9800384224	0.89878930963291
6556.0050801716	0.87643352750495
6556.0301220164	0.85953087122116
6556.0551639569	0.85269571836496
6556.0802059931	0.86400234694966
6556.1052481248	0.88191849009998
6556.1302903523	0.90888377311093
6556.1553326769	0.93840047235707
6556.1803750956	0.96649499728573
6556.20541761	0.98434405718998
6556.2304602201	0.99826469824366
6556.2555029258	1.0081496883978
6556.2805457271	1.0156073265975
6556.3055886242	1.0161854373086
6556.3306316168	1.0172901789313
6556.3556747052	1.0212174602825
6556.3807178892	1.0228235650055
6556.4057611688	1.0195590937566
6556.4308045441	1.0184418035596
6556.4558480151	1.0189570036277
6556.4808915817	1.0163905311449
6556.505935244	1.0134647738395
6556.5309790019	1.0111910174857
6556.5560228555	1.0066073812274
6556.5810668047	0.99771056870518
6556.6061108497	0.98868588824607
6556.6311549917	0.97450306870589
6556.656199228	0.95987449412893
6556.6812435599	0.94491305048104
6556.7062879874	0.93188124528452
6556.7313325106	0.92198792341613
6556.7563771295	0.92048416271608
6556.7814218441	0.92496287127506
6556.8064666543	0.93297413438959
6556.8315115601	0.94369456680223
6556.8565565617	0.9564095366174
6556.8816016589	0.96988628758433
6556.9066468517	0.98351685653375
6556.9316921403	0.99371216037803
6556.9567375245	0.99505407789013
6556.9817830043	0.99757783169873
6557.0068285798	1.0023346531768
6557.031874251	1.0049550984423
6557.0569200179	1.004368650523
6557.0819658804	1.0049591961872
6557.1070118386	1.0058334854482
6557.1320578939	1.0052891167138
6557.1571040435	1.0049471805003
6557.1821502887	1.0077922919317
6557.2071966295	1.0095889207862
6557.2322430661	1.0110611374971
6557.2572895982	1.0125305270553
6557.2823362261	1.008546629493
6557.3073829497	1.0045143572792
6557.3324297689	1.0017782398718
6557.3574766837	0.99948030981408
6557.3825236943	0.99915119060677
6557.4075708005	1.0026511361809
6557.4326180024	1.0060290780033
6557.4576653	1.0044824438475
6557.4827126932	1.0005081771935
6557.5077601821	1.0072413091324
6557.5328077667	1.0164499341517
6557.557855447	1.0191267209124
6557.5829032229	1.0208718372557
6557.607951096	1.0200675419331
6557.6329990633	1.0174765718646
6557.6580471263	1.0154630294799
6557.6830952849	1.0126093153489
6557.7081435392	1.0088643961577
6557.7331918892	1.0042302139481
6557.7582403349	1.0004014791043
6557.7832888762	0.99639382283567
6557.8083375132	0.99256684962607
6557.8333862459	0.99214751637389
6557.8584350743	0.99386959628308
6557.8834839983	0.99159978588858
6557.9085330181	0.98785396055312
6557.9335821335	0.97842320965124
6557.9586313446	0.96957065654375
6557.9836806514	0.96307667338334
6558.0087300538	0.95955338193833
6558.0337795519	0.95687638051803
6558.0588291457	0.95088930891156
6558.0838788367	0.9436019341286
6558.1089286219	0.94283111386423
6558.1339785028	0.94313231395178
6558.1590284793	0.94645763017067
6558.1840785515	0.95160721760955
6558.2091287195	0.96029437161968
6558.234178983	0.96827668991868
6558.2592293423	0.97693627545621
6558.2842797973	0.985718708836
6558.3093303479	0.99419145786131
6558.3343809942	1.0015048108737
6558.3594317363	1.0109375574301
6558.384482574	1.0150695313947
6558.4095335073	1.0139743262931
6558.4345845364	1.0135923923617
6558.4596356612	1.0095192043432
6558.4846868816	1.0030653348833
6558.5097381978	0.99792087449621
6558.5347896096	0.99955394204051
6558.5598411171	1.0021460355802
6558.5848927218	1.0032646721321
6558.6099444207	1.0038719996288
6558.6349962153	1.0050964129415
6558.6600481055	1.0050601369726
6558.6851000915	1.0067102018817
6558.7101521731	1.0062939565077
6558.7352043505	1.0033223964114
6558.7602566235	0.99363467342007
6558.7853089922	0.98504064420927
6558.8103614566	0.9866446072013
6558.8354140168	0.98814738704909
6558.8604666726	0.98512619475222
6558.885519424	0.98211722675455
6558.9105722712	0.98372465690457
6558.9356252141	0.98865411667569
6558.9606782527	0.994368304237
6558.985731387	1.0001365943164
6559.0107846169	1.0056872605232
6559.0358379426	1.0075999478875
6559.0608913654	1.0102157536244
6559.0859448825	1.0084944665411
6559.1109984952	1.0061200419179
6559.1360522037	1.0070849060457
6559.1611060078	1.0095325591993
6559.1861599077	1.0126095353751
6559.2112139032	1.0148563007947
6559.2362679944	1.0161259938134
6559.2613221814	1.0136836367264
6559.286376464	1.0103297337201
6559.3114308423	1.0081207147993
6559.3364853164	1.0056463228405
6559.3615398861	0.99829912369455
6559.3865945515	0.99069555852842
6559.4116493127	0.97755808788302
6559.4367041695	0.96235415651573
6559.461759122	0.94337289835911
6559.4868141703	0.9246793364145
6559.5118693142	0.90569791527266
6559.5369245554	0.8945669546417
6559.5619798907	0.89289055870712
6559.5870353218	0.90278268283962
6559.6120908485	0.91642693213704
6559.637146471	0.9264703092044
6559.6622021891	0.93719189652693
6559.687258003	0.94943646150368
6559.7123139126	0.96099008609022
6559.7373699179	0.97028564393164
6559.7624260188	0.97766443751428
6559.7874822155	0.98360614547981
6559.8125385079	0.99135613758179
6559.837594896	0.99841226444668
6559.8626513798	1.0026388364206
6559.8877079594	1.0062442916118
6559.9127646346	1.0089125274324
6559.9378214055	1.0089772513462
6559.9628782722	1.0064895613103
6559.9879352345	1.0053551460722
6560.0129922926	1.0032755116375
6560.0380494479	1.0005970883143
6560.0631066973	0.99985649326292
6560.0881640425	0.99620291616136
6560.1132214834	0.98818606064786
6560.1382790201	0.98068287573572
6560.1633366524	0.9741062282322
6560.1883943804	0.9702302414954
6560.2134522042	0.96589325153723
6560.2385101236	0.96682800030395
6560.2635681388	0.96903208244747
6560.2886262497	0.97140137596325
6560.3136844563	0.97339279432142
6560.3387427586	0.97543944559049
6560.3638011567	0.97722106669232
6560.3888596504	0.97661136539453
6560.4139182399	0.97259844518375
6560.4389769251	0.96678331766205
6560.464035706	0.95637003724974
6560.4890945826	0.94205961861968
6560.5141535564	0.92602697963946
6560.5392126245	0.91099982561367
6560.5642717882	0.90919534744863
6560.5893310477	0.90665185080074
6560.6143904029	0.90665835474723
6560.6394498539	0.91214641150013
6560.6645094005	0.92840501879763
6560.6895690428	0.943286386526
6560.7146287809	0.95543974206717
6560.7396886147	0.96383601275002
6560.7647485442	0.97369764475406
6560.7898085695	0.98319646502089
6560.8148686905	0.99013926306896
6560.8399289071	0.99356326339371
6560.8649892195	0.99881821676913
6560.8900496277	1.0007955059353
6560.9151101315	1.002126781983
6560.9401707311	1.004015814141
6560.9652314264	1.0028065859696
6560.9902922189	1.0018924908002
6561.0153531057	0.99854045720481
6561.0404140881	0.99322003509971
6561.0654751663	0.99271958097433
6561.0905363403	0.99411382376265
6561.1155976099	0.99057749763798
6561.1406589753	0.98557824026624
6561.1657204364	0.98326331833198
6561.1907819932	0.98174677066507
6561.2158436458	0.97956203386534
6561.240905394	0.97630401994473
6561.265967238	0.97444171530181
6561.2910291778	0.97564203900076
6561.3160912132	0.97746250108648
6561.3411533444	0.97667186942207
6561.3662155714	0.97582914270683
6561.391277894	0.97928279584868
6561.4163403124	0.98317366438567
6561.4414028265	0.98294366239534
6561.4664654379	0.98355574586668
6561.4915281434	0.98424499806187
6561.5165909448	0.9840822892276
6561.5416538418	0.98473236235664
6561.5667168346	0.98304877229236
6561.5917799231	0.97919527589197
6561.6168431073	0.97449155876849
6561.6419063873	0.969472533389
6561.666969763	0.96398906211906
6561.6920332344	0.9600022614137
6561.7170968016	0.95673611417366
6561.7421604645	0.95290131817068
6561.7672242231	0.94991847567376
6561.7922880775	0.94383622219249
6561.8173520276	0.93611109134575
6561.8424160735	0.92738424002833
6561.8674802151	0.91937591200259
6561.8925444524	0.91231955469126
6561.9176087855	0.90545190009489
6561.9426732143	0.89675300946048
6561.9677377403	0.88599751137173
6561.9928023606	0.87504615055903
6562.0178670766	0.86390786743303
6562.0429318883	0.85150134309413
6562.0679967958	0.84003756906327
6562.0930617991	0.82475850025882
6562.118126898	0.81096553711618
6562.1431920928	0.8002413683294
6562.1682573832	0.78690637558882
6562.1933227694	0.77202102489393
6562.2183882513	0.75818395529425
6562.243453829	0.74505565790533
6562.2685195025	0.7329455579832
6562.2935852716	0.72086099272285
6562.3186511365	0.711915560104
6562.3437170972	0.70359190856403
6562.3687831536	0.69768945153802
6562.3938493057	0.69170035516483
6562.4189155536	0.68347739094038
6562.4439818987	0.67583788137744
6562.4690483381	0.67170350225518
6562.4941148732	0.66764874963222
6562.5191815041	0.66361634187811
6562.5442482307	0.66278687404498
6562.5693150531	0.66141419908851
6562.5943819712	0.65896182069487
6562.619448985	0.65738201187049
6562.6445160947	0.65683561879398
6562.6695833	0.65622344008049
6562.6946506011	0.65558478643348
6562.719717998	0.65419219412878
6562.7447854906	0.65334720942102
6562.7698530789	0.65468422209774
6562.794920763	0.65525640708916
6562.8199885429	0.6548167649482
6562.8450564185	0.65535778368526
6562.8701243898	0.65585704708282
6562.8951924569	0.6557382498204
6562.9202606213	0.65764348180266
6562.9453288799	0.6588643226048
6562.9703972343	0.65708690683129
6562.9954656844	0.65627747687014
6563.0205342302	0.65824104500822
6563.0456028719	0.66016486372141
6563.0706716092	0.66236125478095
6563.0957404424	0.66661382420053
6563.1208093713	0.67014872337175
6563.1458783959	0.67391486742322
6563.1709475163	0.6780393299994
6563.1960167324	0.68328203550044
6563.2210860444	0.6897959834219
6563.246155452	0.69665574570638
6563.2712249554	0.70090138500723
6563.2962945546	0.70434135196555
6563.3213642496	0.71005574177653
6563.3464340403	0.71685048967788
6563.3715039267	0.72391112667324
6563.3965739089	0.73142132680368
6563.4216439884	0.74355455226966
6563.4467141621	0.75637834783741
6563.4717844316	0.77335484513744
6563.4968547969	0.78929559454998
6563.5219252579	0.80291181365798
6563.5469958147	0.81624057584674
6563.5720664672	0.82950917197583
6563.5971372155	0.84050594398208
6563.6222080596	0.84959188628709
6563.6472789994	0.85815828471017
6563.672350035	0.86813222692307
6563.6974211663	0.87779967455328
6563.7224923934	0.88614958839294
6563.7475637163	0.89341643669058
6563.772635135	0.90080184243307
6563.7977066494	0.91022503740945
6563.8227782596	0.91823989956926
6563.8478499655	0.92206990975562
6563.8729217672	0.92221847674386
6563.8979936662	0.92133381061608
6563.9230656594	0.92125714129247
6563.9481377484	0.92054112087153
6563.9732099332	0.91449209103081
6563.9982822137	0.90764475878427
6564.02335459	0.9059988004959
6564.0484270621	0.90382506929596
6564.0734996299	0.9045345723146
6564.0985722936	0.90799848078336
6564.1236450529	0.91102712581035
6564.1487179081	0.91595188594859
6564.173790859	0.92379109079281
6564.1988639057	0.92945500978441
6564.2239370482	0.93485707361004
6564.2490102864	0.94218999929739
6564.2740836204	0.94971208145601
6564.2991570502	0.95405556862982
6564.3242305758	0.95785412375068
6564.3493041971	0.96286542981166
6564.3743779157	0.96688788467567
6564.3994517286	0.96907288810428
6564.4245256372	0.96959491323327
6564.4495996416	0.96907341589532
6564.4746737418	0.96962214035274
6564.4997479378	0.97025053046489
6564.5248222295	0.9733841846892
6564.5498966171	0.97526779619395
6564.5749711004	0.97526651807471
6564.6000456794	0.97554509309873
6564.6251203543	0.97632815918382
6564.6501951249	0.97556639194511
6564.6752699913	0.97485103313083
6564.7003449535	0.97369443018005
6564.7254200115	0.97384316698672
6564.7504951652	0.97179512322783
6564.7755704147	0.9686154481027
6564.80064576	0.96759014708452
6564.8257212011	0.96606574488767
6564.850796738	0.9630146671039
6564.8758723721	0.96182432562775
6564.9009481005	0.9614230361667
6564.9260239247	0.9599082900341
6564.9510998447	0.95812782321998
6564.9761758605	0.95858764236446
6565.001251972	0.95979251993029
6565.0263281794	0.96077984289261
6565.0514044825	0.96115862073151
6565.0764808814	0.95966671785352
6565.1015573761	0.95984163459474
6565.1266339665	0.96505717737423
6565.1517106528	0.96799439985851
6565.1767874348	0.96736438384136
6565.2018643126	0.96751862519669
6565.2269412862	0.96645038060502
6565.2520183556	0.96436321261885
6565.2770955208	0.96422231272106
6565.3021727818	0.96036200063204
6565.3272501385	0.95477880555314
6565.3523275926	0.94465378099613
6565.3774051409	0.93660816361079
6565.402482785	0.9328039373787
6565.4275605249	0.93047574244863
6565.4526383606	0.92780182084998
6565.4777162921	0.92400508317929
6565.5027943194	0.92402415226484
6565.5278724424	0.92581165705183
6565.5529506613	0.92681243696499
6565.5780289759	0.93321755441548
6565.6031073864	0.94235004334809
6565.6281858926	0.95220761020612
6565.6532644946	0.96155343214822
6565.6783431924	0.96826163891282
6565.703421986	0.97110767956733
6565.7285008754	0.96960201409414
6565.7535798606	0.96955702463222
6565.7786589416	0.96966372636729
6565.8037381184	0.96749957099201
6565.8288173924	0.96532300818548
6565.8538967608	0.96514673849527
6565.878976225	0.96434255583104
6565.9040557849	0.96539658012273
6565.9291354407	0.96652630831877
6565.9542151922	0.97172719416117
6565.9792950396	0.97587927208017
6566.0043749827	0.97819753434508
6566.0294550217	0.98132266767841
6566.0545351564	0.98437444223697
6566.0796153869	0.98640838602613
6566.1046957133	0.98719629847784
6566.1297761354	0.98791950748593
6566.1548566533	0.98831214025168
6566.1799372671	0.98780553265547
6566.2050179766	0.99164095901845
6566.2300987819	0.99799747735562
6566.2551796831	0.99810262277817
6566.28026068	0.994837291334
6566.3053417742	0.99476752266645
6566.3304229628	0.99611669571664
6566.3555042471	0.99677803151031
6566.3805856273	0.99755542008612
6566.4056671032	0.99993181347222
6566.430748675	1.0028795969192
6566.4558303425	1.0019070729047
6566.4809121059	0.99880323902674
6566.505993965	0.99512689404414
6566.53107592	0.99088809780426
6566.5561579708	0.99105504898419
6566.5812401173	0.99369590077015
6566.6063223597	0.99375873650907
6566.6314046979	0.99326830515763
6566.6564871319	0.99179083699811
6566.6815696617	0.987789190052
6566.7066522873	0.98716835112195
6566.7317350087	0.99101197629401
6566.7568178259	0.99286714593739
6566.781900739	0.99155768226644
6566.8069837493	0.98947286267996
6566.832066854	0.98796620902852
6566.8571500544	0.98846900336719
6566.8822333507	0.98947428668713
6566.9073167428	0.99005838252589
6566.9324002307	0.99094691500364
6566.9574838144	0.9911795318002
6566.9825674939	0.99105207980606
6567.0076512692	0.98953422292717
6567.0327351403	0.98659285129401
6567.0578191073	0.98500842659481
6567.0829031701	0.98182622637536
6567.1079873286	0.97834896321778
6567.133071583	0.97534139338457
6567.1581559332	0.97367004072525
6567.1832403792	0.97659647124309
6567.2083249211	0.97958436749516
6567.2334095587	0.97906535304731
6567.2584942922	0.97722516372112
6567.2835791229	0.97380956710267
6567.308664048	0.97093493027063
6567.3337490689	0.97460052683546
6567.3588341857	0.97952744621619
6567.3839193982	0.98078807646242
6567.4090047066	0.98151134932492
6567.4340901107	0.9819984181218
6567.4591756107	0.98209833424724
6567.4842612066	0.98801643014921
6567.5093468982	0.99355630808565
6567.5344326856	0.99254690517334
6567.5595185689	0.99151514476912
6567.584604548	0.98213307077226
6567.6096906229	0.97167458566079
6567.6347767936	0.97977008872599
6567.6598630602	0.98890160370143
6567.6849494226	0.98716607218571
6567.7100358808	0.9847928426257
6567.7351224348	0.98675053529069
6567.7602090862	0.98934950542938
6567.7852958318	0.98943610985908
6567.8103826733	0.98949307849058
6567.8354696106	0.99209997331191
6567.8605566438	0.99481834138326
6567.8856437727	0.99621137412379
6567.9107309975	0.99692415182732
6567.9358183181	0.99738115613143
6567.9609057346	0.99875884101455
6567.9859932468	0.99865847683847
6568.0110808549	0.99779660356547
6568.0361685588	0.99473475072012
6568.0612563586	0.99130171199361
6568.0863442541	0.99033810617824
6568.1114322455	0.98924898960732
6568.1365203328	0.99159459466379
6568.1616085158	0.99616399003854
6568.1866967947	0.99284554808054
6568.2117851694	0.98529849743663
6568.2368736399	0.98138916703813
6568.2619622078	0.97920901553097
6568.28705087	0.97642264705888
6568.3121396281	0.9745523379557
6568.3372284819	0.97824492638301
6568.3623174316	0.9841672267906
6568.3874064771	0.99171249421691
6568.4124956185	1.0010598817744
6568.4375848557	0.99893969927108
6568.4626741887	0.98818010451633
6568.4877636176	0.98787089388898
6568.5128531423	0.99512956257088
6568.5379427628	0.99699058061061
6568.5630324792	0.99442071724445
6568.5881222914	0.99253863355505
6568.6132121994	0.99186400667185
6568.6383022033	0.99206970944283
6568.6633923029	0.99329096997371
6568.6884824985	0.99411415029987
6568.7135727899	0.99485819471226
6568.7386631786	0.99210131651064
6568.7637536616	0.98313313072202
6568.7888442405	0.97403330191803
6568.8139349152	0.96578754591037
6568.8390256858	0.96056581501651
6568.8641165522	0.96036145773807
6568.8892075144	0.95781037555272
6568.9142985725	0.95029073052326
6568.9393897264	0.94397223064006
6568.9644809762	0.94035514829521
6568.9895723218	0.93490513453015
6569.0146637632	0.92326149811569
6569.0397553005	0.90730859196531
6569.0648469336	0.88149560429878
6569.0899386626	0.85643165848269
6569.1150304874	0.82691633941098
6569.1401224081	0.79887779681159
6569.1652144246	0.7820864747846
6569.1903065369	0.77156290788244
6569.2153987466	0.78051943197311
6569.2404910506	0.79182019254008
6569.2655834505	0.81704996510615
6569.2906759462	0.8436384467083
6569.3157685378	0.87910129952436
6569.3408612252	0.91128910187973
6569.3659540084	0.92935041328351
6569.3910468875	0.94643353630167
6569.4161398625	0.95561706077953
6569.4412329333	0.96546057266924
6569.4663260999	0.97590623608789
6569.4914193624	0.98501295058061
6569.5165127207	0.98970856389369
6569.5416061749	0.99684971427532
6569.5666997249	1.0014283613841
6569.5917933708	1.0045134575574
6569.6168871125	1.0064922352979
6569.6419809501	1.0091163276218
6569.6670748836	1.0014368827141
6569.6921689144	0.99287470683967
6569.7172630395	0.98846592014894
6569.7423572605	0.98441784252662
6569.7674515773	0.97262717132167
6569.79254599	0.96172545139555
6569.8176404986	0.95558339999297
6569.8427351029	0.94850057770572
6569.8678298032	0.94339674333852
6569.8929245993	0.93895803672988
6569.9180194913	0.94415094006012
6569.9431144791	0.94999027046318
6569.9682095627	0.95679500674836
6569.9933047423	0.96239405029977
6570.0184000176	0.96299686156128
6570.0434953889	0.96416237868854
6570.068590856	0.96662532725672
6570.0936864189	0.9692215439142
6570.1187820777	0.96864629601541
6570.1438778324	0.96619643663627
6570.1689736829	0.96127069828584
6570.1940696308	0.95782562085303
6570.219165673	0.9587198513629
6570.2442618111	0.95887860634014
6570.2693580451	0.95523472795969
6570.2944543749	0.95103583258479
6570.3195508005	0.95208160985203
6570.3446473221	0.95450286854773
6570.3697439395	0.95375456108408
6570.3948406527	0.95294323906327
6570.4199374618	0.95085678288965
6570.4450343668	0.94773492978656
6570.4701313677	0.93469948585965
6570.4952284644	0.91647625623443
6570.5203256569	0.91144186314099
6570.5454229454	0.91312328639383
6570.5705203297	0.91623466102688
6570.5956178098	0.91900365457486
6570.6207153858	0.91771284067314
6570.6458130577	0.91409837652421
6570.670910827	0.90997710950888
6570.6960086906	0.90606422448387
6570.7211066501	0.90271168212072
6570.7462047054	0.90011407240344
6570.7713028566	0.90167337822599
6570.7964011037	0.90620357928347
6570.8214994467	0.9120897098312
6570.8465978855	0.91971353011961
6570.8716964202	0.9216882347099
6570.8967950507	0.91787573508343
6570.9218937771	0.91923662812596
6570.9469925994	0.9260165769024
6570.9720915176	0.92988950525303
6570.9971905316	0.92987666235782
6571.0222896415	0.92833109413742
6571.0473888473	0.926072753009
6571.0724881489	0.92356198927305
6571.0975875465	0.92151521386839
6571.1226870398	0.92335589364176
6571.1477866306	0.92638349717763
6571.1728863157	0.92913245307955
6571.1979860967	0.93451045924663
6571.2230859736	0.94317476449438
6571.2481859464	0.95341551598048
6571.273286015	0.95849605476508
6571.2983861795	0.96042674801345
6571.3234864399	0.96284628024746
6571.3485867961	0.96417902821231
6571.3736872482	0.96538643664817
6571.3987877962	0.96703640419127
6571.4238884401	0.96709363357125
6571.4489891798	0.96061234888168
6571.4740900155	0.9534994251186
6571.499190947	0.9509943358135
6571.5242919744	0.94794443539356
6571.5493930976	0.9415367383125
6571.5744943168	0.93870378159443
6571.5995956318	0.94398890673147
6571.6246970427	0.94904378426271
6571.649798551	0.95454981580791
6571.6749001536	0.95895293322601
6571.7000018521	0.96322932676571
6571.7251036466	0.96920585802064
6571.7502055369	0.96899013229337
6571.775307523	0.96785510325178
6571.8004096051	0.97102283067272
6571.825511783	0.97150060169218
6571.8506140569	0.96490363524094
6571.8757164266	0.9606029671802
6571.9008188922	0.96150847293039
6571.9259214536	0.96040771157378
6571.951024111	0.95336631855097
6571.9761268642	0.94863090727179
6572.0012297133	0.95347200437423
6572.0263326584	0.95595374043153
6572.0514356993	0.94825690679924
6572.076538836	0.94225931655748
6572.1016420687	0.94984483346628
6572.1267453988	0.95630514791513
6572.1518488232	0.95132592210365
6572.1769523435	0.94767131473921
6572.2020559597	0.94698632878384
6572.2271596718	0.94597184593086
6572.2522634798	0.94871961302237
6572.2773673837	0.95203593046737
6572.3024713835	0.95436573285446
6572.3275754791	0.95772893969127
6572.3526796707	0.9567889635186
6572.3777839581	0.95549690689413
6572.4028883414	0.95951256888525
6572.4279928207	0.96524279022118
6572.4530973958	0.96599221917028
6572.4782020668	0.96463181064991
6572.5033068337	0.96147284884925
6572.5284116964	0.95672613624363
6572.5535166551	0.94463545441146
6572.5786217097	0.93146880808094
6572.6037268617	0.91810063081855
6572.628832108	0.90339902980842
6572.6539374503	0.86648305595553
6572.6790428884	0.83006394443024
6572.7041484225	0.80181907584191
6572.7292540524	0.7746147202236
6572.7543597782	0.75815276601856
6572.7794655999	0.74321980609518
6572.8045715176	0.7497705901567
6572.8296775311	0.75999595446793
6572.8547836405	0.79185186695544
6572.8798898458	0.82183989466858
6572.904996147	0.85097260468104
6572.9301025441	0.88298725104978
6572.9552090371	0.90088203023516
6572.980315626	0.91613153807132
6573.0054223108	0.9268250577647
6573.0305290915	0.93640363297938
6573.0556359682	0.95245918984299
6573.0807429407	0.96842004713579
6573.1058500106	0.96569432630652
6573.1309571749	0.96184252138549
6573.1560644351	0.95188557530729
6573.1811717912	0.94192727719975
6573.2062792432	0.95297707912331
6573.2313867911	0.96878085931003
6573.2564944349	0.99112153807672
6573.2816021747	1.0148578675125
6573.3067100103	1.0098078877165
6573.3318179418	0.99638183210104
6573.3569259692	0.99228926428214
6573.3820340926	0.98873680374848
6573.4071423118	0.9845805616333
6573.432250627	0.97887401809168
6573.457359038	0.97064805613388
6573.482467545	0.96310255427239
6573.5075761478	0.96556423859584
6573.5326848466	0.97207970905617
6573.5577936413	0.97074986238631
6573.5829025334	0.96671465418705
6573.6080115199	0.96492409406333
6573.6331206023	0.96291016737209
6573.6582297806	0.95889904993057
6573.6833390548	0.95699507244262
6573.7084484249	0.95306862542015
6573.733557891	0.94798411686899
6573.7586674529	0.95020946450766
6573.7837771108	0.95539489242439
6573.8088868646	0.95706273852033
6573.8339967142	0.95721709633165
6573.8591066598	0.96043699313261
6573.8842167013	0.96525430690055
6573.9093268388	0.95991655788495
6573.9344370721	0.94981268651641
6573.9595474013	0.94419704086734
6573.9846578265	0.93998594079618
6574.0097683476	0.9307785229621
6574.0348789645	0.91801688749806
6574.059989679	0.90037229610714
6574.0851004878	0.87652070668299
6574.1102113925	0.84699873716683
6574.1353223932	0.81451866965179
6574.1604334897	0.78529042733942
6574.1855446822	0.75963138442917
6574.2106559706	0.74705870665488
6574.2357673549	0.74263357388371
6574.2608788351	0.75314457686031
6574.2859904113	0.774185916503
6574.3111020833	0.79529769453308
6574.3362138513	0.81872272569198
6574.3613257152	0.83844606887901
6574.3864376751	0.8552226252177
6574.4115497308	0.87328597802496
6574.4366618825	0.89368397408103
6574.46177413	0.9140418113838
6574.4868864735	0.93315957120281
6574.511998913	0.94713199090777
6574.5371114498	0.95681575349349
6574.5622240811	0.95996690730133
6574.5873368083	0.95977344352805
6574.6124496314	0.96022032280003
6574.6375625504	0.95946937367105
6574.6626755654	0.95231732001988
6574.6877886763	0.94008282543559
6574.7129018831	0.93795138703258
6574.7380151858	0.94393328626812
6574.7631285845	0.93859143325459
6574.788242079	0.91749104639481
6574.8133556695	0.89858469915439
6574.838469356	0.88057857134054
6574.8635831383	0.85800534544384
6574.8886970166	0.8321774947865
6574.9138109908	0.80273449837086
6574.938925061	0.77061329035451
6574.964039227	0.74362263241424
6574.989153489	0.72507296798224
6575.014267847	0.72011773969691
6575.0393823023	0.72935973379601
6575.0644968521	0.74766387446116
6575.0896114978	0.77711918684307
6575.1147262395	0.80896780471395
6575.139841077	0.84550805061025
6575.1649560105	0.87680734815462
6575.19007104	0.9014108071251
6575.2151861653	0.92051296824792
6575.2403013866	0.93213116376501
6575.2654167039	0.94680830810874
6575.290532117	0.96757686795707
6575.3156476261	0.97379211278537
6575.3407632311	0.9594570045876
6575.3658789321	0.94792139321098
6575.390994729	0.94064975942323
6575.4161106218	0.94188304424811
6575.4412266106	0.95739706381268
6575.4663426953	0.96723077175733
6575.4914588759	0.96696375671737
6575.516575154	0.96585036965633
6575.5416915265	0.96134737339168
6575.5668079949	0.960853356747
6575.5919245593	0.96685668455568
6575.6170412196	0.96819751587059
6575.6421579759	0.96116342598847
6575.6672748281	0.95629919891038
6575.6923917762	0.95652295941934
6575.7175088203	0.95400497608111
6575.7426259603	0.9442022636378
6575.7677431962	0.93579979824801
6575.7928605281	0.93103749486919
6575.817977956	0.92721473750298
6575.8430954797	0.9258681943578
6575.8682130994	0.92438685188293
6575.8933308151	0.92077077171522
6575.9184486267	0.9176011251244
6575.9435665342	0.91806926817048
6575.9686845377	0.91997645724567
6575.9938026386	0.92652010727467
6576.018920834	0.92968965283159
6576.0440391253	0.92775127210776
6576.0691575125	0.92628793412188
6576.0942759957	0.92334623182455
6576.1193945749	0.91941647905973
6576.14451325	0.91020924156494
6576.169632021	0.90196046037505
6576.194750888	0.89530240516567
6576.2198698509	0.8908643428973
6576.2449889097	0.89196498531795
6576.2701080646	0.8941893765137
6576.2952273153	0.90153560662921
6576.320346662	0.90882767429132
6576.3454661047	0.91261241706885
6576.3705856433	0.91326574331136
6576.3957052778	0.91019587103713
6576.4208250084	0.90785641562929
6576.4459448348	0.90854155359626
6576.4710647572	0.90875403015355
6576.4961847771	0.90235245683909
6576.5213048914	0.89309529807733
6576.5464251016	0.88321020775044
6576.5715454078	0.8796418001604
6576.59666581	0.88701650572264
6576.6217863081	0.89778697894246
6576.6469069021	0.92119791293557
6576.6720275922	0.93758608395024
6576.6971483781	0.93096567577215
6576.72226926	0.92487069802526
6576.7473902379	0.92279838039966
6576.7725113117	0.91964466499841
6576.7976324815	0.91446388841206
6576.8227537473	0.90762098039974
6576.8478751089	0.89414800755956
6576.8729965666	0.88594642934477
6576.8981181202	0.89347038489297
6576.9232397698	0.90092781209029
6576.9483615153	0.90662894682039
6576.9734833583	0.91182074670659
6576.9986052957	0.91533287449197
6577.0237273291	0.92071401094159
6577.0488494584	0.93456223298275
6577.0739716837	0.94462106126004
6577.099094005	0.94182535299483
6577.1242164222	0.94167020775692
6577.1493389354	0.94941147319854
6577.1744615445	0.95686895102636
6577.1995842496	0.96130646156373
6577.2247070507	0.96482088578873
6577.2498299477	0.96524603158412
6577.2749529407	0.96396658823214
6577.3000760297	0.96066259089527
6577.3251992146	0.95695566927157
6577.3503224954	0.94089733597737
6577.3754458723	0.92573617716788
6577.4005693451	0.92415790111853
6577.4256929138	0.92423674295368
6577.4508165801	0.92645882220887
6577.4759403408	0.92826941736512
6577.5010641974	0.93151833101884
6577.52618815	0.93243311464944
6577.5513121986	0.92374966045005
6577.5764363432	0.9189579663796
6577.6015605837	0.92860624371023
6577.6266849202	0.93453752296534
6577.6518093526	0.92744400107021
6577.676933881	0.92192095111884
6577.7020585054	0.92216452842605
6577.7271832258	0.92247463738373
6577.7523080421	0.92396001421758
6577.7774329544	0.92550740084351
6577.8025579627	0.92677818912895
6577.8276830669	0.92771313315524
6577.8528082671	0.9236594473963
6577.8779335633	0.92035491173862
6577.9030589554	0.92637413496887
6577.928184445	0.93211284420559
6577.9533100291	0.92831972763477
6577.9784357092	0.92122422010448
6578.0035614852	0.91366658176643
6578.0286873572	0.91146271415396
6578.0538133252	0.91824463550701
6578.0789393891	0.92255738789618
6578.104065549	0.92024475818655
6578.1291918049	0.9158215257427
6578.1543181568	0.91096636932481
6578.1794446046	0.91181104633127
6578.2045711484	0.9216211643554
6578.2296977882	0.92471217164583
6578.254824524	0.90798434392121
6578.2799513557	0.89558871834557
6578.3050782835	0.90280752151409
6578.3302053072	0.90878543786441
6578.3553324268	0.9080159469048
6578.3804596425	0.90879286346868
6578.4055869541	0.91630067697195
6578.4307143632	0.92067664506035
6578.4558418668	0.91179482929034
6578.4809694664	0.90511838125786
6578.5060971619	0.90746205147144
6578.5312249535	0.90961735665721
6578.556352841	0.90831293374707
6578.5814808244	0.9076174019878
6578.6066089039	0.91243467512192
6578.6317370794	0.91627662431224
6578.6568653508	0.91404911453189
6578.6819937182	0.91146498232033
6578.7071221816	0.90849158190518
6578.732250741	0.90477699794371
6578.7573793963	0.89736397134985
6578.7825081477	0.89384527236219
6578.807636995	0.90478628059442
6578.8327659383	0.91084941874716
6578.8578949776	0.90020978799932
6578.8830241129	0.89226045083837
6578.9081533457	0.89450724259802
6578.9332826729	0.89491708603849
6578.9584120962	0.8926126429476
6578.9835416154	0.89212530957783
6579.0086712306	0.89425220846648
6579.0338009418	0.8964811212602
6579.058930749	0.90144866081851
6579.0840606521	0.90603493830783
6579.1091906513	0.90512973299869
6579.1343207464	0.90582731670559
6579.1594509376	0.91447032112862
6579.1845812247	0.92087317304372
6579.2097116078	0.91865340920188
6579.2348420869	0.91500556758162
6579.259972662	0.90557478935934
6579.2851033331	0.89900920786521
6579.3102341002	0.90010580538142
6579.3353649633	0.9001051352186
6579.3604959223	0.90196324817411
6579.3856269789	0.90377348902472
6579.41075813	0.90046026732852
6579.435889377	0.900649079062
6579.46102072	0.91448076774816
6579.4861521591	0.92063799579464
6579.5112836941	0.89892671481297
6579.5364153251	0.8823861772491
6579.5615470521	0.88726529614486
6579.5866788751	0.89222059970584
6579.6118107941	0.8965809338108
6579.6369428091	0.89934422046362
6579.6620749201	0.89509475731065
6579.6872071271	0.89254777471632
6579.7123394301	0.89783196796605
6579.7374718291	0.90164562093423
6579.7626043241	0.89949919835955
6579.787736915	0.89798799577319
6579.812869602	0.89751625470388
6579.838002385	0.89741906725157
6579.863135264	0.89905832874737
6579.8882682405	0.90084221978215
6579.9134013114	0.90297947962455
6579.9385344784	0.90241579801338
6579.9636677414	0.89681050372143
6579.9888011004	0.89288629796011
6580.0139345553	0.8881995357573
6580.0390681063	0.88185166235518
6580.0642017533	0.87542925354019
6580.0893354963	0.86912832930594
6580.1144693353	0.8621746519611
6580.1396032703	0.85687465808865
6580.1647373013	0.85336862260398
6580.1898714283	0.84878079209075
6580.2150056513	0.8445990629795
6580.2401399703	0.84415883859149
6580.2652743853	0.85344266447233
6580.2904088963	0.86360751152892
6580.3155435034	0.87322875981255
6580.3406782064	0.88119843198381
6580.3658130069	0.88874503595384
6580.390947902	0.89583767480083
6580.416082893	0.89829519454921
6580.4412179801	0.89982519611013
6580.4663531632	0.90149920143165
6580.4914884422	0.90507601537339
6580.5166238173	0.91351401923289
6580.5417592884	0.91967509596055
6580.5668948555	0.91991542236052
6580.5920305186	0.9209105011947
6580.6171662778	0.9240183028797
6580.6423021329	0.922932285905
6580.667438084	0.9112020090901
6580.6925741312	0.9006565146368
6580.7177102744	0.8933742021863
6580.7428465135	0.88869928476785
6580.7679828487	0.89088680081881
6580.7931192799	0.885032439917
6580.8182558072	0.86200326585208
6580.8433924319	0.84393451054471
6580.8685291512	0.83465220959112
6580.8936659664	0.82805125153199
6580.9188028777	0.83082307800248
6580.943939885	0.83353508785451
6580.9690769883	0.83163031666307
6580.9942141876	0.82784230280379
6581.0193514829	0.82102824677015
6581.0444888743	0.81290020426949
6581.0696263617	0.80270378244561
6581.0947639451	0.78941011276298
6581.1199016245	0.77274803922941
6581.1450393999	0.76125187139044
6581.1701772713	0.75563760569318
6581.1953152388	0.75578461071454
6581.2204533023	0.76672820861417
6581.2455914618	0.78139572325577
6581.2707297173	0.80138152866168
6581.2958680688	0.82223427277684
6581.3210065164	0.84795159660203
6581.3461450615	0.87463251417992
6581.3712837011	0.89559992130772
6581.3964224367	0.90515725084921
6581.4215612683	0.90460854481327
6581.446700196	0.89915852892178
6581.4718392197	0.88295773029169
6581.4969783394	0.8732109659697
6581.5221175551	0.8746582385695
6581.5472568669	0.87174559033906
6581.5723962747	0.86412372460651
6581.5975357785	0.86461930393089
6581.6226753783	0.87357725138503
6581.6478150742	0.87944761858159
6581.6729548661	0.88284160632697
6581.698094754	0.88445630220572
6581.7232347379	0.88133198758797
6581.7483748179	0.88321140324101
6581.7735149939	0.89391833943869
6581.7986552659	0.89934881930761
6581.8237956354	0.89787362405131
6581.8489360995	0.89420003428057
6581.8740766596	0.89153345301172
6581.8992173157	0.89202453161427
6581.9243580679	0.89278738617531
6581.9494989161	0.89561587848132
6581.9746398603	0.90096014574455
6581.9997809006	0.90165770520299
6582.0249220368	0.89740884987865
6582.0500632692	0.89420433925832
6582.0752045975	0.89144040679039
6582.1003460219	0.8797546218437
6582.1254875423	0.86036797178994
6582.1506291587	0.85304342639696
6582.1757708712	0.8557587415462
6582.2009126797	0.85626789808123
6582.2260545842	0.86115780918288
6582.2511965848	0.85497567705677
6582.2763386814	0.85220132037318
6582.3014808756	0.86027845993772
6582.3266231642	0.87172148165005
6582.351765549	0.88565151949438
6582.3769080297	0.90011300364318
6582.4020506065	0.90976324724537
6582.4271932793	0.90617721939755
6582.4523360482	0.90337511097387
6582.4774789131	0.90241095967731
6582.502621874	0.89172816745797
6582.527764931	0.88833874818055
6582.552908084	0.88056128353846
6582.578051333	0.8733934867647
6582.6031946781	0.86736137867126
6582.6283381193	0.86342563406979
6582.6534816564	0.86445476486079
6582.6786252896	0.86435360451377
6582.7037690189	0.8664622273647
6582.7289128442	0.86921951404988
6582.7540567655	0.84927118247908
6582.7792007844	0.82320337146518
6582.8043448978	0.81646383393773
6582.8294891073	0.81812604113788
6582.8546334128	0.81129547556662
6582.8797778143	0.80218068426782
6582.9049223119	0.81750107325837
6582.9300669055	0.83381572285325
6582.9552115952	0.87034674946647
6582.9803563809	0.91442970055059
6583.0055012627	0.91535182148464
6583.0306462405	0.9006062020837
6583.0557913144	0.88516112767967
6583.0809364843	0.86867690765647
6583.1060817502	0.86372416839979
6583.1312271122	0.85191201355032
6583.1563725703	0.85259759840471
6583.1815181243	0.85633374375822
6583.2066637745	0.84969821770511
6583.2318095207	0.84895888514663
6583.2569553629	0.84981462494508
6583.2821013027	0.85404954563618
6583.307247337	0.85481351945642
6583.3323934674	0.85695382170598
6583.3575396939	0.86116746376056
