6546.3898985877	0.90588365709273
6546.4149037056	0.93756885338579
6546.4399089191	0.95982045674996
6546.464914228	0.97587182555873
6546.4899196324	0.98656074295617
6546.5149251324	0.9945736420354
6546.5399307279	0.99873061459236
6546.5649364188	1.0039757170024
6546.5899422053	1.007493564099
6546.6149480873	1.0081473030589
6546.6399540649	1.0057895963003
6546.6649601379	1.0054647752815
6546.689966308	1.0046088406484
6546.714972572	1.0033714767593
6546.7399789316	1.002063883622
6546.7649853867	1.0013555609968
6546.7899919373	0.99988707772784
6546.8149985835	0.99899120548968
6546.8400053251	0.99955545582629
6546.8650121623	0.99655626276985
6546.890019095	0.99079433548712
6546.9150261232	0.98900539512032
6546.9400332469	0.98799872098254
6546.9650404662	0.98561375957134
6546.9900477809	0.98188753801949
6547.0150551912	0.98106386785544
6547.040062697	0.98249964734407
6547.0650702984	0.98243955671771
6547.0900779952	0.97968606967194
6547.1150857876	0.97445835048609
6547.1400936755	0.97331376311408
6547.1651016604	0.97433751050581
6547.1901097393	0.97279582004082
6547.2151179138	0.96931784018691
6547.2401261838	0.96821762488131
6547.2651345493	0.96587023217375
6547.2901430103	0.96246354659275
6547.3151515668	0.96025343774339
6547.3401602189	0.96392469280987
6547.3651689665	0.96699248526875
6547.3901778097	0.96967344036238
6547.4151867483	0.9735511742132
6547.4401957825	0.97346629103474
6547.4652049122	0.97431146619583
6547.4902141374	0.97783401685819
6547.5152234582	0.97782675201172
6547.5402328745	0.97130984412165
6547.5652423863	0.96883086345842
6547.5902519936	0.96896922790128
6547.6152616965	0.97209074637604
6547.6402714949	0.97859269105869
6547.6652813903	0.98393013660262
6547.6902913798	0.9860737505483
6547.7153014648	0.9861195871098
6547.7403116453	0.98616282451029
6547.7653219214	0.987619257044
6547.790332293	0.98858358831408
6547.8153427601	0.9875538687925
6547.8403533227	0.98709326706955
6547.8653639809	0.98989983469267
6547.8903747346	0.99239311193843
6547.9153855839	0.99238477852024
6547.9403965287	0.98882045976825
6547.965407569	0.97998101577377
6547.9904187048	0.96708443508269
6548.0154299362	0.95476376820193
6548.0404412631	0.94426210657896
6548.0654526856	0.93575091380536
6548.0904642036	0.93418049338668
6548.1154758171	0.93447017520206
6548.1404875276	0.94398878881622
6548.1654993322	0.95423473066635
6548.1905112324	0.96585915798596
6548.2155232281	0.97482091133026
6548.2405353193	0.97855623835514
6548.265547506	0.98360073858315
6548.2905597883	0.98860684305142
6548.3155721661	0.99330381067837
6548.3405846395	0.99833983364976
6548.3655972084	1.0044373268045
6548.3906098728	1.0103437837524
6548.4156226328	1.0144718708389
6548.4406354883	1.0178425863032
6548.4656484394	1.0214427608376
6548.490661486	1.0251789738008
6548.5156746282	1.0254128455369
6548.5406878659	1.025951172855
6548.5657011991	1.0287764738818
6548.5907146279	1.0292439295949
6548.6157281537	1.029301217527
6548.6407417736	1.0276917857827
6548.665755489	1.0232918476945
6548.6907692999	1.0188632498187
6548.7157832064	1.0167699067359
6548.7407972085	1.0158491616351
6548.7658113061	1.0147987080111
6548.7908254992	1.0116806939807
6548.8158397879	1.0085329129412
6548.8408541721	1.007131634321
6548.8658686519	1.0055775957085
6548.8908832272	1.0006693885347
6548.9158978981	0.9951903368483
6548.9409126645	0.99318545122751
6548.9659275265	0.9924349794017
6548.990942484	0.99477807659151
6549.015957537	0.99936261326499
6549.0409726856	1.0069018745285
6549.0659879298	1.016336422235
6549.0910032695	1.0293478362653
6549.1160187063	1.0382699608577
6549.1410342371	1.0442059327133
6549.1660498635	1.0488636797884
6549.1910655854	1.0515381971292
6549.2160814029	1.0544074169031
6549.2410973159	1.0548577924649
6549.2661133245	1.0500681357783
6549.2911294286	1.0420255769594
6549.3161456283	1.0366905984296
6549.3411619235	1.0296500564574
6549.3661783143	1.0241962596267
6549.3911948006	1.0193956300637
6549.4162113825	1.0148954573312
6549.44122806	1.0110608091057
6549.466244833	1.0080569113174
6549.4912617016	1.0088351959188
6549.5162786657	1.0109667370195
6549.5412957254	1.0130414500072
6549.5663128806	1.0149207991227
6549.5913301329	1.0132560211047
6549.6163474793	1.0108336126409
6549.6413649212	1.012270613237
6549.6663824586	1.0149703129113
6549.6914000917	1.0141770300636
6549.7164178203	1.0125872305891
6549.7414356444	1.0121028849851
6549.7664535641	1.0129078661573
6549.7914715794	1.0140291032275
6549.8164896902	1.0144825433558
6549.8415078966	1.0164595424125
6549.8665261986	1.0168079872943
6549.8915445961	1.0138387218416
6549.9165630892	1.0117779892023
6549.9415816778	1.0117284251675
6549.966600362	1.0146085986115
6549.9916191418	1.0197082115388
6550.0166380171	1.0271792871559
6550.041656988	1.0338988587514
6550.0666760559	1.0328526931797
6550.091695218	1.0297261634963
6550.1167144756	1.0204905827284
6550.1417338287	1.0095069026399
6550.1667532774	0.9933778238704
6550.1917728217	0.97822884043964
6550.2167924616	0.96694580392398
6550.241812197	0.96092485620838
6550.266832028	0.96047525882727
6550.2918519545	0.96612149833548
6550.3168719766	0.97508488463583
6550.3418920943	0.98162177346367
6550.3669123076	0.98600685917488
6550.3919326164	0.99545945296604
6550.4169530208	1.0067059189309
6550.4419735208	1.0112806702269
6550.4669941163	1.0145515253823
6550.4920148074	1.0140843496473
6550.5170355941	1.0147649831572
6550.5420564779	1.0173403670077
6550.5670774557	1.018453121586
6550.5920985291	1.0180909912559
6550.6171196981	1.0179831103292
6550.6421409626	1.0173403646729
6550.6671623227	1.0168922878468
6550.6921837784	1.0183110815055
6550.7172053297	1.0162772691929
6550.7422269765	1.0123183769674
6550.7672487189	1.0090507634564
6550.7922705569	1.0061804410048
6550.8172924905	0.99902073649535
6550.8423145196	0.990987378486
6550.8673366443	0.98675494058939
6550.8923588646	0.98650587131426
6550.9173811805	0.99107255387021
6550.9424035919	0.99483297798828
6550.9674260989	0.99973329358178
6550.9924487015	1.0033914031069
6551.0174713997	1.0049207191832
6551.042494195	1.0058318106861
6551.0675170843	1.0068263076517
6551.0925400692	1.0051425455753
6551.1175631497	1.0053521541648
6551.1425863258	1.0085586268998
6551.1676095975	1.0099493254049
6551.1926329647	1.0037183846688
6551.2176564275	1.0010214991244
6551.2426799859	1.0045079534304
6551.2677036399	1.0035069638871
6551.2927273895	0.99751586717429
6551.3177512346	0.99273433075373
6551.3427751753	0.98861563595763
6551.3677992116	0.98458276077268
6551.3928233435	0.98149820014251
6551.417847571	0.98004113612979
6551.4428718941	0.97832244688598
6551.4678963127	0.97446186583148
6551.492920827	0.97056948364545
6551.5179454383	0.96247937619804
6551.5429701437	0.9540349195288
6551.5679949447	0.94119205855769
6551.5930198413	0.92810591094933
6551.6180448335	0.91519947931306
6551.6430699212	0.90766807538891
6551.6680951046	0.90836265064688
6551.6931203835	0.91683164285028
6551.718145758	0.93263264348656
6551.7431712281	0.94698523202591
6551.7681967938	0.96020658408081
6551.7932224551	0.97442475939031
6551.818248212	0.98984542692823
6551.8432740645	0.99720969669618
6551.8683000125	1.0032909423577
6551.8933260562	1.0068383232836
6551.9183521954	1.0084484444246
6551.9433784302	1.0064238773274
6551.9684047607	1.0030542412592
6551.9934311882	0.99541269856523
6552.0184577098	0.98763025665348
6552.043484327	0.98197082057004
6552.0685110398	0.9790477077738
6552.0935378482	0.97816189023312
6552.1185647522	0.98222095368277
6552.1435917518	0.98856186437585
6552.1686188469	0.99486840095138
6552.1936460377	0.9995244041558
6552.2186733241	0.99930006851607
6552.243700706	0.99848354989026
6552.2687281836	0.9975733210887
6552.2937557568	0.99662271792137
6552.3187834255	0.99550446921734
6552.3438111899	0.99231260713394
6552.3688390498	0.98757772466542
6552.3938670054	0.98704015821053
6552.4188950565	0.98810549512544
6552.4439232033	0.99162910269264
6552.4689514456	0.99740608579141
6552.4939797851	0.99738237180954
6552.5190082186	0.99591594072558
6552.5440367478	0.99096308342574
6552.5690653725	0.98594338988801
6552.5940940929	0.98544457788799
6552.6191229088	0.98430937909012
6552.6441518204	0.98804038452767
6552.6691808275	0.99069888678891
6552.6942099303	0.99422103255548
6552.7192391286	0.99897744105227
6552.7442684226	1.0041805218893
6552.7692978122	1.0060553724828
6552.7943272974	1.0065558389988
6552.8193568781	1.0056707779754
6552.8443865545	1.0036187282289
6552.8694163265	1.0015551080361
6552.8944461941	1.0001190196744
6552.9194761573	0.9995271199955
6552.9445062161	0.9984232723145
6552.969536372	0.99566280666587
6552.9945666221	0.99549270356733
6553.0195969677	0.99934799356161
6553.0446274089	1.0036105414597
6553.0696579458	1.0077880405789
6553.0946885782	1.0097840251411
6553.1197193063	1.0081862639003
6553.14475013	1.0060182257811
6553.1697810492	1.0060623702051
6553.1948120641	1.0105812162192
6553.2198431746	1.0171237690358
6553.2448743807	1.0284060373656
6553.2699056825	1.0372853529101
6553.2949370798	1.0442333750203
6553.3199685728	1.0455287893775
6553.3450001613	1.0424832023807
6553.3700318455	1.0376859546706
6553.3950636253	1.0297808871284
6553.4200955007	1.0236607967772
6553.4451274732	1.0181987043003
6553.4701595398	1.0150103789237
6553.4951917021	1.0120911839991
6553.5202239599	1.0113770886018
6553.5452563134	1.0119440488478
6553.5702887625	1.0119703066193
6553.5953213072	1.0116362992099
6553.6203539475	1.0135900692816
6553.6453866834	1.0144568536183
6553.670419515	1.0129589523139
6553.6954524422	1.0129020027163
6553.7204854649	1.0131259577007
6553.7455185834	1.0106719747195
6553.7705517974	1.0054463539981
6553.795585107	1.0019551001567
6553.8206185123	0.99954538371131
6553.8456520132	0.99753575601386
6553.8706856097	0.99430352084576
6553.8957193018	0.9976135981996
6553.920753091	1.0036802065887
6553.9457869744	1.0074688881432
6553.9708209534	1.0121534921552
6553.995855028	1.0125111942544
6554.0208891982	1.0119124543123
6554.0459234641	1.0028000733086
6554.0709578256	0.98954397257227
6554.0959922827	0.96704738920272
6554.1210268354	0.94039726291209
6554.1460614837	0.90976325234096
6554.1710962277	0.88777654479533
6554.1961310673	0.87081219314776
6554.2211660025	0.87009821250928
6554.2462010334	0.87509446539843
6554.2712361598	0.89450515226402
6554.2962713819	0.91645280183422
6554.3213066997	0.9391368959773
6554.346342113	0.96174516607717
6554.371377622	0.97984672016876
6554.3964132266	0.99551031037701
6554.4214489284	1.0060603140829
6554.4464847242	1.0105980706347
6554.4715206157	1.0113153327025
6554.4965566028	1.0123260776963
6554.5215926856	1.0140080774123
6554.546628864	1.0115308662638
6554.571665138	1.0082488481308
6554.5967015076	1.0059949035896
6554.6217379729	1.0042388144045
6554.6467745338	1.0029439184393
6554.6718111903	1.0009908880915
6554.6968479425	0.99691037955212
6554.7218847903	0.99409836488438
6554.7469217337	0.99053934584683
6554.7719587728	0.98737280321782
6554.7969959075	0.98498387198761
6554.8220331378	0.98584651590335
6554.8470704638	0.98966458990314
6554.8721078854	0.99485185570041
6554.8971454041	0.99824915369118
6554.922183017	0.99911258709462
6554.9472207255	1.0003716566385
6554.9722585297	0.99755083412194
6554.9972964294	0.99501469066929
6555.0223344249	0.98947372769985
6555.0473725159	0.98344814734196
6555.0724107026	0.97732904813849
6555.0974489849	0.97389683010188
6555.1224873629	0.97431441265588
6555.1475258365	0.97799088587812
6555.1725644057	0.98323521646493
6555.1976030706	0.98926629063724
6555.2226418312	0.99557919726326
6555.2476806873	0.99546625381125
6555.2727196391	0.99355933705465
6555.2977586866	0.98554663796805
6555.3227978297	0.97297494095793
6555.3478370684	0.95244083900157
6555.3728764043	0.93329942135895
6555.3979158343	0.91406352761717
6555.4229553599	0.89967463921938
6555.4479949812	0.88998271663692
6555.4730346982	0.89291386726835
6555.4980745108	0.90327896449209
6555.523114419	0.91766339859761
6555.5481544229	0.93344601443044
6555.5731945224	0.9481435849193
6555.5982347175	0.96374859802563
6555.6232750083	0.97379238828036
6555.6483153948	0.9825279076503
6555.6733558769	0.98509291285486
6555.6983964547	0.98748259917115
6555.723437128	0.9880034652732
6555.7484778971	0.98501482863837
6555.7735187618	0.98042387038145
6555.7985597221	0.97881775794045
6555.8236007781	0.97807767325329
6555.8486419297	0.97362875835041
6555.8736831785	0.9689403235569
6555.8987245215	0.9558808094946
6555.9237659601	0.94159818167164
6555.9488074943	0.92057557950301
6555.9738491242	0.90003637603987
6555.9988908497	0.88166074726562
6556.0239326709	0.86754085703378
6556.0489745877	0.8618415595965
6556.0740166002	0.86802324868554
6556.0990587084	0.88671470493754
6556.1241009122	0.90896347453846
6556.1491432116	0.93568188013046
6556.1741856067	0.95877001201236
6556.1992280975	0.98064137791402
6556.2242706839	0.9949721282534
6556.249313366	1.0089418008463
6556.2743561437	1.0116546514295
6556.2993990171	1.0118917868235
6556.3244419861	1.0108738624247
6556.3494850523	1.0129219585384
6556.3745282126	1.0178209305854
6556.3995714686	1.0186115931957
6556.4246148203	1.0188241532671
6556.4496582676	1.0186599650557
6556.4747018106	1.0176375379017
6556.4997454492	1.0167815347695
6556.5247891835	1.0161975149339
6556.5498330135	1.0107771825417
6556.5748769391	1.0058217114387
6556.5999209603	0.99705080890167
6556.6249650773	0.98762288296504
6556.6500092899	0.97720622764111
6556.6750535981	0.96636780650256
6556.700098002	0.95504526587753
6556.7251425016	0.94617902084291
6556.7501870968	0.93862476308425
6556.7752317877	0.93823781512224
6556.8002765743	0.94216185248454
6556.825321458	0.95061876684481
6556.8503664359	0.96027943207061
6556.8754115095	0.9701686099035
6556.9004566787	0.98045948877882
6556.9255019436	0.98948664983212
6556.9505473041	0.99825607464607
6556.9755927603	1.0048334573409
6557.0006383122	1.0110196477606
6557.0256839598	1.0172970290216
6557.050729703	1.0198067299513
6557.0757755418	1.0190625569945
6557.1008214764	1.0220236876979
6557.1258675066	1.0262871790052
6557.1509136325	1.0237812322976
6557.175959854	1.0190833854515
6557.2010061712	1.0200824375039
6557.2260525841	1.021893781266
6557.2510990927	1.0236032872499
6557.2761456969	1.0236587108564
6557.3011923968	1.0218008598725
6557.3262391939	1.0194004492726
6557.3512860851	1.0149536111517
6557.376333072	1.0102831293241
6557.4013801546	1.0054320093495
6557.4264273328	1.0014364661916
6557.4514746067	0.99821947627934
6557.4765219763	0.9972435801984
6557.5015694416	0.99644135474705
6557.5266170025	0.9974331185847
6557.5516646592	0.99911555727462
6557.5767124114	1.0022451849545
6557.6017602594	1.0069400781446
6557.626808203	1.0111838897966
6557.6518562423	1.013521538649
6557.6769043773	1.0147837899793
6557.701952608	1.014392712656
6557.7270009343	1.0142467520815
6557.7520493564	1.0160308260927
6557.777097874	1.0175256664013
6557.8021464889	1.0197092714031
6557.827195198	1.020337421731
6557.8522440027	1.016380364888
6557.8772929031	1.0111891535211
6557.9023418992	1.0043767813378
6557.927390991	0.99635400488363
6557.9524401784	0.98570175709881
6557.9774894615	0.97596231427128
6558.0025388403	0.96604782694905
6558.0275883148	0.95861635833252
6558.052637885	0.95363692963157
6558.0776875508	0.94844242457836
6558.1027373123	0.94250604943305
6558.1277871695	0.94554051236827
6558.1528371224	0.94842090014706
6558.177887171	0.95499048292775
6558.2029373153	0.96153247911853
6558.2279875552	0.96786155343808
6558.2530378908	0.97517117324545
6558.2780883237	0.98480444075472
6558.3031388506	0.99146737690821
6558.3281894733	0.99530187547941
6558.3532401917	0.99536355493078
6558.3782910057	0.99375560131775
6558.4033419155	0.99404829722095
6558.4283929209	0.99463035620404
6558.453444022	0.99686217837786
6558.4784952188	0.99798558865237
6558.5035465113	0.99776559800082
6558.5285978995	1.001201216129
6558.5536493833	1.0088130396625
6558.5787009629	1.0183483908983
6558.6037526381	1.0272203223743
6558.628804409	1.0318959796466
6558.6538562756	1.0337148097688
6558.678908238	1.0318280969837
6558.703960296	1.0294504694049
6558.7290124496	1.0192722698477
6558.7540647005	1.0100887204831
6558.7791170456	1.0050543138351
6558.8041694864	0.99994299201479
6558.8292220228	0.9976403804486
6558.854274655	0.99595774846088
6558.8793273828	0.99523276053773
6558.9043802063	0.99622457053813
6558.9294331256	0.99837903512213
6558.9544861405	1.0009753864722
6558.9795392511	1.0045254557188
6559.0045924574	1.0043873487822
6559.0296457594	1.005129204836
6559.0546991571	1.0099979122998
6559.0797526505	1.0128094576899
6559.1048062396	1.012147551482
6559.1298599244	1.0142950546504
6559.1549137049	1.0202796634158
6559.1799675811	1.0216129751906
6559.205021553	1.0170053867914
6559.2300756206	1.0141328460712
6559.2551297854	1.0137663776168
6559.2801840443	1.0114592022226
6559.305238399	1.0075700451212
6559.3302928494	1.0053507264172
6559.3553473955	1.0037692932315
6559.3804020373	0.99332755243345
6559.4054567747	0.98059176214663
6559.4305116079	0.96233152651539
6559.4555665368	0.94505398181318
6559.4806215614	0.92922081845279
6559.5056766817	0.91490303452009
6559.5307318977	0.90140175731909
6559.5557872093	0.89899146242205
6559.5808426167	0.90199084188925
6559.6058981198	0.91205947503529
6559.6309537186	0.92360596640792
6559.6560094131	0.93362595247737
6559.6810652034	0.9438183628595
6559.7061210893	0.9533598568185
6559.7311770724	0.96158063584911
6559.7562331497	0.96698100809252
6559.7812893228	0.97353089187283
6559.8063455915	0.97918788573513
6559.831401956	0.98416416260188
6559.8564584161	0.98990776430975
6559.881514972	0.99257183554789
6559.9065716236	0.99432322880431
6559.9316283708	0.99752286095895
6559.9566852138	1.0016818061423
6559.9817421525	1.0036139126747
6560.0067991869	1.004622260909
6560.031856317	1.0030174332412
6560.0569135429	1.0006378369683
6560.0819708644	0.9965457893103
6560.1070282817	0.98977241850473
6560.1320857946	0.98048270415478
6560.1571434033	0.97183258417882
6560.1822011077	0.96445253602059
6560.2072589093	0.95955606849433
6560.2323168051	0.95514758845439
6560.2573747966	0.95911565483951
6560.2824328838	0.96349570290461
6560.3074910668	0.96961863328148
6560.3325493455	0.97393619267333
6560.3576077198	0.97335118872631
6560.3826661899	0.97177030776359
6560.4077247557	0.96718212524845
6560.4327834173	0.95724714936389
6560.4578421745	0.94504915401828
6560.4829010275	0.93258703909905
6560.5079599761	0.91971566863603
6560.5330190205	0.91058927777112
6560.5580781606	0.90223261625596
6560.5831373965	0.90323755510466
6560.608196728	0.90536205640514
6560.6332561553	0.91125350625285
6560.6583156783	0.9207523359837
6560.683375297	0.93275591306663
6560.7084350129	0.94363815204175
6560.733494823	0.95502921246127
6560.7585547289	0.96563326346407
6560.7836147305	0.9751793548595
6560.8086748278	0.98087146894011
6560.8337350208	0.98555494773319
6560.8587953096	0.98694959910298
6560.883855694	0.98930396512497
6560.9089161742	0.99005245446882
6560.9339767501	0.98973363165846
6560.9590374218	0.98935060576914
6560.9840981891	0.99075920399228
6561.0091590522	0.99194944203635
6561.034220011	0.99397462135177
6561.0592810656	0.99800607860862
6561.0843422158	1.0005962775789
6561.1094034618	1.0011166603279
6561.1344648035	1.0011387385965
6561.159526241	0.99995413223244
6561.1845877756	0.99474364619379
6561.2096494045	0.99018741977196
6561.2347111292	0.98649012042943
6561.2597729495	0.98423337916868
6561.2848348656	0.98435114061271
6561.3098968774	0.98476563962575
6561.3349589849	0.98614852555925
6561.3600211882	0.98356186059662
6561.3850834872	0.97907008192231
6561.4101458819	0.97770800162243
6561.4352083724	0.97679834700467
6561.4602709585	0.97553915516735
6561.4853336404	0.97449038351682
6561.5103964181	0.97260255631247
6561.5354592915	0.96978246997323
6561.5605222606	0.9656775735754
6561.5855853254	0.96330267860276
6561.610648486	0.96138418680387
6561.6357117423	0.9576007154469
6561.6607750959	0.9536403690207
6561.6858385436	0.95270590300575
6561.7109020871	0.95307508528554
6561.7359657264	0.95150213632204
6561.7610294614	0.94809405688449
6561.7860932921	0.93757759181138
6561.8111572185	0.9283150932601
6561.8362212407	0.92082394792869
6561.8612853587	0.9130313625733
6561.8863495723	0.90633815219259
6561.9114138817	0.90031116857553
6561.9364782868	0.8939531201406
6561.9615427877	0.88712280076441
6561.9866073843	0.87901352183458
6562.0116720767	0.86312563151518
6562.0367368648	0.8480613334392
6562.0618017486	0.83309663892779
6562.0868667282	0.81768421225696
6562.1119318035	0.80058657253795
6562.1369969761	0.78505742120045
6562.1620622428	0.77046537422142
6562.1871276054	0.75525846572172
6562.2121930637	0.74001318646888
6562.2372586177	0.72489326308477
6562.2623242674	0.70939435087608
6562.2873900129	0.69903998450148
6562.3124558542	0.68888893859506
6562.3375217912	0.67942632843706
6562.3625878239	0.67067270908277
6562.3876539524	0.66178653079845
6562.4127201766	0.65460877119094
6562.4377864966	0.64974976647007
6562.4628529123	0.64714758361115
6562.4879194237	0.64554218468801
6562.5129860309	0.6422628741077
6562.5380527339	0.63843945180572
6562.5631195326	0.63554684093798
6562.588186427	0.63259802231377
6562.6132534172	0.6319441354666
6562.6383205047	0.63038146475901
6562.6633876864	0.62653224457028
6562.6884549638	0.62323070522063
6562.713522337	0.62083683856705
6562.7385898059	0.62061928431174
6562.7636573706	0.6215767496615
6562.788725031	0.62266072061686
6562.8137927872	0.62378801959549
6562.8388606392	0.62099922888838
6562.8639285868	0.61848313410486
6562.8889966303	0.62047184019719
6562.9140647695	0.62205154748096
6562.9391330044	0.62202015367186
6562.9642013351	0.62277957476044
6562.9892697616	0.62490701612
6563.0143382838	0.62748481884974
6563.0394069017	0.63086569688744
6563.0644756154	0.6350837499575
6563.0895444249	0.63861596323838
6563.1146133316	0.64239901667907
6563.1396823326	0.64756059476776
6563.1647514293	0.6540729203308
6563.1898206218	0.65882936121079
6563.21488991	0.66184583659647
6563.239959294	0.66553460787295
6563.2650287738	0.66980824183694
6563.2900983493	0.67710297700768
6563.3151680206	0.68675037828283
6563.3402377876	0.69503482800063
6563.3653076504	0.70204417913392
6563.3903776089	0.71280693113445
6563.4154476632	0.72503172105873
6563.4405178133	0.74198022547618
6563.4655880591	0.75831763969948
6563.4906584007	0.77352514834874
6563.5157288381	0.78907618552444
6563.5407993712	0.80593336157327
6563.56587	0.81982056815301
6563.5909407262	0.83140891546767
6563.6160115466	0.84210477178175
6563.6410824627	0.85317307564044
6563.6661534747	0.86481199947902
6563.6912245823	0.87656753267292
6563.7162957858	0.88869257990641
6563.741367085	0.89995459842343
6563.76643848	0.90953457099623
6563.7915099707	0.91639679208552
6563.8165815572	0.91933725398284
6563.8416532395	0.92002535271044
6563.8667250175	0.9195520151946
6563.8917968913	0.91945784490484
6563.9168688609	0.91974236009731
6563.9419409262	0.91609521918812
6563.9670130873	0.91151554953909
6563.9920853442	0.9092669325833
6564.0171576968	0.90857576395523
6564.0422301452	0.91367574411297
6564.0673026894	0.91954601087296
6564.0923753308	0.92625789951261
6564.1174480666	0.93269178380557
6564.142520898	0.93879081202039
6564.1675938253	0.94758575358959
6564.1926668483	0.95637635352071
6564.2177399671	0.96275246553033
6564.2428131817	0.96805624307442
6564.267886492	0.9718376200846
6564.2929598981	0.97647522476601
6564.3180334	0.98186689312463
6564.3431069977	0.98454511183427
6564.3681806911	0.98377744102447
6564.3932544803	0.98405651461842
6564.4183283653	0.9848307478112
6564.443402346	0.98708261307603
6564.4684764225	0.98981710260004
6564.4935505948	0.9921478375536
6564.5186248629	0.99410694045096
6564.5436992268	0.9937203766686
6564.5687736879	0.99323911785926
6564.5938482433	0.99306049910368
6564.6189228945	0.99581245984451
6564.6439976414	1.0011512320938
6564.6690724842	1.0040835224928
6564.6941474227	1.0064596906054
6564.719222457	1.0093974009552
6564.744297587	1.011640827428
6564.7693728129	1.0119668298098
6564.7944481345	1.0124654246907
6564.8195235519	1.0149845686891
6564.8445990651	1.0173435345533
6564.8696746741	1.0173025258011
6564.8947503788	1.0152267632703
6564.9198261793	1.011271594926
6564.9449020756	1.0071636990054
6564.9699780677	1.0029078693113
6564.9950541556	1.0035755759368
6565.0201303393	1.0058191133588
6565.0452066202	1.0075675522927
6565.0702829954	1.0078935099478
6565.0953594665	1.0039730198741
6565.1204360332	1.0012393572714
6565.1455126958	1.0006762201524
6565.1705894542	1.0008878828263
6565.1956663083	1.0021279132062
6565.2207432583	1.0009128534456
6565.245820304	0.99784977114381
6565.2708974455	0.99132429277821
6565.2959746828	0.98445150506391
6565.3210520158	0.97536378538436
6565.3461294447	0.96692268761767
6565.3712069694	0.95900594578058
6565.3962845898	0.95147956555037
6565.421362306	0.94722141892486
6565.4464401181	0.94462050216994
6565.4715180259	0.94182823261372
6565.4965960295	0.94323905510406
6565.5216741288	0.94690402251833
6565.5467523255	0.95224042572275
6565.5718306165	0.95816626818926
6565.5969090033	0.9748777633457
6565.6219874858	0.98995086382659
6565.6470660642	0.99914969373089
6565.6721447383	1.0070968152596
6565.6972235082	1.0107177004137
6565.7223023739	1.0134404830254
6565.7473813354	1.0145747076523
6565.7724603928	1.0079130043919
6565.7975395459	0.99922650736096
6565.8226187947	0.9921446221557
6565.8476981394	0.98615463222949
6565.8727775799	0.98345556221031
6565.8978571162	0.98240458741021
6565.9229367483	0.98174516298137
6565.9480164762	0.98014668053718
6565.9730962998	0.98453888382451
6565.9981762193	0.99006449949565
6566.0232562361	0.99049168736859
6566.0483363471	0.99039993046311
6566.073416554	0.99359531992932
6566.0984968566	0.99657285041755
6566.1235772551	0.99853970112944
6566.1486577493	1.0011440108967
6566.1737383394	1.0041138286194
6566.1988190253	1.0053349152461
6566.2238998069	1.0063454317264
6566.2489806844	1.0084520980977
6566.2740616576	1.0071719534274
6566.2991427267	1.0032211690499
6566.3242238915	1.0007159206536
6566.3493051522	0.99946808755167
6566.3743865087	1.0007318604983
6566.3994679609	1.0024067424307
6566.424549509	1.0013073278649
6566.4496311529	0.99918262579243
6566.4747128925	0.99900771252292
6566.4997947295	0.99953497236157
6566.5248766608	1.000051796433
6566.5499586879	1.0009640014849
6566.5750408108	1.0005273844355
6566.6001230295	0.99880820163242
6566.625205344	0.99707239122854
6566.6502877543	0.99508602718752
6566.6753702604	0.99300314863528
6566.7004528624	0.99112695816894
6566.7255355601	0.98998375370042
6566.7506183537	0.99013667869225
6566.775701243	0.99100044834645
6566.8007842282	0.99075447341329
6566.8258673091	0.98966487966828
6566.8509504859	0.98961443513403
6566.8760337585	0.99038407911303
6566.9011171269	0.99106776469032
6566.9262005911	0.99122249937853
6566.9512841511	0.98963619714521
6566.9763678085	0.98906370297774
6567.0014515601	0.99202937000704
6567.0265354076	0.99384640700396
6567.0516193508	0.99419080870277
6567.0767033899	0.99536050748933
6567.1017875248	0.99534373846734
6567.1268717555	0.99434670520007
6567.151956082	0.99008762097952
6567.1770405044	0.98546257097508
6567.2021250225	0.98398577055386
6567.2272096365	0.98202482323252
6567.2522943463	0.97834005371871
6567.2773791518	0.97660596065124
6567.3024640533	0.9792224726404
6567.3275490505	0.98103313495026
6567.3526341435	0.97901806865134
6567.3777193324	0.97792443089487
6567.4028046171	0.97880883478465
6567.4278899976	0.97965075203275
6567.4529754739	0.98168430930249
6567.4780610475	0.98292940063107
6567.5031467155	0.98143790922149
6567.5282324792	0.97980325103473
6567.5533183388	0.98043179777773
6567.5784042942	0.98244946467449
6567.6034903455	0.98520678105275
6567.6285764925	0.98764784886301
6567.6536627354	0.98784019583208
6567.6787490741	0.98735038982152
6567.7038355086	0.98897785660661
6567.7289220389	0.99027714589963
6567.7540086651	0.99041180231794
6567.7790953871	0.99074143431114
6567.8041822049	0.99533580784944
6567.8292691185	0.99972149622228
6567.854356128	0.99683582254728
6567.8794432332	0.9924181252647
6567.9045304343	0.99168764030345
6567.9296177313	0.99233580992053
6567.9547051255	0.99305649635956
6567.9797926141	0.99365657448414
6568.0048801985	0.99598200607301
6568.0299678787	0.99919033345226
6568.0550556548	0.99646838018884
6568.0801435267	0.99100407634309
6568.1052314944	0.98834721164332
6568.1303195579	0.98708326535983
6568.1554077173	0.98380155244105
6568.1804959725	0.97991059758455
6568.2055843235	0.9805213500277
6568.2306727704	0.98368655545172
6568.2557613131	0.98327822532164
6568.2808499516	0.98086274498433
6568.3059386859	0.98064884818472
6568.3310275161	0.98044595458626
6568.3561164421	0.98268415845377
6568.381205464	0.9884964496089
6568.4062945816	0.99201137633202
6568.4313837967	0.9922895644183
6568.456473106	0.99191647223606
6568.4815625112	0.99127277439796
6568.5066520122	0.98942878982474
6568.531741609	0.98758014258632
6568.5568313017	0.9893318078749
6568.5819210902	0.9928246979959
6568.6070109745	0.9948770798666
6568.6321009547	0.99709895932656
6568.6571910307	0.99606198681511
6568.6822812026	0.99020278335039
6568.7073714703	0.98631271616903
6568.7324618338	0.98323767684917
6568.7575522931	0.98133903472854
6568.7826428483	0.9833545202831
6568.8077334994	0.98205751379047
6568.8328242463	0.97458475578331
6568.857915089	0.96795787439444
6568.8830060275	0.96315331409451
6568.9080970619	0.95758370825921
6568.9331881937	0.95087923912025
6568.9582794197	0.94370733899142
6568.9833707416	0.93318226040876
6569.0084621594	0.92126888225853
6569.033553673	0.90699866372748
6569.0586452824	0.89065190261937
6569.0837369877	0.86613471517219
6569.1088287888	0.84048036982876
6569.1339206858	0.80841629343358
6569.1590126786	0.78015452735741
6569.1841047672	0.77146815919879
6569.2091969517	0.76612430821446
6569.2342892321	0.7771015166575
6569.2593816082	0.79031936051356
6569.2844740803	0.82014957568346
6569.3095666481	0.85126122396954
6569.3346593118	0.87713792062764
6569.3597520714	0.90198744944563
6569.3848449268	0.93359296200004
6569.4099378796	0.96462997807326
6569.4350309267	0.97204371956226
6569.4601240696	0.97874077882201
6569.4852173084	0.98323463085651
6569.5103106431	0.98724256068509
6569.5354040736	0.98721454405055
6569.5604975999	0.9863970346162
6569.5855912221	0.98665107944396
6569.6106849402	0.98713425879022
6569.635778754	0.98479615886553
6569.6608726638	0.98304375553292
6569.6859666694	0.97934470275648
6569.7110607708	0.97470828182382
6569.7361549681	0.96680333597295
6569.7612492613	0.96083788680804
6569.7863436503	0.95509089292919
6569.8114381351	0.9480167130353
6569.8365327158	0.93962947122207
6569.8616273924	0.93193094811374
6569.8867221663	0.92869575006328
6569.9118170346	0.92513585092568
6569.9369119987	0.92579111683052
6569.9620070587	0.927619001882
6569.9871022145	0.93487083268991
6570.0121974662	0.94443186876555
6570.0372928137	0.94819356209799
6570.0623882571	0.94927563129703
6570.0874837964	0.95250987704734
6570.1125794315	0.95705313519041
6570.1376751625	0.95966228934057
6570.1627709893	0.96107175133866
6570.187866912	0.96259432334708
6570.2129629305	0.96305224591103
6570.2380590449	0.96177533107932
6570.2631552552	0.96116149128253
6570.2882515613	0.95902200899277
6570.3133479633	0.95590544387657
6570.3384444611	0.95796409129562
6570.3635410563	0.9615943588579
6570.3886377459	0.95496877215328
6570.4137345313	0.94509693451375
6570.4388314126	0.9394434695946
6570.4639283898	0.93455373953021
6570.4890254628	0.93048081656944
6570.5141226316	0.92712014820509
6570.5392198964	0.92440939432733
6570.564317257	0.92178704888695
6570.5894147134	0.9208656326777
6570.6145122658	0.92215856842039
6570.639609914	0.92123837951884
6570.664707658	0.91820594356738
6570.6898054979	0.91492119768701
6570.7149034337	0.91083021502967
6570.7400014654	0.91026906735193
6570.7650995929	0.91306290727693
6570.7901978163	0.9131202573819
6570.8152961355	0.90951354093171
6570.8403945507	0.91157954510467
6570.8654930632	0.91925861733198
6570.89059167	0.92734911033493
6570.9156903727	0.93652580140221
6570.9407891713	0.94192650881736
6570.9658880658	0.9436997275714
6570.9909870561	0.94214812520464
6571.0160861423	0.93639967943849
6571.0411853244	0.93002995035303
6571.0662846024	0.92336566153885
6571.0913839762	0.91871219197902
6571.1164834459	0.91601216308305
6571.1415830114	0.91680484606435
6571.1666826729	0.92309423885093
6571.1917824302	0.93248813395473
6571.2168822834	0.94562653971658
6571.2419822324	0.95671155211885
6571.2670822773	0.96498967502914
6571.2921824181	0.97088864848723
6571.3172826548	0.97363741665647
6571.3423829889	0.97450086685135
6571.3674834173	0.96666608030153
6571.3925839416	0.95911694566118
6571.4176845618	0.95650195352127
6571.4427852778	0.95768941120444
6571.4678860898	0.96439279730668
6571.4929869976	0.96508920489304
6571.5180880013	0.95514069096015
6571.5431891008	0.94906914313358
6571.5682902963	0.9498912434087
6571.5933915876	0.95042378702772
6571.6184929748	0.95346532389826
6571.6435944578	0.9593720032109
6571.6686960368	0.96888128371231
6571.6937977116	0.97422786644006
6571.7188994824	0.97344132981394
6571.744001349	0.97206844498301
6571.7691033114	0.96547808909455
6571.7942053698	0.95975283017857
6571.8193075256	0.95711618402556
6571.8444097757	0.95441633591536
6571.8695121217	0.95255570907733
6571.8946145636	0.95096233343781
6571.9197171013	0.95395548175567
6571.944819735	0.95950527100721
6571.9699224645	0.96161887602069
6571.99502529	0.96175875060893
6572.0201282113	0.96054299528731
6572.0452312285	0.95819793627697
6572.0703343416	0.95469035513217
6572.0954375505	0.95229833385828
6572.1205408554	0.95483373792298
6572.1456442561	0.95634290109974
6572.1707477527	0.9553101829776
6572.1958513453	0.95441421327966
6572.2209550337	0.9458510881286
6572.246058818	0.93715659800798
6572.2711626981	0.93843791809723
6572.2962666742	0.93949667126674
6572.3213707477	0.94538493087538
6572.3464749155	0.95172379931703
6572.3715791792	0.94837091769332
6572.3966835389	0.9458832141041
6572.4217879944	0.94298385164444
6572.4468925458	0.93967421540049
6572.4719971931	0.94430049943719
6572.4971019363	0.94980642087987
6572.5222067754	0.93903658618385
6572.5473117103	0.9283821539375
6572.5724167412	0.9165092450698
6572.597521868	0.90445505514008
6572.6226270906	0.88278001497087
6572.6477324092	0.86177247091572
6572.6728378236	0.8369755808493
6572.697943334	0.80971853659708
6572.7230489402	0.78784060403127
6572.7481546423	0.76496233876435
6572.7732604403	0.7652821766337
6572.7983663358	0.76821563096823
6572.8234723256	0.78462022753652
6572.8485784113	0.80214406830407
6572.8736845929	0.82609598702563
6572.8987908704	0.85184243603264
6572.9238972438	0.87796771947958
6572.9490037131	0.90486607109221
6572.9741102783	0.9235204810305
6572.9992169394	0.94118846167202
6573.0243236964	0.94845877238848
6573.0494305493	0.95496539000505
6573.0745374982	0.95414780816999
6573.0996445429	0.94836586277067
6573.1247516835	0.95000634176462
6573.14985892	0.95594398209717
6573.1749662524	0.95292442944336
6573.2000736807	0.94706303988108
6573.2251812049	0.94776044329973
6573.250288825	0.9497223929318
6573.2753965425	0.94927277196764
6573.3005043544	0.94733884641378
6573.3256122623	0.95262068287668
6573.350720266	0.96217490657523
6573.3758283656	0.96292400953498
6573.4009365612	0.96136953793594
6573.4260448526	0.96737659538161
6573.45115324	0.97627075601336
6573.4762617232	0.98074555721307
6573.5013703024	0.98320066732062
6573.5264789774	0.98642857422037
6573.5515877484	0.98910788866228
6573.5766966153	0.98635174332946
6573.6018055781	0.97996587306393
6573.6269146368	0.96906328128695
6573.6520237914	0.9545751457438
6573.6771330419	0.94472935148216
6573.7022423883	0.93882626880252
6573.7273518307	0.94112015513283
6573.7524613689	0.94788180610383
6573.7775710046	0.94882093154539
6573.8026807346	0.94650217882869
6573.8277905606	0.94455631396668
6573.8529004825	0.94229705063978
6573.8780105003	0.94182203732385
6573.903120614	0.94487822499791
6573.9282308236	0.94529716344929
6573.9533411292	0.94358768315177
6573.9784515306	0.9400342186071
6574.003562028	0.93489637662363
6574.0286726213	0.92582195135085
6574.0537833105	0.91449850124923
6574.0788940956	0.89219931965665
6574.1040049766	0.86101035193297
6574.1291159535	0.82424356438412
6574.1542270264	0.78418261011765
6574.1793381952	0.75798439920628
6574.2044494599	0.74239234602215
6574.2295608205	0.74084239736492
6574.2546722785	0.75055850917514
6574.2797838309	0.77225975445171
6574.3048954793	0.80117149355646
6574.3300072236	0.83127884626438
6574.3551190638	0.86235475924798
6574.3802309999	0.88247470455535
6574.4053430319	0.89394555163518
6574.4304551599	0.90762849183546
6574.4555673837	0.92297702241062
6574.4806797035	0.93487015977397
6574.5057921193	0.94340934121827
6574.5309046309	0.942433633707
6574.5560172385	0.93315349780799
6574.5811299419	0.92610311979799
6574.6062427413	0.92199775368728
6574.6313556367	0.91940259738964
6574.6564686279	0.91930873048565
6574.6815817151	0.91931105771223
6574.7066948982	0.91729306045846
6574.7318081787	0.9176595853541
6574.7569215537	0.92103499642013
6574.7820350245	0.91457167601544
6574.8071485913	0.89812554496652
6574.8322622541	0.88059697674935
6574.8573760127	0.86035793708032
6574.8824898673	0.8335723961194
6574.9076038178	0.79895579244038
6574.9327178642	0.76743547712711
6574.9578320066	0.73853664359706
6574.9829462449	0.7204190908457
6575.0080605791	0.7145413239812
6575.0331750092	0.7193527973726
6575.0582895353	0.73890275362509
6575.0834041573	0.7614315482595
6575.1085188752	0.79080464860435
6575.1336336891	0.81836025105724
6575.1587485989	0.84378037003064
6575.1838636046	0.86585275346232
6575.2089787078	0.88452969921985
6575.2340939054	0.90201012054873
6575.2592091989	0.91403767015107
6575.2843245883	0.92148683402724
6575.3094400737	0.92092814617385
6575.334555655	0.92025173058387
6575.3596713323	0.91983178811373
6575.3847871054	0.92712176313064
6575.4099029746	0.94990658445912
6575.4350189396	0.96793981124775
6575.4601350006	0.9762796752932
6575.4852511575	0.97994421521547
6575.5103674104	0.97607211927246
6575.5354837592	0.97138832155432
6575.5606002039	0.96850677389653
6575.5857167446	0.9658110621648
6575.6108333812	0.96366085340443
6575.6359501137	0.9602193216574
6575.6610669422	0.9552511862274
6575.6861838666	0.95085604704763
6575.7113008885	0.94627713975992
6575.7364180048	0.94225451733157
6575.761535217	0.93686794123222
6575.7866525252	0.93164434186438
6575.8117699293	0.92632204035677
6575.8368874294	0.92201847259429
6575.8620050254	0.91999789397979
6575.8871227173	0.9173131918749
6575.9122405052	0.91361230758345
6575.937358389	0.91087365294474
6575.9624763688	0.90951263965758
6575.9875944445	0.91115611517037
6576.0127126161	0.92236763456245
6576.0378308837	0.92601893411883
6576.0629492473	0.90745037528669
6576.0880677067	0.89374189240471
6576.1131862622	0.89265789002276
6576.1383049135	0.89366516736225
6576.1634236608	0.9032713665043
6576.1885425056	0.90893608432098
6576.2136614448	0.90263598794308
6576.23878048	0.89928680372878
6576.2638996111	0.90888281120543
6576.2890188381	0.9183557094869
6576.3141381611	0.92609579403629
6576.3392575801	0.93181034114271
6576.3643770949	0.92869809393705
6576.3894967058	0.92495196129441
6576.4146164126	0.9192710463224
6576.4397362153	0.91480159021798
6576.464856114	0.91348776596857
6576.4899761086	0.90898074645402
6576.5150961992	0.89402123891878
6576.5402163858	0.88448608729538
6576.5653366682	0.89194018288408
6576.5904570467	0.89514190772698
6576.6155775211	0.88803352738153
6576.6406980914	0.88350707575138
6576.6658187592	0.88989392723534
6576.6909395215	0.89627783073852
6576.7160603797	0.89646445403159
6576.7411813338	0.89466386469347
6576.766302384	0.8936159524199
6576.79142353	0.8943020718335
6576.816544772	0.8929213356048
6576.84166611	0.89236419266536
6576.8667875439	0.89847263917974
6576.8919090738	0.90452885121583
6576.9170306997	0.90907534059216
6576.9421524215	0.91346882908491
6576.9672742392	0.91897195903038
6576.9923961529	0.92379238568931
6577.0175181626	0.9264712745377
6577.0426402682	0.92868705100652
6577.0677624698	0.92839246267494
6577.0928847674	0.92840232918703
6577.1180071609	0.92658231667521
6577.1431296503	0.92391296584954
6577.1682522373	0.91486117190266
6577.1933749187	0.9104243381525
6577.218497696	0.93286778372321
6577.2436205693	0.95196203498456
6577.2687435386	0.95239314755068
6577.2938666038	0.95212219996171
6577.318989765	0.95148454425639
6577.3441130221	0.95072956299664
6577.3692363753	0.94568879326654
6577.3943598243	0.93957116596906
6577.4194833694	0.92387533400597
6577.4446070104	0.90984417450061
6577.4697307474	0.90737755478108
6577.4948545803	0.90484683513242
6577.5199785092	0.90648245496994
6577.5451025341	0.9105169728091
6577.5702266549	0.9143625145381
6577.5953508717	0.91545282645032
6577.6204751845	0.91455615754168
6577.6455995947	0.91566111126416
6577.6707240994	0.92338773246894
6577.6958487001	0.92990229578965
6577.7209733967	0.93214637287811
6577.7460981893	0.93263740297841
6577.7712230779	0.92181300039502
6577.7963480624	0.91213164610987
6577.8214731429	0.90756116423439
6577.8465983194	0.9009019805096
6577.8717235919	0.88543586308696
6577.8968489603	0.8697489551916
6577.9219744247	0.85036577557652
6577.947099985	0.83747133121959
6577.9722256414	0.87091237187848
6577.9973513937	0.90206394224445
6578.022477242	0.91374331584791
6578.0476031862	0.92356823194497
6578.0727292264	0.91731479753696
6578.0978553626	0.91181335217926
6578.1229815963	0.9202725367968
6578.1481079245	0.92840878845607
6578.1732343486	0.92333017691638
6578.1983608687	0.9173630500288
6578.2234874848	0.92342331394084
6578.2486141968	0.93094230784648
6578.2737410048	0.92871695881966
6578.2988679088	0.92458863112066
6578.3239949088	0.91481277437567
6578.3491220047	0.90595693403585
6578.3742491967	0.91246238484231
6578.3993764846	0.92086335737297
6578.4245038685	0.92183952211105
6578.4496313483	0.92011739029484
6578.4747589242	0.9141110141877
6578.499886596	0.90844228092726
6578.5250143638	0.90486768060426
6578.5501422276	0.90200604324
6578.5752701873	0.90217211632752
6578.6003982446	0.90295459501268
6578.6255263963	0.90797953809392
6578.650654644	0.91155229131613
6578.6757829877	0.9071843490641
6578.7009114274	0.90364289086383
6578.726039963	0.90217249484213
6578.7511685947	0.8995699836308
6578.7762973223	0.88840549803792
6578.8014261459	0.87994667003166
6578.8265550655	0.89118932147936
6578.8516840811	0.90020989271479
6578.8768131926	0.89368428641155
6578.9019424002	0.89032062926239
6578.9270717037	0.90791397222568
6578.9522011032	0.92351905289061
6578.9773305987	0.92610680548825
6579.0024601902	0.92600952101491
6579.0275898777	0.90651332180581
6579.0527196611	0.88908784752276
6579.0778495406	0.88925584157158
6579.1029795175	0.88931900627575
6579.1281095889	0.88765315088298
6579.1532397564	0.88653826786846
6579.1783700198	0.89520095537373
6579.2035003792	0.90304623238446
6579.2286308345	0.89996252073648
6579.2537613859	0.89648072666585
6579.2788920333	0.8930275995588
6579.3040227766	0.89114538297723
6579.329153616	0.89357682731051
6579.3542845513	0.89558893645265
6579.3794155826	0.89700766303854
6579.40454671	0.89915970979905
6579.4296779333	0.9050350339374
6579.4548092526	0.91251074770078
6579.4799406679	0.92860167934419
6579.5050721792	0.93886408844554
6579.5302037865	0.91504728323972
6579.5553354898	0.89466585029755
6579.5804672906	0.89848258066435
6579.6055991858	0.90349511082725
6579.6307311771	0.90877875227712
6579.6558632644	0.91188260259141
6579.6809954476	0.90483979143291
6579.7061277269	0.89838470340409
6579.7312601022	0.89627859547226
6579.7563925734	0.8963186845683
6579.7815251407	0.90773038923494
6579.8066578039	0.91578144408096
6579.8317905632	0.9089833820908
6579.8569234184	0.90345866033758
6579.8820563697	0.90149455306546
6579.9071894169	0.8993470242961
6579.9323225602	0.89886482391959
6579.9574557994	0.8983708109662
6579.9825891347	0.89631755135908
6580.0077225659	0.89465958371009
6580.0328560932	0.89362865251253
6580.0579897179	0.88860151256537
6580.0831234372	0.86877539960016
6580.1082572525	0.85137800594173
6580.1333911637	0.84338202375767
6580.158525171	0.83550859950475
6580.1836592743	0.8310573132405
6580.2087934735	0.82946429723209
6580.2339277688	0.83213228809952
6580.2590621601	0.83555643418181
6580.2841966474	0.84647239934011
6580.3093312307	0.85721620183538
6580.33446591	0.86603230605694
6580.3596006853	0.87556670833635
6580.3847355566	0.88500667072363
6580.4098705239	0.89388459030182
6580.4350055873	0.90425725925419
6580.4601407466	0.91149699286726
6580.485276002	0.90847375924066
6580.5104113533	0.9073066289308
6580.5355468007	0.90907064851006
6580.5606823456	0.90898250202658
6580.585817985	0.90723139711402
6580.6109537203	0.90609637418489
6580.6360895518	0.90333965097535
6580.6612254792	0.89819122184119
6580.6863615026	0.88887988691752
6580.711497622	0.87900133093777
6580.7366338375	0.86716616261582
6580.7617701489	0.85638853844492
6580.7869065564	0.84844005390815
6580.8120430599	0.84481391072616
6580.8371796594	0.85222579423428
6580.8623163549	0.85761127503936
6580.8874531465	0.85684187647633
6580.912590034	0.85073862239241
6580.9377270176	0.83275635208461
6580.9628640971	0.81859360203498
6580.9880012727	0.81440199371117
6581.0131385443	0.81011610637205
6581.0382759135	0.80494689223984
6581.0634133771	0.79280597035494
6581.0885509368	0.76471564198646
6581.1136885924	0.74517817842754
6581.1388263441	0.74748720138626
6581.1639641918	0.7473416321796
6581.1891021356	0.73779200274103
6581.2142401753	0.7372712109932
6581.2393783111	0.75487095854571
6581.2645165429	0.77657059633278
6581.2896548707	0.80604196097752
6581.3147932945	0.83111569570384
6581.3399318143	0.84995638849069
6581.3650704302	0.86619167227988
6581.3902091421	0.87520046746551
6581.41534795	0.87653732120887
6581.4404868539	0.86622534946761
6581.4656258539	0.86172248424916
6581.4907649499	0.86661700998882
6581.5159041434	0.87421565323725
6581.5410434314	0.88946778498083
6581.5661828155	0.90170856377843
6581.5913222955	0.90280605375898
6581.6164618716	0.89345799244965
6581.6416015438	0.8739775629747
6581.6667413119	0.86477205843131
6581.6918811761	0.86685500808407
6581.7170211363	0.87198654341136
6581.7421611925	0.88339804206186
6581.7673013448	0.88788920881002
6581.7924415931	0.8841554961823
6581.8175819374	0.88497753825602
6581.8427223777	0.88990802882956
6581.8678629141	0.89212436733535
6581.8930035465	0.89214637531259
6581.9181442749	0.8906559236444
6581.9432850993	0.88516237254782
6581.9684260198	0.87675258349455
6581.9935670363	0.86773922520355
6582.0187081504	0.85803541688974
6582.043849359	0.84645469086258
6582.0689906636	0.83921386516884
6582.0941320642	0.83945722059761
6582.1192735609	0.84231416717989
6582.1444151536	0.84539301807889
6582.1695568423	0.85106181026044
6582.1946986271	0.8596030400552
6582.2198405079	0.86514449463481
6582.2449824848	0.86747516714966
6582.2701245576	0.87486566675364
6582.2952667265	0.88644477140369
6582.3204089915	0.88603119260713
6582.3455513525	0.87507838769289
6582.3706938095	0.87194954083696
6582.3958363625	0.875517619681
6582.4209790116	0.87936083570076
6582.4461217567	0.88821348070626
6582.4712645979	0.88272067787647
6582.4964075366	0.87645382516201
6582.5215505698	0.87230357297244
6582.5466936991	0.86597409720381
6582.5718369244	0.8655969497955
6582.5969802458	0.8679481887687
6582.6221236632	0.87139060582269
6582.6472671766	0.86747436080675
6582.6724107861	0.86915305131105
6582.6975544916	0.87535142145413
6582.7226982931	0.86942767046014
6582.7478421907	0.86727810962299
6582.7729861844	0.85539687579319
6582.798130274	0.84041200470449
6582.8232744598	0.84920471829851
6582.8484187415	0.87296780304876
6582.8735631193	0.87969697968555
6582.8987075932	0.87384545581558
6582.9238521631	0.8664422781422
6582.948996829	0.85752455106488
6582.9741415925	0.85466612445999
6582.9992864505	0.85933148856001
6583.0244314046	0.86052535838616
6583.0495764547	0.85924011442247
6583.0747216009	0.85774174179521
6583.0998668431	0.85784539623438
6583.1250121814	0.86215455665247
6583.1501576157	0.86022916189627
6583.175303146	0.86636713527201
6583.2004487724	0.87501706348687
6583.2255944949	0.87436245372423
6583.2507403134	0.87126185727896
6583.2758862279	0.87242105100485
6583.3010322385	0.87395471160773
6583.3261783451	0.87481654849497
