6546.1549421542	0.7607009871716
6546.1799463746	0.73245087444979
6546.2049506906	0.71850608745419
6546.2299551021	0.71033226276146
6546.254959609	0.72972872490432
6546.2799642115	0.75576730499793
6546.3049689095	0.79480379632715
6546.329973703	0.8360910518158
6546.354978592	0.87049337509825
6546.3799835781	0.90233798241871
6546.4049886581	0.92845842616484
6546.4299938336	0.95480944020081
6546.4549991047	0.97644370459604
6546.4800044713	0.99334883104159
6546.5050099333	1.0022225222244
6546.5300154909	1.0093559474691
6546.5550211441	1.0133729870493
6546.5800268927	1.0163645054172
6546.6050327368	1.0194497613893
6546.6300386765	1.0229014223157
6546.6550447116	1.0253119042101
6546.6800508423	1.0262625484263
6546.7050570685	1.0267900526457
6546.7300633902	1.0230630100254
6546.7550698074	1.0181421321754
6546.7800763202	1.0190894739379
6546.8050829284	1.0197223736592
6546.8300896322	1.0085282765564
6546.855096433	0.99940558165708
6546.8801033278	0.99890870348228
6546.9051103182	1.0003099307437
6546.930117404	1.0009197603816
6546.9551245854	1.0026715536025
6546.9801318623	1.0058868140023
6547.0051392347	1.0075455178596
6547.0301467026	1.0062938399493
6547.0551542661	1.0084292082035
6547.0801619251	1.0131546044178
6547.1051696795	1.0069767690406
6547.1301775296	0.99801230122075
6547.1551854751	0.99359797149236
6547.1801935161	0.99044092384631
6547.2052016527	0.98437976584809
6547.2302098848	0.97826323848025
6547.2552182125	0.97228839793472
6547.2802266356	0.96999747747301
6547.3052351543	0.97514856534121
6547.33024377	0.97901244655879
6547.3552524797	0.98009856220596
6547.380261285	0.98130437519596
6547.4052701857	0.98357024105171
6547.4302791821	0.98243883821318
6547.4552882739	0.97744330618092
6547.4802974612	0.97158157801094
6547.5053067441	0.96567864315461
6547.5303161225	0.96157550799181
6547.5553255965	0.95760820416997
6547.5803351659	0.95823347353858
6547.6053448309	0.95936476943902
6547.6303545914	0.96490574760063
6547.6553644475	0.96846168382246
6547.6803743991	0.96525235634024
6547.7053844462	0.96220894164417
6547.7303945888	0.95907439006324
6547.755404827	0.95498543926257
6547.7804151607	0.95289761447419
6547.80542559	0.95150720725873
6547.8304361162	0.95121512855116
6547.8554467365	0.95692969783135
6547.8804574524	0.96529619520442
6547.9054682637	0.96987614913034
6547.9304791706	0.97322888372273
6547.9554901731	0.97010943170806
6547.980501271	0.96576375661008
6548.0055124645	0.96199224780078
6548.0305237536	0.9580939187242
6548.0555351381	0.95000317844392
6548.0805466182	0.94220097749189
6548.1055581939	0.93629755258946
6548.1305698651	0.93584455412631
6548.1555816318	0.94196718260501
6548.180593494	0.95204778215336
6548.2056054518	0.965505723558
6548.2306175051	0.97612731073965
6548.255629654	0.98539703747353
6548.2806418984	0.99197100048368
6548.3056542399	0.99824294163463
6548.3306666753	1.0045728069897
6548.3556792064	1.0090613161858
6548.3806918329	1.0134717081017
6548.405704555	1.0163941468065
6548.4307173727	1.0151634979936
6548.4557302859	1.0132622834809
6548.4807432946	1.0121519669087
6548.5057563988	1.0129025558536
6548.5307695986	1.0146575858206
6548.555782894	1.0149885644299
6548.5807962849	1.0152539884241
6548.6058097713	1.0148440527713
6548.6308233533	1.0130424628125
6548.6558370308	1.0099347327177
6548.6808508039	1.0065758608845
6548.7058646725	1.0081408431033
6548.7308786367	1.0116352663875
6548.7558926964	1.0145414722466
6548.7809068531	1.0180800226904
6548.8059211039	1.0164521541969
6548.8309354503	1.0158250058715
6548.8559498922	1.018124255375
6548.8809644296	1.0188243880066
6548.9059790626	1.0180703949984
6548.9309937911	1.0162149496467
6548.9560086152	1.0120378318481
6548.9810235348	1.0025396744558
6549.00603855	0.9877752011366
6549.0310536607	0.98301668497978
6549.056068867	0.9806270240492
6549.0810841688	0.98592678960625
6549.1060995662	0.99142764673136
6549.1311150591	1.0005865115475
6549.1561306476	1.0109904903463
6549.1811463316	1.0182001373675
6549.2061621112	1.023425296259
6549.2311779863	1.0179904998609
6549.256193957	1.0150763761933
6549.2812100248	1.0126982968064
6549.3062261866	1.0104715183337
6549.3312424439	1.0090381061263
6549.3562587968	1.0083083473398
6549.3812752453	1.0081717731371
6549.4062917893	1.0081313212077
6549.4313084288	1.0086644345007
6549.456325164	1.0067866631594
6549.4813419946	1.0041064457416
6549.5063589209	1.0059669030305
6549.5313759427	1.0085606265539
6549.55639306	1.0096146548698
6549.5814102729	1.0093883800865
6549.6064275814	1.0076114962273
6549.6314449854	1.006751732451
6549.656462485	1.0063690634583
6549.6814800801	1.0083390061832
6549.7064977708	1.0149473083384
6549.7315155571	1.0187271100054
6549.7565334404	1.0198984554867
6549.7815514178	1.0242501512974
6549.8065694907	1.0286446923517
6549.8315876592	1.0323377333357
6549.8566059233	1.0346172136291
6549.8816242829	1.0310040817252
6549.9066427381	1.0261173082671
6549.9316612888	1.0155029004061
6549.9566799351	1.0061747286378
6549.981698677	1.0031685184914
6550.0067175144	1.0015274473114
6550.0317364474	0.99987085670068
6550.056755476	0.99852424634764
6550.0817746001	0.99719366827326
6550.1067938198	0.99404588850085
6550.1318131351	0.98844062324574
6550.1568325459	0.97942912948235
6550.1818520523	0.96928735365605
6550.2068716543	0.96802115263033
6550.2318913533	0.96910525871584
6550.2569111464	0.97124607226363
6550.281931035	0.97386061318492
6550.3069510193	0.97811225047659
6550.3319710991	0.98240223531396
6550.3569912744	0.98879729909463
6550.3820115454	0.99444779679333
6550.4070319119	0.99820084674654
6550.4320523739	1.0006060392279
6550.4570729316	1.0021239975922
6550.4820935848	1.0044531221431
6550.5071143336	1.0067321014865
6550.5321351779	1.0076402293712
6550.5571561179	1.0082094956702
6550.5821771534	1.0109008414166
6550.6071982844	1.0130035036975
6550.6322195111	1.0110689369901
6550.6572408333	1.0103650633542
6550.6822622511	1.0101722053624
6550.707283766	1.0078806560526
6550.7323053749	1.0011618321188
6550.7573270794	0.99617800769072
6550.7823488795	0.9948645128012
6550.8073707752	0.99019179771887
6550.8323927664	0.98181835123645
6550.8574148532	0.97609262664592
6550.8824370356	0.97399705520546
6550.9074593136	0.97709969964117
6550.9324816871	0.98161537589811
6550.9575041562	0.99141795883935
6550.9825267209	1.0041686780747
6551.0075493812	1.0127067294658
6551.0325721371	1.0188375090134
6551.0575949885	1.0203963803445
6551.0826179355	1.0212484496731
6551.1076409781	1.0192406911393
6551.1326641163	1.0175008686562
6551.1576873501	1.016808287629
6551.1827106794	1.0160201002532
6551.2077341058	1.0145779625725
6551.2327576263	1.0104421770301
6551.2577812424	1.0037394683176
6551.2828049541	0.99702249566289
6551.3078287613	0.99048339240917
6551.3328526641	0.98498176681168
6551.3578766626	0.97956510866302
6551.3829007566	0.97618111799052
6551.4079249461	0.97372859050263
6551.4329492313	0.97900765970061
6551.457973612	0.98191604455701
6551.4829980884	0.97546191615601
6551.5080226603	0.96696954238887
6551.5330473278	0.9536974652998
6551.5580720909	0.94042643995102
6551.5830969496	0.92673020948528
6551.6081219038	0.91855718617148
6551.6331469537	0.91436060899473
6551.6581720991	0.91476872836997
6551.6831973417	0.91753120882669
6551.7082226783	0.93090241916548
6551.7332481105	0.94649380848593
6551.7582736383	0.95957218098505
6551.7832992617	0.97241334298443
6551.8083249807	0.98300140879289
6551.8333507952	0.99368704127008
6551.8583767054	1.0018870816963
6551.8834027111	1.008123752534
6551.9084288125	1.008786156894
6551.9334550094	1.0104898216466
6551.9584813019	1.0122934320008
6551.98350769	1.0114689053329
6552.0085341737	1.0092465648369
6552.033560753	1.006906146887
6552.0585874279	1.0045705593859
6552.0836141984	1.0043754942793
6552.1086410645	1.0044811642283
6552.1336680262	1.0023432036698
6552.1586950849	1.0016606964826
6552.1837222378	1.005468713856
6552.2087494863	1.0084212043057
6552.2337768303	1.0082596674157
6552.25880427	1.0090324824371
6552.2838318052	1.0102906839672
6552.3088594361	1.0071934685005
6552.3338871625	0.99972707608779
6552.3589149846	0.99691984366099
6552.3839429022	0.99580704104995
6552.4089709155	0.99638299918552
6552.4339990243	0.99637771196148
6552.4590272287	0.99526665784754
6552.4840555288	0.99423970336136
6552.5090839244	0.98855326041114
6552.5341124157	0.98344795171904
6552.5591410025	0.98182557776417
6552.5841696849	0.97921045197717
6552.609198463	0.97324519419662
6552.6342273366	0.97082354555017
6552.6592563074	0.9748568391392
6552.6842853722	0.97927318783469
6552.7093145327	0.98351318921362
6552.7343437888	0.98885584953387
6552.7593731404	0.99532756939279
6552.7844025877	1.002469057581
6552.8094321305	1.0101186481522
6552.834461769	1.0091833429135
6552.8594915031	1.007597629494
6552.8845213328	1.0076682336418
6552.9095512581	1.0061094748261
6552.934581279	1.0024890882192
6552.9596113955	0.99780389705303
6552.9846416076	0.98685991089775
6553.0096719153	0.9781511441799
6553.0347023186	0.97088534393418
6553.0597328176	0.9685221756547
6553.0847634121	0.96620420635792
6553.1097941023	0.97072109688014
6553.1348248895	0.97877024453173
6553.1598557709	0.98344967514294
6553.1848867479	0.98916465896669
6553.2099178205	0.99097258351783
6553.2349489887	0.99293925804329
6553.2599802525	0.99308099117565
6553.2850116119	0.99503491685615
6553.3100430669	0.99902613889487
6553.3350746176	1.0038024053513
6553.3601062639	1.0089762389339
6553.3851380057	1.0086523669302
6553.4101698432	1.0029302815245
6553.4352017763	1.0008585426909
6553.460233805	1.0018113964334
6553.4852659294	1.0042227544036
6553.5102981493	1.0058049119539
6553.5353304649	1.0081801939146
6553.560362876	1.0110364817177
6553.5853953828	1.0132334064326
6553.6104279867	1.0148942052497
6553.6354606848	1.0134527995345
6553.6604934784	1.0113768049264
6553.6855263677	1.0075015559118
6553.7105593525	1.0069632025092
6553.735592433	1.0118853340632
6553.7606256091	1.0168840318429
6553.7856588809	1.0213286072297
6553.8106922482	1.0225283189041
6553.8357257112	1.0225867481889
6553.8607592698	1.0224415907501
6553.885792924	1.0192355559938
6553.9108266738	1.0142521350831
6553.9358605193	1.0099482504131
6553.9608944603	1.0098502946323
6553.985928497	1.0074663513027
6554.0109626293	0.99739044697645
6554.0359968573	0.9845874080647
6554.0610311808	0.96851129274048
6554.0860656	0.95002648978722
6554.1111001163	0.92945039269605
6554.1361347268	0.90519523805556
6554.1611694328	0.87885801963666
6554.1862042345	0.87030192312577
6554.2112391318	0.86389532263498
6554.2362741247	0.87652825436297
6554.2613092133	0.89075114028479
6554.2863443975	0.91169813924844
6554.3113796773	0.93257010501599
6554.3364150527	0.95344664032539
6554.3614505238	0.97115541205094
6554.3864860905	0.98319072631052
6554.4115217528	0.99159317161034
6554.4365575107	0.99628770967702
6554.4615933643	1.0007887905703
6554.4866293135	1.0063747318102
6554.5116653583	1.010528072833
6554.5367014988	1.0137804163329
6554.5617377349	1.0116728480062
6554.5867740681	1.0092458589658
6554.6118104955	1.0098734082898
6554.6368470184	1.0099070916787
6554.6618836371	1.0054483787565
6554.6869203513	0.99870025750781
6554.7119571612	0.99180860905808
6554.7369940667	0.98934995610807
6554.7620310678	0.99167031610552
6554.7870681646	0.99164748199665
6554.812105357	0.98938635846967
6554.8371426451	0.98662449350225
6554.8621800288	0.98494739146085
6554.8872175081	0.99270059906043
6554.912255083	1.00248949459
6554.9372927536	1.0066209250774
6554.9623305198	1.0091294985788
6554.9873683817	1.009336570948
6555.0124063392	1.0075055527539
6555.0374443923	0.99920552601943
6555.0624825426	0.99180364426161
6555.087520787	0.98512505966068
6555.112559127	0.98245917971132
6555.1375975627	0.98478935333265
6555.162636094	0.98791531097773
6555.187674721	0.99003993823608
6555.2127134436	0.99110434428372
6555.2377522619	0.99240077215894
6555.2627911757	0.98663935303264
6555.2878301853	0.97869482815521
6555.3128692904	0.96166762585257
6555.3379084912	0.94500318889377
6555.3629477877	0.92786225428164
6555.3879871798	0.91312895738194
6555.4130266675	0.90169405490101
6555.4380662509	0.89570308380723
6555.4631059299	0.89409769021697
6555.4881457045	0.90375850106902
6555.5131855748	0.91798037480729
6555.5382255423	0.93299321325427
6555.5632656039	0.94915583447554
6555.5883057611	0.96263027029052
6555.613346014	0.97448544979686
6555.6383863625	0.98497175519033
6555.6634268067	0.99236440467292
6555.6884673465	0.98908505367843
6555.713507982	0.98466819091222
6555.7385487131	0.97812421942383
6555.7635895399	0.9759843043776
6555.7886304623	0.97807763037163
6555.8136714804	0.97821044374168
6555.8387125941	0.97732942048325
6555.8637538034	0.97150197195651
6555.8887951084	0.96226768871196
6555.9138365091	0.9466928785998
6555.9388780054	0.93145268514923
6555.9639195974	0.90669930941648
6555.988961285	0.88326092128963
6556.0140030682	0.86786556076521
6556.0390449486	0.86013125689111
6556.0640869232	0.8655676051349
6556.0891289934	0.87954540403676
6556.1141711593	0.90295908479153
6556.1392134208	0.9317208281323
6556.164255778	0.96191749159572
6556.1892982308	0.98036950330008
6556.2143407793	0.99482982913409
6556.2393834234	1.004584553702
6556.2644261632	1.0121459143676
6556.2894689987	1.0093776157008
6556.3145119298	1.0079669171765
6556.3395549565	1.0113519081993
6556.364598079	1.0142667919427
6556.389641297	1.0161054843558
6556.4146846108	1.0183598608343
6556.4397280201	1.0207146720159
6556.4647715252	1.0205040061913
6556.4898151259	1.0194872869153
6556.5148588238	1.0197093532445
6556.5399026158	1.0186219803307
6556.5649465035	1.0145956966696
6556.5899904868	1.0104610960535
6556.6150345658	1.0017890429631
6556.6400787405	0.99124620333445
6556.6651230108	0.97389182934551
6556.6901673768	0.95882967319427
6556.7152118384	0.94762581804757
6556.7402563957	0.94030532893291
6556.7653010487	0.93566568140864
6556.7903457973	0.94127253610136
6556.8153906416	0.95337253518288
6556.8404355816	0.96478112932237
6556.8654806172	0.97588295330536
6556.8905257485	0.9888403411707
6556.9155709754	0.99970971955895
6556.940616298	1.0050066051733
6556.9656617163	1.0093842256632
6556.9907072318	1.0086661305924
6557.0157528414	1.0067535309637
6557.0407985466	1.0031017076184
6557.0658443476	1.0022682151825
6557.0908902442	1.0034937920018
6557.1159362365	1.0049031704537
6557.1409823244	1.0069532116292
6557.166028508	1.0085064518913
6557.1910747873	1.0088474766679
6557.2161211622	1.0071586661909
6557.2411676329	1.0060912917408
6557.2662141992	1.0080017722959
6557.2912608611	1.0087910191356
6557.3163076187	1.0061728322134
6557.341354472	1.0054615929434
6557.366401421	1.0080084148417
6557.3914484656	1.0085805042516
6557.416495606	1.0051840705329
6557.4415428419	1.0052184989542
6557.4665901736	1.007002215875
6557.4916376024	1.0017883496622
6557.5166851254	0.99504988685366
6557.5417327441	0.99309033043883
6557.5667804585	0.9906187127519
6557.5918282685	0.98862724761916
6557.6168761742	0.98665655725689
6557.6419241756	0.98999193540757
6557.6669722726	0.9933404303712
6557.6920204653	0.99683294054246
6557.7170687538	0.99654857661735
6557.7421171378	0.99378329296316
6557.7671656176	0.99151764553462
6557.792214193	0.98993005008597
6557.8172628641	0.99299291760633
6557.8423116309	0.99814176341378
6557.8673604934	0.99510441854508
6557.8924094515	0.99132703317295
6557.9174585053	0.98657061780849
6557.9425076549	0.97972380520865
6557.9675569015	0.96790027493275
6557.9926062424	0.96135213074904
6558.017655679	0.96071076723028
6558.0427052112	0.95960444187258
6558.0677548391	0.95838537434617
6558.0928045627	0.95241672059411
6558.1178543819	0.94414352279855
6558.1429042969	0.94442850488186
6558.1679543075	0.9470392557289
6558.1930044138	0.95956546168772
6558.2180546158	0.97104695778326
6558.2431049135	0.98053389821836
6558.2681553069	0.98983031015151
6558.2932057959	0.99633600754074
6558.3182563807	1.0028278402657
6558.3433070611	1.0106907677761
6558.3683578372	1.0174190222756
6558.393408709	1.0212118062222
6558.4184596765	1.0196359662335
6558.4435107412	1.0140774694203
6558.4685619	1.0055150286113
6558.4936131546	0.99718549409194
6558.5186645048	0.98900293206467
6558.5437159507	0.98357686043915
6558.5687674923	0.98756273646706
6558.5938191296	0.99120301167266
6558.6188708626	0.99572168647688
6558.6439226913	0.99916447176691
6558.6689746156	1.0030229623687
6558.6940266357	1.0039006314659
6558.7190787514	1.0016818117675
6558.7441309629	0.9960474418268
6558.76918327	0.99044854402332
6558.7942356728	0.9894718137655
6558.8192881713	0.9888867717783
6558.8443407655	0.98878237113749
6558.8693934554	0.98901253051483
6558.894446241	0.99418376386544
6558.9194991238	0.99947263822192
6558.9445521008	1.0031587917966
6558.9696051735	1.005410384548
6558.9946583418	1.0068104412006
6559.0197116059	1.0086978067222
6559.0447649657	1.0114485935612
6559.0698184211	1.0110065620133
6559.0948719722	1.0094212137325
6559.1199256191	1.0116507679756
6559.1449793616	1.013939285377
6559.1700331999	1.0130251470443
6559.1950871338	1.0128983789997
6559.2201411635	1.015059260669
6559.2451952888	1.0160278637891
6559.2702495098	1.0165384634247
6559.2953038266	1.0154298848618
6559.320358239	1.0125502192077
6559.3454127471	1.0064651496552
6559.370467351	0.99963992088708
6559.3955220505	0.98946277044872
6559.4205768472	0.97791134334277
6559.4456317382	0.95396197593115
6559.4706867248	0.93099845994079
6559.4957418071	0.9116170377846
6559.5207969852	0.89817619924128
6559.5458522589	0.89750083364956
6559.5709076284	0.90194995281697
6559.5959630935	0.91099490901109
6559.6210186544	0.92250126894688
6559.6460743109	0.93637131495607
6559.6711300632	0.94850052361396
6559.6961859112	0.95995146404403
6559.7212418548	0.97079744333817
6559.7462978942	0.98008955510804
6559.7713540293	0.98221140559274
6559.7964102601	0.9868447172105
6559.8214665866	0.99537350893637
6559.8465230088	1.0025942640537
6559.8715795267	1.0094442061506
6559.8966361418	1.0125512986145
6559.9216928512	1.0112058213327
6559.9467496562	1.0101234897735
6559.971806557	1.0101747590474
6559.9968635534	1.0091259570224
6560.0219206456	1.007100647594
6560.0469778335	1.0039291431286
6560.072035117	1.000568523674
6560.0970924963	0.99576071561992
6560.1221499713	0.99074781291967
6560.1472075421	0.9845022904935
6560.1722652085	0.97794616078033
6560.1973229706	0.97059814190317
6560.2223808285	0.96767016705103
6560.2474387821	0.96759066012695
6560.2724968313	0.97146650948676
6560.2975549764	0.9763046653671
6560.3226132171	0.97914320940331
6560.3476715535	0.98179762235102
6560.3727299871	0.97714903367289
6560.397788515	0.97097006160889
6560.4228471386	0.96015260028254
6560.4479058579	0.9480705984534
6560.4729646729	0.93401382441869
6560.4980235836	0.92231583163599
6560.52308259	0.91318388016326
6560.5481416922	0.90854029597893
6560.57320089	0.90482338104881
6560.5982601836	0.912008580975
6560.6233195729	0.92284770374637
6560.648379058	0.93371846788379
6560.6734386387	0.94373368518044
6560.6984983152	0.95208477460137
6560.7235580874	0.96003521878237
6560.7486179553	0.97017049019038
6560.7736779189	0.97946870774465
6560.7987379782	0.98609495570179
6560.8237981333	0.98943999030697
6560.8488583841	0.99161344545766
6560.8739187321	0.98945214749458
6560.8989791744	0.9852983050272
6560.9240397123	0.98696280299185
6560.949100346	0.98685306667254
6560.9741610754	0.98424824207793
6560.9992219005	0.98243143447605
6561.0242828214	0.98350198132991
6561.049343838	0.9856892270111
6561.0744049503	0.98873788849948
6561.0994661583	0.98941673517777
6561.1245274621	0.98743981152696
6561.1495888616	0.9852963167872
6561.1746503568	0.98395023511133
6561.1997119477	0.98176981925257
6561.2247736344	0.97900249212902
6561.2498354167	0.97939254834393
6561.2748972949	0.98179744121896
6561.2999592687	0.98710409942914
6561.3250213383	0.98956331389241
6561.3500835051	0.98762536187949
6561.3751457661	0.98731104048651
6561.4002081229	0.98850925536734
6561.4252705754	0.98715181865744
6561.4503331236	0.98510808864515
6561.4753957676	0.9823863778749
6561.5004585073	0.97840978364391
6561.5255213427	0.97734230545377
6561.5505842738	0.97574057584004
6561.5756473007	0.97438702281518
6561.6007104233	0.9728021618941
6561.6257736417	0.97232492985138
6561.6508369558	0.97090808774118
6561.6759003656	0.96815343934319
6561.7009638711	0.96544003937739
6561.7260274724	0.96193713964944
6561.7510911694	0.95466338988758
6561.7761549622	0.94511294880385
6561.8012188507	0.93955777316258
6561.8262828364	0.93417610792295
6561.8513469164	0.92819086749472
6561.8764110921	0.92289885257999
6561.9014753635	0.91587834820258
6561.9265397307	0.90923364401242
6561.9516041936	0.9024301629101
6561.9766687522	0.89296971689035
6562.0017334066	0.88137951922054
6562.0267981568	0.86902307319116
6562.0518630026	0.85769601413921
6562.0769279442	0.84506776538119
6562.1019929816	0.83233453825582
6562.1270581147	0.81965928310231
6562.1521233435	0.80616010920209
6562.1771886681	0.79079489391919
6562.2022540884	0.77619105367848
6562.2273196044	0.76234378959013
6562.2523852162	0.7487975641062
6562.2774509238	0.73544629573331
6562.3025167271	0.72427179612641
6562.3275826276	0.71428923541755
6562.3526486224	0.70890597700428
6562.3777147129	0.70492215467015
6562.4027808991	0.69821599625775
6562.4278471811	0.6907817711137
6562.4529135589	0.68653088828649
6562.4779800324	0.68302906347672
6562.5030466016	0.67904200328839
6562.5281132666	0.67550134572101
6562.5531800273	0.6716819223859
6562.5782468838	0.66882798185353
6562.603313836	0.66713620460325
6562.628380884	0.66543540427898
6562.6534480277	0.6636980256471
6562.6785152672	0.66353909430883
6562.7035826024	0.66312655154309
6562.7286500334	0.66202823967839
6562.7537175601	0.66219027648185
6562.7787851826	0.66295129598058
6562.8038529023	0.66314297290692
6562.8289207163	0.66324594985203
6562.853988626	0.66316714536002
6562.8790566315	0.66300336529843
6562.9041247327	0.66434576050082
6562.9291929296	0.66559018195373
6562.9542612224	0.66677216848411
6562.9793296109	0.66753853126576
6563.0043980951	0.66765274294384
6563.0294666751	0.66908233032241
6563.0545353508	0.67409482037265
6563.0796041223	0.67841740741668
6563.1046729896	0.68034165343968
6563.1297419526	0.68286927837417
6563.1548110113	0.68687650013631
6563.1798801658	0.69212721063138
6563.2049494161	0.69787239898028
6563.2300187621	0.70265683150607
6563.2550882039	0.70602438217173
6563.280157743	0.71041905136133
6563.3052273763	0.71517826171273
6563.3302971053	0.71968346763936
6563.3553669302	0.72565034507907
6563.3804368507	0.73459939965804
6563.4055068671	0.74807056265209
6563.4305769792	0.7650882527218
6563.455647187	0.7817095320085
6563.4807174906	0.79784401966489
6563.50578789	0.81578525434923
6563.5308583851	0.83370889057889
6563.555928976	0.84665974946778
6563.5809996627	0.85939524202491
6563.6060704451	0.87244273760591
6563.6311413233	0.88413544897736
6563.6562122973	0.89378803788604
6563.681283367	0.90269487914728
6563.7063545324	0.90949633469126
6563.7314257937	0.91504081718854
6563.7564971522	0.91999246085766
6563.7815686049	0.92546106767765
6563.8066401535	0.93195443280376
6563.8317117978	0.93046245523037
6563.8567835378	0.92764299927106
6563.8818553737	0.92135102209971
6563.9069273052	0.91556142377036
6563.9319993326	0.90996751826373
6563.9570714557	0.90508594840156
6563.9821436746	0.90105264538065
6564.0072159893	0.90050253632781
6564.0322883997	0.90178148140697
6564.0573609059	0.90768446650326
6564.0824335079	0.91555683856016
6564.1075062056	0.92273370549687
6564.1325789991	0.92876923861659
6564.1576518884	0.93364698301895
6564.1827248735	0.93865513943105
6564.2077979543	0.94367503383703
6564.2328711309	0.94786542193294
6564.2579444047	0.95124316290611
6564.2830177729	0.95512194612991
6564.3080912368	0.95881906770769
6564.3331647965	0.96225585552058
6564.3582384519	0.96629250895563
6564.3833122031	0.96773647707811
6564.4083860501	0.96824513783773
6564.4334599929	0.96630525790974
6564.4585340315	0.96648684983064
6564.4836081658	0.97020114652872
6564.5086823959	0.96882778529446
6564.5337567218	0.96178979451106
6564.5588311434	0.95805816557356
6564.5839056608	0.95615903899523
6564.608980274	0.9557305621996
6564.634054983	0.95398083529304
6564.6591297878	0.95542460508925
6564.6842046883	0.95742372858138
6564.7092796846	0.96417696451259
6564.7343547782	0.97051318640746
6564.7594299661	0.97461593352153
6564.7845052497	0.97605386712693
6564.8095806292	0.97403414724344
6564.8346561044	0.97244348324524
6564.8597316753	0.97229314130665
6564.8848073421	0.96970029494475
6564.9098831047	0.96636231134154
6564.934958963	0.96571668599996
6564.9600349171	0.96634655753236
6564.985110967	0.97132511022656
6565.0101871127	0.97404106907978
6565.0352633541	0.97220799584407
6565.0603396914	0.972237411692
6565.0854161244	0.97456063324465
6565.1104926532	0.97636165501152
6565.1355692778	0.97732381712287
6565.1606459982	0.97547947502172
6565.1857228144	0.9743777662634
6565.2107997278	0.97253072915889
6565.2358767356	0.9689465265547
6565.2609538391	0.96287704032451
6565.2860310384	0.95842819166062
6565.3111083335	0.95580365393286
6565.3361857244	0.953607905331
6565.361263211	0.95245303605819
6565.3863407935	0.94698383087358
6565.4114184717	0.93943457929817
6565.4364962458	0.93396716286209
6565.4615741156	0.92622470070938
6565.4866520812	0.92484647492996
6565.5117301426	0.92406729113051
6565.5368082998	0.92683481210895
6565.5618865528	0.93102384632945
6565.5869649016	0.93813956802221
6565.6120433461	0.94814633575336
6565.6371218865	0.9606874966956
6565.6622005227	0.97105653664218
6565.6872792546	0.97906775794233
6565.7123580838	0.97691609992555
6565.7374370074	0.97388102445516
6565.7625160267	0.96655538652417
6565.7875951418	0.96138074662949
6565.8126743527	0.96708384479923
6565.8377536594	0.97002104998407
6565.8628330619	0.96506872493202
6565.8879125602	0.96319425686155
6565.9129921543	0.96503723724533
6565.9380718442	0.96936982871594
6565.9631516299	0.97342381955557
6565.9882315114	0.97595768625084
6566.0133114886	0.97894733740478
6566.0383915617	0.98347929586585
6566.0634717306	0.98601807683097
6566.0885519953	0.982660256442
6566.1136323557	0.97857049629534
6566.138712812	0.97366296898729
6566.1637933641	0.97618150831518
6566.1888740134	0.98506339916221
6566.2139547571	0.99063971927081
6566.2390355966	0.99489123816505
6566.2641165319	0.99242391528592
6566.2891975629	0.98841896737173
6566.3142786898	0.98578512644777
6566.3393599125	0.98490863434832
6566.3644412309	0.98941527649092
6566.3895226452	0.99143490197545
6566.4146041553	0.98951267463291
6566.4396857612	0.99025130808782
6566.4647674629	0.99334512237582
6566.4898492604	0.99271609867058
6566.5149311537	0.99075741603716
6566.5400131428	0.98912798007977
6566.5650952277	0.98725923977933
6566.5901774084	0.98456742744606
6566.6152596849	0.98236368950978
6566.6403420572	0.98023559315301
6566.6654245269	0.97924452942808
6566.6905070908	0.98060531289495
6566.7155897506	0.98324131913981
6566.7406725061	0.98591804470708
6566.7657553575	0.98797770219608
6566.7908383046	0.98910447615336
6566.8159213476	0.98549996960495
6566.8410044864	0.9829354081472
6566.866087721	0.98494879110725
6566.8911710514	0.98656525387238
6566.9162544776	0.98452883079754
6566.9413379997	0.98161228164185
6566.9664216175	0.98238696774097
6566.9915053311	0.98337567610581
6567.0165891406	0.98426116179675
6567.0416730459	0.98618489932926
6567.066757047	0.98885246004824
6567.0918411439	0.99112050964007
6567.1169253366	0.9944711979952
6567.1420096266	0.99889192842666
6567.167094011	0.99671297398563
6567.1921784911	0.9931984566496
6567.2172630671	0.99319639289643
6567.2423477389	0.99350232328973
6567.2674325065	0.99254206289305
6567.2925173699	0.99136720220938
6567.3176023291	0.98857124517898
6567.3426873842	0.98615860137464
6567.367772535	0.98445380913292
6567.3928577817	0.98278897282296
6567.4179431242	0.98535688782331
6567.4430285625	0.98903010283031
6567.4681140967	0.99205792290961
6567.4931997266	0.99391726483194
6567.5182854524	0.99511320764026
6567.543371274	0.99682925526339
6567.5684571914	0.99954082903546
6567.5935432047	1.0016102509242
6567.6186293137	1.0028044575952
6567.6437155201	1.0038364875463
6567.6688018208	1.0041992958686
6567.6938882173	1.0045585663718
6567.7189747097	1.004762686783
6567.7440612978	1.0043156453234
6567.7691479818	1.0040482400939
6567.7942347616	1.0040127308346
6567.8193216372	1.0041015096725
6567.8444086087	1.0043880694175
6567.869495676	1.0033458597671
6567.8945828391	1.0015428875205
6567.919670098	0.99975855380945
6567.9447574528	0.99767123427398
6567.9698449034	0.99697554390065
6567.9949324498	0.99817456637599
6568.020020092	0.99946418295459
6568.0451078301	1.0012279866496
6568.070195664	1.0012303304633
6568.0952835937	0.99600746249557
6568.1203716207	0.99054884344763
6568.1454597421	0.98749909723833
6568.1705479593	0.9870523484402
6568.1956362723	0.98968978096326
6568.2207246812	0.99087667374422
6568.2458131859	0.99028748719955
6568.2709017864	0.99007194080799
6568.2959904827	0.99184068664489
6568.3210792749	0.99484849329534
6568.3461681629	0.99648415429636
6568.3712571468	0.99679528570217
6568.3963462264	0.99846040783038
6568.4214354019	1.0007174130412
6568.4465246733	1.0033352052598
6568.4716140405	1.0059129385948
6568.4967035035	1.0036199667654
6568.5217930623	1.0007559526225
6568.546882717	1.0004347460413
6568.5719724675	0.99993606123864
6568.5970623153	0.99835676451343
6568.6221522575	0.99704886326098
6568.6472422955	0.99862962133508
6568.6723324294	0.99993326635034
6568.6974226591	1.0000832478219
6568.7225129846	1.0006788849311
6568.7476034059	0.99939816244634
6568.7726939231	0.99759990525164
6568.7977845362	0.99020319828558
6568.822875245	0.98307448132313
6568.8479660498	0.97738781285443
6568.8730569503	0.97219227517954
6568.8981479467	0.96348956437044
6568.9232390389	0.95420090881673
6568.948330227	0.9473969472618
6568.9734215109	0.94105948838575
6568.9985128906	0.93146087882614
6569.0236043662	0.92174746816784
6569.0486959377	0.90260780130197
6569.0737876049	0.88325425711359
6569.0988793696	0.85281934131435
6569.1239712285	0.81919643956539
6569.1490631833	0.79565212837275
6569.174155234	0.77495906594398
6569.1992473805	0.77643523399644
6569.2243396228	0.78323082829899
6569.249431961	0.80835146468486
6569.274524395	0.83849442750741
6569.2996169249	0.870606504867
6569.3247095506	0.90297953589403
6569.3498022721	0.92803715833861
6569.3748950895	0.95046601936052
6569.3999880028	0.9661830063155
6569.4250810119	0.97929720250217
6569.4501741168	0.98840968952561
6569.4752673176	0.99474128581726
6569.5003606143	0.99829448963803
6569.5254540067	1.0016941081607
6569.5505474951	1.0062052600144
6569.5756410808	1.0104812163951
6569.6007347608	1.012849390251
6569.6258285367	1.0150632298328
6569.6509224084	1.0145766607851
6569.676016376	1.0108308890792
6569.7011104395	1.0046993795569
6569.7262045988	0.9973633105043
6569.7512988539	0.98969283114693
6569.7763932049	0.98299112758085
6569.8014876517	0.97730274306406
6569.8265821944	0.97111474519597
6569.851676833	0.96514815513495
6569.8767715674	0.96069539101201
6569.9018663976	0.95909991381929
6569.9269613238	0.95961219787387
6569.9520563457	0.96195235595158
6569.9771514635	0.96626274280101
6570.0022466772	0.97135609596783
6570.0273419867	0.97888837669911
6570.0524373936	0.98331661396105
6570.0775328949	0.98183899839295
6570.102628492	0.97875891370293
6570.127724185	0.97348715984002
6570.1528199738	0.9698506221586
6570.1779158584	0.97094091788995
6570.203011839	0.97271099868508
6570.2281079154	0.97545115907155
6570.2532040876	0.97833850395685
6570.2783003557	0.98011349589506
6570.3033967197	0.98197249733102
6570.3284931795	0.98407682511143
6570.3535897352	0.98542175933545
6570.3786863868	0.9853046377259
6570.4037831342	0.98371998613363
6570.4288799775	0.97689129857808
6570.4539769166	0.97021011115877
6570.4790739516	0.96379352789729
6570.5041710825	0.9566924279646
6570.5292683092	0.94773239884886
6570.5543656333	0.93958586749
6570.5794630517	0.93410220092486
6570.604560566	0.92910212807038
6570.6296581762	0.92542284561983
6570.6547558823	0.92178261047022
6570.6798536842	0.9218843075707
6570.704951582	0.92101424586076
6570.7300495756	0.91848121035261
6570.7551476651	0.91635841481455
6570.7802458505	0.92136189399481
6570.8053441317	0.92634581619662
6570.8304425088	0.92907433734684
6570.8555409818	0.93229579659338
6570.8806395506	0.93773518300673
6570.9057382154	0.94393399124751
6570.9308369759	0.94402001862088
6570.9559358324	0.94483827479883
6570.9810347847	0.93850953562993
6571.0061338329	0.93186213899673
6571.0312329785	0.93087850115134
6571.0563322184	0.9293080350754
6571.0814315542	0.92901796995944
6571.1065309859	0.92988295043385
6571.1316305134	0.93895744351861
6571.1567301368	0.94760161278987
6571.1818298561	0.95551840054665
6571.2069296713	0.96418865294894
6571.2320295823	0.96879058612874
6571.2571295893	0.97216227720269
6571.282229692	0.97345211803416
6571.3073298907	0.97586352005172
6571.3324301852	0.98621078808754
6571.3575305756	0.99636914973546
6571.3826310619	0.99506249183988
6571.4077316441	0.9931614502644
6571.4328323221	0.99396602820865
6571.457933096	0.99321638169189
6571.4830339658	0.99294172983636
6571.508134933	0.99310535979025
6571.5332359945	0.99167467648675
6571.558337152	0.99017626806272
6571.5834384053	0.99075678512191
6571.6085397544	0.99202037938178
6571.6336411995	0.99191334966751
6571.6587427404	0.99131939061835
6571.6838443773	0.99146284921005
6571.70894611	0.99328172153122
6571.7340479385	0.99588605651359
6571.759149863	0.99781692556724
6571.7842518834	0.99884907559981
6571.8093539996	0.99833886468551
6571.8344562117	0.99798982904067
6571.8595585197	0.99860561354308
6571.8846609235	0.99790466657003
6571.9097634233	0.99601465232298
6571.9348660189	0.99133836167441
6571.9599687104	0.985822041538
6571.9850714994	0.98393390986096
6572.0101743827	0.98405002572989
6572.0352773618	0.98394613551128
6572.0603804369	0.98326812260759
6572.0854836078	0.97851229730383
6572.1105868747	0.97081031611357
6572.1356902374	0.96632539232419
6572.160793696	0.96490736995822
6572.1858972505	0.96546567099757
6572.2110009009	0.96765056599727
6572.2361046471	0.96888776003552
6572.2612084893	0.96887013793786
6572.2863124273	0.97176969373697
6572.3114164613	0.97775365433719
6572.3365205911	0.98162072235264
6572.3616248168	0.98471534512099
6572.3867291384	0.98479514080076
6572.4118335559	0.98005589467589
6572.4369380693	0.97545122570282
6572.4620426786	0.96895060309588
6572.4871473852	0.96176554986434
6572.5122521863	0.95354409184253
6572.5373570833	0.9424694849995
6572.5624620761	0.93144226813014
6572.5875671648	0.91958568603204
6572.6126723495	0.90661911364423
6572.63777763	0.88729989839689
6572.6628830064	0.85429535427927
6572.6879884787	0.82173549638238
6572.7130940469	0.79039362608207
6572.738199711	0.7683956473231
6572.763305471	0.76412285440539
6572.7884113269	0.76765077645525
6572.8135172787	0.7878427171328
6572.8386233264	0.81089804121119
6572.86372947	0.8401872186107
6572.8888357095	0.86821235023787
6572.9139420449	0.89320258586022
6572.9390484761	0.91631332701812
6572.9641550048	0.93867330457632
6572.9892616279	0.9596536645161
6573.0143683469	0.97238346557197
6573.0394751618	0.98205384192394
6573.0645820725	0.98289024564785
6573.0896890792	0.98527571492027
6573.1147961818	0.99032637813236
6573.1399033803	0.99523349910313
6573.1650106746	0.99749284021426
6573.1901180649	1.0007435808852
6573.2152255511	1.0038625571241
6573.2403331332	1.0074491586728
6573.2654408112	1.0162408530349
6573.2905485851	1.0216597633023
6573.3156564549	1.0165865000551
6573.3407644206	1.0093750511161
6573.3658724822	1.0020036006194
6573.3909806397	0.99548028853911
6573.4160888931	0.98922183734327
6573.4411972439	0.98323073314815
6573.4663056892	0.98028397948756
6573.4914142303	0.97964524622784
6573.5165228673	0.98110989780133
6573.5416316003	0.98220286706882
6573.5667404291	0.98484650721414
6573.5918493539	0.98598472699233
6573.6169583746	0.97911011775652
6573.6420674911	0.97302840551922
6573.6671767036	0.97254290979908
6573.692286012	0.97225815947654
6573.7173954163	0.97056813591667
6573.7425049165	0.96882385835514
6573.7676145126	0.96975475968859
6573.7927242047	0.96960086382322
6573.8178339926	0.97016987671044
6573.8429438765	0.97208203348671
6573.8680538563	0.97232345769928
6573.8931639319	0.97054291244022
6573.9182741035	0.96676772875201
6573.9433843726	0.96293044261814
6573.968494736	0.95466241069736
6573.9936051953	0.94704443966329
6574.0187157506	0.93128945001623
6574.0438264017	0.91691611035663
6574.0689371488	0.89572330654108
6574.0940479918	0.87530724615997
6574.1191589307	0.84491338281501
6574.1442699655	0.81202120268943
6574.1693810963	0.79152946311872
6574.1944923229	0.77193116400436
6574.2196036455	0.77941424460947
6574.244715064	0.78936780485622
6574.2698265784	0.81617124262642
6574.2949381887	0.84493642794677
6574.3200498949	0.87690382878882
6574.3451616971	0.90842093635143
6574.3702735952	0.9235456459941
6574.3953855892	0.93746367999343
6574.4204976806	0.94851408384732
6574.4456098665	0.96084596941731
6574.4707221482	0.97149733831544
6574.4958345259	0.98158626621053
6574.5209469995	0.98667448312278
6574.546059569	0.98934856521775
6574.5711722345	0.99068657981172
6574.5962849958	0.99098613449517
6574.6213978531	0.98605422782165
6574.6465108063	0.97958582769301
6574.6716238555	0.97747041106417
6574.6967370005	0.97679626596908
6574.7218502415	0.97073961755681
6574.7469635784	0.96396657842645
6574.7720770113	0.95146819508761
6574.79719054	0.93851142308224
6574.8223041647	0.91936776581822
6574.8474178853	0.89763637586257
6574.8725317019	0.86598823908269
6574.8976456159	0.83139703452405
6574.9227596242	0.79935844912011
6574.9478737286	0.76762331787357
6574.9729879288	0.74935901647097
6574.998102225	0.73740786139684
6575.0232166171	0.74788357233986
6575.0483311051	0.76678363723601
6575.0734456891	0.79602980994791
6575.098560369	0.83112334702872
6575.1236751448	0.86136772123437
6575.1487900166	0.88838750482123
6575.1739049842	0.90313264307436
6575.1990200479	0.91214056049996
6575.2241352074	0.91786072719602
6575.2492504629	0.92065315471302
6575.2743658143	0.92593065805101
6575.2994812616	0.92987321303599
6575.3245968049	0.94108132203634
6575.3497124441	0.95765898052033
6575.3748281808	0.97135340995417
6575.3999440119	0.98300829923442
6575.4250599389	0.98994558586617
6575.4501759618	0.99502813219038
6575.4752920807	0.9949229777958
6575.5004082955	0.99215434792335
6575.5255246063	0.98922910627782
6575.550641013	0.98620357258904
6575.5757575156	0.98423734250879
6575.6008741142	0.98319754223417
6575.6259908087	0.98339338999909
6575.6511075991	0.98438443577822
6575.6762244855	0.98585104861522
6575.7013414678	0.98667507362074
6575.726458546	0.98004820268192
6575.7515757202	0.96894943482483
6575.7766929904	0.96117773590916
6575.8018103564	0.95631356439524
6575.8269278185	0.95305896086707
6575.8520453764	0.95060053005849
6575.8771630318	0.95019502790996
6575.9022807817	0.95204582380022
6575.9273986274	0.95603614701671
6575.9525165692	0.96094131384696
6575.9776346068	0.96878324667765
6576.0027527404	0.9771901425059
6576.02787097	0.97943095377767
6576.0529892955	0.97553580021773
6576.0781077169	0.97101920919587
6576.1032262343	0.96749923587241
6576.1283448476	0.95970222942765
6576.1534635569	0.94935738291557
6576.1785823621	0.93914968239009
6576.2037012633	0.9311050921148
6576.2288202604	0.92578887404839
6576.2539393534	0.9220502646249
6576.2790585424	0.92256302699593
6576.3041778274	0.92675506248614
6576.3292972083	0.93116306815514
6576.3544166866	0.9349990182643
6576.3795362594	0.93574487300935
6576.4046559282	0.93384262177748
6576.4297756928	0.93452064595697
6576.4548955535	0.9377792261404
6576.4800155101	0.93827267590439
6576.5051355626	0.93515874148829
6576.5302557111	0.93330293012916
6576.5553759556	0.93367100138899
6576.5804962959	0.93444414392511
6576.6056167323	0.93560881027696
6576.6307372646	0.93845666666654
6576.6558578928	0.94298558187414
6576.680978617	0.94384643477507
6576.7060994372	0.94082676168809
6576.7312203533	0.93798399202931
6576.7563413654	0.93366969921491
6576.7814624734	0.93113822247518
6576.8065836773	0.93009699068218
6576.8317049788	0.92673417119677
6576.8568263747	0.92237501642307
6576.8819478665	0.92295086940273
6576.9070694543	0.93000403113651
6576.9321911381	0.93718374917663
6576.9573129178	0.94403886983446
6576.9824347934	0.94721635639732
6577.007556765	0.94794375786451
6577.0326788326	0.95208774623205
6577.0578009962	0.95695237256972
6577.0829232557	0.95944423683654
6577.1080456111	0.96210026613407
6577.1331680625	0.96582062946372
6577.1582906099	0.97004358693502
6577.1834132532	0.97238217738611
6577.2085359925	0.96984797793738
6577.2336588278	0.96653128951864
6577.258781759	0.96349143861899
6577.2839047862	0.96215589914176
6577.3090279093	0.96320808793582
6577.3341511299	0.96569334316389
6577.359274445	0.9693058658133
6577.384397856	0.96943307549109
6577.409521363	0.96498246716743
6577.434644966	0.9601405216607
6577.4597686649	0.95470918957652
6577.4848924598	0.95170844136614
6577.5100163506	0.95249646166683
6577.5351403374	0.95330533084726
6577.5602644202	0.95419745032985
6577.585388599	0.95592582654758
6577.6105128737	0.95896311550718
6577.6356372444	0.96033499496759
6577.660761711	0.96049645941413
6577.6858862736	0.961126667228
6577.7110109322	0.96052783217621
6577.7361356868	0.95969986683805
6577.7612605373	0.96273571847733
6577.7863854838	0.96601920984567
6577.8115105277	0.96398097956778
6577.8366356662	0.96215786742095
6577.8617609006	0.96204348603732
6577.8868862309	0.96086807862097
6577.9120116573	0.95943153394741
6577.9371371796	0.95779042771597
6577.9622627978	0.95436637171593
6577.9873885121	0.95284801031299
6578.0125143223	0.95604935254697
6578.0376402285	0.95892761646271
6578.0627662307	0.96064541071467
6578.0878923288	0.96099461519515
6578.1130185229	0.96016863449999
6578.138144813	0.96188065327599
6578.1632711991	0.96591028131093
6578.1883976811	0.96714007338763
6578.2135242591	0.96326161292888
6578.2386509331	0.96079456519965
6578.2637777031	0.96243923981589
6578.2889045706	0.96234781296718
6578.3140315325	0.95736606050159
6578.3391585904	0.95454429291029
6578.3642857442	0.95705189985468
6578.3894129941	0.9582506605782
6578.4145403399	0.95657540225947
6578.4396677817	0.95452433264171
6578.4647953195	0.95317271675535
6578.4899229533	0.95344812021127
6578.515050683	0.95310105639128
6578.5401785088	0.95150955969253
6578.5653064305	0.95153105380032
6578.5904344481	0.95184058423717
6578.6155625618	0.94968259248003
6578.6406907715	0.94593687263447
6578.6658190771	0.93938120377696
6578.6909474787	0.93341608020841
6578.7160759763	0.92796683959846
6578.7412045699	0.92380724829343
6578.7663332594	0.92365626474343
6578.7914620465	0.92402829399592
6578.816590928	0.92673302882923
6578.8417199055	0.93054329736949
6578.866848979	0.9363888083301
6578.8919781485	0.94014309051636
6578.917107414	0.93830895916441
6578.9422367754	0.93646967270456
6578.9673662329	0.93644792724333
6578.9924957863	0.93671803962095
6579.0176254357	0.93727875134853
6579.0427551811	0.93848184038837
6579.0678850225	0.9407486602818
6579.0930149599	0.94256166066427
6579.1181449932	0.94325411506386
6579.1432751226	0.94258142579574
6579.1684053479	0.93779859619115
6579.1935356692	0.93457390137403
6579.2186660866	0.93399998091945
6579.2437965999	0.93298747320121
6579.2689272107	0.93231516729295
6579.294057916	0.93204207747
6579.3191887173	0.9316420271703
6579.3443196145	0.93151199945336
6579.3694506078	0.93336938442061
6579.3945816971	0.93462999424835
6579.4197128823	0.93377977576419
6579.4448441636	0.93379097418962
6579.4699755408	0.93496793255827
6579.495107014	0.93553202681084
6579.5202385833	0.93907545364949
6579.5453702485	0.94406519344509
6579.5705020097	0.94769684339083
6579.5956338669	0.94952972514879
6579.6207658201	0.95025278166025
6579.6458978693	0.95063050758265
6579.6710300145	0.94764016531704
6579.6961622557	0.94511323602494
6579.7212945929	0.9457986275755
6579.7464270276	0.94625931568301
6579.7715595568	0.94399928200126
6579.796692182	0.94143549039803
6579.8218249032	0.93851018611352
6579.8469577204	0.93490683014633
6579.8720906335	0.93012896237469
6579.8972236427	0.92492795892508
6579.9223567479	0.91963192194675
6579.9474899491	0.91700640324926
6579.9726232463	0.92123053907943
6579.9977566395	0.92270668219143
6580.0228901287	0.9150572233264
6580.0480237138	0.90782562069923
6580.073157395	0.90141192463155
6580.0982911722	0.89618854070933
6580.1234250454	0.89311887250979
6580.1485590146	0.88952194238946
6580.1736930798	0.88665922113288
6580.198827241	0.88515905261268
6580.2239614998	0.887137159192
6580.249095853	0.89183368834777
6580.2742303022	0.90431407070741
6580.2993648474	0.91476010410623
6580.3244994887	0.91971347571452
6580.3496342259	0.92467356367035
6580.3747690592	0.92983707247478
6580.3999039884	0.93414017684424
6580.4250390137	0.93617360420807
6580.4501741349	0.93801182788545
6580.4753093522	0.94006861959858
6580.5004446655	0.9426838187692
6580.5255800748	0.94139223608954
6580.5507155801	0.93930920005476
6580.5758511814	0.94000921200734
6580.6009868787	0.94021011326546
6580.6261226721	0.93722860463496
6580.6512585614	0.93334142693714
6580.6763945468	0.92816369408306
6580.7015306281	0.92378449205278
6580.726666807	0.92193844994773
6580.7518030804	0.91922706049962
6580.7769394498	0.91282997058228
6580.8020759153	0.90631707789286
6580.8272124767	0.90096878511169
6580.8523491341	0.89526574803042
6580.8774858876	0.88829411628537
6580.9026227371	0.88242626747032
6580.9277596825	0.87961469775246
6580.952896724	0.87556375501997
6580.9780338616	0.86700083962617
6581.0031710951	0.85625665266646
6581.0283084246	0.84089698419276
6581.0534458502	0.82515219529529
6581.0785833718	0.80623650422786
6581.1037209894	0.78891564181191
6581.128858703	0.77608530132868
6581.1539965126	0.76507535829401
6581.1791344183	0.75722138520269
6581.2042724215	0.7575616208421
6581.2294105192	0.77727689483294
6581.2545487129	0.79953122971585
6581.2796870026	0.82878430754595
6581.3048253884	0.85688164876568
6581.3299638701	0.88356478035118
6581.3551024479	0.90114311043324
6581.3802411218	0.89974170867653
6581.4053798916	0.90059630134543
6581.4305187575	0.90549579989625
6581.4556577193	0.90989516029114
6581.4807967772	0.91398816838778
6581.5059359312	0.91742184341264
6581.5310751811	0.91574006662077
6581.5562145271	0.91498664087083
6581.5813539691	0.91914702208164
6581.6064935071	0.92265976333423
6581.6316331412	0.92181730384619
6581.6567728712	0.92258257401217
6581.6819126988	0.92744196432479
6581.707052621	0.92832920163517
6581.7321926391	0.92425882105847
6581.7573327533	0.92131035167547
6581.7824729635	0.91961441152858
6581.8076132697	0.91897931687038
6581.832753672	0.91892513620528
6581.8578941703	0.92086227603739
6581.8830347646	0.92387692548501
6581.908175455	0.92577127590309
6581.9333162413	0.92755424678588
6581.9584571237	0.92796957014191
6581.9835981022	0.92454238408093
6582.0087391767	0.91856710425543
6582.0338803471	0.91111671958336
6582.0590216137	0.90535266511053
6582.0841629762	0.90168926170074
6582.1093044348	0.89841279521518
6582.1344459895	0.89626891670693
6582.1595876401	0.89504200569204
6582.1847293883	0.89646531551444
6582.209871231	0.90155853814449
6582.2350131698	0.90153235799587
6582.2601552046	0.9039795927363
6582.2852973354	0.90738332462967
6582.3104395623	0.91127595276952
6582.3355818852	0.9212652059184
6582.3607243041	0.93163007244968
6582.3858668191	0.93763430465727
6582.4110094301	0.9340703175543
6582.4361521371	0.92847597936726
6582.4612949402	0.92302571480228
6582.4864378393	0.91207569613965
6582.5115808345	0.9058372261179
6582.5367239257	0.89874735101161
6582.5618671129	0.89533801500778
6582.5870103962	0.89386600756584
6582.6121537755	0.8926327208212
6582.6372972508	0.89224406420156
6582.6624408237	0.89088506835218
6582.6875844912	0.8908461866974
6582.7127282546	0.89180838215954
6582.7378721141	0.89050601953181
6582.7630160697	0.88844131396039
6582.7881601213	0.88440725644895
6582.8133042689	0.88043018284403
6582.8384485126	0.87517775995049
6582.8635928523	0.87563715143761
6582.8887372881	0.88576139822278
6582.9138818199	0.89085136789633
6582.9390264478	0.89598086401333
6582.9641711717	0.90224497931331
6582.9893159916	0.90846630986589
6583.0144609076	0.91097951124918
6583.0396059196	0.91236995098394
6583.0647510277	0.91016260549345
6583.0898962318	0.90118539899676
6583.115041532	0.88881359966248
6583.1401869297	0.88510150463973
6583.165332422	0.88112729395302
6583.1904780103	0.87385778025057
6583.2156236947	0.87601096721289
6583.2407694751	0.88277811001181
6583.2659153516	0.89114841650035
6583.2910613241	0.89546336102238
6583.3162073926	0.89693491852798
6583.3413535572	0.89638802909998
6583.3664998179	0.89474688318077
6583.3916461746	0.89574962400078
6583.4167926274	0.89369493428496
6583.4419391762	0.89058576783474
6583.467085821	0.88825842229527
6583.492232562	0.88132031729812
6583.5173793989	0.86570647723423
6583.542526332	0.85530417759688
6583.567673361	0.84291001077536
6583.5928204862	0.84866137292765
6583.6179677089	0.88472653983412
6583.6431150261	0.879701569078
6583.6682624394	0.88015465903994
6583.6934099487	0.87976331024896
6583.7185575541	0.88521188510859
6583.7437052556	0.89409568462719
6583.7688530531	0.90186081492547
6583.7940009467	0.9085755669907
6583.8191489363	0.91381015631082
6583.844297022	0.92128131147086
6583.8694452037	0.91950518366434
6583.8945934815	0.91954021916453
6583.9197418554	0.92320408742322
6583.9448903253	0.92050005548064
6583.9700388913	0.92775611095789
6583.9951875533	0.93326145214603
6584.0203363114	0.93182717376386
6584.0454851656	0.94128522962306
6584.0706341158	0.95736742796448
6584.0957831621	0.96614818102782
6584.1209323059	0.96643243146954
6584.1460815443	0.96941155846282
6584.1712308788	0.96731270130079
6584.1963803093	0.955919698533
6584.2215298359	0.94492592882492
6584.2466794586	0.93771623687155
6584.2718291773	0.93715233049315
6584.2969789921	0.93107443952626
6584.3221289029	0.96396236292539
