6545.5905633006	0.96305578258322
6545.6155653668	0.96167797819888
6545.640567527	0.96117610996224
6545.6655697827	0.96806533208674
6545.6905721339	0.97516722303575
6545.7155745806	0.97014976739083
6545.7405771228	0.96754136686363
6545.7655797605	0.97226814679691
6545.7905824937	0.97494929738365
6545.8155853224	0.97149762301503
6545.8405882466	0.96953835738947
6545.8655912663	0.97134063800794
6545.8905943816	0.97042326580741
6545.9155975923	0.96577601019234
6545.9406008985	0.96225402128942
6545.9656043002	0.9604947534061
6545.9906077975	0.95573514279374
6546.0156113902	0.94846645591515
6546.0406150785	0.928986896007
6546.0656188622	0.90755656000113
6546.090622743	0.87150961895028
6546.1156267178	0.83247639882273
6546.140630788	0.79068487493926
6546.1656349538	0.75094806948598
6546.1906392151	0.72102007907161
6546.2156435719	0.69681177874193
6546.2406480242	0.69325748084747
6546.265652572	0.70333979589918
6546.2906572154	0.73368322626159
6546.3156619542	0.77190136311516
6546.3406667885	0.82167043319098
6546.3656717184	0.86352153370111
6546.3906767438	0.89789527791114
6546.4156818647	0.92984630651018
6546.440687081	0.9612944148271
6546.465692393	0.97354687901756
6546.4906978004	0.98003385655592
6546.5157033033	0.98777421384862
6546.5407089017	0.99636676513593
6546.5657145957	1.0003678920676
6546.5907203867	1.0036417696767
6546.6157262716	1.0036073703572
6546.6407322521	1.003774030382
6546.6657383281	1.003986376398
6546.6907444997	1.0043093210539
6546.7157507667	1.0061929115861
6546.7407571293	1.0094630065511
6546.7657635874	1.0138954691113
6546.7907701409	1.0105953593733
6546.8157767901	1.0037767850425
6546.8407835347	1.0085201081475
6546.8657903748	1.0169220688019
6546.8907973105	1.0163447399373
6546.9158043417	1.0142014134186
6546.9408114684	1.0185662847517
6546.9658186906	1.0211167647684
6546.9908260083	1.018802147377
6547.0158334216	1.0178528011507
6547.0408409304	1.0198345642969
6547.0658485362	1.021118390877
6547.090856236	1.0203587519948
6547.1158640313	1.0169982556688
6547.1408719222	1.0126793463871
6547.1658799086	1.006642828221
6547.1908879905	0.99851948428161
6547.2158961679	0.9925506417571
6547.2409044409	0.98792088405727
6547.2659128093	0.98438313984443
6547.2909212733	0.98164581086998
6547.3159298329	0.98029811133787
6547.3409384879	0.98119681412088
6547.3659472385	0.98182802526964
6547.3909560846	0.97976128359114
6547.4159650262	0.96938713438927
6547.4409740634	0.96134925158586
6547.4659831961	0.95800648183959
6547.4909924243	0.95636852528683
6547.516001748	0.95700397004193
6547.5410111688	0.95876483167967
6547.5660206836	0.96219477475563
6547.5910302939	0.96928348957918
6547.6160399997	0.97888229847809
6547.6410498011	0.98621769823016
6547.666059698	0.99281755748447
6547.6910696904	0.99043420077774
6547.7160797784	0.98732308048401
6547.7410899619	0.99088119959804
6547.7661002409	0.9960204993901
6547.7911106155	1.0011308782006
6547.8161210856	1.0066472530539
6547.8411316512	1.0115425175456
6547.8661423123	1.0128643370371
6547.891153069	1.0089414641101
6547.9161639212	1.0033406381759
6547.941174869	0.99722572613111
6547.9661859123	0.99370007603524
6547.9911970511	0.99011737823635
6548.016208287	0.98559148961989
6548.0412196169	0.98210555851784
6548.0662310423	0.97938863268744
6548.0912425632	0.97576492583181
6548.1162541797	0.97262469108108
6548.1412658918	0.96990994973163
6548.1662776994	0.96836246330725
6548.1912896025	0.96907196118816
6548.2163016011	0.97246471951089
6548.2413136953	0.97603385089141
6548.266325885	0.97866658821831
6548.2913381703	0.981635922922
6548.3163505511	0.98237832639444
6548.3413630274	0.98024579694998
6548.3663755993	0.9762808288913
6548.3913882667	0.98484695225427
6548.4164010297	0.99806245509814
6548.4414138882	1.0060303743029
6548.4664268422	1.0134051186661
6548.4914398918	1.0251098265996
6548.5164530384	1.0357988200669
6548.5414662791	1.0332049897216
6548.5664796153	1.0289468497676
6548.591493047	1.0245932280141
6548.6165065743	1.0219530308889
6548.6415201972	1.0189535218382
6548.6665339155	1.0177876892623
6548.6915477295	1.0217151025698
6548.7165616389	1.0228794537141
6548.741575644	1.020204593332
6548.7665897445	1.0209918644784
6548.7916039406	1.0244162462235
6548.8166182323	1.0176104995124
6548.8416326195	1.0076174338422
6548.8666471022	1.0079342565401
6548.8916616805	1.0080921320084
6548.9166763544	1.0012539353189
6548.9416911238	0.99736039280778
6548.9667059887	1.0012738806268
6548.9917209507	1.0046922420732
6549.0167360067	1.0081063062089
6549.0417511583	1.0118584058086
6549.0667664055	1.0161026974947
6549.0917817481	1.0191806347197
6549.1167971864	1.0218826814208
6549.1418127202	1.0235133004184
6549.1668283495	1.0258454791938
6549.1918440744	1.0252520452317
6549.2168598948	1.0248039645309
6549.2418758108	1.0285777959814
6549.2668918224	1.0299552950756
6549.2919079295	1.0309888110806
6549.3169241321	1.0281615354672
6549.3419404304	1.0268777143061
6549.3669568241	1.0225280441845
6549.3919733134	1.0173111024329
6549.4169898983	1.0128868867485
6549.4420065787	1.0081356195079
6549.4670233562	1.0075062356653
6549.4920402278	1.0085058183991
6549.5170571949	1.0087091258774
6549.5420742575	1.008163454603
6549.5670914157	1.0044442162812
6549.5921086695	1.0006497335764
6549.6171260188	0.99905240059879
6549.6421434637	0.99735351496546
6549.6671610042	1.0018628200948
6549.6921786402	1.0055827911275
6549.7171963717	1.0054217990345
6549.7422141988	1.0068242764998
6549.7672321215	1.0119406228628
6549.7922501398	1.0149449089145
6549.8172682536	1.0142225798424
6549.8422864629	1.012788593244
6549.8673047679	1.0113258175766
6549.8923231684	1.0148751143196
6549.9173416644	1.0205450585715
6549.942360256	1.0178564117794
6549.9673789447	1.0125607627355
6549.9923977274	1.0125263931821
6550.0174166057	1.012733087428
6550.0424355796	1.0029632871858
6550.067454649	0.99441673797953
6550.092473814	0.99891563476436
6550.1174930746	1.0014475165318
6550.1425124307	0.99419862316453
6550.1675318824	0.98686139274518
6550.1925514297	0.97989124946495
6550.2175710725	0.97115737692132
6550.2425908109	0.96037647385203
6550.2676106449	0.95797325940946
6550.2926305744	0.96113209711453
6550.3176505995	0.9698124635208
6550.3426707201	0.98111656965528
6550.3676909364	0.99032858595345
6550.3927112482	0.99913970843863
6550.4177316556	1.0010986621279
6550.44275216	1.0044047702213
6550.4677727585	1.0094122654666
6550.4927934526	1.0115559422153
6550.5178142423	1.0079305483472
6550.5428351275	1.0072121222903
6550.5678561083	1.0121380322875
6550.5928771846	1.0143426041878
6550.6178983566	1.0134643959099
6550.6429196241	1.0133971983479
6550.6679409872	1.0148069530319
6550.6929624459	1.0114202146378
6550.7179840001	1.006312656129
6550.7430056499	1.003962924302
6550.7680273953	1.0010531179868
6550.7930492362	0.99562316209511
6550.8180711728	0.98932168200999
6550.8430932049	0.98112126773204
6550.8681153326	0.97860038933473
6550.8931375558	0.98712552519432
6550.9181598762	0.99209297388614
6550.9431822906	0.99247584414002
6550.9682048006	0.99423124500783
6550.9932274062	0.9985095349344
6551.0182501073	1.0046833507493
6551.0432729041	1.0109411070061
6551.0682957964	1.0153908086421
6551.0933187843	1.0175429314336
6551.1183418677	1.0117801355818
6551.1433650468	1.0071190767991
6551.1683883214	1.0063980454001
6551.1934116916	1.0037782037591
6551.2184351574	0.99790540778812
6551.2434587188	0.9939283853252
6551.2684823758	0.9906293305498
6551.2935061283	0.98778516737842
6551.3185299764	0.98584684071049
6551.3435539201	0.98623012275101
6551.3685779594	0.98770943658322
6551.3936020958	0.98941821659837
6551.4186263262	0.99034677069833
6551.4436506523	0.98681337016985
6551.4686750739	0.98246149485901
6551.4936995911	0.97721662015813
6551.5187242039	0.97107781120678
6551.5437489123	0.95742755783375
6551.5687737163	0.94332162418785
6551.5937986158	0.92515735778806
6551.618823611	0.91292490157929
6551.6438487017	0.91315282984842
6551.668873888	0.91691266351363
6551.6938991699	0.92423353395027
6551.7189245474	0.93938603950446
6551.7439500205	0.95864459728689
6551.7689755892	0.97637422381806
6551.7940012534	0.9929889840728
6551.8190270133	1.0000572619411
6551.8440528687	1.0057218004931
6551.8690788198	1.0104027033524
6551.8941048679	1.0141188083592
6551.9191310101	1.0152510903798
6551.9441572479	1.0168117624744
6551.9691835813	1.0208365397085
6551.9942100103	1.022998585687
6552.0192365349	1.0214393725437
6552.0442631551	1.0190567312562
6552.0692898708	1.0153941955628
6552.0943166822	1.0131900963072
6552.1193435892	1.0124705096622
6552.1443705917	1.0088593176666
6552.1693976899	1.0060544232414
6552.1944248836	1.0105262850667
6552.219452173	1.0151682945376
6552.2444795579	1.0084049402248
6552.2695070385	1.0019241020833
6552.2945346146	0.9951792622323
6552.3195622863	0.98334051547406
6552.3445900536	0.96348580943258
6552.3696179181	0.95055090396241
6552.3946458766	0.94671221162929
6552.4196739307	0.95463380799691
6552.4447020805	0.96818100729914
6552.4697303258	0.982887650186
6552.4947586667	0.99776934012556
6552.5197871032	1.0017545521017
6552.5448156353	1.0017926852328
6552.5698442631	1.0026863204035
6552.5948729864	1.0023718439235
6552.6199018053	0.99396680235938
6552.6449307198	0.9889747012806
6552.66995973	0.99151516502231
6552.6949888357	0.99394646358996
6552.720018037	0.99915816745141
6552.745047334	1.0037999051082
6552.7700767265	1.0075486786961
6552.7951062147	1.0116373520527
6552.8201357984	1.0163087139897
6552.8451654793	1.0139157977465
6552.8701952543	1.0098249071742
6552.8952251248	1.0104060960355
6552.920255091	1.0119393912416
6552.9452851528	1.0117417443468
6552.9703153102	1.010324565421
6552.9953455632	1.0086699235047
6553.0203759118	1.0076461769936
6553.045406356	1.0076668055129
6553.0704368958	1.0074390291017
6553.0954675312	1.0093945075059
6553.1204982623	1.0063237197061
6553.1455290889	0.99834713325401
6553.1705600112	1.0017290181773
6553.1955910291	1.0107824331184
6553.2206221425	1.0206706773683
6553.2456533516	1.0282661966351
6553.2706846563	1.0383154650222
6553.2957160566	1.0441887547721
6553.3207475526	1.0391576838233
6553.3457791456	1.0309814511665
6553.3708108327	1.0244475383971
6553.3958426155	1.0162816701638
6553.4208744939	1.0060537322052
6553.4459064679	0.99823929190155
6553.4709385375	0.99102689119405
6553.4959707027	0.98765496282619
6553.5210029635	0.98656346997374
6553.54603532	0.99083364324883
6553.571067772	0.99591375735226
6553.5961003197	0.99864472951451
6553.621132963	1.001195185691
6553.6461657019	1.012943419312
6553.6711985364	1.0216973998376
6553.6962314666	1.0222029058505
6553.7212644924	1.0204138332458
6553.7462976137	1.0136985686155
6553.7713308307	1.0055757731634
6553.7963641434	0.99605187806845
6553.8213975531	0.99271305478378
6553.846431057	0.99272418559453
6553.8714646565	0.99175355437
6553.8964983515	0.99049914014234
6553.9215321423	0.99188779588748
6553.9465660286	0.99363663885616
6553.9716000106	0.99732355939058
6553.9966340882	0.99942308872022
6554.0216682614	0.99573822410378
6554.0467025302	0.9888627612156
6554.0717368946	0.97373076860685
6554.0967713547	0.9541018071788
6554.1218059104	0.92888920969326
6554.1468405617	0.90467917226568
6554.1718753087	0.88187812883294
6554.1969101513	0.87030662513669
6554.2219450895	0.86254050038496
6554.2469801233	0.87143770140566
6554.2720152527	0.88211956279193
6554.2970504793	0.90522136243789
6554.3220858	0.92970541929315
6554.3471212163	0.95184725499285
6554.3721567283	0.97202662697065
6554.3971923359	0.98482968261159
6554.4222280391	0.99439751029029
6554.4472638379	1.0008575016002
6554.4722997324	1.0093492588448
6554.4973357225	1.0189581661975
6554.5223718082	1.016684019156
6554.5474079896	1.0104485903475
6554.5724442666	1.0128644871099
6554.5974806392	1.0186723413064
6554.6225171074	1.0173376015193
6554.6475536713	1.0144936988282
6554.6725903308	1.014038166199
6554.697627086	1.0124662017136
6554.7226639367	1.0079221719014
6554.7477008831	1.0012186562786
6554.7727379252	0.99270218094782
6554.7977750644	0.98910355425929
6554.8228122977	0.98897336939738
6554.8478496266	0.98835540551725
6554.8728870512	0.98814938531617
6554.8979245714	0.98929996326771
6554.9229621873	0.98997057810544
6554.9479998987	0.99382022806225
6554.9730377059	0.99732337598633
6554.9980756086	0.99285866800599
6555.023113607	0.98792441086709
6555.048151701	0.97980337050229
6555.0731898907	0.97300211327327
6555.098228176	0.96795487427093
6555.123266557	0.96508374925369
6555.1483050335	0.9644023664729
6555.1733436058	0.97163428213733
6555.1983822736	0.98323072088547
6555.2234210371	0.98640197938252
6555.2484598963	0.98772179682304
6555.2734988526	0.98160924099686
6555.298537903	0.97437611095397
6555.323577049	0.96214000652561
6555.3486162907	0.94813835254744
6555.3736556281	0.92949387116914
6555.3986950611	0.91307432796989
6555.4237345897	0.89831422367381
6555.448774214	0.89210055228497
6555.4738139339	0.89304230491402
6555.4988537495	0.89941490892086
6555.5238936607	0.91042652490669
6555.5489336675	0.92653434953364
6555.57397377	0.94426167204453
6555.5990139682	0.95682534711351
6555.6240542619	0.97076012937674
6555.6490946514	0.98199577720259
6555.6741351365	0.98961484103202
6555.6991757172	0.98521967759149
6555.7242163935	0.98041117407395
6555.7492571671	0.97549893828009
6555.7742980347	0.97404668288043
6555.7993389981	0.97493073183494
6555.824380057	0.97279458477912
6555.8494212116	0.96949562876618
6555.8744624619	0.96408828745642
6555.8995038078	0.95820446835467
6555.9245452494	0.94018748262557
6555.9495867866	0.92094838360044
6555.9746284194	0.8974229548168
6555.999670148	0.8743505723801
6556.0247119721	0.85689375622062
6556.0497538919	0.8490359785698
6556.0747959074	0.85850469962393
6556.0998380185	0.87496693322191
6556.1248802253	0.89854825419246
6556.1499225277	0.92416824919976
6556.1749649258	0.95151464842115
6556.2000074195	0.98028978986696
6556.2250500104	1.008974580238
6556.2500926955	1.0216260793713
6556.2751354762	1.0329793797089
6556.3001783525	1.0373046812916
6556.3252213245	1.0405003545959
6556.3502643922	1.0384921062555
6556.3753075555	1.0362192175823
6556.4003508145	1.0363324728259
6556.4253941691	1.0349850737484
6556.4504376194	1.0311271902846
6556.4754811654	1.0306002601039
6556.500524807	1.0336346444742
6556.5255685443	1.0300396673183
6556.5506123772	1.0240620820992
6556.5756563058	1.0183942136561
6556.60070033	1.0129055986204
6556.6257444499	1.0031706782664
6556.6507886655	0.99126939241533
6556.6758329767	0.9731558147853
6556.7008773836	0.95644080328239
6556.7259218877	0.94211097876975
6556.7509664859	0.93182336285736
6556.7760111798	0.92579502651842
6556.8010559693	0.93346918379443
6556.8261008545	0.94851685975515
6556.8511458354	0.95904893489834
6556.8761909119	0.96830307075425
6556.9012360841	0.97306099992606
6556.926281352	0.97873487783304
6556.9513267155	0.98615151210575
6556.9763721747	0.99450472887848
6557.0014177295	1.0070867050099
6557.02646338	1.0179193660087
6557.0515091262	1.0263315372384
6557.0765549681	1.0318772982048
6557.1016009056	1.0355926102546
6557.1266469388	1.0317344932917
6557.1516930676	1.0240001025978
6557.1767392922	1.0246049058947
6557.2017856139	1.0266593548617
6557.2268320297	1.0259018967597
6557.2518785413	1.0261682267509
6557.2769251485	1.0276507811936
6557.3019718513	1.028359736521
6557.3270186499	1.0270141773108
6557.3520655441	1.0244164743209
6557.377112534	1.0213730693758
6557.4021596195	1.0173579865101
6557.4272068008	1.0135596101865
6557.4522540776	1.0097170829705
6557.4773014502	1.0060296333866
6557.5023489185	1.0067260375684
6557.5273964824	1.0081744449223
6557.552444142	1.0088048009173
6557.5774918972	1.0094781257058
6557.6025397482	1.0124518622946
6557.6275876948	1.0148999646686
6557.6526357371	1.0146535705906
6557.6776838765	1.0142824825049
6557.7027321102	1.0163245463037
6557.7277804395	1.019600213948
6557.7528288645	1.0222738146039
6557.7778773852	1.0216639034484
6557.8029260015	1.0189666435502
6557.8279747135	1.0143338024577
6557.8530235213	1.0080789395315
6557.8780724246	1.002439674672
6557.9031214237	0.99636124332928
6557.9281705184	0.99093703451877
6557.9532197089	0.98786537480538
6557.9782689949	0.9867796882854
6558.0033183767	0.98068943732264
6558.0283678542	0.96927332475127
6558.0534174273	0.95781598968501
6558.0784670962	0.94596017390787
6558.1035168607	0.9405615081948
6558.1285667208	0.93780130979917
6558.1536166767	0.94468404869322
6558.1786667298	0.95184414082012
6558.203716877	0.95239519758998
6558.2287671199	0.95833260393558
6558.2538174585	0.97597579462414
6558.2788678928	0.99024263196165
6558.3039184228	1.0008676502696
6558.3289690484	1.0058224611798
6558.3540197698	1.0050021927117
6558.3790705868	1.0023214770664
6558.4041214995	0.99817112997731
6558.4291725079	0.99749541966903
6558.454223612	0.99843365535444
6558.4792748118	0.99648585688045
6558.5043261072	0.99527125950245
6558.5293774984	1.0014245115469
6558.5544289852	1.0071733976007
6558.5794805678	1.0107596677925
6558.604532246	1.0133481779867
6558.6295840199	1.0159068007786
6558.654635891	1.0177470786647
6558.6796878563	1.0185214383583
6558.7047399173	1.0165043840785
6558.7297920739	1.0133643364317
6558.7548443263	1.0034372412934
6558.7798966743	0.99222647423136
6558.8049491181	0.99501973414967
6558.8300016575	0.99613719040222
6558.8550542926	0.98946768306393
6558.8801070235	0.98596990735028
6558.90515985	0.98843525505209
6558.9302127722	0.99176286772594
6558.9552657901	0.99640784391803
6558.9803189037	1.0003015577835
6559.005372113	1.0027344052338
6559.0304254179	1.0000351550116
6559.0554788186	0.99647952594057
6559.080532315	0.998259532179
6559.1055859071	1.0011193873728
6559.1306395963	1.0050404750788
6559.1556933798	1.0079043109755
6559.180747259	1.0037562579637
6559.2058012338	1.0012871791989
6559.2308553044	1.0028619616221
6559.2559094707	1.0013124617506
6559.2809637326	0.99630407254066
6559.3060180903	0.99360714561478
6559.3310725436	0.99208014129913
6559.3561270927	0.9925921148261
6559.3811817374	0.99369106959975
6559.4062364779	0.97906341572149
6559.4312913141	0.96443599111309
6559.4563462459	0.94726893615661
6559.4814012735	0.92841525346985
6559.5064563968	0.90603356351841
6559.5315116157	0.89094973492573
6559.5565669304	0.88438469709626
6559.5816223408	0.8928226925658
6559.6066778484	0.90927451108581
6559.6317334501	0.92263866626433
6559.6567891476	0.9357182105516
6559.6818449408	0.94799521682257
6559.7069008297	0.95944764322681
6559.7319568143	0.96479620786406
6559.7570128946	0.97043129758277
6559.7820690706	0.97878456547574
6559.8071253423	0.98406813532851
6559.8321817098	0.9845359326187
6559.8572381729	0.98958703436107
6559.8822947317	0.99652372429872
6559.9073513863	0.99692914016868
6559.9324081366	0.99543241241649
6559.9574649825	0.99782724856423
6559.9825219242	1.0005094277429
6560.0075789616	1.0022778300931
6560.0326360947	1.0020471169288
6560.0576933235	0.99639220038073
6560.082750648	0.99231716724407
6560.1078080697	0.98837009198916
6560.1328655857	0.98171353391583
6560.1579231973	0.97271512650119
6560.1829809047	0.96386939885531
6560.2080387078	0.95425550610106
6560.2330966066	0.95040707409316
6560.2581546011	0.94935755807659
6560.2832126913	0.95766326506786
6560.3082708772	0.96558883915336
6560.3333291588	0.97641286837423
6560.3583875362	0.98395011778902
6560.3834460093	0.98176305944085
6560.4085045781	0.97899875521713
6560.4335632426	0.97484196983441
6560.4586220028	0.9663162422798
6560.4836808587	0.95500196356737
6560.5087398104	0.94123263236203
6560.5337988577	0.92728960603959
6560.5588580008	0.92259984587025
6560.5839172411	0.91868112334676
6560.6089765757	0.92154957428424
6560.6340360059	0.9254145106208
6560.6590955319	0.93177401299206
6560.6841551535	0.93859511458882
6560.7092148709	0.94605158921337
6560.7342746841	0.95332613235878
6560.7593345929	0.96029411577312
6560.7843945975	0.9650203270078
6560.8094546978	0.96789102187683
6560.8345148938	0.96694195607532
6560.8595751855	0.96553312849993
6560.8846355729	0.97482983433609
6560.9096960561	0.98497414152716
6560.934756635	0.989649673895
6560.9598173096	0.99321566734447
6560.98487808	0.99354013282119
6561.009938946	0.99238734888933
6561.0349999078	0.98881644075449
6561.0600609668	0.9889792185393
6561.0851221201	0.99298870731512
6561.110183369	0.99355837084235
6561.1352447137	0.99259873153797
6561.1603061542	0.99432057828053
6561.1853676903	0.99472084137149
6561.2104293222	0.98789785387866
6561.2354910498	0.98237135082934
6561.2605528731	0.97833510290965
6561.2856147922	0.97576746365606
6561.3106768069	0.9752149960718
6561.3357389175	0.97496641429311
6561.3608011237	0.97446223836243
6561.3858634257	0.97291387250769
6561.4109258234	0.97110294914038
6561.4359883168	0.96313738004505
6561.461050906	0.95388987449991
6561.4861135909	0.95218794532137
6561.5111763715	0.95075084717713
6561.5362392478	0.95039401446808
6561.5613022214	0.9505604264984
6561.5863652893	0.95013564717326
6561.6114284528	0.94671151288026
6561.6364917121	0.94073207173847
6561.6615550671	0.93659878839569
6561.6866185179	0.93314490885519
6561.7116820644	0.92788819971278
6561.7367457066	0.92210443375133
6561.7618094445	0.91919578872874
6561.7868732782	0.91511325478986
6561.8119372077	0.90607101092455
6561.8370012328	0.89647306559693
6561.8620653538	0.88541186838229
6561.8871295704	0.8753414718615
6561.9121938828	0.86673623631524
6561.9372582909	0.85869473913385
6561.9623227947	0.85082311726011
6561.9873873943	0.84329872879721
6562.0124520897	0.83587163868635
6562.0375168822	0.82046535572523
6562.0625817691	0.80479657685182
6562.0876467516	0.79153774826853
6562.1127118299	0.77708300247308
6562.1377770039	0.75871864535509
6562.1628422737	0.74123328518321
6562.1879076392	0.72527213735141
6562.2129731005	0.71012499191793
6562.2380386575	0.69610820961526
6562.2631043102	0.68473549062601
6562.2881700587	0.67327515940195
6562.3132359029	0.66365683238772
6562.3383018429	0.65546745548209
6562.3633678786	0.64693982062683
6562.38843401	0.63816695340458
6562.4135002372	0.63262388343642
6562.4385665602	0.6271547371612
6562.4636329789	0.62135686974527
6562.4886994933	0.61859852896706
6562.513766105	0.61849624748433
6562.5388328109	0.61496876588489
6562.5638996126	0.60929310726964
6562.58896651	0.6091205844222
6562.6140335032	0.61044802210006
6562.6391005921	0.61183740443378
6562.6641677768	0.61209585008191
6562.6892350572	0.60935737262117
6562.7143024334	0.60716159440361
6562.7393699053	0.6068260128904
6562.764437473	0.60678268098068
6562.7895051364	0.60682240978278
6562.8145728955	0.60761940363979
6562.8396407504	0.60940986571962
6562.8647087011	0.61255185538763
6562.8897767475	0.61594264176362
6562.9148448897	0.6192012471231
6562.9399131276	0.62212085703865
6562.9649814613	0.62512393440258
6562.9900498907	0.62799110596598
6563.0151184174	0.63064499693523
6563.0401870384	0.63318777447662
6563.065255755	0.63624587193968
6563.0903245675	0.64218223796305
6563.1153934757	0.64959760862158
6563.1404624796	0.65605893847344
6563.1655315793	0.66162239442703
6563.1906007748	0.66706701314648
6563.215670066	0.67255852035356
6563.240739453	0.67926654168995
6563.2658089358	0.68676148619705
6563.2908785142	0.69588942691851
6563.3159481885	0.70671853829678
6563.3410179585	0.71899034079165
6563.3660878243	0.73080952987175
6563.3911577858	0.74164349610825
6563.4162278431	0.7543513896227
6563.4412979961	0.76682615173591
6563.4663682449	0.78495713720345
6563.491438591	0.80368275117363
6563.5165090313	0.82010200237402
6563.5415795674	0.8355863188744
6563.5666501993	0.85017212800314
6563.5917209269	0.86505631858923
6563.6167917503	0.87974760245811
6563.6418626694	0.89487820370468
6563.6669336843	0.9101780899539
6563.692004795	0.91926720780363
6563.7170760014	0.92666042323586
6563.7421473036	0.9351838585624
6563.7672187015	0.94304514046179
6563.7922901952	0.94679741773155
6563.8173617847	0.95086544048393
6563.84243347	0.95398909459619
6563.867505251	0.95310628625892
6563.8925771278	0.94897851107839
6563.9176491003	0.94508574707819
6563.9427211686	0.94047326841796
6563.9677933342	0.93891636450686
6563.9928655941	0.93830445367125
6564.0179379497	0.94446360334827
6564.0430104011	0.95141665965837
6564.0680829482	0.96020244416475
6564.0931555911	0.96771352326022
6564.1182283298	0.97379877513922
6564.1433011643	0.9810502946775
6564.1683740945	0.98898272612389
6564.1934471205	0.99720812988374
6564.2185202423	1.0060361304772
6564.2435934599	1.0110820409794
6564.2686667732	1.0147472398242
6564.2937401823	1.0188445378955
6564.3188136871	1.0221861085956
6564.3438872878	1.0201443832827
6564.3689609842	1.0193163948316
6564.3940347763	1.020838005343
6564.4191086643	1.0215725430522
6564.4441826495	1.0209262647061
6564.469256729	1.0209212953151
6564.4943309043	1.0218751932233
6564.5194051754	1.0223325776993
6564.5444795422	1.0229935060269
6564.5695540048	1.0222464670947
6564.5946285632	1.0218400091941
6564.6197032174	1.0271993164999
6564.6447779673	1.0318776168909
6564.669852813	1.0331194229468
6564.6949277545	1.0339016101051
6564.7200027918	1.0336906608534
6564.7450779248	1.0332952701135
6564.7701531536	1.0331185241247
6564.7952284783	1.0347045451264
6564.8203038986	1.036434757814
6564.8453794148	1.0384002637325
6564.8704550268	1.0399125625975
6564.8955307345	1.0405835696974
6564.920606538	1.0389220086471
6564.9456824388	1.0308928516043
6564.9707584339	1.023719558753
6564.9958345247	1.0193490222979
6565.0209107114	1.0158498580819
6565.0459869938	1.0127936289884
6565.071063372	1.0143002440238
6565.096139846	1.017239199277
6565.1212164157	1.0106512656071
6565.1462930813	1.0055928106897
6565.1713698426	1.0124893398761
6565.1964466998	1.0154776355445
6565.2215236527	1.0105607256867
6565.2466007014	1.0076591011301
6565.2716778459	1.0074419173405
6565.2967550861	1.000133862241
6565.3218324222	0.98970887262925
6565.346909854	0.98139636404609
6565.3719873817	0.97418254368443
6565.3970650051	0.96959663795466
6565.4221427258	0.96312572892278
6565.4472205408	0.95334787825999
6565.4722984516	0.94704938884041
6565.4973764582	0.94557761526654
6565.5224545605	0.94603661736713
6565.5475327587	0.94860292092989
6565.5726110527	0.95864171622448
6565.5976894424	0.97082488851494
6565.6227679279	0.98009571569336
6565.6478465093	0.9897804323953
6565.6729251864	1.0014234827364
6565.6980039593	1.0091472438323
6565.723082828	1.0042655523784
6565.7481617925	0.99995450020162
6565.7732408528	0.99765198534939
6565.7983200088	0.99387229967876
6565.8233992607	0.98835512013146
6565.8484786084	0.98793881013768
6565.8735580519	0.98965037272537
6565.8986375926	0.9879069617366
6565.9237172277	0.98585797993284
6565.9487969585	0.98747915731292
6565.9738767852	0.98986614339315
6565.9989567076	0.9905461597072
6566.0240367259	0.99158045326818
6566.0491168399	0.99517862681497
6566.0741970498	0.99786059085634
6566.0992773554	0.9990016044483
6566.1243577568	1.0050741038975
6566.1494382541	1.0131567818474
6566.1745188471	1.0133205550033
6566.1995995359	1.0121554882889
6566.2246803206	1.0112215328373
6566.249761201	1.0113062380425
6566.2748421772	1.0113585315953
6566.2999232493	1.01025367596
6566.3250044171	1.0104978483218
6566.3500856808	1.0114861024011
6566.3751670402	1.0103601347596
6566.400248497	1.0077016804176
6566.425330048	1.0050582297174
6566.4504116949	1.0038934690306
6566.4754934375	1.0024769500141
6566.500575276	1.0001658361653
6566.5256572103	1.0006425003125
6566.5507392403	1.0015109067161
6566.5758213662	1.0010944020641
6566.6009035879	1.0023550458707
6566.6259859054	1.0033685026961
6566.6510683187	1.0015453505809
6566.6761508278	1.0019266679998
6566.7012334327	1.0043022619623
6566.7263161334	1.0021634714637
6566.7513989299	0.99842994862354
6566.7764818223	0.99697133962917
6566.8015648104	0.99557479971315
6566.8266478944	0.99433911015721
6566.8517310741	0.99385013997135
6566.8768143512	0.99281232601207
6566.9018977226	0.99311778675099
6566.9269811898	0.99426907241126
6566.9520647528	0.99450328472246
6566.9771484116	0.9939225108915
6567.0022321662	0.9938570932119
6567.0273160166	0.99505255541439
6567.0523999629	0.99810564050388
6567.077484005	1.0008670329188
6567.1025681428	1.0027426028325
6567.1276523765	1.0036321759972
6567.152736706	1.0041268941682
6567.1778211313	1.005448583759
6567.2029056525	1.0075553230298
6567.2279902694	1.0079630992015
6567.2530749822	1.0042802032942
6567.2781597907	1.0010011530671
6567.3032446951	0.99846607928042
6567.3283296953	0.99548158109655
6567.3534147929	0.99365516867877
6567.3784999847	0.99299367875334
6567.4035852724	0.99219515324445
6567.4286706559	0.99128502776098
6567.4537561351	0.99107683693248
6567.4788417103	0.99222759674722
6567.5039273812	0.99873477423204
6567.5290131479	1.0047553789709
6567.5540990105	1.0083104815392
6567.5791849689	1.0114179610909
6567.6042710231	1.0143401743064
6567.6293571732	1.017179762433
6567.654443419	1.0168624176595
6567.6795297607	1.0156635449377
6567.7046161982	1.0128145024335
6567.7297027315	1.0107531762734
6567.7547893606	1.0085487491846
6567.7798760856	1.0067684584261
6567.8049629064	1.008094852137
6567.8300498245	1.0083599848258
6567.8551368369	1.009470688622
6567.8802239452	1.011607160717
6567.9053111493	1.0149785945341
6567.9303984492	1.017936689237
6567.9554858449	1.0197166103812
6567.9805733365	1.0210268478615
6568.0056609239	1.0189550641481
6568.0307486071	1.0170078387158
6568.0558363861	1.0157793595704
6568.080924261	1.0146267271245
6568.1060122317	1.0103901575121
6568.1311002982	1.0058202360465
6568.1561884606	1.0049813300201
6568.1812767187	1.0045281711749
6568.2063650728	1.0033360098822
6568.2314535226	1.0020133636968
6568.2565420683	1.0005207963754
6568.2816307098	0.99916241298955
6568.3067194471	1.0006699445462
6568.3318082818	1.0033616891551
6568.3568972108	1.0042010632326
6568.3819862356	1.0039593119347
6568.4070753562	1.0038229162714
6568.4321645727	1.0029155458244
6568.457253885	1.0001166528589
6568.4823432932	0.99766056138422
6568.5074327972	0.997938228098
6568.532522397	0.99840871554656
6568.5576120927	0.99669485967395
6568.5827018842	0.99464305593958
6568.6077917715	0.99323269853346
6568.6328817546	0.99134826446682
6568.6579718336	0.98790593067603
6568.6830620085	0.98420224207747
6568.7081522791	0.98231958236038
6568.7332426456	0.98161779268899
6568.758333108	0.97976468068761
6568.7834236662	0.97786677873553
6568.8085143217	0.97388898271839
6568.8336050716	0.96862209018213
6568.8586959172	0.96128382195308
6568.8837868588	0.95231576401395
6568.9088778962	0.94546937266487
6568.9339690294	0.94176313670611
6568.9590602584	0.94108827946818
6568.9841515833	0.94109881025296
6569.009243004	0.93435065065388
6569.0343345206	0.91969654493052
6569.059426133	0.901275126172
6569.0845178413	0.8777502483126
6569.1096096454	0.85207054691321
6569.1347015454	0.8233880993245
6569.1597935411	0.79969814505636
6569.1848856328	0.78310477946692
6569.2099778202	0.77675665235646
6569.2350701036	0.78861329424544
6569.2601624827	0.80711495009897
6569.2852549592	0.84036416642076
6569.3103475301	0.87194861442848
6569.3354401968	0.90000110719626
6569.3605329593	0.92656230968181
6569.3856258177	0.94964577181224
6569.410718772	0.9681684405749
6569.4358118221	0.97641380655196
6569.460904968	0.98412117635949
6569.4859982098	0.98711634901832
6569.5110915474	0.99015398634641
6569.5361849809	0.99259300171111
6569.5612785102	0.9933501375456
6569.5863721354	0.9917462596314
6569.6114658564	0.99236807658471
6569.6365596733	0.99561129479963
6569.661653586	0.99634418491705
6569.6867475946	0.9929871770058
6569.711841699	0.99081021947963
6569.7369358993	0.99109467762415
6569.7620301954	0.98988455841231
6569.7871245889	0.978497277337
6569.8122190767	0.96920142147987
6569.8373136604	0.9741245329704
6569.86240834	0.97800449274219
6569.8875031154	0.97174715096875
6569.9125979866	0.96530383044641
6569.9376929537	0.96867071184738
6569.9627880167	0.97201859685402
6569.9878831755	0.97884167237669
6570.0129784302	0.98492663318012
6570.0380737807	0.98674320570461
6570.0631692271	0.9887705997187
6570.0882647693	0.99016393978701
6570.1133604074	0.99163100170538
6570.1384561414	0.99097334610926
6570.1635519712	0.98988715132299
6570.1886478968	0.98020161586033
6570.2137439184	0.96963259437766
6570.2388400357	0.97155590744021
6570.2639362505	0.97534682350824
6570.2890325596	0.97798509729358
6570.3141289646	0.9801197034334
6570.3392254654	0.98423970902579
6570.3643220621	0.98977314863932
6570.3894187546	0.9864276314709
6570.414515543	0.98135937287041
6570.4396124273	0.97807343607054
6570.4647094074	0.97567865322434
6570.4898064834	0.97281534038911
6570.5149036553	0.96963854699262
6570.540000923	0.9617036625857
6570.5650982866	0.95091736680397
6570.590195746	0.94235776631114
6570.6152933013	0.93540673680773
6570.6403909525	0.92752741303183
6570.6654886995	0.91805794429106
6570.6905865425	0.91196001380577
6570.7156844812	0.90950309893394
6570.7407825174	0.91297988284961
6570.7658806479	0.91970378471859
6570.7909788742	0.92602516578291
6570.8160771965	0.93075790053633
6570.8411756146	0.94058512740079
6570.8662741286	0.95278641429039
6570.8913727384	0.96095456085795
6570.9164714441	0.96799317349744
6570.9415702457	0.97045926444358
6570.9666691431	0.96909671017536
6570.9917681365	0.96658371083563
6571.0168672256	0.96329928607048
6571.0419664107	0.95633967603228
6571.0670656916	0.94738784280135
6571.0921650684	0.94234022788913
6571.1172645411	0.94215141720046
6571.1423641097	0.94732536630861
6571.1674637741	0.95373295924619
6571.1925635344	0.9619369036735
6571.2176633905	0.97375649594716
6571.2427633441	0.98121528626888
6571.267863392	0.98429360338847
6571.2929635358	0.99054943627595
6571.3180637754	0.99864541050635
6571.343164111	1.0036106045997
6571.3682645424	1.0050246254941
6571.3933650697	1.0045155477253
6571.4184656928	1.0016089274092
6571.4435664119	0.99988258162776
6571.4686672268	1.0006622954664
6571.4937681376	0.99813196521211
6571.5188691442	0.99158373064758
6571.5439702468	0.98797073716094
6571.5690714452	0.98844026409848
6571.5941727395	0.99131041500831
6571.6192741297	0.99664349710403
6571.6443756157	0.99900693247023
6571.6694771977	0.99807411691291
6571.6945788755	0.99626074656567
6571.7196806507	0.99219200156225
6571.7447825203	0.98822017871211
6571.7698844858	0.98071418375832
6571.7949865471	0.97257081602461
6571.8200887043	0.96581672908576
6571.8451909574	0.96348707295966
6571.8702933064	0.96839197868848
6571.8953957513	0.97374894579503
6571.9204982921	0.98431885665189
6571.9456009287	0.99397677964298
6571.9707036612	1.0015416099635
6571.9958064896	1.005478063345
6572.0209094139	1.0009478862293
6572.0460124341	0.9948370362609
6572.0711155502	0.98924521581436
6572.0962187621	0.98371070268786
6572.12132207	0.97428468409992
6572.1464254737	0.96533773668607
6572.1715289733	0.95657294168074
6572.1966325703	0.95066580500452
6572.2217362617	0.95402610617637
6572.246840049	0.9595467409461
6572.2719439321	0.96652223078983
6572.2970479112	0.9701558679214
6572.3221519861	0.97446950713137
6572.347256157	0.98090337170686
6572.3723604237	0.98243473045137
6572.3974647863	0.982532629336
6572.4225692448	0.98111208474404
6572.4476737992	0.97959968903913
6572.4727784495	0.97836820266112
6572.4978831956	0.97531606399066
6572.5229880377	0.96468239302256
6572.5480929757	0.95602344171767
6572.5731980095	0.9452259583624
6572.5983031393	0.93510373249302
6572.6234083649	0.91718845878349
6572.6485136864	0.89912989352355
6572.6736191054	0.86719172279993
6572.6987246187	0.83518721750954
6572.7238302279	0.81340537113342
6572.748935933	0.79027602545373
6572.774041734	0.78466292686355
6572.7991476309	0.77662911913165
6572.8242536237	0.79072797228587
6572.8493597124	0.80396962049918
6572.874465897	0.8421294498525
6572.8995721775	0.88197988145098
6572.9246785539	0.90594542612896
6572.9497850262	0.93083134046513
6572.9748915944	0.94582209341813
6572.9999982585	0.9601743580994
6573.0251050185	0.96380585734394
6573.0502118744	0.96557638434625
6573.0753188261	0.97069763284316
6573.1004258738	0.97869220877965
6573.1255330174	0.98240915202757
6573.1506402569	0.98556062731837
6573.1757475938	0.99108911936943
6573.2008550251	0.99657125486968
6573.2259625523	0.99317737172336
6573.2510701754	0.98836119691623
6573.2761778944	0.99193489806471
6573.3012857093	0.99727721913169
6573.3263936201	0.98963184609908
6573.3515016268	0.97942966373717
6573.3766097294	0.98258484363946
6573.401717928	0.98733451004386
6573.4268262224	0.98865069194391
6573.4519346127	0.98906127005957
6573.477043099	0.98941608743277
6573.5021516811	0.98786327594371
6573.5272603591	0.98740889944084
6573.5523691331	0.98811629056885
6573.577478003	0.98786291520807
6573.6025869687	0.98780226622429
6573.6276960304	0.98681927831574
6573.6528051895	0.98489582417857
6573.677914443	0.97848913283569
6573.7030237924	0.97051473906769
6573.7281332378	0.9637304165003
6573.753242779	0.95904141602536
6573.7783524161	0.95933378605411
6573.8034621492	0.96092571990331
6573.8285719781	0.95787052110758
6573.853681903	0.95480341020294
6573.8787919238	0.95813163413572
6573.9039020405	0.96396128616217
6573.9290122531	0.96968647817175
6573.9541225616	0.9754106092612
6573.9792329661	0.97173673194394
6574.0043434664	0.96525508759304
6574.0294540627	0.95489737471218
6574.0545647549	0.94101946597122
6574.079675543	0.91446654935863
6574.104786427	0.88229728415341
6574.1298974084	0.8490972973384
6574.1550084842	0.81401571446079
6574.180119656	0.7909960292264
6574.2052309237	0.77154810661831
6574.2303422873	0.77426989685225
6574.2554537468	0.78874519452323
6574.2805653022	0.81023335657161
6574.3056769535	0.83693618640026
6574.3307887008	0.8658397013781
6574.355900544	0.89754853413089
6574.3810124831	0.9185806346993
6574.4061245181	0.9344630067352
6574.431236649	0.94764210236381
6574.4563488759	0.95796103809077
6574.4814611987	0.95956199732251
6574.5065736174	0.95444712943135
6574.531686132	0.94276504268699
6574.5567987425	0.92802729915931
6574.581911449	0.91793537050185
6574.6070242514	0.91161606897476
6574.6321371512	0.9122300217845
6574.6572501455	0.91860405863146
6574.6823632356	0.92903589834191
6574.7074764217	0.94353412572407
6574.7325897037	0.9549576110259
6574.7577030816	0.9628400884432
6574.7828165555	0.96141419692041
6574.8079301253	0.95145232307205
6574.833043791	0.93151640642815
6574.8581575526	0.90256062267763
6574.8832714102	0.87060249414659
6574.9083853637	0.83548486446563
6574.9334994131	0.80223815445584
6574.9586135584	0.76993375300261
6574.9837277997	0.7481186571727
6575.0088421369	0.73715567283012
6575.03395657	0.74239712717694
6575.0590710991	0.76540852164691
6575.0841857241	0.79272902613295
6575.1093004465	0.82586951462764
6575.1344152633	0.85768365881697
6575.1595301761	0.88607350834909
6575.1846451848	0.90994221901518
6575.2097602895	0.92891535711085
6575.23487549	0.94012662136744
6575.2599907865	0.94226733244923
6575.285106179	0.94812667997157
6575.3102216673	0.95763872384555
6575.3353372517	0.96416564150678
6575.3604529319	0.96874538112672
6575.3855687081	0.97338989172649
6575.4106845802	0.97951604038986
6575.4358005482	0.98557471969316
6575.4609166122	0.99283753568584
6575.4860327721	0.99888994439946
6575.5111490279	1.0009437242441
6575.5362653797	1.0023706782944
6575.5613818274	1.0003909623569
6575.5864983726	0.99740433107473
6575.6116150122	0.99199463262899
6575.6367317477	0.98981864464638
6575.6618485792	0.99345549001762
6575.6869655066	0.99187657645361
6575.7120825299	0.98315766086137
6575.7371996492	0.97769786759323
6575.7623168644	0.9758650141527
6575.7874341756	0.97114122242389
6575.8125515827	0.96377513498294
6575.8376690857	0.95822815715616
6575.8627866847	0.95698497844979
6575.8879043796	0.95651431012925
6575.9130221705	0.95407676653933
6575.9381400573	0.95231201457574
6575.96325804	0.95667733377064
6575.9883761187	0.96125347570528
6576.0134942934	0.96156269217093
6576.0386125639	0.96056860221725
6576.0637309305	0.9585129700781
6576.0888493945	0.955292249549
6576.1139679529	0.94827600495763
6576.1390866072	0.94037364716236
6576.1642053575	0.93221704185277
6576.1893242038	0.92568353289846
6576.214443146	0.9239613071262
6576.2395621841	0.92300435325095
6576.2646813182	0.92285124080323
6576.2898005482	0.92335878089304
6576.3149198742	0.92448002229627
6576.3400392961	0.92893190650961
6576.365158814	0.94086715880419
6576.3902784278	0.94920655428734
6576.4153981376	0.94794764309408
6576.4405179433	0.94495611408803
6576.465637845	0.93886109607861
6576.4907578426	0.93408518379439
6576.5158779362	0.93325753605366
6576.5409981257	0.93379398400158
6576.5661184127	0.93705758557938
6576.5912387941	0.94075599165309
6576.6163592715	0.94438633556678
6576.6414798448	0.94727260891145
6576.6666005141	0.94816276526572
6576.6917212793	0.9486317450495
6576.7168421405	0.95095895261149
6576.7419630977	0.95486861525498
6576.7670841508	0.95603836929794
6576.7922052998	0.95296147783824
6576.8173265448	0.94343660070324
6576.8424478858	0.93686074216345
6576.8675693227	0.93686055952317
6576.8926908556	0.93638211225559
6576.9178124844	0.93654531658391
6576.9429342092	0.93750131708244
6576.9680560299	0.94123439528205
6576.9931779466	0.94610050154296
6577.0182999593	0.95379355656683
6577.0434220694	0.95962291085863
6577.068544274	0.9606876845124
6577.0936665745	0.96186581498493
6577.118788971	0.96265767756875
6577.1439114635	0.96322238824276
6577.1690340519	0.9638538174835
6577.1941567362	0.96552628315672
6577.2192795166	0.97033301681938
6577.2444023929	0.97392388652252
6577.2695253651	0.96986146376451
6577.2946484333	0.96546310466244
6577.3197715975	0.96489007990504
6577.3448948577	0.96579535981815
6577.3700182138	0.96597774838023
6577.3951416658	0.96298396574542
6577.4202652139	0.95822046834978
6577.4453888578	0.95652566808653
6577.4705125978	0.955356540617
6577.4956364337	0.9530537831901
6577.5207603671	0.95003736060823
6577.545884395	0.94639875401094
6577.5710085188	0.94721265729942
6577.5961327386	0.95169282665568
6577.6212570543	0.95855986296486
6577.6463814661	0.96213059423654
6577.6715059737	0.95990035336977
6577.6966305774	0.95891227773722
6577.721755277	0.963936501456
6577.7468800726	0.96783324229072
6577.7720049642	0.9648275330983
6577.7971299517	0.96214981164885
6577.8222550352	0.96109184396271
6577.8473802147	0.96042240268009
6577.8725054901	0.96297370573015
6577.8976308615	0.96511093353509
6577.9227563289	0.96291101825931
6577.9478818922	0.96069118639539
6577.9730075515	0.95683622609008
6577.9981333068	0.95352141645138
6578.0232591596	0.95533060122352
6578.0483851069	0.95655903121509
6578.0735111501	0.95324669639366
6578.0986372893	0.95026499120251
6578.1237635244	0.95010049225797
6578.1488898555	0.95029718653318
6578.1740162826	0.951983607702
6578.1991428057	0.95382633206596
6578.2242694248	0.95378298720582
6578.2493961398	0.95323054214223
6578.2745229508	0.95468872306434
6578.2996498578	0.9556771873354
6578.3247768608	0.95277155388251
6578.3499039597	0.9488998185397
6578.3750311546	0.94600029669836
6578.4001584455	0.94478394384347
6578.4252858324	0.94702447914644
6578.4504133153	0.94810178774352
6578.4755408941	0.94474202358648
6578.5006685704	0.94259615767016
6578.5257963412	0.94285535018375
6578.550924208	0.94212157015847
6578.5760521707	0.93736268917351
6578.6011802294	0.93375791315554
6578.6263083842	0.93677773441612
6578.6514366348	0.93910019199492
6578.6765649815	0.9375970237414
6578.7016934242	0.93700134027881
6578.7268219628	0.93668692505498
6578.7519505974	0.93428561731266
6578.7770793281	0.92798539753173
6578.8022081546	0.9232297500034
6578.8273370772	0.92076467654058
6578.8524660958	0.91868697640153
6578.8775952103	0.91912239758738
6578.9027244208	0.91883148182606
6578.9278537274	0.91674857259499
6578.9529831299	0.91647428008948
6578.9781126299	0.9284418955845
6579.0032422243	0.93785970495408
6579.0283719148	0.93286167195556
6579.0535017012	0.92961646646484
6579.0786315837	0.93370675172489
6579.1037615621	0.93673732617671
6579.1288916365	0.93723214857857
6579.1540218069	0.93817518038986
6579.1791520733	0.93926666527529
6579.2042824357	0.94004549418539
6579.2294128941	0.93774494966493
6579.2545434484	0.93470610334254
6579.2796740988	0.92882016747286
6579.3048048451	0.92305111690674
6579.3299356874	0.91847141736626
6579.3550666258	0.91411868486585
6579.3801976601	0.91513477678237
6579.4053287904	0.91824974088756
6579.4304600167	0.92355724281899
6579.455591339	0.92794442021158
6579.4807227588	0.93486267195139
6579.5058542731	0.94162348594353
6579.5309858833	0.94502262382567
6579.5561175896	0.94835169605178
6579.5812493919	0.94794232480208
6579.6063812902	0.94778223016998
6579.6315132844	0.95409505533876
6579.6566453747	0.95816531961538
6579.6817775609	0.94984071020463
6579.7069098432	0.94439030035684
6579.7320422214	0.94902338516074
6579.7571746957	0.95066194166653
6579.7823072659	0.94402378454779
6579.8074399321	0.93890620558621
6579.8325726944	0.93546690490496
6579.8577055526	0.93101294527877
6579.8828385068	0.92617902394871
6579.9079715571	0.92237473198544
6579.9331047033	0.92092935910107
6579.9582379471	0.91912620521852
6579.9833712853	0.91743094935806
6580.0085047196	0.91520021738774
6580.0336382498	0.91021888031176
6580.058771876	0.90672578438746
6580.0839055983	0.90797317115015
6580.1090394165	0.90659330016851
6580.1341733308	0.89567514501003
6580.159307341	0.88586803641355
6580.1844414473	0.88231616316046
6580.2095756496	0.88129728773531
6580.2347099478	0.88976244708331
6580.2598443421	0.898040516192
6580.2849788324	0.90403203596476
6580.3101134187	0.90731950747591
6580.335248101	0.9073428950843
6580.3603828793	0.91186086737523
6580.3855177536	0.92430946568831
6580.4106527239	0.93292770369913
6580.4357877917	0.92859932220452
6580.460922954	0.92600917440982
6580.4860582124	0.92877377892613
6580.5111935667	0.92686344834268
6580.5363290171	0.91225550755986
6580.5614645634	0.90440571960945
6580.5866002058	0.91414399963852
6580.6117359442	0.9191883081542
6580.6368717786	0.912324350156
6580.662007709	0.9098507835619
6580.6871437354	0.92218543513407
6580.7122798578	0.92853833521689
6580.7374160763	0.92247559199904
6580.7625523907	0.91763804328483
6580.7876888012	0.90461533134716
6580.8128253076	0.89137028912786
6580.8379619101	0.88755677420925
6580.8630986086	0.88569776586302
6580.8882354031	0.88264588727923
6580.9133722952	0.87974066899827
6580.9385092817	0.87943522018721
6580.9636463643	0.87520469378353
6580.9887835429	0.86380147326499
6581.0139208175	0.85396395142788
6581.0390581881	0.84289956161597
6581.0641956547	0.82939046864463
6581.0893332174	0.81297449906468
6581.114470876	0.79530145519076
6581.1396086307	0.77210201025364
6581.1647464814	0.75371126413359
6581.1898844281	0.75155769024826
6581.2150224708	0.75746517952078
6581.2401606096	0.77909921796009
6581.2652988444	0.80237153758742
6581.2904371752	0.83289815180353
6581.315575602	0.86283690795313
6581.3407141248	0.88750503153874
6581.3658527437	0.90811806883796
6581.3909914585	0.92005716727058
6581.416130271	0.92935892770485
6581.4412691779	0.93479209804173
6581.4664081808	0.93610283246352
6581.4915472798	0.92831488574153
6581.5166864748	0.92183976610064
6581.5418257658	0.91940956192802
6581.5669651528	0.91773609147568
6581.5921046359	0.91834688312325
6581.617244215	0.9165626786375
6581.6423838901	0.91465997917113
6581.6675236612	0.90612502479388
6581.6926635284	0.90491814127771
6581.7178034916	0.90621143587814
6581.7429435508	0.90505116333547
6581.7680837061	0.91107821959976
6581.7932239573	0.92133303853232
6581.8183643046	0.929205010809
6581.8435047479	0.9267431674881
6581.8686452873	0.92779642487864
6581.8937859242	0.93410037457916
6581.9189266556	0.92887682169414
6581.9440674831	0.92482544010925
6581.9692084065	0.92362349031915
6581.994349426	0.93024526381562
6582.0194905416	0.92848954871469
6582.0446317531	0.91681569238763
6582.0697730607	0.90979290610453
6582.0949144644	0.9037763912652
6582.120055964	0.90135545911292
6582.1451975597	0.90180371758354
6582.1703392514	0.89816627468248
6582.1954810392	0.89822465360399
6582.220622923	0.9023378938619
6582.2457649028	0.91017504429541
6582.2709069787	0.91439181269702
6582.2960491506	0.91839319424838
6582.3211914185	0.92635737905922
6582.3463337825	0.92496024876167
6582.371476244	0.9251142730691
6582.3966188	0.92488568537725
6582.4217614521	0.92166405225258
6582.4469042002	0.91742639445644
6582.4720470444	0.91786108783805
6582.4971899845	0.91942728294629
6582.5223330208	0.91544210830382
6582.547476153	0.90011836461647
6582.5726193813	0.89040137100726
6582.5977627057	0.88016414450962
6582.6229061261	0.86925018164672
6582.6480496425	0.86854343939526
6582.6731932549	0.86848703648597
6582.6983369634	0.86995261874316
6582.723480768	0.87158829570602
6582.7486246686	0.87865781312539
6582.7737686652	0.87992839742854
6582.7989127579	0.87428286882671
6582.8240569466	0.87502136924197
6582.8492012313	0.87377597550065
6582.8743456136	0.87067409077523
6582.8994900905	0.87175465186375
6582.9246346633	0.86998280590006
6582.9497793323	0.85952633075021
6582.9749240972	0.85811321591482
6583.0000689583	0.8523426984321
6583.0252139153	0.86316580015088
6583.0503589684	0.91733211866113
6583.0755041176	0.9167691845841
6583.1006493628	0.91947884759051
6583.125794704	0.91491947574571
6583.1509401413	0.91130867359379
6583.1760856747	0.91172405875335
6583.201231304	0.90594037740036
6583.2263770295	0.89978806440904
6583.251522851	0.89645285197816
6583.2766687685	0.90298251129566
6583.3018147821	0.90555265006277
6583.3269608917	0.90701362612725
6583.3521070989	0.91322215830299
6583.3772534007	0.91456894215712
6583.4023997984	0.92390439523351
6583.4275462923	0.92694448658326
6583.4526928822	0.92426619469589
6583.4778395681	0.93079920666841
6583.5029863501	0.94344990415726
6583.5281332281	0.94340562743587
6583.5532802022	0.93379782849588
6583.5784272724	0.93018801237425
6583.6035744386	0.92277404194784
6583.6287217009	0.90419394891836
6583.6538690592	0.88689495656816
6583.6790165135	0.88059448283263
