6546.1393625798	0.77305811141544
6546.1643667407	0.74498927645748
6546.1893709972	0.71891919387925
6546.2143753491	0.71205680530352
6546.2393797981	0.71038149667305
6546.2643843411	0.73117076144512
6546.2893889796	0.75792301612815
6546.3143937136	0.79630306025116
6546.3393985431	0.83618673900019
6546.3644034681	0.876930892311
6546.3894084886	0.91258218874822
6546.4144136046	0.94562872221064
6546.4394188162	0.96754356498237
6546.4644241232	0.98331109443884
6546.4894295258	0.99405669030694
6546.5144350239	1.0044681735621
6546.5394406175	1.0112204850029
6546.5644463066	1.0163268564329
6546.5894520912	1.0200627137633
6546.6144579714	1.0246778117952
6546.639463947	1.0288840873822
6546.6644700182	1.0302600643903
6546.6894761849	1.0280071640227
6546.7144824486	1.0255202081157
6546.7394888063	1.0213269607895
6546.7644952595	1.0148240174678
6546.7895018083	1.0094200356538
6546.8145084525	1.0047862782009
6546.8395151923	0.99939299004291
6546.8645220276	0.9916862714674
6546.8895289584	0.98686092122988
6546.9145359848	0.98747407797555
6546.9395431066	0.98748970742512
6546.964550324	0.99243809037533
6546.9895576369	0.99759264001588
6547.0145650453	0.99832216734327
6547.0395725492	0.99588657160617
6547.0645801487	0.99217346382818
6547.0895878437	0.98814421412934
6547.1145956341	0.97967091246538
6547.1396035202	0.97208078294252
6547.1646115017	0.96673218933516
6547.1896195803	0.96255989897635
6547.2146277529	0.95914640802131
6547.239636021	0.95708957085204
6547.2646443846	0.95658039338129
6547.2896528438	0.95871978242816
6547.3146613984	0.96182366576332
6547.3396700486	0.96829989718374
6547.3646787944	0.97504086116048
6547.3896876356	0.97632911801012
6547.4146965724	0.97759333663581
6547.4397056047	0.97166668120929
6547.4647147326	0.96566099605859
6547.4897239559	0.96224407163952
6547.5147332748	0.95838797605909
6547.5397426892	0.95534560285836
6547.5647521992	0.95334434780585
6547.5897618046	0.95191807149372
6547.6147715056	0.95223344130229
6547.6397813022	0.95338056588923
6547.6647911942	0.95132183923093
6547.6898011833	0.94858143058278
6547.7148112664	0.94744563950285
6547.7398214451	0.94522653280094
6547.7648317193	0.94178133714807
6547.789842089	0.94003477198581
6547.8148525542	0.94394059693169
6547.839863115	0.94859489819029
6547.8648737713	0.9529704465715
6547.8898845232	0.96002603301721
6547.9148953705	0.96822768654817
6547.9399063134	0.97063327304313
6547.9649173519	0.96588842857791
6547.9899284859	0.95831492366384
6548.0149397154	0.94910266358874
6548.0399510404	0.93969846502351
6548.064962461	0.92967000519317
6548.0899739771	0.92977501698952
6548.1149855888	0.93271979500767
6548.1399972959	0.93971675389416
6548.1650091002	0.94753649580379
6548.1900209984	0.95974223362821
6548.2150329922	0.97073157051859
6548.2400450816	0.97610912932897
6548.2650572665	0.98159423320019
6548.2900695469	0.98754604688551
6548.3150819228	0.99555536101407
6548.3400943943	1.0026131467515
6548.3651069613	1.0083450267147
6548.3901196239	1.0117196160679
6548.415132382	1.0144943239033
6548.4401452357	1.0164037896929
6548.4651581849	1.0143011855752
6548.4901712296	1.0126897461079
6548.5151843699	1.0145250426742
6548.5401976057	1.015286376281
6548.5652109371	1.0143773180231
6548.590224364	1.0146401077644
6548.6152378864	1.0130549982388
6548.6402515059	1.0117212664573
6548.6652652195	1.0135265956133
6548.6902790285	1.0137952732231
6548.7152929332	1.0121559107731
6548.7403069333	1.0129217546461
6548.7653210291	1.0156430822555
6548.7903352203	1.0186702133081
6548.8153495071	1.0218027657468
6548.8403638895	1.0236862349046
6548.8653783674	1.0236598653744
6548.8903929408	1.0243507177281
6548.9154076098	1.0253132797681
6548.9404223744	1.0286920286816
6548.9654372345	1.0314639528409
6548.9904521901	1.0355692659689
6549.0154672413	1.0391680319569
6549.040482388	1.0391758266403
6549.0654976303	1.0373252303636
6549.0905129682	1.0315317196782
6549.1155284031	1.0255555310464
6549.140543932	1.0218959095681
6549.1655595565	1.019551486005
6549.1905752765	1.0172411162962
6549.2155910921	1.0144836813029
6549.2406070033	1.0145543487181
6549.26562301	1.009543837792
6549.2906391123	1.0028337473057
6549.3156553101	1.0042284865058
6549.3406716034	1.0061076283099
6549.3656879923	1.0079817886527
6549.3907044768	1.0086158173895
6549.4157210568	1.0072737139908
6549.4407377324	1.0057488660773
6549.4657545036	1.0044919907003
6549.4907713703	1.0061983036241
6549.5157883325	1.0101012736678
6549.5408053903	1.0123043150031
6549.5658225437	1.0128215619459
6549.5908397926	1.0150401833823
6549.6158571386	1.0183626759152
6549.6408745786	1.0168792128756
6549.6658921142	1.0146532192214
6549.6909097454	1.0155998268442
6549.7159274721	1.0185142952713
6549.7409452944	1.0233570047453
6549.7659632122	1.0288787327392
6549.7909812256	1.0312748170496
6549.8159993346	1.0324146672821
6549.8410175391	1.0345500265235
6549.8660358392	1.0308499548459
6549.8910542348	1.0246798133055
6549.916072726	1.0170777194861
6549.9410913128	1.0102928708456
6549.9661099951	1.0056460239218
6549.991128773	1.0032016102496
6550.0161476464	1.0028744778928
6550.0411666155	1.0029187847207
6550.06618568	1.0023387267152
6550.0912048417	1.0005809231755
6550.1162240974	0.99116885774803
6550.1412434487	0.98261900018626
6550.1662628955	0.97669916866245
6550.1912824379	0.97211270405326
6550.2163020759	0.96941805609182
6550.2413218095	0.96751351168483
6550.2663416386	0.96683414483436
6550.2913615633	0.97133740064614
6550.3163815835	0.9782537867108
6550.3414016993	0.98753561649992
6550.3664219107	0.99720973288552
6550.3914422177	1.0015836704325
6550.4164626202	1.0052330657659
6550.4414831183	1.0108087859137
6550.466503712	1.0159967228455
6550.4915244012	1.0170129642898
6550.516545186	1.0166696739905
6550.5415660664	1.0143139219814
6550.5665870438	1.0134590723896
6550.5916081154	1.0132198361307
6550.6166292825	1.0120843771648
6550.6416505451	1.0128082058295
6550.6666719034	1.0117478364448
6550.6916933572	1.0076158764484
6550.7167149066	1.0057275401611
6550.7417365515	1.0047648193273
6550.7667582921	0.99849010422173
6550.7917801282	0.99058457025929
6550.8168020599	0.98160631060414
6550.8418240871	0.97427071937646
6550.86684621	0.97283678529937
6550.8918684284	0.97500179316291
6550.9168907424	0.98016750039527
6550.941913152	0.98755168237474
6550.9669356571	0.99969218115211
6550.9919582578	1.0083962784925
6551.0169809541	1.0119332164696
6551.042003746	1.0123488060843
6551.067026635	1.0114688748232
6551.092049618	1.0124860515636
6551.1170726967	1.0140940029381
6551.1420958709	1.0153151571468
6551.1671191406	1.0161242651894
6551.192142506	1.0117721232897
6551.2171659669	1.0080376406064
6551.2421895235	1.0046537033203
6551.2672131756	1.0008331596043
6551.2922369233	0.99701546527809
6551.3172607665	0.99336245787308
6551.3422847054	0.99018402968275
6551.3673087398	0.98612850502485
6551.3923328699	0.98218678007172
6551.4173570955	0.97836792292
6551.4423814167	0.97380056556982
6551.4674058334	0.96817614868002
6551.4924303458	0.96231446784696
6551.5174549538	0.95266106626475
6551.5424796588	0.94317928239078
6551.5675044579	0.92921282584588
6551.5925293526	0.91706280499449
6551.6175543429	0.90998151229262
6551.6425794288	0.90502795722103
6551.6676046103	0.90546028426397
6551.6926298873	0.91304992889111
6551.71765526	0.9260728144902
6551.7426807282	0.94134466559426
6551.767706292	0.95813035564071
6551.7927319515	0.97177674088693
6551.8177577065	0.98501359724932
6551.842783557	0.99116487658404
6551.8678095032	0.99769434306962
6551.892835545	1.0017844023249
6551.9178616824	1.0054923370433
6551.9428879153	1.0058986679174
6551.9679142439	1.0042316706017
6551.992940668	1.0007914364116
6552.0179671893	0.99349896535734
6552.0429938046	0.9816633041733
6552.0680205155	0.97363505696362
6552.0930473221	0.96795297247605
6552.1180742242	0.97113415129531
6552.1431012219	0.97865119013145
6552.1681283152	0.98760595675399
6552.1931555041	0.99728086042444
6552.2181827886	0.99989369647372
6552.2432101687	1.0030262485691
6552.2682376443	1.0038767016351
6552.2932652156	1.0054087428708
6552.3182928825	1.0096638782315
6552.343320645	1.0108606967769
6552.3683485031	1.006339606926
6552.3933764567	1.0052732124289
6552.418404506	1.006286433024
6552.4434326509	1.0045002441368
6552.4684608914	1.0018285389696
6552.4934892274	0.99691082094193
6552.5185176606	0.99147892891672
6552.5435461879	0.98788996463654
6552.5685748108	0.98466966970266
6552.5936035292	0.98066728692046
6552.6186323433	0.97654942003505
6552.643661253	0.97668615482461
6552.6686902583	0.97777696161104
6552.6937193592	0.97872527407177
6552.7187485557	0.98269186321869
6552.7437778478	0.99001150376435
6552.7688072355	0.99491248055729
6552.7938367187	0.99823426791258
6552.8188662977	1.0033363760575
6552.8438959722	1.0088982583204
6552.8689257423	1.0108956091565
6552.893955608	1.0112238628432
6552.9189855693	1.0132126478535
6552.9440156263	1.0183040213722
6552.9690457788	1.0243289274119
6552.9940760285	1.0296998323448
6553.0191063722	1.0333766429216
6553.0441368116	1.035751612353
6553.0691673465	1.0328796758839
6553.0941979771	1.0264028224795
6553.1192287033	1.019446401672
6553.1442595251	1.0096474999385
6553.1692904425	1.0001828162226
6553.1943214555	0.99782453429473
6553.2193525642	0.9975082103676
6553.2443837684	0.99790239899763
6553.2694150683	0.99982505242722
6553.2944464637	1.000756860588
6553.3194779548	1.00290978188
6553.3445095415	1.0073543118633
6553.3695412238	1.0114908974648
6553.3945730017	1.0139138961148
6553.4196048752	1.01214964033
6553.4446368444	1.0075725501662
6553.4696689106	1.0074577819466
6553.494701071	1.0083546109738
6553.519733327	1.0075517755647
6553.5447656786	1.0070433763933
6553.5697981258	1.0095909960981
6553.5948306686	1.0125623359304
6553.619863307	1.0113496340233
6553.6448960411	1.0108168101535
6553.6699288708	1.0107062450475
6553.6949617961	1.0095047470967
6553.719994817	1.0085864431836
6553.7450279335	1.0108249425719
6553.7700611457	1.0154277963627
6553.7950944535	1.0182366782621
6553.8201278568	1.021327119002
6553.8451613559	1.023269645771
6553.8701949505	1.0220625500732
6553.8952286407	1.0178083764237
6553.9202624266	1.0135361480701
6553.9452963096	1.0070510934396
6553.9703302867	1.0014813481124
6553.9953643594	0.99536251449484
6554.0203985278	0.98785077568415
6554.0454327918	0.97681694515985
6554.0704671514	0.96291690463802
6554.0955016066	0.94397643987803
6554.1205361575	0.92321171607657
6554.1455708039	0.90076377152602
6554.170605546	0.88677438696092
6554.1956403838	0.87480249127579
6554.2206753171	0.87742731963325
6554.2457103461	0.88336129575229
6554.2707454707	0.90490120505539
6554.2957806909	0.92666735437263
6554.3208160067	0.94535975990283
6554.3458514182	0.9631062778813
6554.3708869253	0.97729510626178
6554.3959225281	0.98919690540432
6554.4209582264	0.99703050198299
6554.4459940219	1.002351231952
6554.4710299115	1.0070218527895
6554.4960658968	1.0106764937681
6554.5211019777	1.0131353883774
6554.5461381542	1.0132979181762
6554.5711744263	1.0129004281887
6554.5962107941	1.0131343933536
6554.6212472575	1.0136999787931
6554.6462838165	1.0105084822304
6554.6713204712	1.0048887721039
6554.6963572215	1.0007026760184
6554.7213940674	0.99613299779028
6554.7464310089	0.98975761983357
6554.7714680461	0.98583139461674
6554.7965051789	0.98342870310975
6554.8215424074	0.98245759624234
6554.8465797315	0.98382884153243
6554.8716171512	0.98820868405119
6554.8966546666	0.99418689233387
6554.9216922791	0.9971395223504
6554.9467299857	0.99807328175708
6554.971767788	0.99621082452788
6554.9968056859	0.9958455522262
6555.0218436794	0.99863025581132
6555.0468817686	0.99803679794259
6555.0719199534	0.99009137660439
6555.0969582339	0.98397604875953
6555.12199661	0.98244335681617
6555.1470350817	0.9862588228121
6555.1720736491	0.99140143398438
6555.1971123121	0.99446653199916
6555.2221510708	0.99778784130164
6555.247189925	0.99318421879382
6555.272228875	0.98632651426024
6555.2972679205	0.97212968688328
6555.3223070618	0.9581615825681
6555.3473462986	0.94256808755757
6555.3723856311	0.92680047948817
6555.3974250607	0.90998456777649
6555.4224645845	0.90000366352797
6555.447504204	0.89728654301945
6555.472543919	0.9014724853954
6555.4975837297	0.90874566085412
6555.5226236361	0.92684384400278
6555.5476636381	0.94982159810985
6555.5727037357	0.96624097476417
6555.597743929	0.97981813253261
6555.622784218	0.98637013397484
6555.6478246025	0.99157977051886
6555.6728650828	0.98986880944087
6555.6979056586	0.98849492770289
6555.7229463302	0.98743023313904
6555.7479870973	0.98523021844463
6555.7730279601	0.98183599514668
6555.7980689186	0.98154475196061
6555.8231099727	0.98345473324761
6555.8481511225	0.97970253458427
6555.8731923679	0.97110759711141
6555.8982337105	0.95412967783604
6555.9232751472	0.93811027426263
6555.9483166795	0.91986293599145
6555.9733583075	0.90057712296883
6555.9984000312	0.88233077298048
6556.0234418505	0.86935756674608
6556.0484837655	0.86587942575809
6556.0735257761	0.87234604412306
6556.0985678824	0.89126849051926
6556.1236100843	0.91702656945212
6556.1486523819	0.94460467075381
6556.1736947751	0.96922114837002
6556.198737264	0.9920891677822
6556.2237798485	1.0049790152669
6556.2488225287	1.0150427583218
6556.2738653045	1.0174015492505
6556.298908176	1.0192094143952
6556.3239511432	1.0190084094505
6556.348994206	1.0189980107279
6556.374037366	1.0189753434432
6556.3990806201	1.0197721504716
6556.4241239699	1.0209464167285
6556.4491674153	1.02131390738
6556.4742109564	1.0223036277368
6556.4992545932	1.0206295842424
6556.5242983256	1.0160417225652
6556.5493421537	1.0091710110549
6556.5743860774	1.0021728789535
6556.5994300968	0.98848283602377
6556.6244742119	0.97438034524309
6556.6495184226	0.95966983808247
6556.674562729	0.94680724741479
6556.699607131	0.93694357435834
6556.7246516287	0.93182541035438
6556.7496962221	0.92960009978138
6556.7747409111	0.93297422895363
6556.7997856958	0.9401097144886
6556.8248305761	0.95107089432871
6556.8498755537	0.96311866403455
6556.8749206253	0.97738118620834
6556.8999657927	0.98893625558027
6556.9250110557	0.99439501229965
6556.9500564144	0.99922910228374
6556.9751018687	1.0005922714236
6557.0001474187	1.0014261099086
6557.0251930644	1.0016597125844
6557.0502388057	1.0034632728262
6557.0752846427	1.0059434193147
6557.1003305754	1.0061292150905
6557.1253766037	1.005943836578
6557.1504227277	1.0062775828392
6557.1754689474	1.0052798816776
6557.2005152627	1.0052040369203
6557.2255616737	1.0059425222826
6557.2506081804	1.0075037514969
6557.2756547828	1.0072766168171
6557.3007014808	1.0032306827166
6557.325748276	0.99956833206659
6557.3507951653	0.99735981597738
6557.3758421504	0.99999039238355
6557.4008892311	1.0037986198671
6557.4259364074	1.004948269561
6557.4509836795	1.0046980413834
6557.4760310472	1.0078497200457
6557.5010785106	1.0121702861547
6557.5261260696	1.0143780429848
6557.5511737244	1.0159170553967
6557.5762214748	1.0169459437986
6557.6012693209	1.0157551508678
6557.6263172626	1.013710173782
6557.6513653001	1.0115572738158
6557.6764134332	1.0093753677132
6557.701461662	1.0065336891237
6557.7265099864	1.0044214955856
6557.7515584066	0.99991993536553
6557.7766069224	0.99494767416113
6557.8016555339	0.98936583345594
6557.8267042426	0.98566088777413
6557.8517530454	0.98737470738352
6557.876801944	0.98772690541871
6557.9018509382	0.98305237943894
6557.9269000281	0.97825011417588
6557.9519492136	0.97430214936228
6557.9769984949	0.96943080383818
6558.0020478718	0.96182373361108
6558.0270973444	0.95424334170742
6558.0521469127	0.94706008227693
6558.0771965767	0.94371600407679
6558.1022463363	0.94092008385404
6558.1272961916	0.94382571406436
6558.1523461427	0.94851857490432
6558.1773961894	0.95676045005934
6558.2024463317	0.96397188072505
6558.2274965698	0.97062574247053
6558.2525469036	0.9792851123384
6558.277597333	0.99029751193486
6558.3026478596	1.0003056891963
6558.3276984804	1.0118751222059
6558.3527491969	1.0173496980192
6558.3778000091	1.0174674870689
6558.4028509169	1.0148265672197
6558.4279019205	1.0084801644266
6558.4529530197	1.0062931460644
6558.4780042146	1.004466116604
6558.5030555053	1.0035176400969
6558.5281068916	1.0041701913068
6558.5531583735	1.0055144645262
6558.5782099512	1.0063426692653
6558.6032616246	1.0076663301444
6558.6283133936	1.0058141144595
6558.6533652584	1.004005848541
6558.6784172188	1.0042057237755
6558.7034692749	1.0034760586551
6558.7285214267	0.99893327286887
6558.7535736742	0.99511954369041
6558.7786260189	0.99305424639202
6558.8036784578	0.99219460627589
6558.8287309924	0.99273378988883
6558.8537836227	0.99212335918732
6558.8788363487	0.99330801392848
6558.9038891703	0.99668273951526
6558.9289420877	1.0001724096245
6558.9539951007	1.0035642643278
6558.9790482095	1.0068148704878
6559.0041014139	1.0061459343636
6559.029154714	1.0058149967061
6559.0542081098	1.00728993762
6559.0792616014	1.0082280594661
6559.1043151886	1.0111615458781
6559.1293688715	1.0142859365826
6559.1544226501	1.0154170587974
6559.1794765244	1.0162177511479
6559.2045304944	1.0166587570068
6559.2295845601	1.0150901968966
6559.2546387215	1.0134696247964
6559.2796929802	1.0112797932834
6559.304747333	1.0082853352575
6559.3298017815	1.0053161978705
6559.3548563257	1.0023078877018
6559.3799109656	0.9884992551515
6559.4049657012	0.97281537479307
6559.4300205325	0.95324180495321
6559.4550754595	0.93407301323104
6559.4801304822	0.91498983731684
6559.5051856006	0.90027910027585
6559.5302408147	0.89142672116222
6559.5552961245	0.89208894465872
6559.5803515301	0.89601596915767
6559.6054070313	0.90863140796719
6559.6304626282	0.92446281052675
6559.6555183208	0.94157397484243
6559.6805741092	0.95744765302001
6559.7056299932	0.96642687966965
6559.730685973	0.97285736867962
6559.7557420499	0.97568877422462
6559.7807982211	0.98263987777625
6559.805854488	0.99230133030082
6559.8309108505	0.99723642562147
6559.8559673088	1.000000277395
6559.8810238628	1.0040560340487
6559.9060805125	1.0066528729973
6559.9311372579	1.0071102576825
6559.956194099	1.0085016306626
6559.9812510358	1.0055304950085
6560.0063080684	1.0019576452629
6560.0313651966	0.99982197919378
6560.0564224205	0.99682625623722
6560.0814797402	0.99271925075771
6560.1065371556	0.98748309048068
6560.1315946667	0.98148313518005
6560.1566522735	0.97450067712475
6560.181709976	0.96567970619802
6560.2067677742	0.96305090438366
6560.2318256696	0.96185160929701
6560.2568836593	0.96402585104927
6560.2819417446	0.96638120125332
6560.3069999257	0.97160595476754
6560.3320582025	0.97517719081327
6560.357116575	0.97337913081076
6560.3821750432	0.9697830361089
6560.4072336072	0.96567008529758
6560.4322922668	0.95775817799503
6560.4573510222	0.94662812377685
6560.4824098732	0.93258424605849
6560.50746882	0.91888877615394
6560.5325278626	0.91248293360302
6560.5575870008	0.90576244141244
6560.5826462347	0.90654388607386
6560.6077055644	0.91099749028217
6560.6327649898	0.9216097569113
6560.6578245109	0.93251520912343
6560.6828841277	0.94340359111324
6560.7079438403	0.95301005109186
6560.7330036501	0.96520415219585
6560.758063554	0.97564373598107
6560.7831235537	0.98342552810299
6560.8081836492	0.98754856050516
6560.8332438403	0.99304740386707
6560.8583041272	0.99764557208475
6560.8833645098	1.0007529646027
6560.9084249881	1.0010329210636
6560.9334855621	0.9979609365666
6560.9585462319	0.993873496596
6560.9836069974	0.9915094049455
6561.0086678586	0.99108129863525
6561.0337288155	0.98897203337314
6561.0587898682	0.9857151435616
6561.0838510166	0.98405832928288
6561.1089122607	0.98226596249169
6561.1339736005	0.97869271440833
6561.1590350361	0.97611792598307
6561.1840965674	0.9747960688112
6561.2091581959	0.97311177110888
6561.2342199187	0.97374053085683
6561.2592817371	0.97464312376554
6561.2843436513	0.9734105421301
6561.3094056613	0.97360275295612
6561.3344677669	0.97587270250007
6561.3595299683	0.97766416068687
6561.3845922654	0.97880034961463
6561.4096546583	0.97867420801799
6561.4347171468	0.97942116385143
6561.4597797311	0.98007556410667
6561.4848424112	0.9795652588098
6561.509905187	0.97864727259084
6561.5349680585	0.97792116032505
6561.5600310257	0.97828434619736
6561.5850940887	0.97745115297715
6561.6101572474	0.97613409812463
6561.6352205018	0.97379873986703
6561.660283852	0.9724400004961
6561.6853472994	0.96777023401058
6561.710410841	0.96191782183443
6561.7354744784	0.95492885968277
6561.7605382115	0.9458558500523
6561.7856020403	0.9370907062421
6561.8106659649	0.92824447474555
6561.8357299852	0.92114071801451
6561.8607941012	0.9140734652463
6561.885858313	0.90642906215632
6561.9109226206	0.89961311642903
6561.9359870238	0.8919977494059
6561.9610515228	0.88283159302084
6561.9861161175	0.87329383286181
6562.011180808	0.86176881487649
6562.0362455942	0.851603575781
6562.0613104762	0.84020491673134
6562.0863754539	0.82738821729697
6562.1114405273	0.81230922151657
6562.1365056965	0.7974249042092
6562.1615709629	0.78346524583496
6562.1866363236	0.76983154391214
6562.21170178	0.75651426892617
6562.2367673321	0.74542937145313
6562.26183298	0.73459235977731
6562.2868987236	0.72552666432865
6562.311964563	0.71651061307526
6562.3370304981	0.70740721245523
6562.362096529	0.69978203400659
6562.3871626556	0.69344610972097
6562.4122288779	0.68662012699479
6562.437295196	0.68186516237934
6562.4623616098	0.67853741589219
6562.4874281194	0.67588345374434
6562.5124947247	0.67505244313177
6562.5375614258	0.67358821215633
6562.5626282226	0.67020675753402
6562.5876951152	0.66754358810803
6562.6127621035	0.66578582841301
6562.6378291876	0.66412521030449
6562.6628963689	0.66278671730767
6562.6879636445	0.66106538983258
6562.7130310158	0.66009002346358
6562.7380984828	0.66080883737131
6562.7631660456	0.66082202306028
6562.7882337042	0.66078960881647
6562.8133014585	0.66173383739935
6562.8383693086	0.66417573872793
6562.8634372544	0.66592523254511
6562.8885052959	0.66736100064245
6562.9135734332	0.66828622570661
6562.9386416663	0.66704018959266
6562.9637099951	0.66580367617294
6562.9887784197	0.66600900266897
6563.01384694	0.66838004551797
6563.0389155561	0.67231377968292
6563.0639842679	0.6752164814074
6563.0890530755	0.67669277299515
6563.1141219789	0.67874563254608
6563.1391909795	0.68148671187821
6563.1642600743	0.68749079568169
6563.1893292649	0.69401887503965
6563.2143985513	0.69958662574302
6563.2394679334	0.70402729979231
6563.2645374113	0.70922356257466
6563.2896069849	0.7144127015145
6563.3146766543	0.71930168344729
6563.3397464195	0.72531355671777
6563.3648162804	0.73202486215868
6563.3898862371	0.74187729134571
6563.4149562895	0.7521436907412
6563.4400264377	0.76510088956819
6563.4650966816	0.77915993598752
6563.4901670213	0.79663597444715
6563.5152374568	0.81280742157944
6563.540307988	0.82756961438561
6563.565378615	0.84131190759061
6563.5904493378	0.85405175681995
6563.6155201578	0.86081862967784
6563.6405910721	0.86709857442409
6563.6656620821	0.87814569343449
6563.6907331879	0.88833758558276
6563.7158043895	0.89771602448937
6563.7408756868	0.906661319574
6563.7659470799	0.91595754650395
6563.7910185688	0.92292292000165
6563.8160901534	0.92470918329377
6563.8411618338	0.9248089614661
6563.86623361	0.92489189655876
6563.8913054819	0.92216253884497
6563.9163774496	0.91771834967446
6563.941449513	0.91418178347245
6563.9665216722	0.90959726392887
6563.9915939272	0.90458962497872
6564.016666278	0.90077691713001
6564.0417387245	0.90371289452929
6564.0668112668	0.90839562759435
6564.0918839049	0.91199668702106
6564.1169566402	0.9153834475345
6564.1420294698	0.92015124915056
6564.1671023952	0.92627305570549
6564.1921754164	0.93308848622514
6564.2172485333	0.93717781142419
6564.242321746	0.94169350706307
6564.2673950544	0.94761293001675
6564.2924684587	0.95293541876416
6564.3175419587	0.95899635472269
6564.3426155544	0.96421154315572
6564.367689246	0.96769406416819
6564.3927630333	0.96933072116753
6564.4178369164	0.96983599007792
6564.4429108953	0.97105192086072
6564.4679849699	0.97218837199326
6564.4930591404	0.97371517434917
6564.5181334066	0.97435257248176
6564.5432077685	0.97504453405396
6564.5682822263	0.97524350320173
6564.5933567813	0.97411962566468
6564.6184314306	0.97207888175032
6564.6435061757	0.97068767272607
6564.6685810165	0.96867430832443
6564.6936559532	0.96762665701301
6564.7187309856	0.96751698798081
6564.7438061138	0.96711671802643
6564.7688813377	0.96639627610179
6564.7939566575	0.96537126620408
6564.819032073	0.9641680852839
6564.8441075843	0.96391562780192
6564.8691831914	0.96287978589172
6564.8942588943	0.96097738288574
6564.9193346929	0.95890397020644
6564.9444105874	0.95975456328292
6564.9694865776	0.9617758693129
6564.9945626636	0.9601715388556
6565.0196388454	0.95734021784044
6565.0447151229	0.95722861848469
6565.0697914978	0.95810690089157
6565.0948679669	0.96098399199564
6565.1199445318	0.96251358794494
6565.1450211925	0.96215396324091
6565.170097949	0.96408716941455
6565.1951748013	0.96646121172969
6565.2202517493	0.96518944910477
6565.2453287932	0.96426527192348
6565.2704059328	0.96132505382906
6565.2954831682	0.95710717887534
6565.3205604994	0.94741468218347
6565.3456379264	0.93935545495312
6565.3707154492	0.93455194661279
6565.3957930677	0.930926747017
6565.4208707821	0.92693198804049
6565.4459485922	0.92096722281138
6565.4710264982	0.91745786669297
6565.4961044999	0.91731428827181
6565.5211825974	0.91746138655673
6565.5462607907	0.92299292095306
6565.5713390813	0.93115966745144
6565.5964174662	0.940949516832
6565.6214959469	0.95152964862821
6565.6465745233	0.96391723660058
6565.6716531956	0.97200252272054
6565.6967319636	0.97481089081649
6565.7218108275	0.97521848731225
6565.7468897871	0.97291429332129
6565.7719688425	0.97128603263929
6565.7970479938	0.97061534689072
6565.8221272408	0.97042973454888
6565.8472065836	0.96943987350309
6565.8722860222	0.96864352853246
6565.8973655566	0.96947234952116
6565.9224451868	0.97221707715206
6565.9475249128	0.97321710706536
6565.9726047346	0.97435367005797
6565.9976846522	0.97649175462189
6566.0227646656	0.97988684616387
6566.0478447762	0.98274997053367
6566.0729249812	0.98452169016629
6566.098005282	0.98628731523937
6566.1230856786	0.98860189143333
6566.148166171	0.99032915683583
6566.1732467591	0.99184896030247
6566.1983274431	0.99414472723828
6566.2234082229	0.99516380569327
6566.2484890985	0.99482304865052
6566.2735700698	0.9942956801603
6566.298651137	0.99369680116158
6566.3237323	0.99399567649698
6566.3488135588	0.99519597208086
6566.3738949134	0.99505936259959
6566.3989763638	0.99370090854715
6566.42405791	0.99244811083413
6566.449139552	0.99172337944278
6566.4742212897	0.99197274806028
6566.4993031234	0.99307422187416
6566.5243850543	0.99293252053614
6566.5494670795	0.99021932456155
6566.5745492005	0.98862569951683
6566.5996314173	0.99005430862147
6566.62471373	0.99051800514066
6566.6497961384	0.98854038906901
6566.6748786426	0.98762156355888
6566.6999612427	0.98824641610261
6566.7250439385	0.98831996237007
6566.7501267302	0.98738166850589
6566.7752096177	0.98550260575296
6566.800292601	0.98354386675927
6566.8253756801	0.98364421513138
6566.850458855	0.98513848623332
6566.8755421257	0.98658483804939
6566.9006254922	0.98885604454397
6566.9257089545	0.98932024666877
6566.9507925127	0.98671051676113
6566.9758761666	0.98455748381566
6567.0009599179	0.98532839035794
6567.0260437635	0.98771327042546
6567.0511277049	0.99021166131056
6567.0762117421	0.99132106406189
6567.1012958751	0.98857247657723
6567.1263801039	0.98706389602457
6567.1514644285	0.98939138835419
6567.176548849	0.99163961924965
6567.2016333653	0.99131973394757
6567.2267179773	0.9904526756625
6567.2518026853	0.99181505902938
6567.276887489	0.99251594314831
6567.3019723885	0.98822026284049
6567.3270573838	0.98537889127726
6567.352142475	0.98420405975294
6567.377227662	0.98253527648473
6567.4023129448	0.97889830750111
6567.4273983234	0.97497520725681
6567.4524837978	0.98185860362514
6567.4775693681	0.98830697370217
6567.5026550357	0.98857693772325
6567.5277407976	0.98883792614436
6567.5528266553	0.98982422008646
6567.5779126088	0.98996469608954
6567.6029986582	0.99184947971049
6567.6280848033	0.99405784659316
6567.6531710443	0.99410937166715
6567.6782573811	0.99419294068798
6567.7033438138	0.99500738098468
6567.7284303422	0.99603061723658
6567.7535169665	1.0005762888617
6567.7786036866	1.0059136436755
6567.8036905025	1.0052678541856
6567.8287774143	1.0030773880048
6567.8538644219	0.99802023886592
6567.8789515253	0.99206504770714
6567.9040387245	0.99227346494764
6567.9291260195	0.99498624285646
6567.9542134104	0.99484724656084
6567.9793008986	0.99352541232424
6568.0043884812	0.99403990968762
6568.0294761595	0.99561437852351
6568.0545639337	0.99739954755739
6568.0796518037	0.99818198765001
6568.1047397695	0.99759342937682
6568.1298278312	0.99721026530416
6568.1549159887	0.99748350095329
6568.180004242	0.99752658507933
6568.2050925911	0.99339897851587
6568.2301810361	0.98676168083032
6568.2552695769	0.98196489196284
6568.2803582136	0.97954654144695
6568.305446946	0.98125525024256
6568.3305357743	0.98441540766675
6568.3556246985	0.98741348497639
6568.3807137184	0.99111005872183
6568.4058028342	0.99115767159806
6568.4308920459	0.98841001685236
6568.4559813548	0.99007535779534
6568.4810707581	0.99442225189897
6568.5061602573	0.99542248673489
6568.5312498522	0.9937251665293
6568.556339543	0.9928864360397
6568.5814293296	0.99343898857844
6568.6065192121	0.99314552803035
6568.6316091904	0.99173470069998
6568.6566992645	0.98955956301265
6568.6817894345	0.98673802613822
6568.7068797003	0.98253426121861
6568.731970062	0.9750191368615
6568.7570605194	0.97237381409371
6568.7821510728	0.97914297097647
6568.8072417219	0.98120229468307
6568.8323324669	0.97404953534033
6568.8574233078	0.96722715113788
6568.8825142444	0.96050225099062
6568.9076052769	0.95338288965919
6568.9326964053	0.94565504168796
6568.957787631	0.93812734961537
6568.982878951	0.92956548579896
6569.0079703669	0.91957233796174
6569.0330618786	0.90647841956073
6569.0581534862	0.89196233074397
6569.0832451896	0.86636237966118
6569.1083369888	0.83902599262634
6569.1334288839	0.81119916112266
6569.1585208748	0.78767566626746
6569.1836129616	0.77858466927955
6569.2087051442	0.77345594871147
6569.2337974227	0.79189915083073
6569.258889797	0.81230589655931
6569.2839822671	0.84672840962458
6569.3090748331	0.87939330827686
6569.3341674949	0.90510451009496
6569.3592602526	0.93050331697682
6569.3843531062	0.95159070359605
6569.4094460555	0.97188931987531
6569.4345391023	0.97549983438738
6569.4596322433	0.97830784324298
6569.4847254803	0.9808837180656
6569.509818813	0.98577931294727
6569.5349122416	0.99508860054606
6569.5600057661	1.0029342858396
6569.5850993864	1.0015139820108
6569.6101931026	1.0007964597778
6569.6352869146	1.0013746476347
6569.6603808225	1.0011166944456
6569.6854748262	1.0001947759823
6569.7105689257	0.99951672300516
6569.7356631212	0.99168527566174
6569.7607574124	0.98451126160748
6569.7858517996	0.97926784986638
6569.8109462825	0.97305512195927
6569.8360408613	0.96713284193024
6569.861135536	0.96177668031833
6569.8862303066	0.95631094588691
6569.9113251745	0.95044003555552
6569.9364201367	0.95025329967453
6569.9615151948	0.94980318585663
6569.9866103488	0.95096305138719
6570.0117055986	0.9536053977088
6570.0368009442	0.95926012936633
6570.0618963857	0.96533489544544
6570.0869919231	0.96582478074383
6570.1120875563	0.96399247342942
6570.1371832854	0.96451090613143
6570.1622791104	0.96740714515672
6570.1873750312	0.96835517291465
6570.2124710479	0.96717170779139
6570.2375671604	0.9663768575579
6570.2626633688	0.96618211289935
6570.287759673	0.96428083822024
6570.3128560731	0.96139406612084
6570.3379525691	0.95853650941296
6570.3630491609	0.95664329712984
6570.3881458501	0.95411791601703
6570.4132426336	0.95087094883903
6570.438339513	0.94857345992222
6570.4634364883	0.94617316287177
6570.4885335594	0.94151090863257
6570.5136307264	0.93577164698619
6570.5387279893	0.9305898671816
6570.563825348	0.92480466791956
6570.5889228026	0.92135611401337
6570.614020353	0.91937801732776
6570.6391179993	0.91558183406286
6570.6642157415	0.91095227655145
6570.6893135796	0.90711798262876
6570.7144115135	0.90424486728196
6570.7395095433	0.90343835729458
6570.7646076689	0.90420929485657
6570.7897058904	0.90633855430714
6570.8148042078	0.91018789317232
6570.839902621	0.91435182652835
6570.8650011301	0.91809474902358
6570.8900997366	0.92345013906511
6570.9151984375	0.93083352741588
6570.9402972342	0.93723437880978
6570.9653961268	0.94166304959078
6570.9904951152	0.94166976023335
6571.0155941996	0.93735852064409
6571.0406933798	0.93356593087277
6571.0657926558	0.93121999874354
6571.0908920278	0.93038658163704
6571.1159914956	0.92832757700292
6571.1410910593	0.92759954085894
6571.1661907188	0.93148726397986
6571.1912904742	0.93857244345658
6571.2163903255	0.94779068586858
6571.2414902727	0.95569306768719
6571.2665903158	0.96558432676501
6571.2916904547	0.97469025857147
6571.3167906895	0.98027523854164
6571.3418910201	0.98301697408097
6571.3669914482	0.98146751978349
6571.3920919706	0.98091306620569
6571.4171925889	0.97895231921593
6571.4422933031	0.97392939704404
6571.4673941132	0.96769067576886
6571.4924950191	0.9627311004395
6571.5175960209	0.95908026918756
6571.5426971186	0.9561279217143
6571.5677983121	0.95443960790635
6571.5928996016	0.95476788908257
6571.6180009869	0.96162584569411
6571.6431024681	0.96668358264677
6571.6682040452	0.96841663317917
6571.6933057181	0.97255345203782
6571.718407487	0.97435263924193
6571.7435093517	0.97442878329843
6571.7686113123	0.97500272781924
6571.7937133688	0.97421114471218
6571.8188155211	0.97120388656659
6571.8439177709	0.96927992848875
6571.869020115	0.96860154141696
6571.894122555	0.96720013872945
6571.9192250909	0.96575640211082
6571.9443277227	0.96466963154696
6571.9694304503	0.96323375439861
6571.9945332739	0.96112946751555
6572.0196361933	0.95774629443642
6572.0447392086	0.95457667951212
6572.0698423198	0.95517126900176
6572.0949455269	0.95559888527856
6572.1200488299	0.95112675386272
6572.1451522288	0.94739426274113
6572.1702557235	0.94237644572547
6572.1953593141	0.93750089311867
6572.2204630007	0.9402975916823
6572.2455667831	0.94403687064574
6572.2706706614	0.95288228091657
6572.2957746356	0.96243621211793
6572.3208787056	0.96622731446967
6572.3459828731	0.9695855656521
6572.371087135	0.96749605434715
6572.3961914927	0.96714795099027
6572.4212959464	0.9773943173364
6572.4464004959	0.98559950705453
6572.4715051413	0.97728358049022
6572.4966098826	0.96722229411105
6572.5217147198	0.95783654919364
6572.5468196529	0.94755585075654
6572.5719246819	0.92861201165354
6572.5970298068	0.90851928407197
6572.6221350276	0.87646152120901
6572.6472403442	0.8449052512321
6572.6723457568	0.81498575534008
6572.6974512653	0.78586907363449
6572.7225568696	0.76802052026389
6572.7476625699	0.75183138436992
6572.772768366	0.75320658233924
6572.797874258	0.75777147010284
6572.8229802475	0.77917078927453
6572.8480863313	0.79913729658511
6572.8731925111	0.83286374078619
6572.8982987867	0.87063092875713
6572.9234051582	0.89298619269469
6572.9485116256	0.91258934026284
6572.973618189	0.92871409763305
6572.9987248482	0.94381897359763
6573.0238316033	0.94679474075503
6573.0489384543	0.94689298520089
6573.0740454013	0.95023361237133
6573.0991524441	0.9561263915338
6573.1242595828	0.96128256550331
6573.1493668174	0.96737302215849
6573.1744741479	0.97895126184184
6573.1995815744	0.99190407599536
6573.2246890967	0.9942998385904
6573.2497967149	0.99377852647617
6573.2749044291	0.99122527431714
6573.3000122406	0.98692597206853
6573.3251201466	0.98906132553691
6573.3502281484	0.99149308300789
6573.3753362462	0.99246758065205
6573.4004444398	0.99185628310477
6573.4255527294	0.98468492990081
6573.4506611149	0.97680885198069
6573.4757695962	0.97582676922345
6573.5008781735	0.97774726898236
6573.5259868467	0.97785184629276
6573.5510956158	0.97725263332633
6573.5762044808	0.9752711128062
6573.6013134417	0.97198169080216
6573.6264224985	0.96994430151589
6573.6515316513	0.97086206630702
6573.6766408999	0.96726175653545
6573.7017502444	0.96137832938871
6573.7268596849	0.95671083741481
6573.7519692213	0.95229353503612
6573.7770788535	0.95982410026925
6573.8021885832	0.97344266458448
6573.8272984073	0.98174846913108
6573.8524083273	0.9871651962459
6573.8775183433	0.97798768120789
6573.9026284551	0.96144702686846
6573.9277386628	0.9517859258434
6573.9528489665	0.94522820787542
6573.9779593661	0.93358085790346
6574.0030698616	0.91841575278575
6574.028180453	0.90476341183355
6574.0532911403	0.88927798534146
6574.0784019235	0.86840103999526
6574.1035128026	0.84430058700667
6574.1286237777	0.81398338209147
6574.1537348487	0.78077451653397
6574.1788460156	0.76040560362647
6574.2039572784	0.74844390822604
6574.2290686371	0.75069693930285
6574.2541800917	0.76339254496923
6574.2792916438	0.78320543917246
6574.3044032903	0.81026177760327
6574.3295150327	0.83619874698881
6574.354626871	0.86135702121075
6574.3797388052	0.87997713658248
6574.4048508354	0.8943410779629
6574.4299629615	0.91078041224286
6574.4550751835	0.92779283943715
6574.4801875014	0.94111352801465
6574.5052999152	0.95116707187418
6574.530412425	0.9577316829462
6574.5555250306	0.96317001934648
6574.5806377322	0.965884549303
6574.6057505298	0.96456774186791
6574.6308634232	0.96200849331236
6574.6559764126	0.95915975489762
6574.6810894979	0.95588750257613
6574.7062026791	0.95059113088483
6574.7313159562	0.94335184215678
6574.7564293308	0.93069630545087
6574.7815427998	0.91914372432603
6574.8066563647	0.90750698258392
6574.8317700256	0.888245620364
6574.8568837823	0.86188646916775
6574.881997635	0.83186891166168
6574.9071115837	0.79863172280156
6574.9322256282	0.76741168873572
6574.9573397687	0.74068457595671
6574.9824540051	0.72894517249635
6575.0075683374	0.73385895851006
6575.0326827657	0.7470950364487
6575.0577972899	0.77113704830114
6575.08291191	0.79879658715973
6575.1080266261	0.83236214997521
6575.133141438	0.8632044244601
6575.1582563459	0.89058275493391
6575.1833713498	0.91541256358801
6575.2084864496	0.93660441475508
6575.2336016468	0.95355790747778
6575.2587169384	0.96565904856911
6575.283832326	0.97028502764687
6575.3089478095	0.96494821035979
6575.3340633889	0.96193455959165
6575.3591790643	0.96258979013969
6575.3842948356	0.96226437205745
6575.4094107028	0.96125315041878
6575.434526666	0.96261311094465
6575.4596427251	0.96706095930691
6575.4847588802	0.96926421369013
6575.5098751311	0.9658004927355
6575.534991478	0.96258408065862
6575.5601079209	0.95945815889198
6575.5852244597	0.95774753585566
6575.6103410944	0.95846220374069
6575.6354578251	0.96002638725879
6575.6605746517	0.96399055136208
6575.6856915742	0.96477271189089
6575.7108085927	0.95790593355517
6575.7359257086	0.95125965752261
6575.761042919	0.94585167893425
6575.7861602253	0.94048242311809
6575.8112776275	0.93549021433212
6575.8363951257	0.93134071309525
6575.8615127198	0.92742210546654
6575.8866304098	0.92520931577983
6575.9117481958	0.92869552650427
6575.9368660778	0.93083546298031
6575.9619840557	0.93095830658317
6575.9871021295	0.93237859965419
6576.0122202993	0.93889577360646
6576.037338565	0.94258165836932
6576.0624569266	0.93795482252225
6576.0875753842	0.93255226381605
6576.1126939378	0.92325812009567
6576.1378125873	0.91565657574435
6576.1629313327	0.9119667825847
6576.1880501741	0.90792719617306
6576.2131691129	0.90266079791583
6576.2382881462	0.90042710759732
6576.2634072754	0.90766743851655
6576.2885265006	0.91366771374848
6576.3136458217	0.91349656910986
6576.3387652387	0.912228359098
6576.3638847518	0.91221911076714
6576.3890043607	0.91257039468074
6576.4141240656	0.91453097780702
6576.4392438665	0.91614327417869
6576.4643637633	0.91231920577227
6576.489483756	0.90537950499833
6576.5146038447	0.89578160552933
6576.5397240294	0.88980807234655
6576.56484431	0.88812159725741
6576.5899646866	0.88805154340747
6576.6150851591	0.89504108884816
6576.6402057275	0.90154295034271
6576.665326392	0.90533728873064
6576.6904471538	0.91118867018846
6576.7155680102	0.92529485761016
6576.7406889624	0.93405656931591
6576.7658100107	0.92642481940203
6576.7909311549	0.91891642736801
6576.816052395	0.91116489439408
6576.8411737311	0.90652966329617
6576.8662951631	0.91061683275951
6576.8914166911	0.91420959126716
6576.9165383151	0.91479452594447
6576.941660035	0.91677382764707
6576.9667818509	0.92444008789302
6576.9919037627	0.93175968214674
6577.0170257705	0.93856231379869
6577.0421478743	0.94321382042367
6577.067270074	0.94140587273022
6577.0923923696	0.93985156113864
6577.1175147613	0.93727750416095
6577.1426372488	0.93478101286077
6577.1677598324	0.9306175085964
6577.1928825134	0.92882580202962
6577.2180052889	0.93695728201763
6577.2431281603	0.94113152926495
6577.2682511277	0.93318524057897
6577.293374191	0.92824497422235
6577.3184973503	0.92578989692124
6577.3436206056	0.92350977204771
6577.3687439568	0.93124844383519
6577.393867404	0.93738384845518
6577.4189909472	0.93307041839366
6577.4441145863	0.92856845251529
6577.4692383214	0.92573644315423
6577.4943621525	0.92343369963188
6577.5194860795	0.92330196830122
6577.5446101025	0.92416063570932
6577.5697342214	0.92777577406571
6577.5948584364	0.93089441141836
6577.6199827472	0.93461002578474
6577.6451071541	0.93811367346504
6577.6702316584	0.93957316316495
6577.6953562572	0.9400114057192
6577.720480952	0.93739782072554
6577.7456057427	0.93493832788877
6577.7707306294	0.9314524935941
6577.795855612	0.92965665548614
6577.8209806907	0.93277199346682
6577.8461058653	0.93321474655681
6577.8712311358	0.92718931854575
6577.8963565024	0.92322704163975
6577.9214819649	0.92138408999164
6577.9466075234	0.91820845491871
6577.9717331778	0.92111050740408
6577.9968589282	0.92816811948442
6578.0219847746	0.94117346002619
6578.047110717	0.95083520749097
6578.0722367553	0.9495898350975
6578.0973628897	0.94755943712032
6578.12248912	0.94875776960955
6578.1476154477	0.95165710269545
6578.17274187	0.94832403529648
6578.1978683882	0.94276687200808
6578.2229950024	0.93635535888716
6578.2481217125	0.93081197474861
6578.2732485187	0.92917393962384
6578.2983754208	0.92811260056397
6578.3235024189	0.92862761592814
6578.348629513	0.92887213281176
6578.373756703	0.9278107508685
6578.398883989	0.92590089637486
6578.424011371	0.92105438308352
6578.449138849	0.91769059863954
6578.474266423	0.91947346359028
6578.4993940929	0.92119653657616
6578.5245218589	0.92121724679474
6578.5496497208	0.91963979072634
6578.5747776786	0.91265373443618
6578.5999057325	0.90681930053641
6578.6250338839	0.90506277086993
6578.6501621297	0.90357807093156
6578.6752904715	0.904151598838
6578.7004189093	0.90381184128191
6578.725547443	0.89895101259021
6578.7506760728	0.89521800066935
6578.7758047985	0.89436272031109
6578.8009336203	0.89421760909042
6578.826062538	0.90101098611953
6578.8511915517	0.90648988575574
6578.8763206613	0.90525990611746
6578.901449867	0.90291747224668
6578.9265791686	0.90039297385726
6578.9517085663	0.89859288633817
6578.9768380599	0.89537432832679
6579.0019676495	0.89353831958548
6579.0270973351	0.8993772525958
6579.0522271167	0.90537681895164
6579.0773569942	0.90871389701759
6579.1024869678	0.91083983309495
6579.1276170389	0.9091819383041
6579.1527472044	0.90861991144364
6579.1778774659	0.91259408255339
6579.2030078234	0.91480411061244
6579.2281382769	0.90997393570822
6579.2532688264	0.90674675748167
6579.2783994719	0.90668942609152
6579.3035302134	0.90552721078467
6579.3286610508	0.90540502877793
6579.3537919843	0.90687081072376
6579.3789230137	0.91011677733704
6579.4040541392	0.90963159220141
6579.4291853606	0.89535510062109
6579.454316678	0.88446361249209
6579.4794480914	0.88707697143242
6579.5045796009	0.89138181891276
6579.5297112063	0.90354524619189
6579.5548429077	0.91495508376117
6579.5799747051	0.92341605751215
6579.6051066	0.92878936593123
6579.6302385894	0.92185416448706
6579.6553706748	0.91662654915698
6579.6805028561	0.91916710192833
6579.7056351335	0.92002413828178
6579.7307675069	0.91408105726181
6579.7558999763	0.90895828074886
6579.7810325416	0.90573203251121
6579.806165203	0.90382455228653
6579.8312979604	0.90678351665757
6579.8564308138	0.90823526414976
6579.8815637631	0.90496339787332
6579.9066968085	0.90169583500203
6579.9318299499	0.90104116865872
6579.9569631872	0.90161631145122
6579.9820965206	0.90089573499179
6580.00722995	0.89916168783589
6580.0323634753	0.89853185118249
6580.0574970967	0.89589547780448
6580.0826308156	0.88638613093811
6580.107764629	0.87716292485804
6580.1328985384	0.86652238710998
6580.1580325438	0.85746409213151
6580.1831666451	0.85564693925722
6580.2083008425	0.85510227274922
6580.2334351359	0.85760167203389
6580.2585695253	0.86234865818612
6580.2837040107	0.87066102873704
6580.3088385922	0.87889681822948
6580.3339732696	0.89021656391861
6580.359108043	0.90138294628323
6580.3842429124	0.90919470158413
6580.4093778779	0.91314065830081
6580.4345129393	0.90975127179987
6580.4596480968	0.90956739881425
6580.4847833503	0.91686375747394
6580.5099186997	0.92195929663153
6580.5350541452	0.92180895931139
6580.5601896867	0.92225334963793
6580.5853253257	0.92423753110551
6580.6104610592	0.92450166022364
6580.6355968888	0.91985788380746
6580.6607328143	0.91396874325538
6580.6858688358	0.90607840652804
6580.7110049534	0.89737480621936
6580.736141167	0.88809988806999
6580.7612774765	0.88139919832615
6580.7864138821	0.87926209044755
6580.8115503837	0.87490054753292
6580.8366869814	0.86531441169966
6580.861823675	0.85433181759225
6580.8869604646	0.84431324608773
6580.9120973503	0.83958867792904
6580.937234332	0.84072578149005
6580.9623714097	0.83906074952128
6580.9875085834	0.83271038337581
6581.0126458531	0.8248709336687
6581.0377832188	0.8144724429195
6581.0629206821	0.80257968881371
6581.0880582399	0.78982683495307
6581.1131958937	0.77693377758512
6581.1383336435	0.76142007648819
6581.1634714893	0.75184470020157
6581.1886094312	0.75317675776669
6581.213747469	0.76246248254099
6581.2388856029	0.78384092970958
6581.2640238328	0.80511934991907
6581.2891621587	0.82935160870927
6581.3143005807	0.85103329793006
6581.3394390987	0.86288704143984
6581.3645777126	0.87010063752588
6581.3897164226	0.8759524363746
6581.4148552287	0.88324314284771
6581.4399941307	0.88912590243725
6581.4651331288	0.8932777741483
6581.4902722229	0.89709408785111
6581.515411413	0.89293666527912
6581.5405507007	0.87952479595035
6581.5656900828	0.87507295844735
6581.590829561	0.88011043172496
6581.6159691352	0.88525479493243
6581.6411088055	0.89165352418392
6581.6662485718	0.8923304217476
6581.691388434	0.88420952283532
6581.7165283924	0.88071749918444
6581.7416684467	0.885156160984
6581.7668085971	0.89071698004588
6581.7919488435	0.89647043923758
6581.8170891859	0.89746306957547
6581.8422296244	0.89616653524772
6581.8673701589	0.90007549282338
6581.8925107894	0.90683062013457
6581.9176515159	0.9081655313476
6581.9427923385	0.90445516537207
6581.9679332571	0.90075855824475
6581.9930742717	0.89673945327282
6582.0182153824	0.88920262177119
6582.0433565906	0.87795855447883
6582.0684978933	0.87007865822627
6582.0936392921	0.86529241651626
6582.1187807869	0.85803320452837
6582.1439223777	0.84867963617426
6582.1690640645	0.84206962441157
6582.1942058474	0.84236577292873
6582.2193477264	0.84484304824297
6582.2444897013	0.85936240450777
6582.2696317723	0.86857908269977
6582.2947739393	0.87014737217778
6582.3199162024	0.8818554673679
6582.3450585615	0.89928055429792
6582.3702010166	0.91786381793094
6582.3953435678	0.92926700303737
6582.420486215	0.92285109502896
6582.4456289582	0.90543651723058
6582.4707717975	0.89277669691719
6582.4959147328	0.89440841402413
6582.5210577657	0.88755199461576
6582.5462008931	0.87828539465173
6582.5713441165	0.86826650306232
6582.596487436	0.85910841100756
6582.6216308515	0.86156274314606
6582.646774363	0.86720250567328
6582.6719179706	0.87320895860936
6582.6970616743	0.87867601711117
6582.7222054739	0.87643760266304
6582.7473493696	0.87485107709655
6582.7724933614	0.86543769590391
6582.7976374492	0.85143703296791
6582.822781633	0.84271988866056
6582.8479259129	0.83813159579188
6582.8730702888	0.84605903998149
6582.8982147608	0.85139477488539
6582.9233593288	0.86008271040628
6582.9485039929	0.86944262068856
6582.973648753	0.8764023087715
6582.9987936106	0.88346882950018
6583.0239385628	0.88545606312707
6583.049083611	0.88442169712037
6583.0742287553	0.88143015111789
6583.0993739956	0.86924471506433
6583.124519332	0.86703057610886
6583.1496647644	0.86705255729213
6583.1748102929	0.85861145888312
6583.1999559174	0.85543719456867
6583.225101638	0.85755230836106
6583.2502474546	0.86323932844855
6583.2753933673	0.86567185372342
6583.300539376	0.86920332075193
6583.3256854807	0.86822797242585
