6546.3898875855	0.91044500325423
6546.4148927034	0.9394278936451
6546.4398979167	0.96060514021886
6546.4649032256	0.97643070914229
6546.48990863	0.98663872890614
6546.5149141299	0.99409678757339
6546.5399197254	0.99926402260473
6546.5649254163	1.0056839901806
6546.5899312028	1.0065235435491
6546.6149370847	1.0048930187344
6546.6399430622	1.0030320295079
6546.6649491352	1.0032253301307
6546.6899553052	1.0029562668246
6546.7149615693	1.0027763669441
6546.7399679288	1.0033704895545
6546.7649743839	1.0038060659404
6546.7899809344	1.0026443151993
6546.8149875805	0.99836094976283
6546.8399943221	0.99299541912657
6546.8650011593	0.99306707519808
6546.8900080919	0.99405504204244
6546.9150151201	0.99076932523962
6546.9400222438	0.9865462142102
6546.965029463	0.98286265667996
6546.9900367777	0.97825254407903
6547.0150441879	0.98105383459946
6547.0400516937	0.9849984363364
6547.065059295	0.98240133692828
6547.0900669918	0.97816862784679
6547.1150747841	0.9739384906249
6547.140082672	0.97309536809073
6547.1650906568	0.97344950841097
6547.1900987357	0.97318241055813
6547.2151069102	0.97266293891935
6547.2401151801	0.97341856979574
6547.2651235456	0.97234524517171
6547.2901320065	0.96914915388485
6547.3151405631	0.96683719826766
6547.3401492151	0.96921692917403
6547.3651579627	0.97085299441434
6547.3901668057	0.97240206425443
6547.4151757443	0.97520327518596
6547.4401847785	0.97441593600116
6547.4651939082	0.97346143632405
6547.4902031333	0.97187635848463
6547.5152124541	0.97003359040278
6547.5402218703	0.9672911076177
6547.5652313821	0.96778471468353
6547.5902409894	0.97005460523949
6547.6152506922	0.97289453574643
6547.6402604921	0.97755511551391
6547.665270386	0.98134715530338
6547.6902803754	0.98205709789084
6547.7152904603	0.98294115321241
6547.7403006408	0.98423242555138
6547.7653109168	0.98841978468418
6547.7903212884	0.99191710555479
6547.8153317555	0.99081607073819
6547.8403423181	0.99046201179317
6547.8653529762	0.99405470354098
6547.8903637299	0.99696033263259
6547.9153745791	0.9965990765519
6547.9403855238	0.99328043265577
6547.9653965641	0.98542268173402
6547.9904076999	0.9730455846502
6548.0154189312	0.96089317777191
6548.0404302581	0.95192448357302
6548.0654416805	0.945559426071
6548.0904531985	0.94163123614915
6548.1154648119	0.93851308562376
6548.1404765225	0.94882998786113
6548.165488327	0.9600307693616
6548.1905002271	0.96992499097583
6548.2155122227	0.97778975422258
6548.2405243139	0.98341983112551
6548.2655365006	0.98861812488903
6548.2905487829	0.98963760423894
6548.3155611606	0.99222650683265
6548.340573634	0.99777474853703
6548.3655862028	1.0024364854097
6548.3905988672	1.0052436698403
6548.4156116272	1.0097657550054
6548.4406244827	1.0153203266817
6548.4656374337	1.0191261843093
6548.4906504803	1.0225206429813
6548.5156636224	1.0235029790426
6548.54067686	1.0248916361122
6548.5656901932	1.0281471873608
6548.5907036219	1.0290235905365
6548.6157171477	1.0293659655524
6548.6407307676	1.0290936716122
6548.6657444829	1.0288377854473
6548.6907582938	1.0267047324099
6548.7157722003	1.0240786103952
6548.7407862023	1.0223135958582
6548.7658002998	1.0201292003938
6548.7908144929	1.0162352655014
6548.8158287816	1.0125117985246
6548.8408431658	1.0083084721045
6548.8658576455	1.0032652891679
6548.8908722208	0.99638212954135
6548.9158868916	0.98918092331245
6548.940901658	0.99105558836852
6548.9659165199	0.99376553718111
6548.9909314774	0.9968638027094
6549.0159465304	1.0027815233103
6549.040961679	1.0133183448621
6549.0659769231	1.0226048790112
6549.0909922643	1.0303700139878
6549.1160076995	1.037235636187
6549.1410232303	1.044235371231
6549.1660388566	1.0504371702423
6549.1910545784	1.0549384392479
6549.2160703959	1.0549582940536
6549.2410863089	1.0510312968097
6549.2661023174	1.0465482796388
6549.2911184215	1.039465635272
6549.3161346211	1.0358832494641
6549.3411509163	1.0304256713408
6549.3661673071	1.0253851544442
6549.3911837934	1.0208699838147
6549.4162003752	1.0162741294757
6549.4412170526	1.0123766534665
6549.4662338256	1.0093645308653
6549.4912506941	1.0098842746303
6549.5162676582	1.0115088471355
6549.5412847178	1.0107305906689
6549.566301873	1.0083583758204
6549.5913191253	1.0099115369764
6549.6163364716	1.0131738492042
6549.6413539135	1.0150930633736
6549.6663714509	1.0175475558996
6549.6913890839	1.0172429600942
6549.7164068124	1.0160112138152
6549.7414246365	1.0149928408301
6549.7664425562	1.014907172545
6549.7914605714	1.0140917796642
6549.8164786822	1.0134589814003
6549.8414968886	1.0157375949008
6549.8665151905	1.0159288824718
6549.891533588	1.0123546562382
6549.916552081	1.0117918004849
6549.9415706696	1.0144643410349
6549.9665893537	1.0170368631727
6549.9916081335	1.020863052627
6550.0166270088	1.0282627129689
6550.0416459796	1.0350756881734
6550.0666650475	1.0348591702265
6550.0916842095	1.0320813523431
6550.1167034671	1.0201936664387
6550.1417228202	1.0080901711598
6550.1667422688	0.9950939288806
6550.1917618131	0.98122510405378
6550.2167814529	0.96834655579176
6550.2418011883	0.96248571519388
6550.2668210192	0.96382344952465
6550.2918409457	0.96966267661328
6550.3168609678	0.9779466385573
6550.3418810855	0.98551363217655
6550.3669012987	0.99142954987921
6550.3919216075	0.99770741449567
6550.4169420118	1.0053588722557
6550.4419625117	1.0095783497515
6550.4669831072	1.0128830824269
6550.4920037983	1.0145451851458
6550.5170245849	1.0167500491914
6550.5420454687	1.0193279927004
6550.5670664464	1.0203474070846
6550.5920875198	1.0197548619404
6550.6171086887	1.0210892438643
6550.6421299532	1.0233103214497
6550.6671513133	1.0201536214819
6550.6921727689	1.0161057642102
6550.7171943202	1.0137522824981
6550.742215967	1.0107813415033
6550.7672377093	1.0078748416179
6550.7922595473	1.0054077337521
6550.8172814808	1.0002447658192
6550.8423035099	0.99417475056212
6550.8673256346	0.99175638807663
6550.8923478548	0.99270731772531
6550.9173701706	0.99712546835992
6550.942392582	1.0002850745303
6550.967415089	1.0040126498946
6550.9924376916	1.0085305036417
6551.0174603897	1.0124470226397
6551.0424831849	1.0117111657754
6551.0675060742	1.0093327745565
6551.0925290591	1.0070023580364
6551.1175521395	1.0071235759525
6551.1425753156	1.0060632208152
6551.1675985872	1.0039001885762
6551.1926219544	1.0031758671494
6551.2176454172	1.0041776911466
6551.2426689755	1.0049270470787
6551.2676926295	1.0024643232113
6551.292716379	0.99738533686067
6551.3177402241	0.99266181156831
6551.3427641648	0.98767461558933
6551.367788201	0.98433023733015
6551.3928123329	0.98293007872285
6551.4178365603	0.9819545559926
6551.4428608834	0.98029593602928
6551.467885302	0.97424155198687
6551.4929098162	0.9678245201898
6551.5179344275	0.95925803038008
6551.5429591328	0.9507409275419
6551.5679839338	0.94046908004339
6551.5930088303	0.92943425794248
6551.6180338224	0.91712649122916
6551.6430589102	0.90998276996006
6551.6680840935	0.91074246270737
6551.6931093723	0.91641725664772
6551.7181347468	0.9268476246777
6551.7431602169	0.94151401810033
6551.7681857825	0.95801309695507
6551.7932114438	0.97113416566537
6551.8182372006	0.98428626290766
6551.843263053	0.99572484419548
6551.8682890011	1.006226207713
6551.8933150447	1.0105470277943
6551.9183411839	1.0123842695365
6551.9433674187	1.008163601291
6551.9683937491	1.0039536784556
6551.9934201765	0.99840200337885
6552.0184466981	0.99093911125968
6552.0434733153	0.98342210745735
6552.068500028	0.98005124248439
6552.0935268364	0.97973498763619
6552.1185537403	0.98337939788836
6552.1435807399	0.98891032090463
6552.168607835	0.99514953630246
6552.1936350257	0.99987364561205
6552.218662312	1.0035781904538
6552.243689694	1.006396251928
6552.2687171715	1.0061121861027
6552.2937447446	1.0048156589241
6552.3187724133	1.0003506667517
6552.3438001776	0.99504656041256
6552.3688280375	0.99023104417911
6552.393855993	0.98951987235935
6552.4188840442	0.99032398505955
6552.4439121909	0.99222704509275
6552.4689404347	0.99563405085691
6552.4939687726	0.997844238605
6552.5189972061	0.99992370511585
6552.5440257352	0.99467684174891
6552.5690543599	0.98906790138156
6552.5940830802	0.98959264778782
6552.6191118961	0.98914392070894
6552.6441408076	0.9920228758319
6552.6691698147	0.99347080758271
6552.6941989175	0.9949976834828
6552.7192281158	0.99790630853732
6552.7442574097	1.0014439572353
6552.7692867992	1.0014426962193
6552.7943162844	0.99991476245638
6552.8193458651	1.0010174118999
6552.8443755414	1.0025398361324
6552.8694053134	1.0001347808816
6552.8944351809	0.99767396162731
6552.9194651441	0.99644948710692
6552.9444952029	0.99496141779191
6552.9695253587	0.9935746669563
6552.9945556087	0.99523676507446
6553.0195859543	1.0022577127236
6553.0446163955	1.0083393707403
6553.0696469323	1.0122415395368
6553.0946775647	1.0131121464169
6553.1197082927	1.0096249050709
6553.1447391164	1.0069192156824
6553.1697700356	1.0071155021998
6553.1948010505	1.0159153300314
6553.2198321609	1.0277857524871
6553.244863367	1.0355651576948
6553.2698946687	1.0405189925958
6553.294926066	1.0463247252128
6553.3199575589	1.0467154886331
6553.3449891474	1.0436823986889
6553.3700208315	1.0387909539515
6553.3950526113	1.0305844241449
6553.4200844866	1.0250571384822
6553.4451164591	1.0211663737488
6553.4701485257	1.0182433016132
6553.4951806879	1.0147692355787
6553.5202129457	1.0119110391441
6553.5452452991	1.0098055063315
6553.5702777482	1.0149600877268
6553.5953102928	1.0205103636968
6553.6203429331	1.0187170127115
6553.645375669	1.0166103228641
6553.6704085005	1.0161724746437
6553.6954414276	1.0157901402094
6553.7204744504	1.0124238427635
6553.7455075688	1.0086653791916
6553.7705407827	1.005102031452
6553.7955740923	1.0025109239707
6553.8206074976	1.0004324618023
6553.8456409984	1.0010449238034
6553.8706745949	1.0013714311419
6553.8957082869	1.0035933354271
6553.9207420762	1.0077360510501
6553.9457759595	1.0104777641508
6553.9708099384	1.0143164348023
6553.995844013	1.015163391369
6554.0208781832	1.0154361685829
6554.045912449	1.0082766273503
6554.0709468104	0.99590930219756
6554.0959812675	0.97269962844552
6554.1210158202	0.94575532598347
6554.1460504685	0.91518809004864
6554.1710852124	0.89245160939842
6554.196120052	0.87434768297759
6554.2211549871	0.87384304828044
6554.2461900179	0.87935818495511
6554.2712251444	0.89820611073598
6554.2962603664	0.91953801629011
6554.3212956841	0.94159100189567
6554.3463310974	0.963167552829
6554.3713666063	0.97890274438582
6554.3964022109	0.99394917397643
6554.4214379126	1.0068587676007
6554.4464737084	1.0138432601084
6554.4715095999	1.017089754271
6554.496545587	1.0179419509557
6554.5215816697	1.0180093755327
6554.546617848	1.0146603749167
6554.571654122	1.0107054351748
6554.5966904916	1.010190438689
6554.6217269568	1.0100872335102
6554.6467635177	1.0066656318179
6554.6718001742	1.0028489651695
6554.6968369263	0.997908745168
6554.7218737741	0.99477540039365
6554.7469107174	0.99190649571816
6554.7719477565	0.98988507286968
6554.7969848911	0.98911964410522
6554.8220221214	0.98954283442424
6554.8470594473	0.99169961051722
6554.8720968689	0.99547518263781
6554.8971343876	0.99753652173949
6554.9221720004	0.99679160039118
6554.9472097089	0.99666716499313
6554.972247513	0.99727935025907
6554.9972854127	0.99722272159495
6555.0223234081	0.99010936260671
6555.0473614991	0.98352635025529
6555.0723996858	0.9788973931683
6555.0974379681	0.9756372526345
6555.122476346	0.97475637287171
6555.1475148195	0.98005163647142
6555.1725533888	0.98875023420882
6555.1975920536	0.99403434537259
6555.2226308141	0.99823904074216
6555.2476696702	0.99689479786899
6555.272708622	0.99390873878569
6555.2977476694	0.98610639263096
6555.3227868124	0.97347517298188
6555.3478260511	0.95164592048077
6555.3728653869	0.93230459488519
6555.3979048169	0.91517284378298
6555.4229443425	0.90402105904531
6555.4479839638	0.89887662970751
6555.4730236807	0.90064866284491
6555.4980634932	0.9061542135811
6555.5231034014	0.91810860629468
6555.5481434052	0.93227801787308
6555.5731835047	0.94827038731788
6555.5982236998	0.96555066128514
6555.6232639906	0.97798677082412
6555.648304377	0.98850873685634
6555.6733448591	0.99002691511905
6555.6983854368	0.99080729167685
6555.7234261101	0.98852008278234
6555.7484668791	0.98371036438486
6555.7735077438	0.97844438316243
6555.7985487041	0.97759278664655
6555.82358976	0.97853910028658
6555.8486309131	0.97558794717871
6555.8736721604	0.97233348816362
6555.8987135033	0.95964892029164
6555.9237549418	0.9455047118501
6555.948796476	0.92170247337237
6555.9738381058	0.89890870684701
6555.9988798313	0.88068083002453
6556.0239216525	0.86701966197359
6556.0489635693	0.86243451316919
6556.0740055817	0.86902772070473
6556.0990476898	0.88733590447447
6556.1240898936	0.90876225945549
6556.149132193	0.93438087387974
6556.174174588	0.96033810835322
6556.1992170788	0.98636143248583
6556.2242596651	1.0010263848412
6556.2493023472	1.0149141514672
6556.2743451248	1.0177290667655
6556.2993879982	1.0183693483682
6556.3244309672	1.0190423072983
6556.3494740333	1.0208773295204
6556.3745171936	1.0217648708685
6556.3995604496	1.0211007056443
6556.4246038012	1.0226403074568
6556.4496472485	1.0232243529316
6556.4746907914	1.022601042668
6556.49973443	1.0195030996025
6556.5247781642	1.0158836898389
6556.5498219942	1.0124956471508
6556.5748659197	1.009801756591
6556.599909941	0.99941790351977
6556.6249540578	0.98894401084049
6556.6499982704	0.97967552672091
6556.6750425786	0.96936996688046
6556.7000869825	0.95744194728763
6556.725131482	0.94861147830319
6556.7501760772	0.94174321548845
6556.7752207681	0.93971652184124
6556.8002655546	0.94071117472678
6556.8253104383	0.94798867244181
6556.8503554161	0.95693895327462
6556.8754004896	0.97024424856062
6556.9004456588	0.98416558460894
6556.9254909236	0.99601252981327
6556.9505362841	1.0065401076005
6556.9755817403	1.0112805347706
6557.0006272921	1.0148783013711
6557.0256729396	1.0173138473401
6557.0507186828	1.0184214386448
6557.0757645216	1.0185114727473
6557.1008104561	1.0198761350157
6557.1258564863	1.0213385135539
6557.1509026121	1.0241227381226
6557.1759488336	1.0265446912742
6557.2009951508	1.0281414107123
6557.2260415637	1.029422499315
6557.2510880722	1.0235196680799
6557.2761346764	1.0184702004364
6557.3011813777	1.018731332876
6557.3262281732	1.0191009519545
6557.3512750644	1.0183793702551
6557.3763220513	1.0166399438093
6557.4013691338	1.0140772254058
6557.426416312	1.0072181223218
6557.4514635859	0.9989386129491
6557.4765109555	0.99853334060918
6557.5015584207	0.99930533392654
6557.5266059816	1.0015844867122
6557.5516536382	1.0036694710263
6557.5767013904	1.0019990182841
6557.6017492383	1.0043306207976
6557.6267971819	1.0120707195913
6557.6518452212	1.0161601265478
6557.6768933561	1.0169735045224
6557.7019415868	1.0161238673842
6557.7269899131	1.0155116880973
6557.752038335	1.0165371977368
6557.7770868527	1.0171709260005
6557.8021354675	1.0161958244054
6557.8271841765	1.0136375040953
6557.8522329812	1.013083669216
6557.8772818816	1.0110608123171
6557.9023308776	1.0063942348293
6557.9273799693	0.9988640122727
6557.9524291567	0.98544325859004
6557.9774784398	0.97543412881626
6558.0025278186	0.96789336548442
6558.027577293	0.95978425444653
6558.0526268631	0.9523784819751
6558.0776765289	0.95178159363101
6558.1027262904	0.95236147286772
6558.1277761476	0.95412905915392
6558.1528261004	0.95499730751473
6558.177876149	0.95732452714534
6558.2029262932	0.96127848984659
6558.2279765331	0.97038576645457
6558.2530268687	0.97936144851622
6558.2780773014	0.98889207465237
6558.3031278284	0.9966811966299
6558.328178451	1.0027027215739
6558.3532291693	1.0019112492737
6558.3782799834	0.99806368311547
6558.403330893	1.001954846029
6558.4283818984	1.0072664251199
6558.4534329995	1.0041120942798
6558.4784841963	1.0004622044384
6558.5035354887	0.99995985271353
6558.5285868768	1.0028478037183
6558.5536383606	1.0092683904442
6558.5786899401	1.0182658426571
6558.6037416153	1.0274249408739
6558.6287933862	1.0339074667005
6558.6538452528	1.0385737264855
6558.6788972151	1.0354141076183
6558.703949273	1.0303527405894
6558.7290014267	1.022392028603
6558.7540536775	1.0158250715397
6558.7791060225	1.0101966887698
6558.8041584633	1.0032746734858
6558.8292109997	0.99430942593071
6558.8542636318	0.98870961611992
6558.8793163596	0.98911197009624
6558.9043691831	0.99128687636153
6558.9294221023	0.99467892462842
6558.9544751171	0.99816947737106
6558.9795282277	1.0024351589259
6559.004581434	1.0059192782469
6559.029634736	1.0109654984651
6559.0546881336	1.0146419459657
6559.079741627	1.0160414990816
6559.104795216	1.0139275246181
6559.1298489008	1.0143487483852
6559.1549026812	1.0178607477923
6559.1799565574	1.0188014987575
6559.2050105292	1.0166596513786
6559.2300645968	1.0134420512567
6559.2551187615	1.010646162768
6559.2801730204	1.0093888983854
6559.3052273751	1.0078526520683
6559.3302818254	1.0064877758407
6559.3553363714	1.0054831341647
6559.3803910132	0.99346171777355
6559.4054457506	0.97961366741429
6559.4305005838	0.96225094323647
6559.4555555126	0.94482402650285
6559.4806105371	0.92682931698253
6559.5056656574	0.91205391850948
6559.5307208733	0.89982638753303
6559.555776185	0.89973445960999
6559.5808315923	0.90561890463024
6559.6058870954	0.91771592269822
6559.6309426942	0.93108415689909
6559.6559983886	0.94204000360795
6559.6810541788	0.95258949554283
6559.7061100647	0.9582584987291
6559.7311660478	0.96302553738892
6559.756222125	0.96611285450646
6559.781278298	0.97108329056425
6559.8063345667	0.97616211286001
6559.8313909311	0.98081857691208
6559.8564473913	0.98643141923964
6559.8815039471	0.9911377501606
6559.9065605986	0.9957220140674
6559.9316173458	0.99769686139549
6559.9566741888	1.0001851761792
6559.9817311274	1.0018826895741
6560.0067881618	1.0032631895985
6560.0318452919	1.0044681981684
6560.0569025177	1.0033396265928
6560.0819598392	0.9976616896041
6560.1070172564	0.99132585041215
6560.1320747693	0.98441302032516
6560.1571323779	0.9752208659388
6560.1821900823	0.96583732265269
6560.2072478838	0.96307702836018
6560.2323057796	0.96169945715476
6560.2573637711	0.96494166709074
6560.2824218583	0.96831295258776
6560.3074800412	0.97213400934634
6560.3325383198	0.97523969247594
6560.3575966941	0.9760912058013
6560.3826551642	0.97430355176491
6560.4077137299	0.96748088169384
6560.4327723914	0.95855140751425
6560.4578311486	0.94947689292092
6560.4828900015	0.9374987292355
6560.5079489502	0.92428379836206
6560.5330079945	0.91192144021338
6560.5580671346	0.90033152067839
6560.5831263704	0.90129472629817
6560.6081857019	0.9042238124122
6560.6332451291	0.91371317961451
6560.658304652	0.92584843740337
6560.6833642722	0.93898831221528
6560.7084239866	0.94880391536031
6560.7334837967	0.95730870083185
6560.7585437025	0.96678600448939
6560.783603704	0.97593978343277
6560.8086638013	0.9803861588437
6560.8337239943	0.98373376041366
6560.858784283	0.98584303604882
6560.8838446674	0.9893092486117
6560.9089051476	0.99299093900447
6560.9339657234	0.99438171122405
6560.959026395	0.99330551087445
6560.9840871624	0.99388920937249
6561.0091480254	0.9941201467025
6561.0342089842	0.99540123627285
6561.0592700387	0.99880297835501
6561.0843311889	1.0010265455538
6561.1093924348	1.0012400641541
6561.1344537765	1.0001398303991
6561.1595152139	0.9985130312819
6561.1845767485	0.99754986270314
6561.2096383774	0.99581799866541
6561.234700102	0.9914542372817
6561.2597619223	0.98723747043111
6561.2848238383	0.98380662062488
6561.3098858501	0.98360581165604
6561.3349479576	0.98626422033984
6561.3600101608	0.98623719268903
6561.3850724597	0.98469328140245
6561.4101348544	0.98180605098954
6561.4351973448	0.97891781106696
6561.460259931	0.97461148469892
6561.4853226128	0.97176278288624
6561.5103853904	0.97188296265138
6561.5354482638	0.9711357918025
6561.5605112329	0.96919819344907
6561.5855742977	0.96797847473106
6561.6106374582	0.96644197758513
6561.6357007145	0.96147385272518
6561.660764068	0.9557401113208
6561.6858275157	0.95349281252746
6561.7108910592	0.95261914635821
6561.7359546984	0.95003034935754
6561.7610184333	0.946507050651
6561.786082264	0.93928754264369
6561.8111461904	0.93206931385568
6561.8362102125	0.92448600455819
6561.8612743304	0.91580300018973
6561.886338544	0.90751195207723
6561.9114028534	0.90158972381675
6561.9364672585	0.89609595994131
6561.9615317593	0.88679577192112
6561.9865963559	0.87574683026334
6562.0116610482	0.86436497357911
6562.0367258363	0.85253770904613
6562.06179072	0.83484686942195
6562.0868556996	0.81835174963001
6562.1119207748	0.80340086381677
6562.1369859474	0.78820601332952
6562.1620512141	0.77212786109309
6562.1871165766	0.75807384906011
6562.2121820348	0.74533656001521
6562.2372475888	0.72972073916096
6562.2623132385	0.71307926232417
6562.287378984	0.70203587784167
6562.3124448252	0.6911977145231
6562.3375107621	0.68101630652281
6562.3625767948	0.6714147998237
6562.3876429233	0.66139401849339
6562.4127091474	0.65480244856128
6562.4377754674	0.65245377610522
6562.462841883	0.65040922605551
6562.4879083944	0.64823983965037
6562.5129750016	0.64681022615126
6562.5380417045	0.64544772090178
6562.5631085032	0.63856507774953
6562.5881753976	0.63165626530862
6562.6132423877	0.62911386904086
6562.6383094751	0.62672576079593
6562.6633766568	0.62468909531727
6562.6884439342	0.62346133199625
6562.7135113073	0.62345905016399
6562.7385787762	0.6245590683026
6562.7636463408	0.62615995232518
6562.7887140012	0.62564226999762
6562.8137817574	0.62452712857625
6562.8388496093	0.62454396982076
6562.8639175569	0.62457225034007
6562.8889856003	0.62425910918903
6562.9140537395	0.62381422920734
6562.9391219744	0.6225083277554
6562.964190305	0.62373079525662
6562.9892587314	0.6285878727995
6563.0143272536	0.63061368896718
6563.0393958715	0.63123965773364
6563.0644645852	0.63488072892988
6563.0895333946	0.6385136561018
6563.1146023013	0.6415759302688
6563.1396713022	0.64598525523511
6563.1647403989	0.65207539741273
6563.1898095913	0.65700430648489
6563.2148788795	0.66191041556007
6563.2399482635	0.66736708629529
6563.2650177432	0.6732421074428
6563.2900873187	0.680665038669
6563.3151569899	0.68940621188536
6563.3402267569	0.69837209383743
6563.3652966196	0.70658506043317
6563.3903665781	0.71609117261244
6563.4154366324	0.72677846943392
6563.4405067824	0.7415226564463
6563.4655770282	0.75650983361398
6563.4906473698	0.77293941974617
6563.5157178071	0.78922755808702
6563.5407883401	0.80613907208836
6563.5658589689	0.82044086831022
6563.590929695	0.8327020516019
6563.6160005154	0.84248227055494
6563.6410714315	0.8520972025526
6563.6661424434	0.86640612915668
6563.691213551	0.88087799749254
6563.7162847544	0.89177076581121
6563.7413560536	0.901794795894
6563.7664274485	0.91011791193184
6563.7914989392	0.9162505631203
6563.8165705257	0.91920729789902
6563.8416422079	0.92009633773503
6563.8667139859	0.91995667185094
6563.8917858597	0.91992346205347
6563.9168578292	0.92017592273966
6563.9419298945	0.91683164107506
6563.9670020555	0.91278470319679
6563.9920743124	0.91332349396973
6564.017146665	0.91508866863246
6564.0422191133	0.92164879376016
6564.067291659	0.9261589181932
6564.0923642989	0.92755658987455
6564.1174370345	0.93305220885266
6564.142509866	0.94133125178984
6564.1675827932	0.95160010232413
6564.1926558162	0.96163236197611
6564.2177289349	0.96863996278607
6564.2428021494	0.97437749390032
6564.2678754597	0.97708878443981
6564.2929488658	0.98055419457606
6564.3180223676	0.98447522567263
6564.3430959652	0.98601180882584
6564.3681696586	0.9845476966515
6564.3932434478	0.98582453580738
6564.4183173327	0.98876173308111
6564.4433913134	0.99038561592186
6564.4684653899	0.99161682949276
6564.4935395622	0.99300391181055
6564.5186138302	0.99411745653396
6564.543688194	0.99339514566513
6564.5687626551	0.99390872417651
6564.5938372105	0.99836182818767
6564.6189118616	1.002402631234
6564.6439866085	1.0047256193769
6564.6690614512	1.0070662800552
6564.6941363897	1.010423941221
6564.7192114239	1.0133652967082
6564.7442865539	1.0153298248847
6564.7693617797	1.0170190160843
6564.7944371013	1.0186169049408
6564.8195125187	1.0194746982491
6564.8445880318	1.0195939791083
6564.8696636408	1.0158615556744
6564.8947393455	1.0133385014065
6564.919815146	1.0128253963408
6564.9448910422	1.0125379157333
6564.9699670343	1.0123289780914
6564.9950431221	1.0099903642276
6565.0201193057	1.0074109748776
6565.0451955866	1.0063980092141
6565.0702719618	1.0051673072928
6565.0953484328	1.0068669813946
6565.1204249995	1.0079426695346
6565.1455016621	1.0070959023057
6565.1705784204	1.0055491592139
6565.1956552745	1.0034163350924
6565.2207322244	1.0003188414164
6565.24580927	0.99618075930563
6565.2708864115	0.99095797464175
6565.2959636488	0.98591118959348
6565.3210409818	0.97933855438589
6565.3461184106	0.97305904466228
6565.3711959352	0.96544594316267
6565.3962735556	0.95736850949217
6565.4213512718	0.95085030622775
6565.4464290838	0.94709809926917
6565.4715069916	0.94424332923325
6565.4965849951	0.94473354182362
6565.521663096	0.94706914125784
6565.5467412911	0.95531067147183
6565.571819582	0.96472696491757
6565.5968979687	0.97694509426263
6565.6219764513	0.98911914060823
6565.6470550296	1.002082377668
6565.6721337036	1.0118678408468
6565.6972124735	1.0139793862739
6565.7222913392	1.0124913142592
6565.7473703007	1.0070898297582
6565.7724493579	1.0027767732348
6565.797528511	1.0000620175104
6565.8226077599	0.99317345515979
6565.8476871045	0.98676684893424
6565.8727665449	0.98631954297468
6565.8978460812	0.98754240573628
6565.9229257132	0.9884574427023
6565.948005441	0.98831630854767
6565.9730852647	0.989560200106
6565.9981651841	0.99103699867058
6566.0232452008	0.9909971615265
6566.0483253118	0.99130074216677
6566.0734055187	0.99306011621453
6566.0984858213	0.99407362644699
6566.1235662197	0.99633047601752
6566.1486467139	0.99998952044544
6566.1737273039	1.0045526556339
6566.1988079897	1.0075807238623
6566.2238887713	1.0072910303427
6566.2489696488	1.0066818628437
6566.274050622	1.0075287226709
6566.299131691	1.008232783779
6566.3242128558	1.0086186933061
6566.3492941164	1.0092146866717
6566.3743754728	1.0073907947259
6566.3994569251	1.0026711912298
6566.4245384731	1.0006163748781
6566.4496201169	1.0016531632254
6566.4747018566	1.0021840592716
6566.4997836935	1.0013246514545
6566.5248656247	0.9999831461248
6566.5499476518	0.99858389641253
6566.5750297746	0.99697891094899
6566.6001119933	0.9953227504489
6566.6251943078	0.99198190687086
6566.650276718	0.98638143540776
6566.6753592241	0.98454573869774
6566.700441826	0.98814147656131
6566.7255245237	0.99000511623734
6566.7506073172	0.98940847765443
6566.7756902065	0.990962038145
6566.8007731916	0.99388014743162
6566.8258562726	0.99379183523857
6566.8509394493	0.99053910263626
6566.8760227218	0.98919143587586
6566.9011060902	0.99015336448693
6566.9261895544	0.99206137491398
6566.9512731143	0.99596133169142
6566.9763567716	0.99903203892043
6567.0014405232	1.0002622781434
6567.0265243707	0.99955020328682
6567.0516083139	0.99468523636655
6567.0766923529	0.99280991260962
6567.1017764878	0.9983899508758
6567.1268607184	1.0031523456671
6567.1519450449	1.0054475556713
6567.1770294672	1.0057591132045
6567.2021139853	0.99968620892495
6567.2271985992	0.99377027394185
6567.252283309	0.9909353047508
6567.2773681145	0.98964438354375
6567.3024530159	0.98860667315563
6567.3275380131	0.98676458336749
6567.3526231061	0.98115238516259
6567.3777082949	0.97659994277638
6567.4027935795	0.97763251229049
6567.42787896	0.97861349152972
6567.4529644362	0.97968371127533
6567.4780500098	0.97996577469265
6567.5031356777	0.98764687802689
6567.5282214415	0.99535698792311
6567.553307301	0.99428735186463
6567.5783932564	0.9941088650651
6567.6034793076	0.99095052129947
6567.6285654546	0.98719756801413
6567.6536516974	0.99595883229919
6567.6787380361	1.005603073111
6567.7038244705	1.0056682307722
6567.7289110008	1.0037805581055
6567.7539976269	1.0055611610536
6567.7790843489	1.0083753372103
6567.8041711666	1.0069210115997
6567.8292580802	1.003459402402
6567.8543450896	1.0002702815677
6567.8794321949	0.99743829301194
6567.9045193959	0.99415024190061
6567.9296066928	0.99103139243579
6567.954694087	0.99174586749277
6567.9797815756	0.99360093047449
6568.0048691599	0.99440825629041
6568.0299568401	0.99503698896903
6568.0550446161	0.99369425525861
6568.080132488	0.99132625703607
6568.1052204557	0.98783200570413
6568.1303085192	0.98381541624247
6568.1553966785	0.98187885985297
6568.1804849336	0.98156269885819
6568.2055732846	0.97607773288497
6568.2306617314	0.96729033419372
6568.2557502741	0.96268605689016
6568.2808389126	0.96128881094809
6568.3059276469	0.96405940333503
6568.331016477	0.9683019720236
6568.356105403	0.97472378244636
6568.3811944248	0.98449552024043
6568.4062835424	0.99146690421755
6568.4313727574	0.99475411345509
6568.4564620667	0.99472557494253
6568.4815514718	0.99176353733322
6568.5066409728	0.99151491371554
6568.5317305696	0.99557115181039
6568.5568202622	0.99955519318821
6568.5819100507	1.0008240555311
6568.606999935	1.0006026470914
6568.6320899151	1.00048125637
6568.6571799911	0.99611447940884
6568.6822701629	0.9854845645721
6568.7073604305	0.9803925450167
6568.732450794	0.98192430552835
6568.7575412533	0.98115918717724
6568.7826318085	0.97803841046401
6568.8077224595	0.9748211433183
6568.8328132063	0.97187313730614
6568.857904049	0.96685665127388
6568.8829949875	0.95717466369643
6568.9080860233	0.94908242692027
6568.9331771535	0.94571112954445
6568.9582683796	0.94216419802519
6568.9833597014	0.93608830871869
6569.0084511191	0.92739852147363
6569.0335426327	0.91249465392949
6569.0586342421	0.89473268473086
6569.0837259473	0.86602428301183
6569.1088177484	0.83756426503704
6569.1339096453	0.80842855146001
6569.1590016381	0.78209103037146
6569.1840937267	0.7704447729522
6569.2091859111	0.76333926129457
6569.2342781914	0.77926039025386
6569.2593705676	0.79591922746367
6569.2844630396	0.81885987740036
6569.3095556074	0.84471238438501
6569.3346482711	0.87916731273032
6569.3597410306	0.91049819585724
6569.3848338859	0.92552495878448
6569.4099268387	0.94115457538515
6569.4350198857	0.95124293604209
6569.4601130286	0.96056849139133
6569.4852062674	0.96660827217828
6569.510299602	0.97224824017746
6569.5353930324	0.97866650847987
6569.5604865587	0.98429556160561
6569.5855801809	0.98275922269863
6569.6106738989	0.98142174045123
6569.6357677127	0.97498359075833
6569.6608616224	0.96907426059021
6569.685955628	0.96815622975286
6569.7110497294	0.96664086378768
6569.7361439267	0.96142336234256
6569.7612382198	0.95811516049259
6569.7863326087	0.95298856219517
6569.8114270935	0.94633625394566
6569.8365216742	0.93734811384467
6569.8616163507	0.92892249825063
6569.8867111246	0.9292595152318
6569.9118059928	0.92991609391675
6569.9369009569	0.93844025148309
6569.9619960168	0.94878473635916
6569.9870911726	0.94916114930668
6570.0121864243	0.94864403444979
6570.0372817718	0.95242051828233
6570.0623772151	0.95592914488488
6570.0874727543	0.9578320079167
6570.1125683894	0.96002487172911
6570.1376641203	0.96153485539559
6570.1627599471	0.96222832475526
6570.1878558697	0.96190118170367
6570.2129518882	0.96012494405131
6570.2380480026	0.95728757570941
6570.2631442128	0.95536728703954
6570.2882405189	0.95423539326526
6570.3133369208	0.95308808129275
6570.3384334186	0.95368228898857
6570.3635300138	0.95427884563473
6570.3886267033	0.95242626534805
6570.4137234887	0.95122562297535
6570.43882037	0.94182868770146
6570.4639173471	0.92644729451998
6570.48901442	0.92270753834677
6570.5141115889	0.92607454278687
6570.5392088535	0.92619168069734
6570.5643062141	0.92389672563861
6570.5894036705	0.91968965577688
6570.6145012228	0.91518556771457
6570.639598871	0.91222214421008
6570.664696615	0.90996730797681
6570.6897944549	0.90777936851693
6570.7148923906	0.90504457465282
6570.7399904222	0.90334679102402
6570.7650885497	0.9028185791746
6570.790186773	0.91044178654726
6570.8152850922	0.92466236724924
6570.8403835073	0.93414795874476
6570.8654820198	0.93868028054911
6570.8905806266	0.93986288207082
6570.9156793293	0.93802331380497
6570.9407781278	0.94266558146908
6570.9658770223	0.95573838063383
6570.9909760126	0.9581694884183
6571.0160750987	0.94716103945766
6571.0411742808	0.93558814286464
6571.0662735587	0.92379935219521
6571.0913729324	0.91604656909728
6571.1164724021	0.91320963132056
6571.1415719676	0.91506903008652
6571.166671629	0.92431555915642
6571.1917713863	0.93571442478746
6571.2168712394	0.94923242925113
6571.2419711884	0.95936597113664
6571.2670712333	0.96425677984712
6571.292171374	0.96590734987856
6571.3172716107	0.96270674831335
6571.3423719447	0.96503760074603
6571.3674723731	0.97458206618237
6571.3925728973	0.97603411832523
6571.4176735175	0.96295542019553
6571.4427742335	0.95598412624907
6571.4678750454	0.96032774167797
6571.4929759531	0.9600121961499
6571.5180769568	0.95277341645838
6571.5431780563	0.95079707135793
6571.5682792517	0.9598520203472
6571.593380543	0.96525848392697
6571.6184819301	0.96214635979978
6571.6435834132	0.96087937851499
6571.6686849921	0.95953193600429
6571.6937866669	0.95795135954959
6571.7188884376	0.96589789446571
6571.7439903041	0.97223703665531
6571.7690922665	0.96885833384622
6571.7941943249	0.96358608115332
6571.8192964806	0.94776114733333
6571.8443987307	0.9351628414504
6571.8695010766	0.94171548562357
6571.8946035185	0.94733187945053
6571.9197060562	0.94989948457765
6571.9448086898	0.95470684468651
6571.9699114193	0.95378373585324
6571.9950142447	0.95139138095192
6572.020117166	0.95195141470997
6572.0452201831	0.95211818684197
6572.0703232962	0.95861944545564
6572.0954265051	0.96525219141261
6572.1205298099	0.96446268282696
6572.1456332106	0.96246244014941
6572.1707367072	0.95496885376381
6572.1958402997	0.94793819971116
6572.220943988	0.94048964368428
6572.2460477723	0.93302174218003
6572.2711516524	0.93920743502539
6572.2962556284	0.94505685753315
6572.3213597019	0.94731715251034
6572.3464638697	0.95002806307463
6572.3715681333	0.95157640476503
6572.3966724929	0.95400422129787
6572.4217769484	0.95466928116613
6572.4468814998	0.95490278053643
6572.471986147	0.94519790152953
6572.4970908902	0.93580873480513
6572.5221957292	0.92699649005372
6572.5473006642	0.91909750345795
6572.572405695	0.90675856201519
6572.5975108217	0.89403608429691
6572.6226160443	0.88445714720398
6572.6477213628	0.87656002833173
6572.6728267772	0.85031462828845
6572.6979322875	0.82021817184458
6572.7230378937	0.80406087047929
6572.7481435958	0.78786431506248
6572.7732493938	0.77843142831991
6572.7983552892	0.76946164029794
6572.8234612789	0.78034262886157
6572.8485673646	0.7932797176959
6572.8736735462	0.82053237565717
6572.8987798236	0.85088555497188
6572.923886197	0.87494987540893
6572.9489926663	0.89855750808924
6572.9740992314	0.92092333304793
6572.9992058925	0.94373178386842
6573.0243126494	0.95389618424044
6573.0494195023	0.96280168792007
6573.0745264511	0.96491274650917
6573.0996334957	0.96219278375808
6573.1247406363	0.96412125724057
6573.1498478727	0.96961263023175
6573.1749552051	0.95830355415626
6573.2000626334	0.94193228206512
6573.2251701575	0.9389091292402
6573.2502777776	0.93921777353199
6573.2753854951	0.9487807200037
6573.300493307	0.96067075667799
6573.3256012148	0.96680650578132
6573.3507092185	0.97268585838086
6573.375817318	0.97001716943682
6573.4009255135	0.96514669880658
6573.4260338049	0.96674219424502
6573.4511421922	0.9707877296391
6573.4762506755	0.97308126567953
6573.5013592546	0.97447441975464
6573.5264679296	0.97527940089868
6573.5515767005	0.97493069734095
6573.5766855674	0.97339680351347
6573.6017945301	0.97022588808359
6573.6269035888	0.96668773588963
6573.6520127433	0.96161782373018
6573.6771219938	0.94575578484472
6573.7022313402	0.92580559060747
6573.7273407825	0.92576912759816
6573.7524503222	0.93660515672606
6573.7775599563	0.94761900524981
6573.8026696863	0.95882671131311
6573.8277795123	0.95621105697087
6573.8528894341	0.94472419517767
6573.8779994519	0.94220380113548
6573.9031095655	0.94774945450177
6573.9282197751	0.95094297686796
6573.9533300806	0.95219933595943
6573.978440482	0.94625720346246
6574.0035509794	0.93502834751063
6574.0286615726	0.9196619172291
6574.0537722617	0.9019038716217
6574.0788830468	0.88157343378728
6574.1039939278	0.85870931762436
6574.1291049047	0.82370129671023
6574.1542159775	0.78023085662598
6574.1793271462	0.7519867782743
6574.2044384109	0.73545433514062
6574.2295497714	0.73721216728295
6574.2546612294	0.7538564799917
6574.2797727818	0.77791010287897
6574.3048844301	0.80508838174947
6574.3299961744	0.83310101734281
6574.3551080145	0.86174723860908
6574.3802199506	0.88318472584315
6574.4053319826	0.89959646103005
6574.4304441105	0.92028953789951
6574.4555563343	0.94471944669972
6574.4806686541	0.95607767671896
6574.5057810698	0.95407107839408
6574.5308935814	0.95033060126177
6574.5560061889	0.94671231608539
6574.5811188923	0.94067413147896
6574.6062316917	0.93235629500443
6574.631344587	0.92776896877455
6574.6564575782	0.92826868421644
6574.6815706653	0.92515733004399
6574.7066838484	0.91555039708796
6574.7317971289	0.91011549404195
6574.7569105038	0.90992558411783
6574.7820239746	0.90495030893996
6574.8071375413	0.89656624295178
6574.832251204	0.88299127015196
6574.8573649626	0.86118025625781
6574.8824788172	0.83272490456588
6574.9075927676	0.79631213132624
6574.932706814	0.76682909036355
6574.9578209563	0.74549532579942
6574.9829351946	0.72815400268216
6575.0080495287	0.71289716649395
6575.0331639588	0.71054137018561
6575.0582784849	0.7263230290011
6575.0833931068	0.74795996872614
6575.1085078247	0.78103273959517
6575.1336226385	0.8113066393589
6575.1587375483	0.83782605262948
6575.183852554	0.86068940237736
6575.2089676571	0.87963486605403
6575.2340828546	0.89519682050063
6575.2591981481	0.90144749403043
6575.2843135375	0.90683243928259
6575.3094290229	0.91100114561031
6575.3345446041	0.91360148774314
6575.3596602813	0.91372152331159
6575.3847760545	0.91977381216214
6575.4098919236	0.9378351295996
6575.4350078886	0.95210598511543
6575.4601239495	0.95863169664695
6575.4852401064	0.96159514735085
6575.5103563592	0.95934562654933
6575.535472708	0.95755614603879
6575.5605891527	0.96029279440732
6575.5857056933	0.96029238287767
6575.6108223298	0.95435817579202
6575.6359390623	0.94921602356242
6575.6610558908	0.94731371203308
6575.6861728152	0.94550668440865
6575.711289837	0.94238995314755
6575.7364069532	0.93872816856913
6575.7615241654	0.93102388088336
6575.7866414736	0.92357479300789
6575.8117588776	0.91625878804915
6575.8368763776	0.91142183554434
6575.8619939736	0.91264496236471
6575.8871116655	0.91132235511281
6575.9122294533	0.90396390768489
6575.9373473371	0.90078538969926
6575.9624653168	0.90783036182532
6575.9875833925	0.91416308987025
6576.0127015641	0.91951609411877
6576.0378198317	0.92250213235209
6576.0629381951	0.91846574439056
6576.0880566546	0.91219189383198
6576.11317521	0.89717925125913
6576.1382938613	0.88727270096904
6576.1634126086	0.89529237011279
6576.1885314533	0.90029032777241
6576.2136503925	0.8962734054013
6576.2387694276	0.89497600784441
6576.2638885586	0.90584631215277
6576.2890077856	0.91534465022559
6576.3141271086	0.91889331229152
6576.3392465275	0.92239972413981
6576.3643660423	0.92397988146234
6576.3894856531	0.92388483929829
6576.4146053599	0.91813603900567
6576.4397251626	0.91360999157255
6576.4648450612	0.91227846064163
6576.4899650558	0.90961219299195
6576.5150851464	0.90352772058602
6576.5402053328	0.89980036822677
6576.5653256153	0.90114069133476
6576.5904459937	0.89735127922717
6576.615566468	0.87976863052339
6576.6406870383	0.86776217088983
6576.6658077061	0.8789035027401
6576.6909284683	0.88923040827086
6576.7160493265	0.88996310634447
6576.7411702806	0.88785219012607
6576.7662913307	0.88280198623091
6576.7914124767	0.88041373015432
6576.8165337187	0.88006349572285
6576.8416550566	0.87991166677693
6576.8667764905	0.88358337563081
6576.8918980203	0.88856505564092
6576.9170196461	0.89835908589937
6576.9421413679	0.90758181052663
6576.9672631856	0.91592528880501
6576.9923850993	0.9229837092853
6577.0175071089	0.92497500461443
6577.0426292145	0.92621708128987
6577.067751416	0.92352757588341
6577.0928737135	0.92153613323229
6577.117996107	0.91972312859461
6577.1431185979	0.918557539657
6577.1682411833	0.91880462445565
6577.1933638647	0.91792108878646
6577.218486642	0.91335101971391
6577.2436095152	0.91083594320182
6577.2687324844	0.91899010519723
6577.2938555496	0.9269057270393
6577.3189787108	0.93701388842944
6577.3441019679	0.94282676145267
6577.369225321	0.9208250674074
6577.39434877	0.90333485942729
6577.419472315	0.90835591161055
6577.444595956	0.91270421427671
6577.4697196929	0.91494183187684
6577.4948435258	0.91493244146891
6577.5199674547	0.90611770174144
6577.5450914795	0.90073758694639
6577.5702156003	0.90142225877627
6577.595339817	0.90082897024139
6577.6204641297	0.90729621799489
6577.64558854	0.91483463329452
6577.6707130446	0.92320173953419
6577.6958376452	0.93022811618593
6577.7209623418	0.93218242374379
6577.7460871344	0.93250116454199
6577.7712120229	0.92227611193268
6577.7963370074	0.91369382332191
6577.8214620879	0.9134363856641
6577.8465872643	0.91343890201398
6577.8717125367	0.91994768117084
6577.8968379051	0.924300788284
6577.9219633694	0.91224245915486
6577.9470889298	0.90125632175763
6577.9722145861	0.90059415024068
6577.9973403383	0.90233851540415
6578.0224661866	0.91601460682482
6578.0475921308	0.92687324235674
6578.072718171	0.9152094597862
6578.0978443071	0.9043284263415
6578.1229705408	0.90758810154023
6578.1480968689	0.91270772799097
6578.1732232929	0.91944424505676
6578.198349813	0.92229689830954
6578.223476429	0.91677587044204
6578.248603141	0.91414032200269
6578.273729949	0.91150453033988
6578.298856853	0.90990933837806
6578.3239838529	0.92274378156823
6578.3491109488	0.93082487887057
6578.3742381407	0.91557709348516
6578.3993654286	0.90519508304516
6578.4244928124	0.90761944378145
6578.4496202922	0.90711938390081
6578.474747868	0.90080607668351
6578.4998755398	0.89422420281172
6578.5250033076	0.88563491208592
6578.5501311713	0.87996706778439
6578.575259131	0.89218272387514
6578.6003871882	0.90245681782229
6578.6255153399	0.89985916911872
6578.6506435876	0.89725356615051
6578.6757719312	0.89631120298183
6578.7009003709	0.89517049893572
6578.7260289065	0.88935117353468
6578.7511575381	0.88361053096924
6578.7762862656	0.87722230043439
6578.8014150892	0.87347476088849
6578.8265440087	0.88897616512392
6578.8516730243	0.90029789515262
6578.8768021358	0.88359511105709
6578.9019313433	0.87212880773577
6578.9270606468	0.8946765505637
6578.9521900462	0.91170619965523
6578.9773195417	0.89375449719129
6579.0024491331	0.88097726188729
6579.0275788206	0.8971105425575
6579.052708604	0.90988414049911
6579.0778384834	0.90736044708467
6579.1029684603	0.90487704262331
6579.1280985317	0.90153164110135
6579.1532286991	0.8979207999069
6579.1783589624	0.89928952928538
6579.2034893218	0.89971865886023
6579.2286197771	0.88853403984572
6579.2537503284	0.87893308297855
6579.2788809758	0.88056376272968
6579.3040117191	0.88351977774076
6579.3291425584	0.8894215223766
6579.3542734937	0.8940199328218
6579.379404525	0.89321586266107
6579.4045356522	0.89233044000572
6579.4296668755	0.89082077708138
6579.4547981948	0.88722368694135
6579.47992961	0.87297976799245
6579.5050611213	0.86463893011681
6579.5301927285	0.88219339593326
6579.5553244318	0.8959202269068
6579.5804562325	0.89752273289562
6579.6055881278	0.89882377921661
6579.630720119	0.89308363871383
6579.6558522062	0.8890499451557
6579.6809843894	0.89342527070483
6579.7061166687	0.89571878474453
6579.7312490439	0.88991477766016
6579.7563815151	0.88516204245505
6579.7815140823	0.88678794707261
6579.8066467455	0.88848148368487
6579.8317795047	0.89055306672117
6579.8569123599	0.89251313866103
6579.8820453111	0.89203978504024
6579.9071783583	0.89063434096197
6579.9323115016	0.88773443732929
6579.9574447408	0.8859337404119
6579.982578076	0.88714078780498
6580.0077115072	0.8884294711269
6580.0328450344	0.88908954411597
6580.0579786591	0.8879173257382
6580.0831123783	0.88039312244172
6580.1082461936	0.87513543835056
6580.1333801048	0.87865489305982
6580.158514112	0.87476113580805
6580.1836482152	0.84648695144169
6580.2087824145	0.83208019120764
6580.2339167097	0.86143518128047
6580.259051101	0.88263538842592
6580.2841855882	0.88022910577427
6580.3093201715	0.87667704515003
6580.3344548507	0.86789771347597
6580.359589626	0.86317704862972
6580.3847244973	0.86937286878093
6580.4098594645	0.87453482267988
6580.4349945278	0.87967872449581
6580.4601296871	0.88675497446792
6580.4852649424	0.8993313264109
6580.5104002937	0.90939783037024
6580.5355357411	0.90920766055267
6580.5606712859	0.90792449024903
6580.5858069252	0.90720504873078
6580.6109426606	0.90698774908109
6580.636078492	0.90482656670251
6580.6612144193	0.90074627268522
6580.6863504427	0.89381094378821
6580.7114865621	0.88429953678394
6580.7366227775	0.86745118138547
6580.7617590889	0.85340955372066
6580.7868954964	0.84674018179459
6580.8120319998	0.8396899501141
6580.8371685993	0.83181375258879
6580.8623052948	0.83113976487584
6580.8874420862	0.8468684079095
6580.9125789737	0.85487351268823
6580.9377159573	0.84534706489764
6580.9628530368	0.83376597286127
6580.9879902123	0.81866188003846
6581.0131274839	0.80454398015187
6581.038264853	0.79194734802729
6581.0634023166	0.77759449074966
6581.0885398762	0.75854478186152
6581.1136775318	0.74048269565852
6581.1388152835	0.72845718413225
6581.1639531312	0.72381855339074
6581.1890910748	0.72967941615241
6581.2142291145	0.73961275187101
6581.2393672503	0.7579534081714
6581.264505482	0.77908322399482
6581.2896438098	0.80549645410273
6581.3147822336	0.82839409869484
6581.3399207534	0.84667954810656
6581.3650593692	0.86487625722769
6581.390198081	0.8803158889949
6581.4153368889	0.88187955342565
6581.4404757928	0.8611578173229
6581.4656147927	0.84878499337127
6581.4907538886	0.8500187058288
6581.5158930821	0.85245944207326
6581.5410323701	0.86014671116356
6581.5661717541	0.87227114108568
6581.5913112341	0.88480853046793
6581.6164508102	0.88587072086452
6581.6415904823	0.87526383580578
6581.6667302504	0.87341241703492
6581.6918701145	0.88064415919336
6581.7170100747	0.88390050577676
6581.7421501309	0.88361740162041
6581.7672902831	0.88331205521925
6581.7924305313	0.8840922331567
6581.8175708756	0.88449012155961
6581.8427113159	0.88256577212784
6581.8678518522	0.88168931870488
6581.8929924846	0.8833444431617
6581.9181332129	0.88499246655176
6581.9432740374	0.88446288590928
6581.9684149578	0.88121348499524
6581.9935559758	0.87758997162902
6582.0186970883	0.8758232381864
6582.0438382968	0.87504756816613
6582.0689796014	0.87050249497867
6582.094121002	0.86464829254467
6582.1192624986	0.85314446445279
6582.1444040913	0.83323888585642
6582.16954578	0.83391284469529
6582.1946875647	0.8555243225012
6582.2198294455	0.87457148352504
6582.2449714223	0.89082945275687
6582.2701134951	0.89443332358962
6582.295255664	0.88577406616367
6582.3203979289	0.88150920767881
6582.3455402898	0.88133164806615
6582.3706827468	0.87846353715361
6582.3958252998	0.87328030050687
6582.4209679488	0.87301587903597
6582.4461106939	0.88157648467484
6582.471253535	0.87541834317154
6582.4963964737	0.86819124556144
6582.5215395069	0.86442119505847
6582.5466826361	0.85948683994459
6582.5718258614	0.85977342561818
6582.5969691827	0.86225900486424
6582.6221126	0.86347809612665
6582.6472561134	0.85570866655842
6582.6723997229	0.84961718025502
6582.6975434283	0.84545146699509
6582.7226872298	0.83362448603729
6582.7478311274	0.82838828498247
6582.772975121	0.81720064034796
6582.7981192106	0.80518998645407
6582.8232633963	0.80254099939149
6582.848407678	0.80657332778514
6582.8735520558	0.81719113556022
6582.8986965296	0.82814965225478
6582.9238410994	0.8381734481815
6582.9489857653	0.84700384422179
6582.9741305288	0.85128618766629
6582.9992753868	0.85785418801967
6583.0244203408	0.86010157190995
6583.0495653909	0.85947373500758
6583.074710537	0.85730714700701
6583.0998557792	0.85615524052886
6583.1250011174	0.86175979668202
6583.1501465516	0.86219972587514
6583.1752920819	0.86320877252969
6583.2004377083	0.86377499405804
6583.2255834307	0.85610084069327
6583.2507292492	0.84637692134635
6583.2758751637	0.85593416576456
6583.3010211742	0.87109051931183
6583.3261672808	0.87135359608787
