6544.2063759993	1.0072208629667
6544.2313727769	1.0114364991617
6544.2563696499	1.0180672935124
6544.2813666184	1.0212430564572
6544.3063636824	1.0236230862063
6544.3313608419	1.0170658041185
6544.3563580968	1.0136673079741
6544.3813554487	1.0238774905731
6544.4063528947	1.0280584856803
6544.4313504361	1.0140935725435
6544.4563480729	1.0060255690927
6544.4813458053	1.0091030101107
6544.5063436331	1.0059363285907
6544.5313415565	0.99511535447771
6544.5563395753	0.99579665342421
6544.5813376896	1.0054184620914
6544.6063358994	1.004738915728
6544.6313342046	0.99862512613953
6544.6563326054	0.99617654335958
6544.6813311016	0.99499973399761
6544.7063296933	0.98916055713219
6544.7313283806	0.98166624192145
6544.7563271633	0.97948412939232
6544.7813260414	0.9769739549569
6544.8063250151	0.97293800555263
6544.8313240843	0.9713314475383
6544.8563232504	0.98011865390237
6544.8813225106	0.9838420914033
6544.9063218662	0.97878176361331
6544.9313213173	0.97573227602058
6544.9563208639	0.9773284643918
6544.981320506	0.98250261559392
6545.0063202436	0.98784178328922
6545.0313200767	0.99448001264958
6545.0563200053	1.0015628717742
6545.0813200293	1.0035202319244
6545.1063201489	1.0028237911956
6545.1313203639	1.0024199809491
6545.1563206745	1.0025344592209
6545.1813210805	0.99807373402372
6545.206321582	0.99573666613464
6545.2313221791	1.0013866515603
6545.2563228716	1.0047174229379
6545.2813236596	1.0023653809191
6545.3063245431	1.0009856276753
6545.3313255221	1.0020612972393
6545.3563265981	1.0038365497083
6545.3813277681	1.0060930313383
6545.4063290336	1.0057190567766
6545.4313303946	1.0044043783239
6545.456331851	1.0043546685712
6545.481333403	1.0046259114771
6545.5063350505	1.0046089853987
6545.5313367935	1.0041030661815
6545.5563386319	1.0009497407114
6545.5813405659	0.99740793981993
6545.6063425954	0.99796819131797
6545.6313447204	0.99741611667066
6545.6563469408	0.99212526061976
6545.6813492568	0.99295793910672
6545.7063516683	1.0045846676518
6545.7313541753	1.0073714023696
6545.7563567777	1.0014399983934
6545.7813594757	0.99678418599304
6545.8063622692	0.99280060347635
6545.8313651597	0.99345597733218
6545.8563681442	0.99660245653284
6545.8813712242	0.99279019699443
6545.9063743997	0.98793242713276
6545.9313776707	0.98213557461051
6545.9563810372	0.97718514054234
6545.9813844992	0.95825637956023
6546.0063880567	0.93878797272718
6546.0313917097	0.92058207737328
6546.0563954582	0.89819615006332
6546.0813993023	0.86440219980637
6546.1064032418	0.83075178626477
6546.1314072769	0.79746680650302
6546.1564114074	0.76863209439174
6546.1814156335	0.74437521303395
6546.206419955	0.73312233434081
6546.2314243721	0.72973144268445
6546.2564288847	0.74876714275301
6546.2814334928	0.7748958804322
6546.3064381979	0.81467419054912
6546.331442997	0.85658482695471
6546.3564478916	0.89728175872031
6546.3814528818	0.93737669151522
6546.4064579674	0.96585169209696
6546.4314631486	0.98953196394818
6546.4564684253	0.99642881269544
6546.4814737974	1.002483901203
6546.5064792651	1.0079883516162
6546.5314848283	1.0119066265548
6546.5564904871	1.0146911483377
6546.5814962413	1.0128814441751
6546.606502091	1.0067347247821
6546.6315080363	1.009905505049
6546.6565140771	1.0178137096953
6546.6815202134	1.0173455778778
6546.7065264452	1.0144019613251
6546.7315327725	1.0103083433143
6546.7565391954	1.007054499746
6546.7815457137	1.0091593119962
6546.8065523291	1.0114760283073
6546.8315590385	1.0084529250739
6546.8565658434	1.006381187515
6546.8815727438	1.0051362044583
6546.9065797398	1.00374007649
6546.9315868312	1.0001060320477
6546.9565940182	0.99737802775406
6546.9816013007	0.99541131744658
6547.0066086787	0.99821240979439
6547.0316161523	1.0025538504609
6547.0566237213	1.0097129845484
6547.0816313859	1.0178064515924
6547.106639146	1.02143993722
6547.1316470017	1.0237758723369
6547.1566549528	1.017087779949
6547.1816629995	1.0092977168246
6547.2066711417	1.0010970805046
6547.2316793794	0.99316671232251
6547.2566877126	0.98183957233873
6547.2816961429	0.97833914361513
6547.3067046672	0.98819010792303
6547.331713287	0.99423099698859
6547.3567220023	0.99549618545204
6547.3817308132	0.99494537005711
6547.4067397196	0.99416589975659
6547.4317487215	0.99195665142337
6547.456757819	0.98891007397107
6547.4817670119	0.98733882860304
6547.5067763004	0.98528088619211
6547.5317856844	0.98442159561692
6547.556795164	0.98490666333697
6547.5818047391	0.98617451806304
6547.6068144097	0.98763299816088
6547.6318241758	0.99149390761137
6547.6568340375	0.99421688688166
6547.6818439947	0.99474779693118
6547.7068540474	0.99361455855647
6547.7318641957	0.99161940723901
6547.756874441	0.99520129492375
6547.7818847803	1.0031961651579
6547.8068952151	1.0128156781476
6547.8319057455	1.0233434635348
6547.8569163714	1.0273227139107
6547.8819270929	1.0276158558824
6547.9069379098	1.0262179501053
6547.9319488224	1.0210613502869
6547.9569598304	1.0134177674016
6547.981970934	1.0033611482179
6548.0069821331	0.99224140842017
6548.0319934278	0.98357306805204
6548.0570048179	0.97715853329403
6548.0820163037	0.97249725991005
6548.1070278849	0.96757672311147
6548.1320395617	0.96942681662312
6548.157051334	0.9753948835456
6548.1820632019	0.97578711728973
6548.2070751653	0.97498151485892
6548.2320872258	0.98056595659654
6548.2570993802	0.98677355188346
6548.2821116302	0.99052038457479
6548.3071239758	0.9944957556037
6548.3321364169	1.0015459090264
6548.3571489535	1.0081885797623
6548.3821615857	1.0130274991822
6548.4071743134	1.0157688084781
6548.4321871367	1.0142638580367
6548.4572000555	1.0142749496072
6548.4822130698	1.016762391216
6548.5072261797	1.0195085833856
6548.5322393851	1.0216138288974
6548.5572526861	1.021160890641
6548.5822660826	1.0197859648747
6548.6072795746	1.0230742123056
6548.6322931622	1.02677905031
6548.6573068454	1.0243844247634
6548.682320624	1.0219436580345
6548.7073344983	1.0236275660511
6548.7323484696	1.0240133335777
6548.7573625349	1.0166061108453
6548.7823766957	1.0107272718601
6548.8073909521	1.008006405473
6548.8324053041	1.0026770219906
6548.8574197516	0.99448239906274
6548.8824342947	0.9892005540283
6548.9074489333	0.98686655003073
6548.9324636674	0.99047160718352
6548.9574784971	0.99676494131407
6548.9824934223	0.99492575265315
6549.0075084431	0.99199089728519
6549.0325235595	0.99902889486518
6549.0575387714	1.0067713164149
6549.0825540788	1.0155028669113
6549.1075694818	1.0213331308282
6549.1325849803	1.0193563892573
6549.1576005744	1.0166034124782
6549.1826162641	1.0138520191731
6549.2076320508	1.0145162904076
6549.2326479315	1.0180667717683
6549.2576639078	1.020480084781
6549.2826799797	1.0230604543935
6549.3076961471	1.0184562019321
6549.33271241	1.0109326649776
6549.3577287686	1.0116178079395
6549.3827452226	1.0129588862247
6549.4077617722	1.016609805628
6549.4327784174	1.0194298415066
6549.4577951582	1.0181031235042
6549.4828119945	1.0170203334954
6549.5078289263	1.0148110445706
6549.5328459537	1.0120784426937
6549.5578630767	1.0086739822312
6549.5828802952	1.0070113006252
6549.6078976093	1.0081973494956
6549.6329150189	1.0134541053581
6549.6579325241	1.020222264924
6549.6829501264	1.018645337355
6549.7079678227	1.013017905328
6549.7329856145	1.0111662645516
6549.758003502	1.0107944643879
6549.783021485	1.0096183485435
6549.8080395635	1.0075898410272
6549.8330577376	1.0053614124425
6549.8580760073	1.0054049222428
6549.8830943725	1.0076539286551
6549.9081128333	1.0100679683174
6549.9331313897	1.0126306155918
6549.9581500416	1.0134008761446
6549.9831687891	1.0118689790617
6550.0081876322	1.0108066056236
6550.0332065708	1.0095003845527
6550.058225605	1.0041595755579
6550.0832447347	0.99777374952835
6550.10826396	0.99151961521785
6550.1332832809	0.98544254280047
6550.1583026973	0.98214408426801
6550.1833222108	0.9793881969792
6550.2083418184	0.97504839912626
6550.2333615216	0.9717783991248
6550.2583813203	0.97314371068558
6550.2834012145	0.97744990216107
6550.3084212044	0.98516676400163
6550.3334412898	0.99538462025282
6550.3584614708	1.006994613437
6550.3834817473	1.0138035457702
6550.4085021194	1.017828812839
6550.4335225871	1.0199523957963
6550.4585431504	1.0214249712211
6550.4835638092	1.0305712982223
6550.5085845636	1.0384222273433
6550.5336054136	1.0321951741393
6550.5586263591	1.0260624247929
6550.5836474002	1.0217760305713
6550.6086685369	1.0194393990654
6550.6336897692	1.0194287194203
6550.6587110985	1.0180175558327
6550.6837325219	1.0149219392878
6550.7087540409	1.0117837358983
6550.7337756555	1.0091840397232
6550.7587973656	1.0030063605782
6550.7838191713	0.99690996696541
6550.8088410726	0.99614784675181
6550.8338630695	0.99665092308955
6550.8588851619	0.9993921607953
6550.8839073499	1.0017509491092
6550.9089296335	1.0004336309478
6550.9339520126	0.99650963971358
6550.9589744874	0.98853322130542
6550.9839970577	0.98420396855934
6551.0090197236	0.98524586736838
6551.0340424851	0.99361178711226
6551.0590653421	1.0061665239362
6551.0840882948	1.0228357951845
6551.109111343	1.0411503800463
6551.1341344883	1.0429750700742
6551.1591577276	1.0393960596326
6551.1841810626	1.0360169000812
6551.2092044931	1.0329040963563
6551.2342280192	1.0269573714107
6551.2592516409	1.0213772072597
6551.2842753582	1.0146412103517
6551.3092991711	1.0081919443619
6551.3343230795	1.0046586315356
6551.3593470836	1.0009236842955
6551.3843711832	0.99629090350644
6551.4093953784	0.99200012610817
6551.4344196691	0.98825281426962
6551.4594440555	0.98536135963175
6551.4844685375	0.98308654613383
6551.509493115	0.97385749197123
6551.5345177881	0.96368507342336
6551.5595425568	0.95421592716266
6551.5845674211	0.94436281767521
6551.609592381	0.93727068729895
6551.634617438	0.93314510019714
6551.659642589	0.93711347285862
6551.6846678357	0.94251292308792
6551.7096931779	0.95241059314516
6551.7347186157	0.96947835982939
6551.7597441492	0.99159203096642
6551.7847697782	1.0099488618433
6551.8097955027	1.0273357731489
6551.8348213229	1.0387093167728
6551.8598472387	1.0463396433016
6551.8848732501	1.0490805917153
6551.909899357	1.0484945598386
6551.9349255596	1.0446161299084
6551.9599518577	1.0376374483095
6551.9849782514	1.0301894083125
6552.0100047408	1.0251852691174
6552.0350313257	1.0245891877734
6552.0600580062	1.0209783973842
6552.0850847823	1.012405940531
6552.1101116555	1.0088157810867
6552.1351386228	1.0085714297403
6552.1601656857	1.0122503040404
6552.1851928442	1.0167677553378
6552.2102200982	1.0186319251715
6552.2352474479	1.0188114253695
6552.2602748932	1.0174173497513
6552.2853024341	1.0150933883014
6552.3103300705	1.0097183586964
6552.3353578026	1.0048265725112
6552.3603856303	1.0001024855576
6552.3854135535	0.99785242426803
6552.4104415724	0.99892365572694
6552.4354696868	1.0004628295775
6552.4604978969	1.0021941294012
6552.4855262025	0.99784531169589
6552.5105546038	0.9909495756967
6552.5355831007	0.99257201750167
6552.5606116931	0.99572659715009
6552.5856403827	0.99103773020844
6552.6106691663	0.98664026227949
6552.6356980456	0.98914498875243
6552.6607270205	0.99342590382449
6552.6857560909	1.0011754574612
6552.710785257	1.0064341832799
6552.7358145187	1.0086790056838
6552.760843876	1.0096592235983
6552.7858733288	1.0097861488846
6552.8109028773	1.009077954973
6552.8359325214	1.007499237877
6552.8609622611	1.0039428068311
6552.8859920964	0.99959324613907
6552.9110220273	1.0000694063991
6552.9360520539	1.0028618298555
6552.961082176	1.0107264530556
6552.9861123937	1.0173047716104
6553.011142707	1.0169862913611
6553.036173116	1.015871434188
6553.061203622	1.0142314279084
6553.0862342222	1.0128277796141
6553.111264918	1.0115425883589
6553.1362957094	1.0104864551564
6553.1613265963	1.0111985995654
6553.1863575789	1.0102987277866
6553.2113886572	1.0097296239692
6553.236419831	1.0164423652304
6553.2614511004	1.0227338699066
6553.2864824654	1.0234390174279
6553.3115139261	1.0236606180518
6553.3365454824	1.0231188099114
6553.3615771342	1.0218986359783
6553.3866088817	1.0202245365938
6553.4116407248	1.017814887043
6553.4366726636	1.0133866926437
6553.4617046979	1.0097304151548
6553.4867368278	1.0070342188758
6553.5117690534	1.0096692820549
6553.5368013746	1.0136163884255
6553.5618337929	1.0183671854858
6553.5868663053	1.0239714745963
6553.6118989133	1.0210042943763
6553.636931617	1.0185530438391
6553.6619644162	1.0196552216119
6553.6869973111	1.0179373364295
6553.7120303016	1.0081169739458
6553.7370633877	1.0012208024736
6553.7620965694	0.99850250761135
6553.7871298468	0.99675629437265
6553.8121632197	0.9959811983795
6553.8371966883	0.99830257166625
6553.8622302525	1.0020965740398
6553.8872639124	1.0073401114085
6553.9122976678	1.0121275469691
6553.9373315189	1.0072513025966
6553.9623654656	1.0029689975456
6553.9873995079	1.0032952060602
6554.0124336458	1.0008772378706
6554.0374678809	0.98856402681504
6554.06250221	0.97341698041426
6554.0875366348	0.95261504889751
6554.1125711553	0.93211558288093
6554.1376057713	0.91379621064667
6554.162640483	0.89783807388237
6554.1876752903	0.88267214911384
6554.2127101932	0.88522482245838
6554.2377451918	0.89326260480808
6554.2627802859	0.90549465807525
6554.2878154757	0.91815561267103
6554.3128507612	0.93882060795442
6554.3378861422	0.95899766529953
6554.3629216189	0.97829600844058
6554.3879571912	0.99314343858551
6554.4129928591	0.99944014192293
6554.4380286227	1.0047798777743
6554.4630644819	1.0097443391363
6554.4881004367	1.0141003008172
6554.5131364887	1.0183356594146
6554.5381726348	1.0175217050458
6554.5632088765	1.0150765292755
6554.5882452138	1.016014673998
6554.6132816468	1.016311521425
6554.6383181754	1.0146596071359
6554.6633547996	1.0127251143356
6554.6883915195	1.0094946953077
6554.713428335	1.0064930722212
6554.7384652461	1.0035247717768
6554.7635022529	1.0021206721081
6554.7885393553	1.00222006972
6554.8135765533	1.002705239141
6554.838613847	1.0032486612976
6554.8636512363	1.0062011249462
6554.8886887212	1.0100363726533
6554.9137263018	1.0161645519339
6554.938763978	1.0212044406982
6554.9638017498	1.018990328556
6554.9888396173	1.0149131266405
6555.0138775819	1.0082595734403
6555.0389156407	1.0009984138286
6555.0639537951	0.99174257608182
6555.0889920451	0.98658141582042
6555.1140303908	0.9864775515083
6555.1390688321	0.99280066889254
6555.164107369	1.0017654396342
6555.1891460016	1.0000425950809
6555.2141847298	0.99598171818887
6555.2392235537	0.98867798076489
6555.2642624732	0.98138279505974
6555.2893014883	0.97601834868731
6555.3143405991	0.9673443722365
6555.3393798055	0.9487275098563
6555.3644191076	0.93018736863843
6555.3894585053	0.91174379713702
6555.4144979986	0.90509224242871
6555.4395375876	0.90790295286146
6555.4645772723	0.91199310889946
6555.4896170541	0.91682902296548
6555.51465693	0.92842989823952
6555.5396969016	0.94235452772505
6555.5647369688	0.96097493427777
6555.5897771316	0.97790588926658
6555.6148173901	0.98594929531806
6555.6398577443	0.99380105853511
6555.6648981941	1.0038189899286
6555.6899387395	1.0065556024467
6555.7149793806	0.99964176572396
6555.7400201173	0.99407117102868
6555.7650609497	0.98948615438357
6555.7901018778	0.98463125771984
6555.8151429014	0.97934609573819
6555.8401840208	0.9759483866503
6555.8652252357	0.97396038825308
6555.8902665464	0.96347882008783
6555.9153079526	0.9513309219978
6555.9403494546	0.93037343216062
6555.9653910537	0.90899499877391
6555.9904327469	0.88876889523724
6556.0154745358	0.87619569015419
6556.0405164203	0.874193015029
6556.0655584005	0.88162434712551
6556.0906004763	0.89633818695329
6556.1156426478	0.91988176402232
6556.140684915	0.94673545972902
6556.1657272778	0.97169288442337
6556.1907697362	0.99622070620909
6556.2158122903	1.0092817499289
6556.2408549401	1.0206789679438
6556.2658976855	1.0226219212372
6556.2909405265	1.0243867451196
6556.3159834633	1.0278574015398
6556.3410264956	1.0335277411916
6556.3660696237	1.0400235091453
6556.3911128474	1.0419206839268
6556.4161561667	1.0391224115632
6556.4411995817	1.0416965121353
6556.4662430939	1.0449902813151
6556.4912867002	1.0404775277993
6556.5163304022	1.0352398559004
6556.5413741999	1.0315179109998
6556.5664180932	1.0281284968945
6556.5914620821	1.0205991371408
6556.6165061667	1.0107324316424
6556.641550347	0.99738411405592
6556.666594623	0.98213283119447
6556.6916389946	0.96487796531952
6556.7166834618	0.95589179657494
6556.7417280248	0.95162019588938
6556.7667726833	0.9504025038349
6556.7918174376	0.95053819525623
6556.8168622875	0.96165250930867
6556.8419072331	0.9754399633697
6556.8669522743	0.99407038476521
6556.8919974112	1.0083809876012
6556.9170426438	1.0129882530218
6556.9420879735	1.0186457004203
6556.9671333974	1.0242446500463
6556.992178917	1.0248868009425
6557.0172245322	1.0211878948585
6557.0422702431	1.0224809518076
6557.0673160497	1.0270065444857
6557.0923619519	1.0290539897096
6557.1174079498	1.0300530344403
6557.1424540434	1.022562641303
6557.1675002326	1.0173424420201
6557.1925465175	1.0251060057787
6557.2175928981	1.0297044765919
6557.2426393743	1.0282599667614
6557.2676859462	1.0263696721128
6557.2927326138	1.0236372898218
6557.3177793771	1.0251429539227
6557.342826236	1.0292761141254
6557.3678731906	1.0280356440253
6557.3929202408	1.0243564241601
6557.4179673883	1.021011717537
6557.4430146299	1.0175406156207
6557.4680619672	1.0151279997945
6557.4931094001	1.0129593021529
6557.5181569288	1.010803590521
6557.5432045531	1.0109909980347
6557.568252273	1.0163624339654
6557.5933000887	1.0228647002422
6557.618348	1.0289484087377
6557.643396007	1.0260690376547
6557.6684441097	1.0189869085686
6557.693492308	1.0148006985071
6557.718540602	1.0116503067114
6557.7435889917	1.0094491904848
6557.7686374771	1.0079646804099
6557.7936860582	1.0066477104215
6557.8187347349	1.0066171396737
6557.8437835073	1.011076611259
6557.8688323754	1.0102793593076
6557.8938813407	1.0012077444552
6557.9189304001	0.99219772131271
6557.9439795552	0.9831603002958
6557.969028806	0.97733984470717
6557.9940781525	0.9737233938505
6558.0191275947	0.96638150158467
6558.0441771325	0.95827312608675
6558.0692267661	0.95632818027948
6558.0942764953	0.95487645755791
6558.1193263202	0.95628524705485
6558.1443762407	0.95907198876196
6558.169426257	0.96446703727327
6558.1944763689	0.97191752267446
6558.2195265766	0.9804011060689
6558.2445768799	0.9903075987571
6558.2696272789	1.0020848556679
6558.2946777735	1.0047595696584
6558.3197283639	1.0043293327484
6558.3447790499	1.0079048896036
6558.3698298317	1.0112344479216
6558.3948807106	1.0087656736941
6558.4199316837	1.0062802978458
6558.4449827525	1.0037327792409
6558.470033917	1.0025548087206
6558.4950851771	1.001085097696
6558.520136533	0.99984891287045
6558.5451879845	1.000062132279
6558.5702395318	1.0048252273356
6558.5952911747	1.0109236253912
6558.6203429133	1.016434560195
6558.6453947476	1.0219045085588
6558.6704466776	1.0235864276976
6558.6954987032	1.0250223464306
6558.7205508246	1.020036089994
6558.7456030417	1.0136311312781
6558.7706553544	1.0062921789573
6558.7957077629	1.0045841692755
6558.820760267	1.0073762663074
6558.8458128668	1.0055876394716
6558.8708655639	1.0023215765908
6558.8959183551	1.0066419373898
6558.920971242	1.0116287017599
6558.9460242246	1.0178815408582
6558.9710773029	1.0231463962101
6558.9961304769	1.0253556093016
6559.0211837465	1.027535421746
6559.0462371119	1.0288882161717
6559.071290573	1.0289757957742
6559.0963441298	1.0273595391705
6559.1213977822	1.0278375141916
6559.1464515304	1.0305991640769
6559.1715053743	1.0283158704312
6559.1965593138	1.0234178885987
6559.2216133491	1.0221055057868
6559.2466674801	1.0214338242875
6559.2717217067	1.0181054456966
6559.2967760291	1.0152108460103
6559.3218304471	1.0105688432576
6559.3468849624	1.0053786882101
6559.3719395718	0.99944557172804
6559.396994277	0.98763845254986
6559.4220490779	0.96840934206494
6559.4471039744	0.95003528780382
6559.4721589667	0.9327721523968
6559.4972140546	0.91766869999804
6559.5222692383	0.90361858931025
6559.5473245177	0.90699937297856
6559.5723798927	0.91244293813103
6559.5974353635	0.92832779157093
6559.62249093	0.94276330086436
6559.6475465922	0.95334330382602
6559.6726023501	0.9635149336264
6559.6976582037	0.97422529409333
6559.7227141529	0.984353521812
6559.747770198	0.99298393498957
6559.7728263387	0.99607503682852
6559.7978825751	0.99624703399903
6559.8229389072	0.99636777183967
6559.8479953365	0.99741270461434
6559.8730518601	1.0008430699759
6559.8981084793	1.0048970863314
6559.9231651943	1.0079985998374
6559.9482220049	1.0118242354152
6559.9732789113	1.0158984422026
6559.9983359134	1.0149765712024
6560.0233930112	1.0100341187297
6560.0484502047	1.0036953835131
6560.0735074939	0.99657617289066
6560.0985648788	0.995513126457
6560.1236223594	0.99544726805478
6560.1486799358	0.97715283954399
6560.1737376078	0.96226540717977
6560.1987953756	0.96470543472579
6560.2238532391	0.96777194924427
6560.2489111983	0.97221178566045
6560.2739692532	0.97834266967468
6560.2990274038	0.98592296164627
6560.3240856517	0.99242802561355
6560.3491439937	0.9982513307738
6560.3742024315	0.99655345163796
6560.3992609649	0.99256858059489
6560.4243195941	0.97524555794839
6560.4493783191	0.95705263828333
6560.4744371397	0.94220425335418
6560.499496056	0.92885886051952
6560.5245550681	0.91824029545096
6560.5496141759	0.91356693344643
6560.5746733794	0.91633106695428
6560.5997326786	0.91844630607685
6560.6247920735	0.92052240419246
6560.6498515642	0.93090957287408
6560.6749111505	0.94399363736433
6560.6999708326	0.95266868456051
6560.7250306104	0.96108311829298
6560.750090484	0.97215740553992
6560.7751504532	0.98135154772526
6560.8002105197	0.98274789621325
6560.8252706804	0.98463989559586
6560.8503309368	0.98854071533323
6560.875391289	0.99173140779994
6560.9004517368	0.99321093555418
6560.9255122804	0.99339749715292
6560.9505729197	0.99403473664535
6560.9756336547	0.99242804915567
6561.0006944855	0.9893693808932
6561.025755412	0.98649049786385
6561.0508164342	0.98490418123777
6561.0758775521	0.98703490798789
6561.1009387658	0.98961321713906
6561.1260000751	0.99259369738292
6561.1510614803	0.99201094123261
6561.1761229811	0.98802509308353
6561.2011845776	0.98578058477876
6561.2262462699	0.98484218665868
6561.251308058	0.98614666176431
6561.2763699432	0.98693160469537
6561.3014319227	0.9867112431577
6561.3264939979	0.98574675212441
6561.3515561688	0.98172001048701
6561.3766184355	0.97853738279264
6561.4016807979	0.97698799746376
6561.426743256	0.97766062191803
6561.4518058098	0.98095248671846
6561.4768684594	0.98203720176354
6561.5019312047	0.98187353501451
6561.5269940458	0.98016946837902
6561.5520569825	0.97775292747299
6561.577120015	0.97469767198408
6561.6021831433	0.97170627133857
6561.6272463673	0.97049940015141
6561.652309687	0.96785967280466
6561.6773731024	0.96298041241735
6561.7024366136	0.9576434821438
6561.7275002205	0.95086883491907
6561.7525639231	0.94603576939859
6561.777627723	0.94224603942202
6561.8026916171	0.93823711462912
6561.827755607	0.93446753913922
6561.8528196926	0.92642854014181
6561.8778838739	0.91749808571966
6561.902948151	0.90626004965518
6561.9280125238	0.89724784937849
6561.9530769923	0.89299564524482
6561.9781415566	0.88572310498457
6562.0032062166	0.87454945081458
6562.0282709723	0.86248765753555
6562.0533358238	0.84982621861747
6562.0784007711	0.83476102402113
6562.103465814	0.82022014972066
6562.1285309528	0.80268717057674
6562.1535961872	0.78410488226942
6562.1786615174	0.76702161264464
6562.2037269433	0.75154177609856
6562.228792465	0.73910926117732
6562.253858084	0.72653609523779
6562.2789237971	0.71346388431688
6562.303989606	0.70427370577209
6562.3290555107	0.69739488411757
6562.3541215111	0.68667258033341
6562.3791876072	0.67511431652938
6562.4042537991	0.67096989310608
6562.4293200867	0.66747922923971
6562.4543864701	0.66126041423718
6562.4794529492	0.6556858420937
6562.5045195241	0.65329734755155
6562.5295861947	0.65093446826644
6562.554652961	0.64806350979753
6562.5797198232	0.64614362968136
6562.604786781	0.64541326522173
6562.6298538346	0.64678304083739
6562.6549209839	0.64855206715777
6562.679988229	0.65027527749637
6562.7050555699	0.6511201099986
6562.730123008	0.64717023066991
6562.7551905403	0.64510663313974
6562.7802581684	0.64644419645574
6562.8053258923	0.64558815965902
6562.8303937119	0.64214826717261
6562.8554616272	0.63896607286867
6562.8805296383	0.63590525461277
6562.9055977452	0.63569300907192
6562.9306659478	0.63616968913501
6562.9557342461	0.63980804907348
6562.9808026402	0.64394202310354
6563.0058711301	0.64517487688909
6563.0309397157	0.64657433155849
6563.0560083971	0.64833097044619
6563.0810771742	0.65162913821519
6563.1061460471	0.65799189722327
6563.1312150157	0.66306375628793
6563.1562840801	0.66710540370091
6563.1813532402	0.67171377293161
6563.2064224961	0.67662775820131
6563.2314918493	0.68484554042919
6563.2565612967	0.69310132789234
6563.2816308399	0.69947504346956
6563.3067004788	0.70685834607617
6563.3317702135	0.71455994734828
6563.3568400439	0.72384122416909
6563.3819099701	0.73610442746925
6563.4069799921	0.75022475079524
6563.4320501098	0.76509850522077
6563.4571203233	0.78407293155957
6563.4821906325	0.80296010335476
6563.5072610375	0.8195103114124
6563.5323315383	0.83615810848276
6563.5574021348	0.8480113810232
6563.5824728271	0.85854882788511
6563.6075436152	0.86849313098026
6563.632614499	0.88197910174526
6563.6576854785	0.89879221609952
6563.6827565539	0.90820198132075
6563.7078277265	0.91270313655165
6563.7328989934	0.91796146612476
6563.757970356	0.92340837301225
6563.7830418144	0.93014013048429
6563.8081133685	0.93616408876231
6563.8331850185	0.93397902366132
6563.8582567641	0.93187076538278
6563.8833286056	0.92921136075611
6563.9084005428	0.92569504083138
6563.9334725758	0.92176250025192
6563.9585447046	0.91731250191669
6563.9836169291	0.91246333276847
6564.0086892494	0.9166483183912
6564.0337616654	0.92314924211316
6564.0588341773	0.92882628568176
6564.0839067849	0.93462579255489
6564.1089794882	0.94104700151725
6564.1340522874	0.947964319469
6564.1591251823	0.95673030403615
6564.1841981744	0.96425075853682
6564.2092712609	0.96870211254924
6564.2343444431	0.97424438628292
6564.2594177211	0.98117206727948
6564.2844910949	0.98725435348361
6564.3095645644	0.99252747852031
6564.3346381297	0.98921833943267
6564.3597117908	0.98648648690868
6564.3847855476	0.99057435584227
6564.4098594003	0.99376268920574
6564.4349333487	0.99385393810154
6564.4600073928	0.99610072600754
6564.4850815328	1.0011347446835
6564.5101557685	0.99708896678849
6564.5352301	0.98788974461939
6564.5603045273	0.99338748894262
6564.5853790503	1.0028972222812
6564.6104536692	0.99853170044092
6564.6355283838	0.99465369975957
6564.6606031942	0.99711793726371
6564.6856781018	1.0006101516343
6564.7107531038	1.0048088739971
6564.7358282015	1.0081764062194
6564.760903395	1.0108521375568
6564.7859786843	1.0110260615033
6564.8110540693	1.009492775686
6564.8361295501	1.0071282471169
6564.8612051268	1.0052640158637
6564.8862807992	1.003291759402
6564.9113565673	1.0015414762437
6564.9364324313	1.0036241493928
6564.961508391	1.007909396442
6564.9865844466	1.0113296379164
6565.0116605979	1.0112855195559
6565.036736845	1.0109703873268
6565.0618131878	1.0115501785133
6565.0868896265	1.0121294964251
6565.1119661609	1.011172470654
6565.1370427911	1.0084381610088
6565.1621195187	1.0039045795454
6565.1871963405	1.0002077528545
6565.212273258	0.9981415006261
6565.2373502714	0.99474004078834
6565.2624273806	0.98777340787181
6565.2875045855	0.97963748996083
6565.3125818862	0.97098993794569
6565.3376592827	0.96316445521621
6565.362736775	0.95747263921679
6565.3878143631	0.95128987202743
6565.412892047	0.94165351284816
6565.4379698267	0.93481102547593
6565.4630477021	0.93535234840602
6565.4881256734	0.93722740618821
6565.5132037404	0.9441950944407
6565.5382819032	0.95103198230531
6565.5633601618	0.9575890829642
6565.5884385162	0.96624599650639
6565.6135169664	0.98275727133144
6565.6385955139	0.99589590515893
6565.6636741557	0.99760844538803
6565.6887528933	0.99975305942951
6565.7138317266	1.0032248698643
6565.7389106558	1.0060900846102
6565.7639896807	1.0042728273383
6565.7890688015	1.0023842013014
6565.814148018	0.99822514380092
6565.8392273304	0.99440398904603
6565.8643067385	0.99304587377631
6565.8893862424	0.99136145677717
6565.9144658421	0.99105483466962
6565.9395455377	0.9906501936431
6565.964625329	0.99388336532333
6565.9897052161	0.99795007428724
6566.014785199	1.0030446124503
6566.0398652777	1.0078849118355
6566.0649454522	1.0118388829545
6566.0900257225	1.0161911035108
6566.1151060901	1.0130100960856
6566.140186552	1.0089078775785
6566.1652671097	1.0082524822294
6566.1903477632	1.0080428653352
6566.2154285125	1.0079496334591
6566.2405093576	1.0077741396572
6566.2655902985	1.0081618815658
6566.2906713352	1.008238399623
6566.3157524677	1.0105937181922
6566.340833696	1.0143534261288
6566.3659150201	1.0150648912723
6566.39099644	1.0145846652876
6566.4160779557	1.016984343011
6566.4411595672	1.0198637170001
6566.4662412745	1.0180079842971
6566.4913230777	1.0155243302407
6566.5164049766	1.0146254660279
6566.5414869713	1.0134601078753
6566.5665690619	1.0108942936334
6566.5916512482	1.0078336642224
6566.6167335319	1.0089462851666
6566.6418159098	1.0120529208815
6566.6668983836	1.0114239594828
6566.6919809531	1.0090274223953
6566.7170636185	1.0085781637292
6566.7421463797	1.0093239578404
6566.7672292367	1.0088191198372
6566.7923121895	1.0071494703257
6566.8173952381	1.0050466941156
6566.8424783825	1.002972159939
6566.8675616227	1.000911043601
6566.8926449588	0.99893449993102
6566.9177283906	1.0001557193509
6566.9428119183	1.0038844689496
6566.9678955418	1.0062272493147
6566.992979261	1.0072275503707
6567.0180630761	1.0064192206142
6567.043146987	1.0032179803127
6567.0682309938	0.99936426589146
6567.0933150978	0.99568824908109
6567.1183992961	0.99544317103016
6567.1434835903	0.99717960489219
6567.1685679803	0.99870896058921
6567.1936524661	1.0016282559775
6567.2187370477	1.0032547331216
6567.2438217251	1.0018317885325
6567.2689064983	1.0007629768461
6567.2939913673	1.001146343405
6567.3190763322	0.99904740866192
6567.3441613929	0.99311339512171
6567.3692465494	0.9890126125962
6567.3943318017	0.98961207118416
6567.4194171498	0.99015440971271
6567.4445025938	0.9906020984324
6567.4695881335	0.99182089629392
6567.4946737691	0.99405317861447
6567.5197595005	0.99547836204983
6567.5448453278	0.99653392932552
6567.5699312523	0.99979414784687
6567.5950172712	1.0042425708609
6567.6201033859	1.0072793503251
6567.6451895964	1.0087855890508
6567.6702759027	1.010563118113
6567.6953623049	1.0117471169111
6567.7204488028	1.0119016495932
6567.7455353966	1.0102636137569
6567.7706220862	1.0090430478678
6567.7957088717	1.0085464699214
6567.8207957529	1.008743126946
6567.84588273	1.0086859757016
6567.8709698029	1.008074470164
6567.8960569717	1.0091655100704
6567.9211442362	1.011104986293
6567.9462315966	1.0171869374752
6567.9713190528	1.0222139052123
6567.9964066049	1.0187669868996
6568.0214942527	1.0146848904342
6568.0465819964	1.0148646895463
6568.0716698375	1.0159368044693
6568.0967577728	1.0167409204812
6568.121845804	1.0172757586109
6568.146933931	1.0148874650301
6568.1720221538	1.0115418716985
6568.1971104725	1.0115628285723
6568.222198887	1.0128313244627
6568.2472873973	1.0121315832372
6568.2723760034	1.0102547002396
6568.2974647054	1.0072493828802
6568.3225535032	1.0047891703122
6568.3476423969	1.0070151635904
6568.3727313863	1.0092435314368
6568.3978204716	1.0080936629504
6568.4229096528	1.0073410836921
6568.4479989297	1.0083201259821
6568.4730883025	1.0091239788636
6568.4981777712	1.0097287445156
6568.5232673357	1.0098319059862
6568.5483569975	1.0088532298094
6568.5734467536	1.0077183235921
6568.5985366056	1.0104875415431
6568.6236265534	1.0134126518805
6568.648716597	1.0114608527578
6568.6738067365	1.008491880551
6568.6988969718	1.008154162037
6568.723987303	1.0084986871565
6568.74907773	1.0061168679708
6568.7741682528	1.0028971665604
6568.7992588715	1.0003668939355
6568.824349586	0.99796638754295
6568.8494403963	0.99007951595579
6568.8745313025	0.9807956531887
6568.8996223045	0.97157222401438
6568.9247134024	0.96215546519705
6568.9498045961	0.95209729113498
6568.9748958856	0.9425134997234
6568.999987271	0.93464319759382
6569.0250787537	0.92724418741752
6569.0501703308	0.90650425683201
6569.0752620037	0.87945676972387
6569.1003537725	0.84779232584381
6569.125445637	0.81383537262661
6569.1505375975	0.79281857166932
6569.1756296538	0.77771807989534
6569.2007218059	0.77828029479785
6569.2258140538	0.78999992708739
6569.2509063976	0.81254490289298
6569.2759988373	0.84118575269643
6569.3010913728	0.86843114504854
6569.3261840041	0.896981126861
6569.3512767313	0.92340582548762
6569.3763695544	0.94775499228064
6569.4014624732	0.96338569985536
6569.426555488	0.97136950362163
6569.4516485985	0.98265588405001
6569.476741805	0.99580496010821
6569.5018351088	1.0011447887181
6569.5269285069	1.0006626390347
6569.5520220008	0.99977805621354
6569.5771155907	0.9975869499999
6569.6022092763	0.99660826692943
6569.6273030579	0.99687381422722
6569.6523969352	0.99566351074282
6569.6774909084	0.99316024168449
6569.7025849775	0.99027955942215
6569.7276791424	0.98834744707649
6569.7527734032	0.98686277905638
6569.7778677598	0.98216854975217
6569.8029622123	0.97729702733017
6569.8280567606	0.9744823237379
6569.8531514048	0.97150733842684
6569.8782461449	0.96895194870164
6569.9033409807	0.96753821433069
6569.9284359125	0.96670564070495
6569.9535309401	0.96586283809051
6569.9786260635	0.96575925553182
6570.0037212844	0.9672833416851
6570.0288165995	0.97152061729693
6570.0539120106	0.97393033209886
6570.0790075174	0.97335805392681
6570.1041031202	0.9733014649111
6570.1291988188	0.97504361869299
6570.1542946132	0.97626756231046
6570.1793905035	0.97548940447085
6570.2044864897	0.97631970386791
6570.2295825717	0.97963856442175
6570.2546787496	0.9822581003744
6570.2797750233	0.98422167010877
6570.3048713929	0.9864013194304
6570.3299678584	0.98780834063081
6570.3550644197	0.98808138483123
6570.3801610769	0.98100787349888
6570.4052578299	0.97380064765714
6570.4303546788	0.96744667489295
6570.4554516236	0.96258752818964
6570.4805486658	0.95909732358228
6570.5056458023	0.95490284513171
6570.5307430346	0.95518865846036
6570.5558403628	0.95433028982513
6570.5809377869	0.95408845978858
6570.6060353069	0.95231438582571
6570.6311329227	0.94596721231485
6570.6562306344	0.93964035187481
6570.6813284419	0.93837319489762
6570.7064263453	0.93761168185689
6570.7315243446	0.93344814415737
6570.7566224397	0.9306396974839
6570.7817206307	0.93421686559238
6570.8068189176	0.9391894980602
6570.8319173003	0.95054333918605
6570.857015779	0.96239220701319
6570.8821143534	0.9646326242633
6570.9072130238	0.96444465176192
6570.93231179	0.9666292097986
6570.9574106536	0.97012275507351
6570.9825096115	0.96306845546212
6571.0076086654	0.95529764027606
6571.0327078151	0.94426841910854
6571.0578070606	0.93316420406201
6571.0829064021	0.93206524864897
6571.1080058394	0.93052110993168
6571.1331053726	0.93542072092469
6571.1582050016	0.94224596550964
6571.1833047265	0.95803698166244
6571.2084045473	0.97509165810526
6571.233504464	0.98373372782269
6571.2586044765	0.9923186525601
6571.283704585	1.0010412402671
6571.3088047892	1.0090837074721
6571.3339050894	1.0133884361922
6571.3590054855	1.0158337582775
6571.3841059774	1.0118269633914
6571.4092065652	1.0057250167182
6571.4343072488	0.99976509661116
6571.4594080299	0.99316316442659
6571.4845089053	0.98924951245482
6571.5096098766	0.98703394253643
6571.5347109438	0.9907626936379
6571.5598121069	0.99597332759268
6571.5849133658	0.99931087524959
6571.6100147206	1.0021212450174
6571.6351161713	1.0004668355284
6571.6602177179	0.9974595153408
6571.6853193603	0.99525663591028
6571.7104210987	0.9952074318076
6571.7355229329	0.99542103764322
6571.760624863	0.99548304392749
6571.7857268889	0.99493522985564
6571.8108290108	0.99387590241466
6571.8359312285	0.99308977267017
6571.8610335422	0.99243659182132
6571.8861359517	0.99207025854951
6571.9112384571	0.99173736671347
6571.9363410598	0.99092947006167
6571.961443757	0.98984458067788
6571.98654655	0.99043984608349
6572.011649439	0.99101053654593
6572.0367524238	0.98277881915289
6572.0618555045	0.97195843068158
6572.086958681	0.96803467492223
6572.1120619535	0.96480734095811
6572.1371653219	0.96908418249629
6572.1622687861	0.97616821376291
6572.1873723462	0.97677549375863
6572.2124760022	0.97554555718864
6572.2375797541	0.97640566929807
6572.2626836019	0.97747102587315
6572.2877875456	0.98049350780251
6572.3128915852	0.98418428623517
6572.3379957206	0.9849580560263
6572.363099952	0.98573220065976
6572.3882042792	0.9826791253748
6572.4133087039	0.97800458104728
6572.4384132229	0.97639530622014
6572.4635178378	0.97761823294764
6572.4886225486	0.97285555190364
6572.5137273553	0.96492160012852
6572.5388322579	0.96152208559195
6572.5639372564	0.96026980536602
6572.5890423507	0.95018371271401
6572.614147541	0.93638596114565
6572.6392528272	0.90637135791265
6572.6643582092	0.86607750989327
6572.6894636872	0.82962812345935
6572.714569261	0.79589729327219
6572.7396749308	0.77651528104771
6572.7647806964	0.76480908575976
6572.7898865579	0.7714136951133
6572.8149925153	0.78745678602448
6572.8400985687	0.81282140104424
6572.8652047179	0.84360550111653
6572.890310963	0.87327324103991
6572.9154173055	0.90317518561484
6572.9405237424	0.92784061443704
6572.9656302753	0.94976932499522
6572.990736904	0.96436895759495
6573.0158436286	0.97504944307977
6573.0409504491	0.983179230058
6573.0660573655	0.98827873114746
6573.0911643778	0.99079037458773
6573.116271486	0.99114718543143
6573.1413786901	0.9880385207166
6573.1664859901	0.98313803661665
6573.1915933861	0.97811274315869
6573.2167008779	0.97314372900122
6573.2418084656	0.97117657358716
6573.2669161492	0.97178348191955
6573.2920239288	0.9777607377484
6573.3171318042	0.98892854316974
6573.3422397755	0.99739745796929
6573.3673478428	1.0032471472619
6573.3924560074	1.0055424333047
6573.4175642665	1.0042656844083
6573.4426726214	1.0027971369427
6573.4677810723	1.0016219520663
6573.4928896191	0.99819476269642
6573.5179982617	0.9921937913618
6573.5431070003	0.99008402115664
6573.5682158348	0.9913318491285
6573.5933247652	0.99049121148412
6573.6184337915	0.98717725893876
6573.6435429137	0.98551146843618
6573.6686521318	0.98573309995656
6573.6937614459	0.98334263370738
6573.7188708558	0.97836441179156
6573.7439803616	0.9749026902
6573.7690899634	0.97216759931888
6573.7941996611	0.9710079997947
6573.8193094547	0.97234612016774
6573.8444193442	0.97412867577283
6573.8695293311	0.97686354085234
6573.8946394124	0.97857633029575
6573.9197495896	0.97810107256256
6573.9448598628	0.97718265160398
6573.9699702318	0.97702324549273
6573.9950806968	0.97309461124268
6574.0201912577	0.96453275872838
6574.0453019145	0.94837318912706
6574.0704126672	0.9221733103961
6574.0955235158	0.89247142665038
6574.1206344603	0.85624666639146
6574.1457455008	0.82456500906808
6574.1708566372	0.79841425324292
6574.1959678695	0.78278424771169
6574.2210791977	0.7834659324567
6574.2461906218	0.79328667852183
6574.2713021418	0.81794577632958
6574.2964137578	0.84605219659064
6574.3215254697	0.88092816966983
6574.346637279	0.91235913593162
6574.3717491827	0.93631037998281
6574.3968611823	0.95441086769573
6574.4219732779	0.96445362314361
6574.4470854694	0.97171207500111
6574.4721977568	0.97443247315191
6574.4973101401	0.97869028744868
6574.5224226193	0.98332616250533
6574.5475351945	0.98393038463201
6574.5726478656	0.98042711618489
6574.5977606326	0.97684126899561
6574.6228734955	0.96965162155831
6574.6479864544	0.96354456356031
6574.6730995091	0.96071533621113
6574.6982126598	0.95569181071301
6574.7233259065	0.94555771440326
6574.748439249	0.93828393761936
6574.7735526875	0.93789509583263
6574.7986662219	0.93155729665067
6574.8237798522	0.9132277450778
6574.84889358	0.88931819013251
6574.8740074021	0.85295487992868
6574.8991213202	0.81717741616462
6574.9242353343	0.78175630994647
6574.9493494442	0.75252129039603
6574.9744636501	0.73653262516853
6574.9995779519	0.72844808234973
6575.0246923497	0.73890297773072
6575.0498068433	0.75486368424441
6575.0749214329	0.78421200389432
6575.1000361185	0.81320185756191
6575.1251508999	0.84204971728857
6575.1502657773	0.86933967028039
6575.1753807506	0.89178766038379
6575.2004958199	0.91359166903187
6575.2256109851	0.93275051782388
6575.2507262462	0.94528677252779
6575.2758416032	0.94142098911111
6575.3009570562	0.93875679137068
6575.3260726066	0.94099267137938
6575.3511882515	0.94615387594954
6575.3763039923	0.95394567496817
6575.401419829	0.95905398681536
6575.4265357616	0.96200817975541
6575.4516517902	0.96618299727143
6575.4767679147	0.9715968721566
6575.5018841352	0.97632903553864
6575.5270004516	0.98047139554453
6575.5521168639	0.98272561250615
6575.5772333722	0.97963299424223
6575.6023499764	0.97788142043198
6575.6274666765	0.97918826764571
6575.6525834726	0.97919558808592
6575.6777003646	0.97698879163975
6575.7028173526	0.97588391434391
6575.7279344365	0.97736559362163
6575.7530516163	0.97647560588762
6575.7781688921	0.96939308696819
6575.8032862653	0.96243004923894
6575.8284037329	0.95464115320163
6575.8535212965	0.94894979672667
6575.8786389561	0.94832899126999
6575.9037567115	0.94783303748725
6575.9288745629	0.95086806162984
6575.9539925103	0.95389431357758
6575.9791105536	0.9528845863712
6576.0042286928	0.94899724218822
6576.029346928	0.94270017342865
6576.0544652592	0.94033726065808
6576.0795836862	0.94320574690507
6576.1047022093	0.94276172312407
6576.1298208282	0.93431929569566
6576.1549395431	0.92507673896588
6576.180058354	0.91676192535348
6576.2051772608	0.91232230857502
6576.2302962635	0.91276523426529
6576.2554153622	0.91261975325134
6576.2805345569	0.9160154736334
6576.305653849	0.91913281706733
6576.3307732355	0.92122846208291
6576.355892718	0.92483475859293
6576.3810122964	0.93282002174866
6576.4061319708	0.93939745952825
6576.4312517411	0.94128310986145
6576.4563716074	0.94079482726507
6576.4814915696	0.93288200285068
6576.5066116278	0.92663867909326
6576.5317317819	0.92472329940746
6576.556852032	0.92499650721595
6576.581972378	0.93225884468882
6576.60709282	0.93615769561734
6576.632213358	0.92945756247251
6576.6573339918	0.92524457407706
6576.6824547217	0.92900744467725
6576.7075755475	0.9318131647577
6576.7326964692	0.93172565324427
6576.7578174869	0.92959791039432
6576.7829386021	0.92016734551613
6576.8080598117	0.91334754522644
6576.8331811173	0.91425899825565
6576.8583025188	0.91437832502708
6576.8834240163	0.91406022431061
6576.9085456097	0.91593944381741
6576.9336672991	0.92495204983247
6576.9587890844	0.93176733111802
6576.9839109657	0.93409850938412
6577.009032943	0.93754070801838
6577.0341550162	0.94180778269912
6577.0592771854	0.94527783524475
6577.0843994505	0.94706835973017
6577.1095218116	0.94950711108065
6577.1346442687	0.9520101665519
6577.1597668217	0.95343477997675
6577.1848894707	0.95204664014372
6577.2100122156	0.95092286185729
6577.2351350565	0.95051548758797
6577.2602579948	0.95032715090285
6577.2853810277	0.95101479534428
6577.3105041564	0.95356916296342
6577.3356273812	0.96011088444729
6577.3607507019	0.96256669161903
6577.3858741186	0.95526369560904
6577.4109976312	0.95196111720418
6577.4361212398	0.95871300932817
6577.4612449443	0.96215646108901
6577.4863687449	0.95503386388506
6577.5114926413	0.94746624190683
6577.5366166338	0.93955015937195
6577.5617407222	0.93394755294117
6577.5868649066	0.93632681797336
6577.611989187	0.94011228018066
6577.6371135633	0.94855597086099
6577.6622380356	0.95576058315959
6577.6873626038	0.95792484122585
6577.712487268	0.95790166235598
6577.7376120297	0.95264558434781
6577.7627368859	0.94877941683198
6577.787861838	0.94812060422333
6577.8129868861	0.94965578086812
6577.8381120302	0.95722898256386
6577.8632372702	0.96148965175086
6577.8883626062	0.95653761844324
6577.9134880382	0.95283568293859
6577.9386135661	0.95296655761254
6577.9637391901	0.95254668420348
6577.98886491	0.95222386570433
6578.0139907258	0.95293557816967
6578.0391166377	0.95281303485797
6578.0642426455	0.95156334378145
6578.0893687492	0.950221466179
6578.114494949	0.94926526554535
6578.1396212447	0.94838002482628
6578.1647476364	0.94837369250658
6578.1898741241	0.94930656999522
6578.2150007078	0.94884039200725
6578.2401273889	0.9467982165984
6578.2652541645	0.94525630084064
6578.2903810361	0.94460583675498
6578.3155080037	0.94534165383008
6578.3406350672	0.94788567661993
6578.3657622267	0.94834216544182
6578.3908894822	0.94614043740474
6578.4160168337	0.94333746114323
6578.4411442811	0.93677701307793
6578.4662718245	0.93231438060377
6578.4913994639	0.934639092429
6578.5165271993	0.93765710423396
6578.5416550307	0.94158983574126
6578.566782958	0.94446075295469
6578.5919109814	0.94533375248741
6578.6170391007	0.94477677934568
6578.6421673159	0.94092790702336
6578.6672956272	0.93847821453207
6578.6924240345	0.93836506069873
6578.7175525392	0.93600842093344
6578.7426811384	0.92939372065387
6578.7678098336	0.9241507426334
6578.7929386248	0.92257481499693
6578.818067512	0.92155178132575
6578.8431964951	0.92129135094057
6578.8683255743	0.92016966866345
6578.8934547494	0.91663194401185
6578.9185840205	0.91505889451092
6578.9437133876	0.92037719444326
6578.9688428507	0.92478184472243
6578.9939724097	0.92388635844573
6579.0191020648	0.92384909239985
6579.0442318158	0.92583942794461
6579.0693616629	0.92710935168038
6579.0944916059	0.92684754912002
6579.1196216449	0.92496478151704
6579.1447517799	0.92165363760625
6579.1698820108	0.91794597861229
6579.1950123393	0.9113758243467
6579.2201427623	0.91209069034133
6579.2452732812	0.92654692416707
6579.2704038962	0.93091635410831
6579.2955346071	0.91850473321818
6579.320665414	0.91069124977486
6579.345796317	0.91305896372189
6579.3709273159	0.91919069039767
6579.3960584108	0.92610009229665
6579.4211896017	0.92807169491082
6579.4463208885	0.9268779104836
6579.4714522714	0.92892678484754
6579.4965837503	0.93295943885657
6579.5217153252	0.93587840803206
6579.546846996	0.93839733714901
6579.5719787629	0.93798932816052
6579.5971106257	0.93475575565512
6579.6222425846	0.9347726357491
6579.6473746394	0.93729273857961
6579.6725067903	0.93640890215595
6579.6976390386	0.93213603501759
6579.7227713815	0.93033495150247
6579.7479038203	0.93027505395654
6579.7730363551	0.92689489243995
6579.7981689859	0.92161688380275
6579.8233017128	0.91963785972516
6579.8484345356	0.92059785586154
6579.8735674544	0.92338754846384
6579.8987004692	0.93036046070885
6579.9238335801	0.93604660582134
6579.9489667869	0.93830613596725
6579.9741000897	0.93275904526771
6579.9992334885	0.91846712028224
6580.0243669834	0.91104283455884
6580.0495005742	0.91119506467475
6580.074634261	0.9106033009599
6580.0997680439	0.90871843381235
6580.1249019227	0.90329902762756
6580.1500358976	0.89460366688312
6580.1751699699	0.88676970832882
6580.2003041368	0.88006623325585
6580.2254383996	0.88092490326144
6580.2505727585	0.89173045765269
6580.2757072133	0.89661418226506
6580.3008417642	0.90520305293021
6580.3259764111	0.91303272136199
6580.351111154	0.91750013694296
6580.3762459929	0.93086952055856
6580.4013809277	0.94916272592083
6580.4265159587	0.95875396759129
6580.4516510856	0.95584966573772
6580.4767863085	0.95204094787003
6580.5019216274	0.94751464524073
6580.5270570423	0.93730209807982
6580.5521925533	0.93215436636294
6580.5773281602	0.93454683715743
6580.6024638632	0.94464943611324
6580.6275996622	0.94568344893176
6580.6527355587	0.94144712186004
6580.6778715497	0.93552411798154
6580.7030076367	0.92577451417252
6580.7281438197	0.92095357851254
6580.7532800988	0.91825772158309
6580.7784164738	0.91023635284627
6580.8035529449	0.90294092383825
6580.8286895119	0.89816632744515
6580.853826175	0.89405038234385
6580.8789629341	0.88654294144121
6580.9040997892	0.87928350691692
6580.9292367404	0.87912927542704
6580.9543737875	0.87611922021534
6580.9795109307	0.86938629582392
6581.0046481698	0.85982750565044
6581.029785505	0.84365652955449
6581.0549229362	0.82532191190194
6581.0800604635	0.80954255271295
6581.1051980867	0.79298673433422
6581.130335806	0.77391402285196
6581.1554736228	0.74845603291715
6581.1806115341	0.74549169263992
6581.2057495414	0.75069321766187
6581.2308876447	0.7644139457157
6581.2560258441	0.78833267244178
6581.2811641394	0.81914070039311
6581.3063025308	0.85356441193373
6581.3314410182	0.87153607393741
6581.3565796017	0.88542913878306
6581.3817182811	0.89207669709585
6581.4068570566	0.89486315249362
6581.4319959281	0.90435112961883
6581.4571348956	0.9121285503329
6581.4822739592	0.91077073413947
6581.5074131187	0.90961731807512
6581.5325523743	0.89861163831303
6581.557691726	0.87968553843837
6581.5828311736	0.87481306130795
6581.6079707173	0.87145496242666
6581.6331103585	0.88816357526888
6581.6582500942	0.93486160199141
6581.6833899259	0.93881788367371
6581.7085298537	0.94447256912911
6581.7336698775	0.94653518260123
6581.7588099973	0.95063303489779
6581.7839502132	0.95020341208785
6581.809090525	0.94304789163812
6581.8342309329	0.93714187226713
6581.8593714369	0.93302694680054
6581.8845120368	0.93036902158674
6581.9096527328	0.92305116675471
6581.9347935248	0.92711449619663
6581.9599344129	0.93726320405446
6581.985075397	0.92606578019071
6582.0102164771	0.91723865120305
6582.0353576532	0.91432173120475
6582.0604989254	0.91047092612027
6582.0856402936	0.9132211349325
6582.1107817594	0.92092094202535
6582.1359233196	0.93384688227217
6582.1610649759	0.94177940635957
6582.1862067283	0.95541887033212
6582.2113485766	0.96488734359684
6582.236490521	0.9557661975256
6582.2616325615	0.94757135075538
6582.2867746979	0.94720239197671
