6546.1761787277	0.762500015466
6546.2011830293	0.74368561671299
6546.2261874264	0.73177536453953
6546.2511919189	0.73868230081819
6546.276196507	0.75043243457342
6546.3012011906	0.78475146135807
6546.3262059697	0.82275123086795
6546.3512108444	0.86002832482304
6546.3762158145	0.89567032188221
6546.4012208801	0.92486078275406
6546.4262260413	0.95086766985944
6546.451231298	0.96564704982532
6546.4762366501	0.9795513226495
6546.5012420978	0.99121432165939
6546.526247641	0.99978569357186
6546.5512532798	1.0050736119908
6546.5762590155	1.0114610991774
6546.6012648452	1.0179957931619
6546.6262707705	1.0211528834999
6546.6512767913	1.0229963889139
6546.6762829076	1.0222782524965
6546.7012891194	1.0198288099284
6546.7262954267	1.0169752780565
6546.7513018295	1.0135953523217
6546.7763083279	1.0057038306542
6546.8013149217	0.99867320424095
6546.8263216111	0.99951911471694
6546.851328396	0.99886705035871
6546.8763352764	0.99438718277533
6546.9013422524	0.99115331830744
6546.9263493238	0.99120696182115
6546.9513564908	0.99469717909003
6546.9763637533	0.99941291280942
6547.0013711113	1.0011686762236
6547.0263785649	1.0009814986564
6547.0513861154	1.0044518937637
6547.07639376	1.0083563734647
6547.1014015001	1.0067745008038
6547.1264093357	1.0047220607757
6547.1514172669	1.0012640753255
6547.1764252935	0.997954788284
6547.2014334157	0.98968883702388
6547.2264416334	0.98312974850237
6547.2514499467	0.98349101865771
6547.2764583554	0.9824002039742
6547.3014668597	0.97923282406013
6547.3264754595	0.97832654193132
6547.3514841549	0.98016521688589
6547.3764929457	0.98080446922567
6547.4015018321	0.98118632987588
6547.426510814	0.98369900177345
6547.4515198914	0.98684870973886
6547.4765290644	0.98355115539639
6547.5015383329	0.97827197340537
6547.5265476984	0.97331314775279
6547.5515571579	0.96764102273154
6547.576566713	0.96814954262223
6547.6015763636	0.96856536008037
6547.6265861098	0.96672805306811
6547.6515959514	0.96534550512345
6547.6766058886	0.96449546162297
6547.7016159213	0.96284525511003
6547.7266260496	0.96186951957109
6547.7516362733	0.96175354394323
6547.7766465927	0.96298254832941
6547.8016570075	0.96167142302736
6547.8266675179	0.95861170418179
6547.8516781238	0.96277269517436
6547.8766888252	0.97013852116436
6547.9016996222	0.97242668412122
6547.9267105147	0.97490176665886
6547.9517215027	0.97753986880063
6547.9767325863	0.97902546257929
6548.0017437654	0.97615861172139
6548.0267550415	0.97347581324132
6548.0517664117	0.96929355503101
6548.0767778774	0.96519696626051
6548.1017894387	0.96200109117815
6548.1268010955	0.96124537938113
6548.1518128478	0.96433692030552
6548.1768246956	0.96722221020252
6548.201836639	0.97053341136704
6548.226848678	0.97627665853044
6548.2518608124	0.98323082568413
6548.2768730424	0.99098672052134
6548.301885368	0.99919659921369
6548.3268977891	0.99432385241308
6548.3519103057	0.98839545185639
6548.3769229179	0.99977486953948
6548.4019356256	1.009756189416
6548.4269484288	1.0103777098245
6548.4519613276	1.011878288693
6548.4769743219	1.0180760258262
6548.5019874133	1.0201271929216
6548.5270005987	1.0150185291978
6548.5520138797	1.0143205941756
6548.5770272562	1.0173518641807
6548.6020407282	1.0158939223565
6548.6270542958	1.0121270672644
6548.6520679589	1.0115913675845
6548.6770817176	1.0117155014879
6548.7020955718	1.0091051576984
6548.7271095216	1.0066907557573
6548.7521235669	1.0109521258272
6548.7771377077	1.0162505121717
6548.8021519441	1.014317293549
6548.8271662761	1.0131170814365
6548.8521807036	1.0124275193524
6548.8771952266	1.0136945951647
6548.9022098452	1.0169634430184
6548.9272245593	1.0187988002203
6548.952239369	1.0188538298369
6548.9772542757	1.0204282234141
6549.0022692765	1.0226129520875
6549.0272843728	1.0241987636184
6549.0522995647	1.0258360843568
6549.0773148521	1.020250943647
6549.1023302351	1.0125568847726
6549.1273457137	1.0151371028766
6549.1523612877	1.0177875030699
6549.1773769574	1.0164402671323
6549.2023927226	1.0163105683454
6549.2274085833	1.0149774470919
6549.2524245396	1.0136112956304
6549.2774405914	1.0121894733402
6549.3024567388	1.0120474902852
6549.3274729818	1.0125593356089
6549.3524893203	1.0115862501387
6549.3775057543	1.0101296030367
6549.4025222839	1.0119553514701
6549.4275389091	1.0150876256063
6549.4525556298	1.0109308936064
6549.4775724476	1.0041498951649
6549.5025893594	1.003904027904
6549.5276063668	1.005559859931
6549.5526234698	1.0103080494025
6549.5776406683	1.0129480116051
6549.6026579624	1.0079225950051
6549.627675352	1.004850847869
6549.6526928372	1.0061931718712
6549.6777104179	1.0068160992184
6549.7027280942	1.007479368123
6549.727745866	1.0095812972209
6549.7527637335	1.0134079888761
6549.7777816964	1.019147496013
6549.802799755	1.0257037619267
6549.8278179091	1.0279884529665
6549.8528361587	1.0266568880543
6549.877854504	1.0249092609575
6549.9028729447	1.0202059323762
6549.9278914811	1.0148876418913
6549.9529101145	1.0081464164211
6549.977928842	1.0025584461599
6550.002947665	0.99942742389297
6550.0279665836	0.99866476863039
6550.0529855978	0.99833730375948
6550.0780047075	0.99576766888106
6550.1030239128	0.99269625993163
6550.1280432137	0.98876978838333
6550.1530626101	0.98127266473017
6550.1780821021	0.97270581287446
6550.2031016896	0.96909577926593
6550.2281213728	0.96648985822706
6550.2531411515	0.96783800368266
6550.2781610257	0.9697995627573
6550.3031809955	0.97184978619719
6550.3282010609	0.97477171010087
6550.3532212219	0.98345580835629
6550.3782414784	0.99104975867971
6550.4032618305	0.99525250453551
6550.4282822797	0.99832728205794
6550.453302823	1.000627791969
6550.4783234618	1.0038407585623
6550.5033441962	1.0068458356786
6550.5283650261	1.0074022176839
6550.5533859516	1.0067376936525
6550.5784069727	1.0030122815259
6550.6034280894	0.99776129625664
6550.6284493017	1.0036006732381
6550.6534706095	1.011145767565
6550.6784920129	1.0100132689675
6550.7035135118	1.0093740434689
6550.7285351064	1.0089190871658
6550.7535567965	1.0067571001869
6550.7785785822	0.99990154678421
6550.8036004634	0.9920757568971
6550.8286224403	0.98327333306349
6550.8536445127	0.97781259733021
6550.8786666807	0.97651079782395
6550.9036889442	0.97767051393702
6550.9287113049	0.98010085921321
6550.9537337596	0.98910641181319
6550.9787563099	1.0006866823447
6551.0037789558	1.0047513591364
6551.0288016972	1.007630753024
6551.0538245343	1.0094326287932
6551.0788474669	1.0113079974149
6551.1038704951	1.0169863523289
6551.1288936189	1.0187825920696
6551.1539168382	1.011668960092
6551.1789401531	1.007437848417
6551.2039635637	1.0066943659753
6551.2289870698	1.0026028565518
6551.2540106714	0.99628506848816
6551.2790343687	0.99239410844153
6551.3040581615	0.98946260056486
6551.32908205	0.98808170669428
6551.354106034	0.98659750407995
6551.3791301136	0.98726460451024
6551.4041542903	0.98780744524765
6551.429178561	0.98090265594368
6551.4542029274	0.97487515324189
6551.4792273893	0.97132421405112
6551.5042519468	0.96713592125375
6551.5292765999	0.96166047227128
6551.5543013486	0.95397404888295
6551.5793261929	0.9440921057123
6551.6043511327	0.93517499478306
6551.6293761682	0.92607644399023
6551.6544012992	0.92547987844915
6551.6794265259	0.92801291542041
6551.7044518481	0.93552828236561
6551.7294772659	0.94516677868514
6551.7545027793	0.9565241031475
6551.7795283882	0.96728993972324
6551.8045540928	0.9762783032638
6551.829579893	0.98709614856031
6551.8546057887	0.9996041349854
6551.8796317816	1.0077907020441
6551.9046578685	1.0058256275432
6551.929684051	1.0051946390125
6551.9547103292	1.005357314892
6551.9797367029	1.0065541422245
6552.0047631722	1.0084668511732
6552.0297897371	1.0080636955372
6552.0548163976	1.0067736546115
6552.0798431536	1.0074728555147
6552.1048700053	1.0086100832819
6552.1298969526	1.0058884565527
6552.1549239955	1.0043048065869
6552.1799511339	1.0061818393531
6552.204978368	1.0073890530954
6552.2300056976	1.0088578859454
6552.2550331229	1.0090898006449
6552.2800606437	1.0061076481767
6552.3050882602	1.0067293396559
6552.3301159722	1.0106771987111
6552.3551437814	1.0083562675632
6552.3801716846	1.0013942384156
6552.4051996834	0.99889377181054
6552.4302277779	0.99778418216285
6552.4552559679	0.99823929676512
6552.4802842535	0.99882844285039
6552.5053126348	0.99304355431906
6552.5303411116	0.9875837727132
6552.555369684	0.98632036209139
6552.5803983521	0.9855553110953
6552.6054271157	0.98439623975706
6552.630455975	0.98205173657382
6552.6554849298	0.97810198684075
6552.6805139802	0.97820616823611
6552.7055431263	0.98225672392056
6552.730572368	0.98510365626519
6552.7556017052	0.98848789438776
6552.7806311381	0.98976000897565
6552.8056606665	0.99079404753918
6552.8306902906	0.99745132045056
6552.8557200118	1.0041196124882
6552.8807498271	1.0022604683382
6552.9057797379	0.9990310250029
6552.9308097444	0.9946445901546
6552.9558398465	0.99296174555074
6552.9808700442	0.99537036064844
6553.0059003375	0.99941714530352
6553.0309307265	1.0031712358561
6553.055961211	1.0064782645593
6553.0809917911	1.0092513931814
6553.1060224669	1.0103959596248
6553.1310532382	1.0105765488527
6553.1560841052	1.0068992921354
6553.1811150678	1.0031787760622
6553.206146126	1.0035323870098
6553.2311772798	1.004558182661
6553.2562085292	1.0055463780871
6553.2812398742	1.0060233255234
6553.3062713148	1.006824113158
6553.3313028526	1.0086103774393
6553.3563344844	1.010998797144
6553.3813662119	1.0138451144847
6553.406398035	1.0173871428346
6553.4314299536	1.0126407168698
6553.456461968	1.003821448446
6553.4814940779	1.0019436829495
6553.5065262834	1.0018932426304
6553.5315585846	1.006348576238
6553.5565909813	1.0103832770391
6553.5816234737	1.0077294851262
6553.6066560617	1.0063920406185
6553.6316887453	1.0104363532403
6553.6567215246	1.0123744640482
6553.6817543994	1.0120138056078
6553.7067873699	1.0129294701364
6553.731820436	1.0140082925981
6553.7568535977	1.0156173144036
6553.781886855	1.0179633971269
6553.8069202094	1.0181346116459
6553.831953658	1.0154304809238
6553.8569872022	1.0230728257943
6553.882020842	1.0295912624889
6553.9070545774	1.0257798789128
6553.9320884084	1.0197640219585
6553.9571223351	1.0162390053212
6553.9821563574	1.0114988611702
6554.0071904753	1.0018313941738
6554.0322246888	0.99151490062975
6554.057258998	0.97818749692761
6554.0822934027	0.96167653679153
6554.1073279031	0.94202467581696
6554.1323624992	0.92615936413532
6554.1573971908	0.91153441918053
6554.1824319781	0.90024830073668
6554.207466861	0.88852444499839
6554.2325018395	0.89505251743549
6554.2575369136	0.90345718156196
6554.2825720834	0.92272892763134
6554.3076073503	0.94173043846115
6554.3326427113	0.95837204879603
6554.357678168	0.97466274466321
6554.3827137203	0.99002102433119
6554.4077493682	0.99790455276318
6554.4327851117	0.99750157718294
6554.4578209509	1.0008056365135
6554.4828568857	1.0066697146441
6554.5078929161	1.0081384916343
6554.5329290421	1.0077690073481
6554.5579652638	1.0107924203204
6554.5830015811	1.0138698946002
6554.6080379941	1.0071501409533
6554.6330745027	1.0028921747344
6554.6581111069	1.0080901262883
6554.6831478067	1.0102470942841
6554.7081846022	1.0079337243296
6554.7332214933	1.0035018539894
6554.75825848	0.99639278651751
6554.7832955639	0.99049506898199
6554.8083327419	0.98494587898841
6554.8333700155	0.98278360150555
6554.8584073848	0.98202254739011
6554.8834448497	0.98759917995449
6554.9084824102	0.9956582144311
6554.9335200664	1.0007252999482
6554.9585578182	1.0052390447185
6554.9835956657	1.0057413446337
6555.0086336088	1.0040041163693
6555.0336716475	0.99712346838513
6555.0587097818	0.989235530349
6555.0837480118	0.98005724821511
6555.1087863375	0.97595852147346
6555.1338247587	0.97809487242882
6555.1588632756	0.97825272181986
6555.1839018882	0.97779244849208
6555.2089405964	0.98608024589346
6555.2339794002	0.99536678189813
6555.2590183012	0.98866465430464
6555.2840572963	0.98095826048499
6555.3090963871	0.97466071893134
6555.3341355734	0.96554580004471
6555.3591748555	0.94798314742902
6555.3842142332	0.93253359764088
6555.4092537065	0.91924665407987
6555.4342932754	0.90846270574087
6555.45933294	0.90028023498191
6555.4843727003	0.9072336792619
6555.5094125562	0.92148869512901
6555.5344525077	0.93405696119181
6555.5594925549	0.94698657758824
6555.5845326977	0.96008008314278
6555.6095729362	0.97230472975051
6555.6346132703	0.97737199947714
6555.6596537001	0.981936770155
6555.6846942255	0.98361113479946
6555.7097348466	0.98393071120523
6555.7347755648	0.98175319836953
6555.7598163771	0.98157323274126
6555.7848572851	0.9835967272381
6555.8098982888	0.97997545454414
6555.8349393881	0.97310241129604
6555.859980583	0.97386848400511
6555.8850218736	0.9760280955994
6555.9100632598	0.95855832129109
6555.9351047417	0.9398940898218
6555.9601463193	0.92190037459402
6555.9851879925	0.90437389935958
6556.0102297613	0.88705642443902
6556.0352716258	0.87598507622917
6556.060313586	0.87590190847037
6556.0853556418	0.88360345830881
6556.1103977932	0.90181056887196
6556.1354400403	0.92510487040569
6556.1604823831	0.95092686680574
6556.1855248215	0.97388065490297
6556.2105673556	0.99730262052499
6556.2356099868	1.0052593374625
6556.2606527122	1.0106255668189
6556.2856955332	1.0120136485142
6556.3107384499	1.0149025135242
6556.3357814623	1.0248611126951
6556.3608245703	1.0278647670703
6556.3858677739	1.0149160695374
6556.4109110732	1.0102611450889
6556.4359544682	1.0153999435062
6556.4609979588	1.0195366996012
6556.4860415451	1.0232373744489
6556.5110852271	1.0221527497713
6556.5361290047	1.0188586725818
6556.561172878	1.0138610403505
6556.5862168469	1.0082385122196
6556.6112609115	0.99989463021818
6556.6363050717	0.9912649750615
6556.6613493276	0.98083900508763
6556.6863936792	0.96923129607219
6556.7114381279	0.95458117609659
6556.7364826708	0.94743434509213
6556.7615273094	0.94864191558964
6556.7865720436	0.95014117584549
6556.8116168735	0.95187811795341
6556.836661799	0.95956728128822
6556.8617068202	0.96939420122326
6556.8867519371	0.98321211373905
6556.9117971496	0.99654396865535
6556.9368424578	1.0042166254485
6556.9618878617	1.0092473583934
6556.9869333612	1.0060926811593
6557.0119789564	1.0049871394473
6557.0370246473	1.0071359545487
6557.0620704338	1.0077513603749
6557.087116316	1.0077488424149
6557.1121622938	1.0095834399376
6557.1372083674	1.0121359129134
6557.1622545366	1.0114751059357
6557.1873008029	1.009740527222
6557.2123471635	1.0129120829259
6557.2373936197	1.0162017893067
6557.2624401715	1.0104226096232
6557.2874868191	1.0054127261129
6557.3125335623	1.0037017487455
6557.3375804012	1.0021243484615
6557.3626273357	1.0004138677712
6557.387674366	1.0003221416221
6557.4127214919	1.0007726565413
6557.4377687134	1.0020175272526
6557.4628160307	1.0040039454559
6557.4878634436	1.0034334142508
6557.5129109522	1.0028882583503
6557.5379585564	1.0049431195806
6557.5630062564	1.0064913670394
6557.588054052	1.0088296580132
6557.6131019433	1.0098065593077
6557.6381499302	1.0100434652699
6557.6631980128	1.0100007772187
6557.6882461927	1.0105066718969
6557.7132944667	1.0078717599097
6557.7383428363	1.0021256322563
6557.7633913017	0.99908201340792
6557.7884398627	0.99723672041267
6557.8134885194	0.9931243245351
6557.8385372717	0.98939616721068
6557.8635861198	0.98680278936252
6557.8886350635	0.98391082124401
6557.9136841029	0.98047069547937
6557.938733238	0.97495065734795
6557.9637824688	0.96516619857284
6557.9888317952	0.95900121424971
6558.0138812173	0.95870048876716
6558.0389307351	0.95717583750613
6558.0639803486	0.95488272666845
6558.0890300578	0.95293134326152
6558.1140798627	0.95101005621516
6558.1391297632	0.950035217519
6558.1641797609	0.94940541904777
6558.1892298528	0.95928449856644
6558.2142800404	0.96910335290278
6558.2393303237	0.97597692350386
6558.2643807026	0.98333972128534
6558.2894311772	0.99350360318753
6558.3144817476	1.002159237004
6558.3395324136	1.0068807711263
6558.3645831753	1.0133924260381
6558.3896340326	1.0194636882823
6558.4146849857	1.0181674411215
6558.4397360345	1.0129150492929
6558.4647871789	1.0065395863006
6558.489838419	1.0003381314618
6558.5148897548	1.000616779227
6558.5399411863	1.0025377731411
6558.5649927135	1.0069016612665
6558.5900443364	1.0088165977823
6558.615096055	1.0064185220105
6558.6401478707	1.0055175124572
6558.6651997807	1.0065825173003
6558.6902517863	1.0060608687076
6558.7153038876	1.0042326272252
6558.7403560846	0.99597263993245
6558.7654083774	0.98616676822336
6558.7904607658	0.9845328496291
6558.8155132498	0.9852482945778
6558.8405658296	0.99122358528043
6558.8656185051	0.99547069677718
6558.8906712763	0.9978118453127
6558.9157241431	1.0005529212924
6558.9407771057	1.0020327735874
6558.965830164	1.001946237936
6558.9908833179	1.0004852200776
6559.0159365675	1.0058893913494
6559.0409899129	1.0159530916137
6559.0660433539	1.0163312704351
6559.0910968907	1.0136193114441
6559.1161505231	1.0171041233531
6559.1412042527	1.0209199690698
6559.1662580765	1.0196329325311
6559.191311996	1.0180828564834
6559.2163660113	1.0179140866534
6559.2414201222	1.0162246587646
6559.2664743288	1.0120904455095
6559.2915286311	1.007936819355
6559.3165830291	1.0032496330145
6559.3416375228	1.0011174063063
6559.3666921122	0.99980448221452
6559.3917467974	0.98795721898886
6559.4168015782	0.97391638902849
6559.4418564547	0.95831474455409
6559.4669114269	0.94250273883033
6559.4919664948	0.92411352852813
6559.5170216584	0.90819565208185
6559.5420769178	0.89852475979152
6559.5671322728	0.89580754173639
6559.5921877235	0.900001547804
6559.6172432715	0.91170468095052
6559.6422989136	0.9294016901952
6559.6673546514	0.94258499062432
6559.692410485	0.95441629462966
6559.7174664142	0.96430999355134
6559.7425224392	0.97415475679063
6559.7675785599	0.97932036007678
6559.7926347762	0.98447286297733
6559.8176910883	0.9893136045875
6559.8427474961	0.99424703451906
6559.8678039996	0.99956152963925
6559.8928605988	1.003941038843
6559.9179172937	1.0072440254167
6559.9429740843	1.0043028234424
6559.9680309706	0.99906227905749
6559.9930879527	1.0006291343998
6560.0181450304	1.0035082584636
6560.0432022039	1.0012912854077
6560.068259473	0.99822662643883
6560.0933168394	0.98998771852358
6560.1183743	0.9827283218897
6560.1434318563	0.97729439129062
6560.1684895083	0.97328090593446
6560.193547256	0.96992245592618
6560.2186050995	0.96795130033222
6560.2436630386	0.96789125824846
6560.2687210735	0.96899923773884
6560.2937792041	0.97025303984927
6560.3188374303	0.9722380762087
6560.3438957523	0.97418779322316
6560.3689541701	0.9743479549739
6560.3940126835	0.97331698787651
6560.4190712926	0.96727077832644
6560.4441299975	0.96015503083659
6560.4691887981	0.94874635707808
6560.4942476944	0.93529585093384
6560.5193066864	0.92098144497933
6560.5443657741	0.91445348229382
6560.5694249591	0.91118934071663
6560.5944842383	0.91348346964622
6560.6195436132	0.91736410713688
6560.6446030838	0.92689905085998
6560.6696626501	0.93751120817972
6560.6947223121	0.95025879480417
6560.7197820699	0.96065916472954
6560.7448419234	0.96741866356702
6560.7699018726	0.97580257313508
6560.7949619175	0.98404109724067
6560.8200220581	0.98994674845925
6560.8450822945	0.9955302051193
6560.8701426266	0.99663148666607
6560.8952030544	0.99458997952724
6560.920263578	0.99868710275996
6560.9453241972	1.0022787515592
6560.9703849122	1.0009378473642
6560.9954457229	0.99912132789761
6561.0205066293	0.99481109494858
6561.0455676315	0.98996074871758
6561.0706287309	0.98428891106812
6561.0956899245	0.98209267044464
6561.1207512138	0.98345500145247
6561.1458125989	0.98324969008538
6561.1708740797	0.98204887230089
6561.1959356562	0.98171229388799
6561.2209973284	0.98153960355116
6561.2460590964	0.98154095169816
6561.2711209601	0.98312686994804
6561.2961829195	0.98916304315361
6561.3212449746	0.99132905605077
6561.3463071255	0.98495761970899
6561.3713693721	0.98338298775808
6561.3964317145	0.98669733640805
6561.4214941525	0.98599560636179
6561.4465566863	0.98335584802939
6561.4716193159	0.98236482640506
6561.4966820411	0.9821087178246
6561.5217448621	0.98022453240157
6561.5468077804	0.97791171027095
6561.5718707928	0.97452747144179
6561.596933901	0.97026004172568
6561.6219971049	0.96379372091195
6561.6470604046	0.95970762316843
6561.6721238	0.96006978259041
6561.6971872911	0.9587671666688
6561.722250878	0.95506470129287
6561.7473145606	0.9494705295163
6561.7723783389	0.94232825767028
6561.7974422129	0.93498026427545
6561.8225061828	0.92835651821788
6561.8475702483	0.92219903325468
6561.8726344096	0.91590031804867
6561.8976986666	0.90500612427464
6561.9227630193	0.89619556525741
6561.9478274678	0.89035555977787
6561.972892012	0.88308162186982
6561.997956652	0.87499161291094
6562.0230213892	0.86412500157208
6562.0480862207	0.85189113300319
6562.0731511478	0.8380304938371
6562.0982161708	0.82363937374457
6562.1232812894	0.80611036372848
6562.1483465038	0.78956954326944
6562.173411814	0.77753895810707
6562.1984772198	0.7651826213649
6562.2235427215	0.7518755780198
6562.2486083188	0.73936211885247
6562.273674012	0.72737047302398
6562.2987398008	0.71615470090189
6562.3238056854	0.70539057669643
6562.3488716657	0.69723483277274
6562.3739377418	0.68964049204487
6562.3990039137	0.68283718281004
6562.4240701812	0.67561608845458
6562.4491365446	0.66897403274023
6562.4742030036	0.66364322446716
6562.4992695584	0.66042955274725
6562.5243362105	0.65762442464113
6562.5494029568	0.65477825332829
6562.5744697989	0.65202345435983
6562.5995367367	0.64976923154837
6562.6246037702	0.64971335203426
6562.6496708995	0.65030096581112
6562.6747381245	0.64829612226175
6562.6998054453	0.64620302044966
6562.7248728619	0.6475389492979
6562.7499403742	0.64912641627124
6562.7750079822	0.65009731055062
6562.800075686	0.64996395900646
6562.8251434855	0.64912108777027
6562.8502113808	0.65032795303446
6562.8752793719	0.65236267128509
6562.9003474587	0.65403039849939
6562.9254156412	0.65627771924238
6562.9504839195	0.65635130571496
6562.9755522936	0.65518346979801
6563.0006207649	0.65694312337967
6563.0256893304	0.65897987011802
6563.0507579917	0.66042423989032
6563.0758267488	0.66342598106865
6563.1008956016	0.66887843487316
6563.1259645502	0.67257898136927
6563.1510335945	0.67472027579851
6563.1761027346	0.67902414640207
6563.2011719705	0.68474303154286
6563.2262413021	0.69014535377878
6563.2513107294	0.69452884855715
6563.2763802525	0.70095408106447
6563.3014498714	0.70729586789564
6563.326519586	0.71356260422532
6563.3515893964	0.71993273530236
6563.3766593026	0.72641805050872
6563.4017293045	0.73701067147769
6563.4267994021	0.7521517913281
6563.4518695956	0.76731712839946
6563.4769398863	0.78242658678098
6563.5020102712	0.80390739734974
6563.5270807519	0.82658650992607
6563.5521513284	0.8390746610764
6563.5772220006	0.85076492839649
6563.6022927686	0.8606634750977
6563.6273636324	0.87099599691442
6563.6524345919	0.88335273381891
6563.6775056472	0.89608048549955
6563.7025767982	0.90834278216125
6563.727648045	0.91399428800102
6563.7527193876	0.9155519155665
6563.7777908259	0.92227025039553
6563.80286236	0.93072555408488
6563.8279339899	0.93339222067358
6563.8530057155	0.93482376142808
6563.8780775369	0.93184660082031
6563.9031494541	0.92935689882902
6563.928221467	0.92716052310665
6563.9532935757	0.92405234803227
6563.9783657817	0.91980441831524
6564.0034380819	0.91646669908192
6564.0285104779	0.91373524983332
6564.0535829697	0.91043016111917
6564.0786555572	0.90807235952608
6564.1037282405	0.91470359183652
6564.1288010196	0.92123538606689
6564.1538738944	0.92949657375886
6564.1789468651	0.93728281582599
6564.2040199315	0.942449840781
6564.2290930936	0.94979780498531
6564.2541663515	0.95976637239213
6564.2792397052	0.96436309956402
6564.3043131547	0.96496430498909
6564.3293867	0.96828348194073
6564.354460341	0.97287051476304
6564.3795340778	0.97558963428004
6564.4046079104	0.97824708325651
6564.4296818387	0.98009664075198
6564.4547558643	0.98150477904426
6564.4798299842	0.9824978357354
6564.5049041999	0.98316014523023
6564.5299785113	0.98296791651051
6564.5550529185	0.98198608976039
6564.5801274215	0.98083850871175
6564.6052020203	0.97768316917208
6564.6302767148	0.97342236207509
6564.6553515052	0.97365047497098
6564.6804263913	0.97385437261012
6564.7055013731	0.97413479491912
6564.7305764508	0.97513600482028
6564.7556516242	0.97617301663735
6564.7807268935	0.976532516842
6564.8058022585	0.97638596051733
6564.8308777192	0.97446852646355
6564.8559532758	0.97137290112212
6564.8810289281	0.97098570583707
6564.9061046762	0.97124478702277
6564.9311805216	0.9718703712362
6564.9562564613	0.97292504480132
6564.9813324968	0.97392649684358
6565.006408628	0.97311103354803
6565.0314848551	0.96705521574447
6565.0565611779	0.96456970171455
6565.0816375965	0.96760667240501
6565.1067141108	0.96912144786592
6565.131790721	0.96948441443422
6565.156867427	0.96740194293755
6565.1819442287	0.9647813923352
6565.2070211262	0.96576410830718
6565.2320981195	0.9667731593263
6565.2571752086	0.9669365083384
6565.2822523935	0.96439026061947
6565.3073296741	0.95203880293144
6565.3324070506	0.94344382409074
6565.3574845228	0.94041250167407
6565.3825620908	0.9367414882163
6565.4076397562	0.93217696229785
6565.4327175158	0.92900494215068
6565.4577953712	0.9247690049896
6565.4828733223	0.92182278081778
6565.5079513693	0.91971285002597
6565.5330295121	0.91919008074846
6565.5581077506	0.92076644203298
6565.583186085	0.93017037296928
6565.6082645151	0.94040747138067
6565.633343041	0.95052851524538
6565.6584216627	0.95762951495449
6565.6835003803	0.96283000767885
6565.7085791936	0.9680628930227
6565.7336581027	0.97337620279087
6565.7587371075	0.97244670688065
6565.7838162082	0.97118000426238
6565.8088954047	0.96848782904613
6565.833974697	0.96726784992805
6565.859054085	0.96879550984185
6565.8841335689	0.96919849482629
6565.9092131501	0.96887768678377
6565.9342928255	0.97094899882784
6565.9593725968	0.97421536990358
6565.9844524638	0.9764393282924
6566.0095324266	0.97826661169282
6566.0346124853	0.97819481627629
6566.0596926397	0.9779616291637
6566.08477289	0.97691475115964
6566.109853236	0.97715328831171
6566.1349336778	0.98066023790724
6566.1600142155	0.98469109727097
6566.1850948489	0.9880197623443
6566.2101755781	0.98970482519699
6566.2352564032	0.99113239345004
6566.260337324	0.99230214803375
6566.2854183406	0.99284729755253
6566.3104994531	0.99138033178558
6566.3355806613	0.99047161769917
6566.3606619653	0.99361119184051
6566.3857433667	0.99571844938955
6566.4108248623	0.99499121897425
6566.4359064538	0.99298902669815
6566.460988141	0.99020797892569
6566.4860699241	0.99144832514813
6566.511151803	0.99420645135546
6566.5362337776	0.99345574821653
6566.5613158481	0.99288453119198
6566.5863980144	0.99051408945739
6566.6114802765	0.98818532089264
6566.6365626344	0.98864618397876
6566.661645088	0.98885791934245
6566.6867276375	0.98777850405582
6566.7118102829	0.98968664908447
6566.736893024	0.99406648992623
6566.7619758609	0.99991682093495
6566.7870587936	1.0055309960461
6566.8121418222	1.0087200742621
6566.8372249465	1.0117471546194
6566.8623081682	1.008093488275
6566.8873914842	1.0039053779335
6566.912474896	1.0023604926474
6566.9375584035	1.0008723543029
6566.9626420069	0.99825316979198
6566.9877257062	0.99486626594949
6567.0128095012	0.99491586501831
6567.037893392	0.99617326177998
6567.0629773787	0.99790651201589
6567.0880614611	0.99922901698754
6567.1131456394	0.99779085649209
6567.1382299135	0.99608883943843
6567.1633142834	0.99204075667554
6567.1883987491	0.989067612289
6567.2134833107	0.98971115816369
6567.238567968	0.98900321335939
6567.2636527212	0.99048240301833
6567.2887375702	0.99286973891246
6567.3138225149	0.99350909361992
6567.3389075556	0.99448825448936
6567.3639926935	0.99366328740102
6567.3890779257	0.99174607683699
6567.4141632538	0.98746766204274
6567.4392486777	0.98272739531753
6567.4643341974	0.98663848812551
6567.4894198129	0.99453667210059
6567.5145055242	1.0000326553116
6567.5395913314	1.0034837007878
6567.5646772344	1.0032309732969
6567.5897632332	1.0017832977835
6567.6148493278	1.002939032309
6567.6399355182	1.0056036986734
6567.6650218045	1.0069447481656
6567.6901081866	1.0073211175326
6567.7151946645	1.0076528487785
6567.7402812382	1.0085772194566
6567.7653679077	1.0080317470492
6567.7904546731	1.006084908734
6567.8155415343	1.0058174271244
6567.8406284928	1.0065188908613
6567.8657155457	1.005726122977
6567.8908026943	1.0032661662368
6567.9158899388	1.0013138249358
6567.9409772791	1.0008850017065
6567.9660647153	1.0012293461617
6567.9911522473	1.0014682452634
6568.016239875	1.0014553467808
6568.0413275987	1.0014619009189
6568.0664154181	1.0026786366227
6568.0915033334	1.0060090913711
6568.1165913445	1.0060418385022
6568.1416794514	0.99994576120203
6568.1667676542	0.99761874538674
6568.1918559528	1.003569065376
6568.2169443472	1.0063735656868
6568.2420328374	1.0012550751477
6568.2671214235	0.99720279349773
6568.2922101054	0.99716528237408
6568.3172988847	0.99802818367816
6568.3423877583	0.99985882033537
6568.3674767277	1.0010451537526
6568.3925657929	0.99972974700697
6568.417654954	0.99784310149809
6568.4427442109	0.99625292385664
6568.4678335636	0.99558825495678
6568.4929230122	0.99600279149742
6568.5180125566	0.99620902064116
6568.5431021968	0.99764404143807
6568.5681919329	0.99872030842212
6568.5932817648	0.99937919820226
6568.6183716925	0.9999614558402
6568.6434617161	0.99745865933563
6568.6685518355	0.99510572072775
6568.6936420507	0.99552920574312
6568.7187323618	0.9959078261534
6568.7438227687	0.99208104071855
6568.7689132715	0.98810355345075
6568.7940038716	0.98803203404295
6568.819094566	0.98797035327095
6568.8441853563	0.98183517750444
6568.8692762424	0.97584484026783
6568.8943672243	0.97038291790464
6568.9194583021	0.96518925590902
6568.9445494758	0.95962751289296
6568.9696407452	0.95367897114841
6568.9947321105	0.94143692953308
6569.0198235717	0.92816052787222
6569.0449151287	0.91113501427452
6569.0700067815	0.89454827085998
6569.0950985302	0.87117497753495
6569.1201903747	0.84598376418402
6569.1452823151	0.82101072458803
6569.1703743513	0.79639916272589
6569.1954664833	0.79205033325587
6569.2205587112	0.79236235004845
6569.2456510349	0.80835715958601
6569.2707434545	0.82915114803942
6569.2958359714	0.85955610223417
6569.3209285827	0.89296308417835
6569.3460212898	0.92068767407736
6569.3711140928	0.9466852390403
6569.3962069916	0.96108454907852
6569.4212999862	0.97096019201722
6569.4463930768	0.97868226989255
6569.4714862631	0.98562080958274
6569.4965795453	0.99429977537295
6569.5216729233	1.0045442556871
6569.5467663972	1.0090187212642
6569.571859967	1.0087674105367
6569.5969536326	1.0075979947689
6569.622047394	1.0059157115159
6569.6471412513	1.0066318789393
6569.6722352045	1.0091616921498
6569.6973292534	1.0068679977074
6569.7224233983	1.0006114964484
6569.747517639	0.99258288394415
6569.7726119771	0.9825333148415
6569.7977064095	0.9751792143381
6569.8228009377	0.97016287111443
6569.8478955618	0.96525958142706
6569.8729902818	0.96080229063299
6569.8980850976	0.95865998439286
6569.9231800093	0.95943859548339
6569.9482750168	0.96006193649656
6569.9733701202	0.96047915446966
6569.9984653194	0.96219625891564
6570.0235606145	0.96679946292234
6570.0486560054	0.97221332730133
6570.0737514922	0.97794064257269
6570.0988470749	0.98132468535072
6570.1239427534	0.98029643948216
6570.1490385278	0.97833876504691
6570.174134398	0.97609333117229
6570.1992303641	0.97551280908428
6570.224326426	0.9760480439455
6570.2494225854	0.97623791528174
6570.274518839	0.97845296617004
6570.2996151886	0.98124077995076
6570.3247116339	0.98407811806384
6570.3498081752	0.98532914961335
6570.3749048123	0.9825450192388
6570.4000015453	0.97930378892855
6570.4250983741	0.9725430121023
6570.4501952988	0.96640206822576
6570.4752923193	0.96386041782544
6570.5003894358	0.96016486172065
6570.525486648	0.95303511635195
6570.5505839562	0.94606426937476
6570.5756813602	0.94013087717407
6570.6007788601	0.93401160452783
6570.6258764558	0.92960666635337
6570.6509741474	0.92539706445997
6570.6760719348	0.92196925914576
6570.7011698182	0.9185035760266
6570.7262677974	0.91559073324275
6570.7513658739	0.91284970029501
6570.7764640449	0.91563506056639
6570.8015623117	0.91850930359221
6570.8266606743	0.92453752456341
6570.8517591329	0.93107849797878
6570.8768576873	0.938045798523
6570.9019563375	0.94505132372679
6570.9270550837	0.94866192926214
6570.9521539257	0.95327434626289
6570.9772528636	0.95480432825293
6571.0023518973	0.95630372752358
6571.0274510269	0.94804617261049
6571.0525502524	0.93958925207117
6571.0776495738	0.93839898882627
6571.102748991	0.93753188391039
6571.1278485041	0.94157192909036
6571.1529481131	0.94495959585038
6571.1780478179	0.95212328304986
6571.2031476186	0.9602080031427
6571.2282475167	0.97067041238762
6571.2533475092	0.98073604539138
6571.2784475975	0.98344704057627
6571.3035477817	0.98674257677821
6571.3286480618	0.99172756180945
6571.3537484378	0.99740322098774
6571.3788489096	0.99820071041357
6571.4039494773	0.99717764656321
6571.4290501409	0.9988005385057
6571.4541509004	1.0007620880735
6571.4792517557	1.003800464712
6571.504352707	1.0073826218011
6571.5294537541	1.0080942246609
6571.554554897	1.0074001653975
6571.5796561359	1.0078205472859
6571.6047574706	1.0086870140414
6571.6298589012	1.0056567991937
6571.6549604277	1.0016562895193
6571.6800620501	0.99855551984642
6571.7051637699	0.99727510332107
6571.730265584	0.99796833414994
6571.755367494	0.99794460812144
6571.7804694999	0.99892679747845
6571.8055716017	1.000992651767
6571.8306737993	1.0014184460965
6571.8557760929	1.0006480838689
6571.8808784823	0.99853360332571
6571.9059809676	0.99479489814057
6571.9310835488	0.99070819846001
6571.9561862259	0.98626204252011
6571.9812889988	0.98566234986809
6572.0063918677	0.98766172753262
6572.0314948324	0.98738849107299
6572.056597893	0.98589822931807
6572.0817010495	0.98221436951328
6572.1068043019	0.97712117834154
6572.1319076502	0.97181263071836
6572.1570110943	0.96639802229394
6572.1821146344	0.96182305050065
6572.2072182718	0.95752787568196
6572.2323220036	0.95566461159971
6572.2574258313	0.95707099411007
6572.2825297549	0.96056684340799
6572.3076337744	0.96610052398099
6572.3327378898	0.97313551097593
6572.3578421011	0.98040197132844
6572.3829464082	0.9842612283583
6572.4080508113	0.98531326802662
6572.4331553102	0.98799371869763
6572.458259905	0.99140793630832
6572.4833645957	0.99165510100407
6572.5084693823	0.98866471478849
6572.5335742648	0.98259516575653
6572.5586792432	0.97190433270317
6572.5837843175	0.95646763772257
6572.6088894877	0.93430543632321
6572.6339947538	0.90794986076659
6572.6591001158	0.87642450057129
6572.6842055751	0.84490887505706
6572.7093111289	0.81206096492603
6572.7344167785	0.78484074094344
6572.7595225241	0.76825603293861
6572.7846283655	0.76066565114522
6572.8097343029	0.77128804979884
6572.8348403361	0.7882607759659
6572.8599464653	0.81711787629156
6572.8850526903	0.84518475718348
6572.9101590112	0.87701528385655
6572.9352654281	0.90689545511231
6572.9603719408	0.92651998038743
6572.9854785494	0.94442058533009
6573.0105852539	0.95937251291085
6573.0356920544	0.97179762921712
6573.0607989507	0.9764699785806
6573.0859059429	0.98076139179345
6573.111013031	0.98566991200115
6573.1361202151	0.99054050034452
6573.1612274965	0.98927655214573
6573.1863348723	0.98952096111181
6573.2114423441	0.99242680157556
6573.2365499117	0.99573193900793
6573.2616575752	0.99992873852653
6573.2867653347	1.0030889356903
6573.31187319	1.0036453667976
6573.3369811413	1.002458681362
6573.3620891884	0.99936840401401
6573.3871973315	0.995219037826
6573.4123055704	0.99440503056354
6573.4374139053	0.99239821539425
6573.4625223361	0.98473747525293
6573.4876308628	0.9793379040267
6573.5127394854	0.98299495333297
6573.5378482039	0.98703256907504
6573.5629570183	0.98590790751801
6573.5880659286	0.98441853719858
6573.6131749348	0.98280004513222
6573.6382840384	0.98039798385297
6573.6633932365	0.97528662381769
6573.6885025304	0.97202056282608
6573.7136119202	0.96970176741011
6573.738721406	0.96734977120408
6573.7638309877	0.96937907391882
6573.7889406653	0.97096704673946
6573.8140504388	0.97373363155512
6573.8391603082	0.97649546186827
6573.8642702735	0.97542768902069
6573.8893803347	0.97436075226971
6573.9144904919	0.97729032214005
6573.9396007449	0.97971131126373
6573.9647110939	0.97381963249664
6573.9898215388	0.96738031783986
6574.0149320795	0.95607883555656
6574.0400427163	0.9449183253198
6574.0651534489	0.92448063910991
6574.0902642774	0.90281149423308
6574.1153752019	0.86794134004043
6574.1404862238	0.83242775813904
6574.16559734	0.80456619909991
6574.1907085522	0.77732052795637
6574.2158198604	0.77459541808328
6574.2409312644	0.77381426280426
6574.2660427644	0.79595515764689
6574.2911543602	0.82063783298732
6574.316266052	0.85137626209591
6574.3413778397	0.88382652185498
6574.3664897234	0.90827164253609
6574.3916017029	0.93157103644083
6574.4167137784	0.94446806544985
6574.4418259498	0.95734302272336
6574.4669382171	0.96732738333345
6574.4920505803	0.97705146014908
6574.5171630394	0.98330157928252
6574.5422755945	0.98853878014618
6574.5673882455	0.99003009562454
6574.5925009924	0.99100628285424
6574.6176138368	0.99127680420639
6574.6427267755	0.99009389796137
6574.6678398102	0.98426659300324
6574.6929529408	0.97748015371309
6574.7180661674	0.97391610479955
6574.7431794898	0.97054576103418
6574.7682929082	0.96129650545977
6574.7934064225	0.94883395552143
6574.8185200327	0.93370684724935
6574.8436337389	0.91733966811708
6574.868747541	0.88904946496465
6574.893861439	0.85746658586582
6574.9189754329	0.8237497345451
6574.9440895228	0.79026720963649
6574.9692037086	0.76609621771612
6574.9943179903	0.74677218512182
6575.019432368	0.74795391867039
6575.0445468415	0.75687630713924
6575.069661411	0.78073250024131
6575.094776078	0.81079076635254
6575.1198908394	0.84411669819908
6575.1450056967	0.88005645412251
6575.1701206499	0.90674628640798
6575.195235699	0.92920337465374
6575.2203508441	0.9420054670146
6575.2454660852	0.94987445314339
6575.2705814221	0.9577470275737
6575.295696855	0.96507287628511
6575.3208123838	0.96958046667908
6575.3459280086	0.97156214024205
6575.3710437293	0.97761707223228
6575.3961595459	0.98577277282147
6575.4212754584	0.98743197455551
6575.4463914669	0.98560267004503
6575.4715075714	0.98626627173223
6575.4966237717	0.98866146541959
6575.521740068	0.98956570288548
6575.5468564603	0.98920320051859
6575.5719729484	0.98922245480058
6575.5970895341	0.98947213488684
6575.6222062141	0.98602354969683
6575.6473229901	0.98011930188136
6575.672439862	0.97645696801731
6575.6975568299	0.97474154799406
6575.7226738937	0.97112143098191
6575.7477910534	0.96506588347888
6575.7729083091	0.95917852598678
6575.7980256607	0.95385288936024
6575.8231431083	0.95072689823716
6575.8482606517	0.94985242137754
6575.8733782912	0.95082903132714
6575.8984960266	0.9528997141629
6575.9236138579	0.95629774843683
6575.9487317851	0.9620010386998
6575.9738498084	0.96688102064333
6575.9989679275	0.9715813868355
6576.0240861426	0.97618882620249
6576.0492044536	0.98103099900248
6576.0743228621	0.97671578485427
6576.0994413651	0.96237317927935
6576.1245599639	0.95252893304049
6576.1496786587	0.945821005966
6576.1747974495	0.93836432422121
6576.1999163362	0.92990793737223
6576.2250353188	0.92359359472642
6576.2501543974	0.9199033332423
6576.275273572	0.91753217717336
6576.3003928425	0.91745582686376
6576.3255122089	0.92013333622408
6576.3506316713	0.92477466513278
6576.3757512296	0.92859547845538
6576.4008708839	0.93264436329535
6576.4259906342	0.93518668055184
6576.4511104803	0.93638951553025
6576.4762304225	0.93485778751066
6576.5013504606	0.9283660998898
6576.5264705946	0.92346566704939
6576.5515908261	0.92278386243614
6576.576711152	0.92584338727518
6576.6018315739	0.93175818428802
6576.6269520917	0.93522090250849
6576.6520727055	0.93609028425207
6576.6771934153	0.93582669715938
6576.702314221	0.93354466965249
6576.7274351226	0.93218747079467
6576.7525561202	0.93285313181287
6576.7776772138	0.93169836246809
6576.8027984033	0.92824721685651
6576.8279196888	0.92495070709793
6576.8530410702	0.92160762970232
6576.8781625476	0.92182380620946
6576.9032841209	0.92704202082736
6576.9284057902	0.93359960984966
6576.9535275554	0.94175503579845
6576.9786494166	0.94717612354642
6577.0037713738	0.94833387707064
6577.0288934284	0.95072900780351
6577.0540155775	0.95551077813571
6577.0791378226	0.96003213352277
6577.1042601636	0.96449713836084
6577.1293826005	0.96842438261094
6577.1545051334	0.97088430464037
6577.1796277623	0.9733346662654
6577.2047504871	0.97510922289361
6577.2298733079	0.97507554419558
6577.2549962247	0.9719650603848
6577.2801192374	0.96899860548148
6577.3052423461	0.96752847292763
6577.3303655507	0.96762075298629
6577.3554888513	0.96744658850191
6577.3806122479	0.96654563511672
6577.4057357404	0.96737154511463
6577.4308593289	0.96723242841423
6577.4559830134	0.96384690415451
6577.4811067938	0.9609893203989
6577.5062306702	0.96003089655561
6577.5313546441	0.9586353699043
6577.5564787124	0.95630309873857
6577.5816028767	0.95455899132984
6577.6067271369	0.95353845606423
6577.6318514932	0.95290759185356
6577.6569759453	0.95418595766821
6577.6821004935	0.9542172495254
6577.7072251376	0.95096199296978
6577.7323498777	0.94802492006593
6577.7574747138	0.9465419567425
6577.7825996458	0.94739786720281
6577.8077246738	0.95274729867658
6577.8328497977	0.9577213249053
6577.8579750177	0.96094070205277
6577.8831003336	0.9616807766899
6577.9082257455	0.95859525664371
6577.9333512533	0.95765282199355
6577.9584768571	0.95927303712594
6577.9836025569	0.95847898984027
6578.0087283542	0.95611641056074
6578.0338542459	0.95639282899733
6578.0589802336	0.95841249585653
6578.0841063173	0.95799129388541
6578.109232497	0.9532201350215
6578.1343587726	0.95052045741515
6578.1594851442	0.95543539394373
6578.1846116118	0.96077990104495
6578.2097381753	0.9620168983186
6578.2348648349	0.96041511060945
6578.2599915904	0.95492992205684
6578.2851184418	0.95167787993736
6578.3102453893	0.95451508214172
6578.3353724327	0.9554913195717
6578.3604995722	0.95072245780677
6578.3856268075	0.94748365743706
6578.4107541389	0.94869386787209
6578.4358815663	0.94967319721
6578.4610090896	0.95053399851339
6578.4861367104	0.95137133466643
6578.5112644257	0.95078344840872
6578.5363922369	0.95030040074212
6578.5615201442	0.95015951553453
6578.5866481474	0.9494778333275
6578.6117762466	0.94761529161572
6578.6369044418	0.94544152693469
6578.662032733	0.94207671497598
6578.6871611201	0.93879784984713
6578.7122896032	0.93596809140116
6578.7374181823	0.93354560354604
6578.7625468574	0.93213760547358
6578.7876756285	0.93141027429261
6578.8128044956	0.93192116694977
6578.8379334586	0.93189470078875
6578.8630625177	0.93181908382032
6578.8881916727	0.93264944645533
6578.9133209237	0.93617398228935
6578.9384502707	0.93799943219427
6578.9635797137	0.93694069326933
6578.9887092541	0.93626723700615
6579.0138388891	0.93442201512402
6579.03896862	0.9324061673549
6579.0640984469	0.93052766405028
6579.0892283699	0.93012373680945
6579.1143583888	0.93280696511838
6579.1394885036	0.93452495734083
6579.1646187145	0.93382178616363
6579.1897490214	0.93272770236284
6579.2148794242	0.92997197318044
6579.2400099231	0.92733906731498
6579.2651405179	0.92536107108565
6579.2902712088	0.9243150745822
6579.3154019956	0.92440703989131
6579.3405328784	0.92338589506019
6579.3656638572	0.92187003341476
6579.390794932	0.92271860534922
6579.4159261028	0.92873212310758
6579.4410573696	0.93423182249462
6579.4661887338	0.93803114734159
6579.4913201926	0.94152776841728
6579.5164517474	0.94552851808948
6579.5415833981	0.94763590309662
6579.5667151449	0.94343578941106
6579.5918469876	0.94046124192097
6579.6169789264	0.94223984957251
6579.6421109611	0.94353135853709
6579.6672430918	0.94196473989054
6579.6923753186	0.94012659129272
6579.7175076413	0.93888742068294
6579.74264006	0.93856840202989
6579.7677725748	0.94004801091183
6579.7929051855	0.94090943844969
6579.8180378922	0.93943441310126
6579.8431706949	0.9359556389828
6579.8683035936	0.92676190317986
6579.8934365884	0.91899867182369
6579.9185696791	0.91615407079022
6579.9437028673	0.91413131184238
6579.96883615	0.91586526918221
6579.9939695287	0.91756277974156
6580.0191030035	0.91569608087471
6580.0442365742	0.9125600309095
6580.0693702409	0.90823287740871
6580.0945040036	0.90334765694998
6580.1196378624	0.89555503890919
6580.1447718171	0.88970963693915
6580.1699058678	0.88884853781484
6580.1950400146	0.88725415065582
6580.2201742573	0.88535413046987
6580.2453085961	0.88689245906671
6580.2704430308	0.89812095016243
6580.2955775616	0.90836989388641
6580.3207121884	0.91427007838206
6580.3458469112	0.91903479031423
6580.3709817299	0.92295668517912
6580.3961166447	0.92708510087095
6580.4212516555	0.92967161293372
6580.4463867638	0.93303707746074
6580.4715219666	0.94037061055135
6580.4966572655	0.94473806234705
6580.5217926603	0.93926305014245
6580.5469281511	0.93496632758259
6580.572063738	0.93520612074092
6580.5971994208	0.93354126685516
6580.6223351997	0.92631785992774
6580.6474710746	0.92140651523018
6580.6726070455	0.92216000027779
6580.6977431124	0.92100240310606
6580.7228792753	0.91551694350695
6580.7480155342	0.90963848970444
6580.7731518891	0.90328234173371
6580.7982883401	0.89912577613108
6580.8234248871	0.90041936070877
6580.84856153	0.89886419154265
6580.873698269	0.88957681024171
6580.898835104	0.88237469147687
6580.9239720366	0.88323175489722
6580.9491090636	0.88324267508385
6580.9742461866	0.87722426487303
6580.9993834057	0.86874864746452
6581.0245207208	0.85497085046019
6581.0496581319	0.83953587583234
6581.074795639	0.81967333701764
6581.0999332421	0.79826902787017
6581.1250709413	0.77491840997966
6581.1502087365	0.75946627698758
6581.1753466276	0.75924793150964
6581.2004846148	0.76292043452161
6581.2256226981	0.77679643611589
6581.2507608773	0.79471487407642
6581.2758991526	0.82183584957349
6581.3010375239	0.8470837301333
6581.3261759912	0.87121831451914
6581.3513145545	0.89255481239684
6581.3764532138	0.90290566978033
6581.4015919707	0.90822446502722
6581.4267308221	0.90790471513917
6581.4518697695	0.90873224256132
6581.477008813	0.9087912733849
6581.5021479524	0.91051631252271
6581.5272871879	0.91607408053907
6581.5524265194	0.91926290305514
6581.5775659469	0.91992015725614
6581.6027054705	0.92126821858006
6581.6278450901	0.92107915749807
6581.6529848057	0.92079911619504
6581.6781246173	0.92199390684144
6581.703264525	0.9217966532415
6581.7284045286	0.91829968444327
6581.7535446283	0.91463195655008
6581.7786848241	0.91279998892891
6581.8038251158	0.91147706935185
6581.8289655036	0.90942438509852
6581.8541059875	0.91058594314734
6581.8792465688	0.91839480109553
6581.9043872447	0.92404825176084
6581.9295280166	0.924558430683
6581.9546688845	0.92416585207887
6581.9798098485	0.92217014321382
6582.0049509085	0.9215688599973
6582.0300920645	0.92399984738108
6582.0552333166	0.92125335616789
6582.0803746647	0.91050653763234
6582.1055161088	0.9023527432495
6582.130657649	0.898591656755
6582.1557992852	0.89636053391396
6582.1809410174	0.89685246193987
6582.2060828456	0.89986351476197
6582.2312247699	0.9074258142428
6582.2563667902	0.90850279612585
6582.2815089066	0.91052755273081
6582.306651119	0.91424963158672
6582.3317934274	0.91750552214953
6582.3569358319	0.9250887629267
6582.3820783339	0.93344567702941
6582.4072209304	0.93740426775546
6582.432363623	0.93352029159122
6582.4575064116	0.93127496804295
6582.4826492963	0.93024970389155
6582.5077922769	0.91889322886811
6582.5329353537	0.90493136429553
6582.5580785264	0.89627585196005
6582.5832217952	0.89511051205705
6582.60836516	0.88978540710671
6582.6335086209	0.88119456327284
6582.6586521778	0.87858585065735
6582.6837958308	0.87950784225988
6582.7089395798	0.88417557491432
6582.7340834248	0.89107430671418
6582.7592273659	0.89054029347062
6582.784371403	0.88735459496281
6582.8095155362	0.88616948727512
6582.8346597654	0.88596845317616
6582.8598040922	0.88391677199502
6582.8849485135	0.88298800527594
6582.9100930308	0.88856664537264
6582.9352376442	0.89295644285718
6582.9603823536	0.89945608966002
6582.9855271591	0.90652244088967
6583.0106720606	0.91200230450579
6583.0358170582	0.91762425589275
6583.0609621518	0.91927266043069
6583.0861073414	0.91504291117923
6583.1112526271	0.9050113901441
6583.1363980089	0.88852693021976
6583.1615434867	0.88126401071611
6583.1866890605	0.87751345934224
6583.2118347304	0.87261578393286
6583.2369804964	0.87294043464744
6583.2621263583	0.87931312558527
6583.2872723164	0.88952417362747
6583.3124183705	0.89195135510928
6583.3375645221	0.89213230359258
6583.3627107683	0.89593919793796
6583.3878571105	0.90107008188183
6583.4130035488	0.90281431035781
6583.4381500832	0.89878966155419
6583.4632967136	0.89273721829319
6583.48844344	0.88775266471203
6583.5135902625	0.87991864922517
6583.538737181	0.86822749405903
6583.5638841956	0.85999642209271
6583.5890313063	0.8525128586132
6583.614178513	0.86120625180178
6583.6393258158	0.8891402403524
6583.6644732146	0.88413488552342
6583.6896207095	0.88213244889369
6583.7147683004	0.8849159025226
6583.7399159874	0.89270245136827
6583.7650637704	0.90254924715363
6583.7902116495	0.90795249405935
6583.8153596247	0.90873279232965
6583.8405076974	0.90978498687054
6583.8656558647	0.91872667775034
6583.890804128	0.92650175129174
6583.9159524874	0.92693315989162
6583.9411009428	0.92708014242705
6583.9662494943	0.92984335901575
6583.9913981419	0.93843821046362
6584.0165468855	0.9437961826896
6584.0416957252	0.94892925466601
6584.0668446609	0.95842077133004
6584.0919936927	0.969533701942
6584.1171428206	0.97330486994251
6584.1422920445	0.9721300161433
6584.1674413645	0.96915816115367
6584.1925907806	0.96046721935692
6584.2177402927	0.9514241218547
6584.2428899009	0.94593340560794
6584.2680396051	0.93563023616487
6584.2931894054	0.92703888743287
6584.3183393033	0.92393256018869
