6544.4643692797	0.99685234986572
6544.4893670427	0.99972568541433
6544.5143649011	1.0013473010133
6544.5393628551	0.99726535407328
6544.5643609046	0.99317907817153
6544.5893590495	0.98878008361716
6544.6143572899	0.98627741016364
6544.6393556258	0.98638375338029
6544.6643540572	0.98699715083836
6544.6893525841	0.98889024774692
6544.7143512065	0.9884346326718
6544.7393499243	0.98491199947982
6544.7643487376	0.97799793355974
6544.7893476465	0.9700798502389
6544.8143466508	0.97378260430796
6544.8393457506	0.97922908436819
6544.8643449474	0.98046813898889
6544.8893442382	0.98111092552958
6544.9143436244	0.97807801332576
6544.9393431062	0.97376894843062
6544.9643426834	0.97023130047362
6544.9893423562	0.96791987219069
6545.0143421244	0.96922993280289
6545.0393419881	0.96719360439918
6545.0643419473	0.96203573255575
6545.089342002	0.95969227679577
6545.1143421522	0.95700644562311
6545.1393423979	0.95756441838815
6545.1643427391	0.9612755440291
6545.1893431758	0.9677973514011
6545.214343708	0.97409113588639
6545.2393443356	0.98089837130431
6545.2643450588	0.98875063293083
6545.2893458774	0.99260822209225
6545.3143467916	0.99667129752046
6545.3393478012	0.99992263689371
6545.3643489079	1.0030827527037
6545.3893501085	1.0048665970457
6545.4143514046	1.0050724489421
6545.4393527963	1.002948585892
6545.4643542834	1.0013016260633
6545.489355866	1.0001507402519
6545.5143575441	0.99753969704965
6545.5393593178	0.9945074269724
6545.5643611869	0.9995933176162
6545.5893631515	1.0101928463126
6545.6143652116	1.0091056086515
6545.6393673672	1.0031979996151
6545.6643696183	1.0102738629902
6545.689371965	1.0191473473723
6545.7143744071	1.0198048344071
6545.7393769447	1.0204087675339
6545.7643795778	1.0255579639677
6545.7893823064	1.030422178877
6545.8143851306	1.0312741420909
6545.8393880517	1.0302969864097
6545.8643910668	1.0290929881332
6545.8893941775	1.024537797475
6545.9143973836	1.014804077474
6545.9394006853	1.0032465040968
6545.9644040824	0.98893220131438
6545.9894075751	0.98042059437689
6546.0144111632	0.97532732200238
6546.0394148469	0.96278373839307
6546.0644186261	0.94949955093265
6546.0894225007	0.91933083997751
6546.1144264709	0.88501843891851
6546.1394305366	0.8433876308905
6546.1644346978	0.80272269632793
6546.1894389545	0.76829872442913
6546.2144433067	0.73921215726005
6546.2394477545	0.73377073788243
6546.2644522977	0.73622497116368
6546.2894569364	0.75737256255756
6546.3144616722	0.78726383555169
6546.339466502	0.83014855704346
6546.3644714272	0.86979465893953
6546.389476448	0.90646567186883
6546.4144815643	0.93476434689163
6546.4394867761	0.95887889701362
6546.4644920834	0.97926544846311
6546.4894974863	0.99953410542043
6546.5145029846	1.0103186522375
6546.5395085785	1.0204221236728
6546.5645142678	1.0260562546498
6546.5895200527	1.0305586672698
6546.6145259331	1.0337202045637
6546.639531909	1.0363111894853
6546.6645379804	1.0369138717394
6546.6895441474	1.0334479508923
6546.7145504098	1.0206243332578
6546.7395567678	1.0125986455666
6546.7645632213	1.0108840149144
6546.7895697703	1.0085602052962
6546.8145764163	1.0049411878009
6546.8395831564	1.0034495989069
6546.8645899919	1.0033603095927
6546.889596923	0.99587058079567
6546.9146039496	0.98855299157207
6546.9396110717	0.98021288297288
6546.9646182894	0.97209701268855
6546.9896256025	0.95748427584002
6547.0146330112	0.94391522295474
6547.0396405154	0.92871356922885
6547.0646481151	0.92078434350334
6547.0896558103	0.93018620864452
6547.1146636011	0.94676760429822
6547.1396714874	0.97361508115012
6547.1646794692	0.99072050016034
6547.1896875465	1.0017934126559
6547.2146957193	1.0040246365119
6547.2397039877	1.0022366319911
6547.2647123516	1.0037840940278
6547.2897208125	1.0056184678511
6547.3147293675	1.000869264108
6547.3397380179	0.99728359677087
6547.3647467639	0.99902057997862
6547.3897556054	1.0011387473499
6547.4147645425	1.0057821781388
6547.439773575	1.0078915236538
6547.4647827031	0.99937941902849
6547.4897919268	0.99241886641609
6547.5148012459	0.98986052248952
6547.5398106606	0.9878828512179
6547.5648201708	0.98554078912588
6547.5898297765	0.98770764620778
6547.6148394778	0.99155520523471
6547.6398492746	0.99355586379506
6547.6648591669	0.99671069160789
6547.6898691547	1.0002497977408
6547.7148792381	1.0027069409843
6547.739889417	1.0009503166428
6547.764899693	0.99933539337881
6547.7899100629	0.99570880107014
6547.8149205284	0.99082450263363
6547.8399310895	0.98477589423801
6547.8649417461	0.97517210170052
6547.8899524982	0.95762008347219
6547.9149633458	0.92700596430682
6547.939974289	0.87968200723887
6547.9649853277	0.84922363267394
6547.9899964619	0.8290264992679
6548.0150076917	0.82940225116873
6548.040019017	0.83550539461016
6548.0650304378	0.86726421003976
6548.0900419542	0.90246343488043
6548.1150535661	0.91645588179342
6548.1400652735	0.93166992883891
6548.1650770765	0.95241060625411
6548.190088975	0.97172525221485
6548.2151009691	0.97185499730704
6548.2401130602	0.97430065811921
6548.2651252453	0.98143824696334
6548.290137526	0.98526559729566
6548.3151499022	0.98699959253312
6548.340162374	0.99360705316959
6548.3651749413	1.0028002456235
6548.3901876041	1.0023782051507
6548.4152003625	0.99733949369127
6548.4402132164	1.0007575778413
6548.4652261658	1.0064375679636
6548.4902392108	1.0115662030643
6548.5152523514	1.0165657982046
6548.5402655875	1.0152696292124
6548.5652789191	1.0139571277193
6548.5902923462	1.0176052590306
6548.615305869	1.0223360218006
6548.6403194872	1.0258852227202
6548.665333201	1.0300707221835
6548.6903470103	1.0363567889563
6548.7153609152	1.0379911976334
6548.7403749172	1.0346500264247
6548.7653890131	1.0278459471487
6548.7904032047	1.0196288770597
6548.8154174917	1.0168156435005
6548.8404318743	1.0158695193713
6548.8654463525	1.0109826452211
6548.8904609262	1.0057459934338
6548.9154755955	1.0009346260422
6548.9404903603	0.99579102082233
6548.9655052206	0.99311178227863
6548.9905201765	0.99142168920514
6549.015535228	0.99389840412967
6549.040550375	0.99832259143183
6549.0655656175	1.0034194598702
6549.0905809556	1.0093639129579
6549.1155963893	1.017162903503
6549.1406119185	1.021469323945
6549.1656275432	1.0232144642146
6549.1906432635	1.0247649414082
6549.2156590809	1.0262340665435
6549.2406749923	1.0249525188151
6549.2656909993	1.0224264493086
6549.2907071018	1.0227107796877
6549.3157232999	1.0240992901713
6549.3407395935	1.0269673850668
6549.3657559827	1.027721321481
6549.3907724674	1.0252628940503
6549.4157890477	1.0233606642372
6549.4408057235	1.0214173947335
6549.4658224949	1.0214333070176
6549.4908393619	1.0224788253456
6549.5158563244	1.0220145728519
6549.5408733824	1.0205615903016
6549.5658905361	1.0189247155936
6549.5909077852	1.0177387600418
6549.61592513	1.0145650261706
6549.6409425703	1.0110824290401
6549.6659601061	1.0165626116074
6549.6909777391	1.0207006387343
6549.715995466	1.019873875117
6549.7410132886	1.0214488903426
6549.7660312067	1.0262211960624
6549.7910492203	1.0287449085678
6549.8160673295	1.0266446299403
6549.8410855343	1.0230087868712
6549.8661038347	1.0198916770038
6549.8911222306	1.0186296855273
6549.916140722	1.0172585464875
6549.941159309	1.014350433816
6549.9661779916	1.0130315088944
6549.9911967698	1.0161044340939
6550.0162156435	1.0201903271568
6550.0412346128	1.0162110536995
6550.0662536776	1.0132614084917
6550.091272838	1.0118261594304
6550.116292094	1.0074963123694
6550.1413114455	0.99828409533
6550.1663308927	0.99083539744909
6550.1913504368	0.98673280454593
6550.2163700751	0.98181822905984
6550.2413898089	0.97614599329375
6550.2664096382	0.9783129935014
6550.2914295632	0.98608119755418
6550.3164495837	0.99202187362234
6550.3414696998	0.99594709324182
6550.3664899114	1.0015980714396
6550.3915102186	1.0086999037592
6550.4165306214	1.0241930566834
6550.4415511198	1.0366653792168
6550.4665717137	1.0307888094382
6550.4915924032	1.028810806548
6550.5166131883	1.0357242418878
6550.5416340689	1.039549603904
6550.5666550451	1.0410999787833
6550.5916761169	1.0398415430003
6550.6166972843	1.0372081615043
6550.6417185472	1.0377562660498
6550.6667399072	1.0390888436245
6550.6917613613	1.0344018717934
6550.7167829109	1.0292262288119
6550.7418045561	1.0225417245271
6550.7668262969	1.0151884561431
6550.7918481333	1.0062216842551
6550.8168700653	0.99907872738357
6550.8418920928	0.99872875277615
6550.8669142159	0.99716926913227
6550.8919364346	0.99462704883723
6550.9169587488	0.99767776053407
6550.9419811586	1.0065636448175
6550.967003664	1.0153899857942
6550.992026265	1.0239984868759
6551.0170489616	1.0301891582132
6551.0420717537	1.0337159318845
6551.0670946415	1.0375200088903
6551.0921176248	1.0434387389627
6551.1171407036	1.0500378725421
6551.1421638796	1.0584538408276
6551.1671871497	1.0679690322071
6551.1922105153	1.0716088346056
6551.2172339765	1.0632878991126
6551.2422575333	1.0517179310574
6551.2672811856	1.0408071690992
6551.2923049336	1.0273933629213
6551.3173287771	1.0116540217952
6551.3423527162	1.0002391326559
6551.3673767509	0.99114416406401
6551.3924008812	0.98243021243517
6551.4174251071	0.97285149641743
6551.4424494285	0.97219640097637
6551.4674738456	0.97362309892169
6551.4924983582	0.97503755881702
6551.5175229664	0.97578714399378
6551.5425476702	0.97436040757197
6551.5675724696	0.96743181869676
6551.5925973645	0.94736148609029
6551.6176223566	0.93291988752152
6551.6426474428	0.92515536379292
6551.6676726245	0.92257801762817
6551.6926979018	0.9246861827238
6551.7177232747	0.93413486092091
6551.7427487432	0.94719474368818
6551.7677743073	0.96406068907133
6551.792799967	0.9805607462833
6551.8178257222	0.98709329095202
6551.8428515731	0.99315083277073
6551.8678775195	0.9774631980456
6551.8929035616	0.95862787384339
6551.9179296992	0.92109853894812
6551.9429559324	0.88295313067821
6551.9679822612	0.83873528214199
6551.9930086856	0.82203760465125
6552.0180352056	0.83508704732683
6552.0430618212	0.85684046850576
6552.0680885324	0.88363872667451
6552.0931153392	0.92133304450918
6552.1181422431	0.96409303197819
6552.143169241	0.97682074908704
6552.1681963346	0.98651219727953
6552.1932235237	0.99561429148671
6552.2182508085	1.0057668238467
6552.2432781888	1.0110789946279
6552.2683056648	1.0169172508529
6552.2933332363	1.0205696592359
6552.3183609035	1.0236475902719
6552.3433886662	1.0248416337612
6552.3684165246	1.0236613873546
6552.3934444785	1.0221412462244
6552.418472528	1.0215823980859
6552.4435006732	1.0220394173775
6552.4685289139	1.0173074696164
6552.4935572502	1.0114837010588
6552.5185856822	1.0038315301496
6552.5436142097	0.99670939104275
6552.5686428328	0.99487641157204
6552.5936715531	0.99290007857975
6552.6187003674	0.99073252174575
6552.6437292773	0.99217396876756
6552.6687582829	0.99770379887285
6552.693787384	1.0045308139147
6552.7188165808	1.0133420283348
6552.7438458731	1.0175438729874
6552.7688752611	1.0195820531419
6552.7939047446	1.0225930307998
6552.8189343238	1.023745049466
6552.8439639986	1.0212607066612
6552.868993769	1.0192742885212
6552.8940236349	1.0156638011029
6552.9190535965	1.012990583267
6552.9440836537	1.0100122662586
6552.9691138065	1.0069038086288
6552.9941440549	1.0049520519185
6553.0191743989	1.0023672946954
6553.0442048386	0.99928034893982
6553.0692353753	0.98781937706116
6553.0942660061	0.96833621783455
6553.1192967326	0.95477302145166
6553.1443275546	0.94438184667761
6553.1693584723	0.94729418439567
6553.1943894856	0.95245075972296
6553.2194205945	0.97221075827842
6553.244451799	0.98972528338572
6553.2694830991	1.002756708261
6553.2945144948	1.0175153078511
6553.3195459861	1.0317571079469
6553.3445775731	1.0399148715768
6553.3696092557	1.0364207093818
6553.3946410338	1.0354210837054
6553.4196729076	1.0361234088519
6553.444704877	1.0329849580508
6553.469736942	1.0278956357375
6553.4947691027	1.0229604626888
6553.5198013589	1.0191388020276
6553.5448337107	1.0170001702693
6553.5698661597	1.0152741842759
6553.5948987028	1.0170274525541
6553.6199313415	1.0192493970341
6553.6449640759	1.0212781929145
6553.6699969058	1.0211974529942
6553.6950298313	1.0206955458173
6553.7200628525	1.022511562137
6553.7450959693	1.0252315904649
6553.7701291817	1.0214998214342
6553.7951624898	1.0148397115115
6553.8201958934	1.0114125878467
6553.8452293927	1.0092220933576
6553.8702629876	1.007937672644
6553.8952966781	1.0068389135762
6553.9203304642	1.00751117171
6553.945364346	1.0088812429073
6553.9703983233	1.0124541957039
6553.9954323963	1.0141735855731
6554.0204665649	1.0092015748009
6554.0455008307	0.99741225062909
6554.0705351905	0.98058311160479
6554.095569646	0.96172397949105
6554.1206041971	0.94013406443994
6554.1456388439	0.91713576662206
6554.1706735862	0.89483603754565
6554.1957084242	0.88489473732304
6554.2207433578	0.87559585015957
6554.245778387	0.88093048806605
6554.2708135119	0.89036237235148
6554.2958487324	0.91420227731856
6554.3208840485	0.93478262085874
6554.3459194602	0.95297851780462
6554.3709549676	0.96954503179842
6554.3959905706	0.9831449958383
6554.4210262692	0.9936398828912
6554.4460620635	1.0024251234329
6554.4710979533	1.0045400779988
6554.4961339388	1.0042911059338
6554.5211700215	1.0075918253223
6554.5462061983	1.0114638433163
6554.5712424707	1.0160750244395
6554.5962788387	1.0198134728532
6554.6213153023	1.0146067490415
6554.6463518616	1.0115589882247
6554.6713885166	1.0120777980147
6554.6964252671	1.0082375461029
6554.7214621133	0.99961909877181
6554.7464990551	0.99306289198569
6554.7715360926	0.988200673731
6554.7965732256	0.9902567761035
6554.8216104544	0.99678377026245
6554.8466477787	0.99654892717028
6554.8716851987	0.99493292054585
6554.8967227143	1.0025369953495
6554.9217603256	1.0098106022437
6554.9467980325	1.0139675084539
6554.971835835	1.0174027040357
6554.9968737332	1.0170665420955
6555.0219117285	1.0164919627128
6555.0469498179	1.0145663492279
6555.071988003	1.0101740479954
6555.0970262837	1.0045031810097
6555.1220646601	1.0010125304534
6555.1471031321	0.9990085296164
6555.1721416997	0.99852567528791
6555.197180363	0.99815455925193
6555.2222191219	1.0033623040759
6555.2472579764	1.0088124771198
6555.2722969266	1.0010955613318
6555.2973359724	0.9930210149923
6555.3223751139	0.98175284496452
6555.347414351	0.96768495597198
6555.3724536838	0.95060458770708
6555.3974931122	0.93164398025759
6555.4225326362	0.90981161057913
6555.4475722559	0.89857906605266
6555.4726119712	0.89454984465838
6555.4976517837	0.90748848875693
6555.5226916903	0.92772959194729
6555.5477316926	0.94971871582662
6555.5727717905	0.97008628094763
6555.597811984	0.98623343301803
6555.6228522732	1.0015837094091
6555.6478926581	1.0168181634037
6555.6729331385	1.0279859203797
6555.6979737147	1.0287924695147
6555.7230143865	1.0253430347688
6555.7480551539	1.0165354866755
6555.773096017	1.013978428381
6555.7981369757	1.0157350452461
6555.8231780301	1.0091685544871
6555.8482191801	1.0000377322708
6555.8732604258	0.99100027963785
6555.8983017671	0.9824858635314
6555.923343204	0.96458025101889
6555.9483847367	0.94560360267458
6555.9734263664	0.92215755623728
6555.9984680904	0.90242860253779
6556.0235099099	0.88625281373557
6556.0485518252	0.87999301014812
6556.073593836	0.88363622631647
6556.0986359426	0.89485629308514
6556.1236781447	0.91123545337078
6556.1487204426	0.93651424200264
6556.1737628361	0.96355515610409
6556.1988053252	0.98522825542763
6556.22384791	1.0057878017851
6556.2488905905	1.0110011917004
6556.2739333666	1.0162145949214
6556.2989762383	1.0229328367246
6556.3240192057	1.0296579559881
6556.3490622688	1.0344954858435
6556.3741054276	1.0328560658471
6556.3991486819	1.0250540594496
6556.424192032	1.0143489233101
6556.4492354792	1.0029406683654
6556.4742790206	0.97540277893693
6556.4993226576	0.94579932911125
6556.5243663903	0.93709517838169
6556.5494102186	0.92857763527572
6556.5744541426	0.93513196636153
6556.5994981622	0.9415871536
6556.6245422776	0.95973637120097
6556.6495864885	0.973528843774
6556.6746307952	0.98070821130341
6556.6996751975	0.98005945800754
6556.7247196954	0.97014555905657
6556.749764289	0.9636741586144
6556.7748089783	0.95938421384427
6556.7998537633	0.96074851020667
6556.8248986439	0.96543037007214
6556.8499436202	0.96741549845473
6556.8749886921	0.96991542392492
6556.9000338597	0.98968928405896
6556.925079123	1.0061532053138
6556.9501244834	1.0109100490342
6556.975169938	1.0170098640971
6557.0002154883	1.0227964339524
6557.0252611342	1.0258376089542
6557.0503068758	1.0292701122545
6557.075352713	1.0334409714494
6557.100398646	1.0364241589827
6557.1254446746	1.0369162830837
6557.1504907988	1.0364921425006
6557.1755370188	1.034925984995
6557.2005833344	1.0346444213099
6557.2256297456	1.0338164746888
6557.2506762526	1.0322407105993
6557.2757228552	1.0314215205534
6557.3007695535	1.0316021605322
6557.3258163474	1.031342435229
6557.350863237	1.0253639710488
6557.3759102223	1.0151040759761
6557.4009573033	1.0067359024674
6557.4260044814	1.0003005331606
6557.4510517537	0.9837913466957
6557.4760991217	0.96546298835243
6557.5011465854	0.96401613276188
6557.5261941447	0.96412216998849
6557.5512417997	0.9700308518326
6557.5762895503	0.97793962360216
6557.6013373967	0.99237380032236
6557.6263853387	1.0038966675627
6557.6514333764	1.0115151279726
6557.6764815098	1.0164841051473
6557.7015297388	1.0214527985966
6557.7265780636	1.0203382081974
6557.751626484	1.0157188332133
6557.776675	1.008187749316
6557.8017236118	1.0021246426062
6557.8267723192	1.0045674877821
6557.8518211223	1.0050303822109
6557.8768700211	0.99921461970537
6557.9019190171	0.99180677756917
6557.9269681072	0.98362219747269
6557.9520172931	0.97651283662065
6557.9770665746	0.96833821327302
6558.0021159518	0.96042793907176
6558.0271654246	0.95354096637886
6558.0522149932	0.95430374207132
6558.0772646574	0.95504127611046
6558.1023144173	0.94959968161994
6558.1273642729	0.94629462788852
6558.1524142242	0.95155101355459
6558.1774642712	0.95684988282268
6558.2025144138	0.96515214604333
6558.2275646521	0.97257988290825
6558.2526149861	0.97911006739281
6558.2776654158	0.9878515693418
6558.3027159412	0.99869275982943
6558.3277665623	1.0086418058258
6558.352817279	1.016803377742
6558.3778680914	1.0136301510722
6558.4029190011	1.0087930195659
6558.4279700049	1.0025587264416
6558.4530211044	0.99640320773667
6558.4780722996	0.99246662931641
6558.5031235904	0.99292942502166
6558.528174977	1.0015534489425
6558.5532264592	1.0075880627251
6558.5782780372	1.0121950804033
6558.6033297108	1.0197760449451
6558.6283814801	1.0283496544509
6558.6534333451	1.0262257983901
6558.6784853058	1.022017261364
6558.7035373622	1.0206287212982
6558.7285895142	1.0174898290323
6558.753641762	1.0088776470669
6558.7786941055	1.0033320348505
6558.8037465446	1.0025959474458
6558.8287990795	1.0015213791716
6558.85385171	0.99958206295107
6558.8789044377	0.99613361764483
6558.9039572596	0.99503957202913
6558.9290101773	1.0007864484283
6558.9540631906	1.0077191342469
6558.9791162996	1.0154067870233
6559.0041695043	1.0250771775911
6559.0292228047	1.0325652200759
6559.0542762007	1.0384870637043
6559.0793296925	1.0402556157269
6559.10438328	1.0386758263815
6559.1294369632	1.0356809980322
6559.154490742	1.0344983851245
6559.1795446166	1.0359325187805
6559.2045985869	1.0388959999137
6559.2296526529	1.0424349215737
6559.2547068145	1.0342238251478
6559.2797610719	1.021521326324
6559.3048154249	1.0209326754323
6559.3298698737	1.0224379210335
6559.3549244197	1.0221442304252
6559.3799790598	1.0180286893048
6559.4050337957	1.0040879897379
6559.4300886273	0.98984583534476
6559.4551435545	0.97157738823223
6559.4801985775	0.95176621069782
6559.5052536962	0.93191689974737
6559.5303089106	0.91565141727793
6559.5553642206	0.90063601860641
6559.5804196264	0.90123506506664
6559.6054751279	0.90612971516605
6559.6305307251	0.92381046507577
6559.655586418	0.94086752462451
6559.6806422066	0.95931203512665
6559.7056980909	0.97183844502021
6559.7307540709	0.97171021429723
6559.7558101466	0.96751476496548
6559.780866318	0.95912366235489
6559.8059225851	0.95138324175589
6559.8309789495	0.94505329512151
6559.856035408	0.94720462109347
6559.8810919623	0.95121616041296
6559.9061486122	0.96373240179033
6559.9312053579	0.97516627557286
6559.9562621993	0.98655971279501
6559.9813191363	0.9955698328403
6560.0063761691	0.998902365309
6560.0314332976	1.0013468527226
6560.0564905218	1.0003979024144
6560.0815478418	0.99641962316748
6560.1066052574	0.98861257701733
6560.1316627687	0.98280793621297
6560.1567203758	0.97789717771359
6560.1817780786	0.9684807908637
6560.206835877	0.96002126587385
6560.2318937712	0.96055285628456
6560.2569517611	0.96186979707985
6560.2820098468	0.96729286202622
6560.3070680281	0.97050769542946
6560.3321263067	0.97038090116433
6560.3571846794	0.96904292214369
6560.3822431479	0.96610302091384
6560.4073017121	0.95449385248528
6560.432360372	0.93761305531946
6560.4574191276	0.92389675370234
6560.482477979	0.91108548708799
6560.507536926	0.9009551303123
6560.5325959688	0.89261761783082
6560.5576551073	0.89319205730183
6560.5827143415	0.89343607028258
6560.6077736714	0.89820954543453
6560.6328330971	0.90552713224398
6560.6578926184	0.91512775326126
6560.6829522355	0.92755297368601
6560.7080119483	0.94092412087121
6560.7330717569	0.95277394265652
6560.7581316611	0.96477034664912
6560.7831916611	0.97036005327582
6560.8082517583	0.97492871022967
6560.8333119497	0.97586753109638
6560.8583722368	0.97788162845042
6560.8834326197	0.98650299701663
6560.9084930982	0.99020082524175
6560.9335536725	0.98220629852186
6560.9586143426	0.98041504357678
6560.9836751083	0.98540851530859
6561.0087359698	0.98844169092199
6561.033796927	0.99028259370875
6561.0588579799	0.98837241152214
6561.0839191285	0.98533212226182
6561.1089803729	0.98551104134301
6561.134041713	0.98467441326425
6561.1591031488	0.9828108626623
6561.1841646804	0.98160948590786
6561.2092263077	0.98140634472987
6561.2342880307	0.98270891044283
6561.2593498494	0.9840661235623
6561.2844117654	0.98522153413728
6561.3094737756	0.98719178768362
6561.3345358815	0.98380036980373
6561.3595980831	0.97938808885421
6561.3846603805	0.97979429581108
6561.4097227736	0.9789818774091
6561.4347852624	0.9809692884403
6561.459847847	0.981261454137
6561.4849105273	0.97567091495344
6561.5099733033	0.97252958566991
6561.5350361751	0.97306210676055
6561.5600991426	0.973533671679
6561.5851622058	0.97337846376732
6561.6102253648	0.96993576437204
6561.6352886195	0.96510314038543
6561.6603519699	0.96494631561777
6561.6854154161	0.96449109845159
6561.710478958	0.95931975588823
6561.7355425956	0.95274060279196
6561.7606063289	0.94233470309701
6561.7856701596	0.93246632650846
6561.8107340844	0.92468598564928
6561.835798105	0.92078685175007
6561.8608622213	0.91825386256226
6561.8859264333	0.91509578956655
6561.9109907411	0.91152496994411
6561.9360551446	0.90812087367631
6561.9611196439	0.90580541126926
6561.9861842389	0.897094589987
6562.0112489296	0.88765836821277
6562.0363137161	0.87901814746991
6562.0613785983	0.86851041523453
6562.0864435763	0.85350987441538
6562.1115086499	0.83787291279191
6562.1365738194	0.82144989994978
6562.1616390846	0.80575529229016
6562.1867044455	0.78992733619687
6562.2117699021	0.77529956461838
6562.2368354545	0.76243011438799
6562.2619011042	0.75002582669992
6562.2869668481	0.73652385124063
6562.3120326877	0.72444661543826
6562.3370986231	0.71397771859181
6562.3621646542	0.70649568576828
6562.3872307811	0.69906785325861
6562.4122970037	0.69197093684659
6562.437363322	0.68452295237922
6562.4624297361	0.6761399327379
6562.4874962459	0.67238144327813
6562.5125628515	0.6704566245765
6562.5376295529	0.66999012498976
6562.5626963499	0.6690045827706
6562.5877632428	0.66812716962502
6562.6128302313	0.66861580903977
6562.6378973157	0.67034695750029
6562.6629644957	0.67020399640918
6562.6880317716	0.66801405421108
6562.7130991431	0.66814798366885
6562.738166612	0.6695924624837
6562.763234175	0.66738704273876
6562.7883018338	0.66216562140012
6562.8133695884	0.65351980421619
6562.8384374387	0.64489874704345
6562.8635053848	0.64068993508849
6562.8885734266	0.6388554716897
6562.9136415642	0.64078707559397
6562.9387097975	0.64432085975641
6562.9637781266	0.64911699223593
6562.9888465514	0.65240743819658
6563.013915072	0.65646714047882
6563.0389836884	0.66288584137163
6563.0640524004	0.6696232843282
6563.0891212083	0.66884864407771
6563.1141901119	0.66890552696728
6563.1392591113	0.67221378420453
6563.1643282064	0.67626704470823
6563.1893973972	0.68291141671886
6563.2144666839	0.68928540011595
6563.2395360678	0.6956507477048
6563.2646055459	0.69996208011338
6563.2896751198	0.70218447439396
6563.3147447894	0.70416068224578
6563.3398145549	0.70805191823524
6563.364884416	0.70940319128215
6563.389954373	0.70941326062302
6563.4150244256	0.71465286750859
6563.4400945741	0.72184432450376
6563.4651648183	0.73116167132534
6563.4902351583	0.73643574881127
6563.515305594	0.73765120833214
6563.5403761255	0.74217507637587
6563.5654467527	0.74957362516628
6563.5905174758	0.76979349543337
6563.6155882945	0.78991407830625
6563.6406592091	0.82457238056403
6563.6657302194	0.85869533291876
6563.6908013254	0.88328665421334
6563.7158725288	0.90574188320574
6563.7409438264	0.92297842320416
6563.7660152197	0.93549138506673
6563.7910867088	0.94143956315311
6563.8161582937	0.94640586878454
6563.8412299744	0.94897094690031
6563.8663017508	0.94484258212451
6563.891373623	0.94042856862703
6563.9164455909	0.94139155034053
6563.9415176547	0.94149226109093
6563.9665898141	0.9342058848693
6563.9916620694	0.93094215338313
6564.0167344204	0.93359351466678
6564.0418068672	0.93155415977888
6564.0668794098	0.92496412235486
6564.0919520481	0.92881111643136
6564.1170247822	0.93706470295623
6564.142097612	0.94715183975639
6564.1671705377	0.95876294110895
6564.1922435606	0.96776033519967
6564.2173166778	0.97600065609192
6564.2423898907	0.98537642896972
6564.2674631994	0.99353556212941
6564.2925366039	0.99964974889063
6564.3176101042	1.0026337106027
6564.3426837002	1.0016327549676
6564.367757392	1.0041870935758
6564.3928311796	1.0089984310176
6564.417905063	1.0095852502692
6564.4429790421	1.0083225268594
6564.468053117	1.0090281552592
6564.4931272877	1.0102038767123
6564.5182015542	1.0118029402591
6564.5432759164	1.012565135903
6564.5683503744	1.0113423427876
6564.5934249282	1.0086949739619
6564.6184995778	1.0048381795599
6564.6435743231	1.0028511313478
6564.6686491657	1.0018200547122
6564.6937241026	1.0054118909833
6564.7187991353	1.0096775631763
6564.7438742637	1.0092444482242
6564.768949488	1.0103841817498
6564.794024808	1.0174284272312
6564.8191002238	1.0198357333242
6564.8441757353	1.0139017800917
6564.8692513427	1.0123691614226
6564.8943270458	1.0141500392265
6564.9194028447	1.0115745751014
6564.9444787394	1.0067852561821
6564.9695547299	1.0051629352661
6564.9946308162	1.0049238423932
6565.0197069982	1.0125891213709
6565.044783276	1.0182960913369
6565.0698596496	1.0160797391097
6565.094936119	1.0148183051293
6565.1200126842	1.0161971217023
6565.1450893451	1.0150478671548
6565.1701661034	1.0130011954966
6565.1952429559	1.0122612767263
6565.2203199042	1.0110205058795
6565.2453969483	1.0050545301716
6565.2704740882	0.9975919965094
6565.2955513239	0.98453883457936
6565.3206286554	0.97635951945548
6565.3457060826	0.97799774447476
6565.3707836056	0.97357044908561
6565.3958612245	0.96265052126244
6565.4209389391	0.95418118057561
6565.4460167495	0.9472499924674
6565.4710946557	0.94285295065948
6565.4961726577	0.9404399489834
6565.5212507554	0.94219048419991
6565.546328949	0.94469291080369
6565.5714072383	0.95643547923904
6565.5964856235	0.96886979169965
6565.6215641044	0.98630137184277
6565.6466426826	1.0001311998855
6565.6717213552	1.0073067616403
6565.6968001235	1.0112437726328
6565.7218789876	1.0134149763862
6565.7469579475	1.0095915932268
6565.7720370032	1.005364686976
6565.7971161546	1.0022748128685
6565.8221954019	0.99876793118172
6565.847274745	0.99308523065549
6565.8723541839	0.98872883368308
6565.8974337185	0.98720994730579
6565.922513349	0.98561844754418
6565.9475930752	0.99137592794339
6565.9726728973	0.99655770708467
6565.9977528151	1.0030237062417
6566.0228328288	1.0085884134204
6566.0479129382	1.0088621297399
6566.0729931435	1.0098514857411
6566.0980734445	1.0118987823256
6566.1231538429	1.0136491156888
6566.1482343355	1.0145662351733
6566.1733149239	1.0153443017387
6566.1983956082	1.0166763393527
6566.2234763882	1.0196682702279
6566.248557264	1.0188774573808
6566.2736382357	1.0152977232009
6566.2987193031	1.0156015622731
6566.3238004664	1.0185166158286
6566.3488817254	1.0218773722572
6566.3739630803	1.0242409820952
6566.3990445309	1.0223187395465
6566.4241260774	1.0187297572914
6566.4492077196	1.019507282562
6566.4742894577	1.0239977047764
6566.4993712915	1.0258443953835
6566.5244532212	1.0239869847634
6566.5495352467	1.0206259175161
6566.5746173679	1.0176753650195
6566.599699585	1.0201325166159
6566.6247818994	1.0266693381963
6566.6498643081	1.0256187638969
6566.6749468126	1.0180344078428
6566.7000294129	1.015348596348
6566.7251121091	1.0170393658455
6566.750194901	1.0175584002984
6566.7752777887	1.016738302715
6566.8003607723	1.0164805708414
6566.8254438516	1.0164913767766
6566.8505270268	1.01375082925
6566.8756102978	1.0084776712631
6566.9006936645	1.006087918068
6566.9257771271	1.006920075846
6566.9508606855	1.0065103916946
6566.9759443397	1.0046901406231
6567.0010280898	1.005258785013
6567.0261119356	1.0099503999693
6567.0511958772	1.0120380766283
6567.0762799147	1.0078189036161
6567.1013640495	1.0051617943827
6567.1264482786	1.0074798056616
6567.1515326035	1.0078445795429
6567.1766170242	1.0050387530695
6567.2017015407	1.0045452996647
6567.2267861531	1.0093403696899
6567.2518708612	1.0132130156501
6567.2769556652	1.013118905475
6567.302040565	1.0121578741756
6567.3271255606	1.0091260990442
6567.352210652	1.0058829493679
6567.3772958393	1.0023847263285
6567.4023811223	0.99902365004194
6567.4274665012	0.9943417423178
6567.4525519759	0.99030282978724
6567.4776375464	0.99239145890259
6567.5027232128	0.99419692224839
6567.5278089749	0.9917666003967
6567.5528948329	0.99025922876789
6567.5779807882	0.99268888282518
6567.6030668378	0.99626928753613
6567.6281529832	1.0037453841886
6567.6532392245	1.0112073440998
6567.6783255616	1.0141830689346
6567.7034119945	1.0169222572396
6567.7284985232	1.0174861279915
6567.7535851477	1.0169007892386
6567.7786718681	1.0165398839683
6567.8037586843	1.017184316613
6567.8288455963	1.020120925861
6567.8539326041	1.0222594024587
6567.8790197078	1.0201252295572
6567.9041069073	1.0167601885472
6567.9291942026	1.0132206156323
6567.9542815937	1.0105450777681
6567.9793690807	1.0097325077403
6568.0044566634	1.0082755898237
6568.0295443421	1.004789847572
6568.054632118	1.0020523597514
6568.0797199883	0.99869741756764
6568.1048079544	0.99500102950236
6568.1298960163	0.98968762804707
6568.1549841741	0.98369047775142
6568.1800724276	0.9813382161968
6568.205160777	0.98042846357912
6568.2302492223	0.98530193915491
6568.2553377633	0.99129798624416
6568.2804264002	0.99577281296494
6568.305515133	0.99966569943938
6568.3306039615	1.0079772670573
6568.3556928859	1.0174032814105
6568.3807819062	1.0180127000395
6568.4058710222	1.0159464164442
6568.4309602341	1.0153681730966
6568.4560495418	1.0150926969403
6568.4811389454	1.0154292726196
6568.5062284448	1.0161643153323
6568.53131804	1.0189560982328
6568.5564077325	1.0225947649142
6568.5814975194	1.0248171339829
6568.6065874022	1.0263506902983
6568.6316773807	1.0245474718874
6568.6567674551	1.020024105967
6568.6818576253	1.0151281928565
6568.7069478914	1.0103127171867
6568.7320382533	1.0054772335324
6568.7571287111	1.0017294443788
6568.7822192646	0.99927165464817
6568.8073099141	0.99747948497384
6568.8324006593	0.99572714316567
6568.8574915004	0.99295884575043
6568.8825824373	0.99163871895416
6568.9076734701	0.99259677931577
6568.9327645987	0.98996744868518
6568.9578558232	0.98231230933962
6568.9829471435	0.97387400488428
6569.0080385596	0.96368402801763
6569.0331300731	0.9490873398211
6569.0582216809	0.92770775354227
6569.0833133846	0.90536527546194
6569.1084051841	0.87958804573778
6569.1334970794	0.85368149821987
6569.1585890706	0.82700110260247
6569.1836811576	0.80641676540096
6569.2087733405	0.79904597013902
6569.2338656192	0.79779583985108
6569.2589579938	0.81654839024563
6569.2840504642	0.83740118207226
6569.3091430305	0.86656936048146
6569.3342356926	0.89505242853909
6569.3593284505	0.92095555775388
6569.3844213043	0.94384709765756
6569.4095142539	0.95613761117684
6569.4346072994	0.969197337999
6569.4597004407	0.97970334832052
6569.4847936779	0.99087111336284
6569.5098870125	0.99526714833525
6569.5349804413	0.99771479961889
6569.5600739661	1.003298373828
6569.5851675866	1.0095577472603
6569.6102613031	1.0119834294011
6569.6353551153	1.0139260865089
6569.6604490235	1.0156561603822
6569.6855430274	1.0161387936964
6569.7106371273	1.0106248991939
6569.7357313229	1.0051916703635
6569.7608256145	0.99804450676254
6569.7859200018	0.99141456826409
6569.8110144851	0.98570581356459
6569.8361090642	0.98171830081267
6569.8612037391	0.97716162800336
6569.8862985099	0.97189252312733
6569.9113933765	0.96452281363535
6569.9364883391	0.95755383078353
6569.9615833974	0.95228342454635
6569.9866785516	0.94584301405171
6570.0117738032	0.95535488027942
6570.0368691491	0.96517315616404
6570.0619645909	0.97438333349299
6570.0870601285	0.98251759056208
6570.112155762	0.98448508636079
6570.1372514914	0.98615071331902
6570.1623473166	0.98378871051031
6570.1874432377	0.98137262495116
6570.2125392546	0.98118493553219
6570.2376353674	0.98153859387042
6570.262731576	0.98557144345489
6570.2878278805	0.99066078303655
6570.3129242809	0.99192980161807
6570.3380207771	0.99221784431321
6570.3631173692	0.99077131858846
6570.3882140571	0.99002072709853
6570.4133108409	0.994036005405
6570.4384077206	0.99981670047443
6570.4635046961	0.99731393176123
6570.488601769	0.99008122736169
6570.5136989363	0.98455396293121
6570.5387961994	0.98188649118168
6570.5638935584	0.98232186334637
6570.5889910132	0.984032641403
6570.6140885639	0.98376196897215
6570.6391862105	0.98239677938316
6570.6642839529	0.97839866717293
6570.6893817912	0.96977723501164
6570.7144797254	0.96573563124618
6570.7395777555	0.96404414321561
6570.7646758814	0.95495462050197
6570.7897741031	0.94462466345333
6570.8148724208	0.94389378441276
6570.8399708343	0.94833299514341
6570.8650693436	0.95309514689379
6570.8901679489	0.95866805925482
6570.91526665	0.96890136767907
6570.940365447	0.98247671253486
6570.9654643413	0.98790026752724
6570.99056333	0.985263876501
6571.0156624146	0.97831931582423
6571.0407615951	0.97097504264531
6571.0658608714	0.96382522513243
6571.0909602436	0.95244331847435
6571.1160597117	0.94337700174985
6571.1411592756	0.93912260076019
6571.1662589354	0.9403924134328
6571.1913586911	0.94688088858578
6571.2164585427	0.9507664164435
6571.2415584901	0.95400720803666
6571.2666585334	0.95754370786618
6571.2917586726	0.95961870922776
6571.3168589077	0.95588427595939
6571.3419592386	0.94461152377808
6571.3670596654	0.92607193229343
6571.3921601881	0.89637908553846
6571.4172608066	0.87241729656104
6571.4423615211	0.85575727924332
6571.4674623329	0.85183561521755
6571.4925632391	0.86773220633211
6571.5176642412	0.88576006234504
6571.5427653391	0.9123564787899
6571.5678665329	0.93699851868628
6571.5929678226	0.95923596789253
6571.6180692082	0.97632543107407
6571.6431706897	0.98340984313199
6571.668272267	0.98984769203622
6571.6933739402	0.99138755688323
6571.7184757093	0.99207166199523
6571.7435775743	0.9901854930182
6571.7686795352	0.9877646756187
6571.7937815919	0.9873504921867
6571.8188837445	0.98944916628317
6571.843985993	0.99176989594966
6571.8690883374	0.9937884317328
6571.8941907777	0.99529897748073
6571.9192933138	0.99688970924619
6571.9443959474	0.99830141821704
6571.9694986753	0.99938504553666
6571.9946014991	1.002666559793
6572.0197044188	1.0061801506408
6572.0448074344	1.0052649200472
6572.0699105459	1.0026405005657
6572.0950137532	0.99635163579817
6572.1201170564	0.98939767360662
6572.1452204556	0.98381406380322
6572.1703239506	0.97819089278418
6572.1954275415	0.97482921996082
6572.2205312282	0.97137374493543
6572.2456350109	0.97630857764308
6572.2707388895	0.98243642385125
6572.2958428639	0.98654619791947
6572.3209469343	0.99060433185717
6572.3460511005	0.99502144831245
6572.3711553626	0.99839689629692
6572.3962597206	0.99831657257185
6572.421364176	0.99742721833612
6572.4464687258	0.99188098988853
6572.4715733715	0.98775911399882
6572.4966781131	0.98148970473875
6572.5217829505	0.97394846016138
6572.5468878839	0.9583506399806
6572.5719929131	0.9451453723144
6572.5970980383	0.94119458545392
6572.6222032593	0.93744790629421
6572.6473085762	0.90642418330659
6572.6724139891	0.87540516324863
6572.6975194978	0.84176394106891
6572.7226251024	0.80857623802242
6572.7477308029	0.79263684508292
6572.7728365993	0.77477092854916
6572.7979424916	0.77453281062831
6572.8230484798	0.77463780393767
6572.8481545639	0.79722434048922
6572.8732607439	0.81939662626087
6572.8983670213	0.85244589615695
6572.9234733931	0.88370551636922
6572.9485798608	0.90809889015332
6572.9736864244	0.93193153963291
6572.9987930838	0.95159225092021
6573.0238998392	0.97149225172126
6573.0490066905	0.97485955656647
6573.0741136377	0.97843721656737
6573.0992206808	0.98398504462496
6573.1243278198	0.99117161065244
6573.1494350546	0.99500054887362
6573.1745423854	0.99857864536188
6573.1996498121	0.998989453789
6573.2247573347	0.99802617109147
6573.2498649532	1.0015158936603
6573.2749726676	1.0080450952217
6573.3000804779	1.0104087475712
6573.3251883841	1.0121236510611
6573.3502963862	1.0195099135791
6573.3754044842	1.0282610441199
6573.4005126797	1.0306227024494
6573.4256209695	1.0314808907304
6573.4507293552	1.0288575496581
6573.4758378368	1.0224638652785
6573.5009464144	1.0202457075279
6573.5260550878	1.0188113360985
6573.5511638572	1.0180541380244
6573.5762727225	1.0173269250213
6573.6013816836	1.0106873726336
6573.6264907407	1.0028358836033
6573.6515998937	0.99335398788926
6573.6767091426	0.98333462681131
6573.7018184874	0.98266631776719
6573.7269279281	0.98495311533677
6573.7520374647	0.98532923875261
6573.7771470973	0.98529004033411
6573.8022568257	0.98555659565029
6573.8273666501	0.98688068183206
6573.8524765703	0.99032469891296
6573.877586588	0.9925362917285
6573.9026967001	0.98835308542529
6573.9278069081	0.9819670901785
6573.9529172121	0.9782935025976
6573.9780276119	0.97687770982655
6574.0031381076	0.97034615839763
6574.0282486993	0.96077113764279
6574.0533593869	0.93741886348871
6574.0784701704	0.9095160477273
6574.1035810498	0.86217207070787
6574.1286920251	0.80683054200361
6574.1538030963	0.74694257855326
6574.1789142635	0.68495609276114
6574.2040255265	0.64732467630858
6574.2291368855	0.62049400015831
6574.2542483404	0.64140025287341
6574.2793598912	0.68693668153845
6574.304471538	0.74094054052649
6574.3295832806	0.79869840645333
6574.3546951207	0.85003607710183
6574.3798070552	0.89867223456966
6574.4049190856	0.93035753305399
6574.430031212	0.95277202848781
6574.4551434342	0.97097499823081
6574.4802557524	0.98527892859313
6574.5053681665	0.98955988737069
6574.5304806765	0.98728853289627
6574.5555932825	0.98500774904961
6574.5807059843	0.98381559161307
6574.6058187821	0.98461519427819
6574.6309316758	0.98501800321683
6574.6560446654	0.98223569635656
6574.681157751	0.97917982118469
6574.7062709325	0.97606725495987
6574.7313842099	0.97101013972733
6574.7564975832	0.96828058797693
6574.7816110525	0.96851780739194
6574.8067246176	0.95989627000511
6574.8318382787	0.94233050446503
6574.8569520373	0.91624656614525
6574.8820658902	0.88395428368288
6574.9071798391	0.85192428907001
6574.9322938839	0.82101219635475
6574.9574080247	0.78987978724171
6574.9825222613	0.7571629226142
6575.0076365939	0.74048628356197
6575.0327510225	0.74032146653284
6575.0578655469	0.75274752656403
6575.0829801673	0.77793440091085
6575.1080948836	0.80546349768467
6575.1332096958	0.83407053372286
6575.158324604	0.85910638935493
6575.1834396081	0.88266071838047
6575.2085547082	0.90227106626047
6575.2336699041	0.91587441202952
6575.258785196	0.92641917848696
6575.2839005838	0.93357855272226
6575.3090160676	0.94086404592202
6575.3341316488	0.94819497734319
6575.3592473244	0.95357476139749
6575.384363096	0.95583625898233
6575.4094789635	0.95805332791914
6575.4345949269	0.96230137649804
6575.4597109863	0.96730344191037
6575.4848271416	0.97024147625858
6575.5099433929	0.9719861937763
6575.53505974	0.97444238697256
6575.5601761831	0.97780665496652
6575.5852927222	0.98095171742563
6575.6104093572	0.98086102386425
6575.6355260881	0.97741767984516
6575.660642915	0.97342848311311
6575.6857598378	0.96864362450976
6575.7108768565	0.9644876749931
6575.7359939712	0.96079591100393
6575.7611111818	0.95597829237962
6575.7862284883	0.94955451889436
6575.8113458923	0.94522333056078
6575.8364633908	0.94457350507859
6575.8615809852	0.94467704116868
6575.8866986755	0.94529077984201
6575.9118164617	0.94649078634706
6575.9369343439	0.95004506668084
6575.9620523221	0.95422601688662
6575.9871703962	0.95787976047293
6576.0122885662	0.96022911846268
6576.0374068322	0.96194963090028
6576.0625251941	0.96295529282004
6576.0876436519	0.95967198148299
6576.1127622058	0.95394277962826
6576.1378808555	0.94905981550586
6576.1629996012	0.94499789560317
6576.1881184428	0.93685420312109
6576.2132373804	0.93015742376071
6576.238356414	0.92755731783676
6576.2634755434	0.92462511800535
6576.2885947689	0.92558981541917
6576.3137140918	0.929795749319
6576.3388335091	0.93352160324039
6576.3639530223	0.93630088505119
6576.3890726316	0.94141599844099
6576.4141923367	0.94630165417057
6576.4393121378	0.95064259117091
6576.4644320349	0.95267930577619
6576.4895520279	0.94915139104973
6576.5146721169	0.94773107679431
6576.5397923018	0.95093045997341
6576.5649125827	0.95342912532458
6576.5900329595	0.9544494518262
6576.6151534323	0.95632392789809
6576.640274001	0.96050223182487
6576.6653946657	0.96317278176674
6576.6905154263	0.96026700487023
6576.7156362829	0.95726938778089
6576.7407572354	0.95573796269066
6576.7658782839	0.95271544349247
6576.7909994299	0.94480025660794
6576.8161206703	0.93709308998674
6576.8412420066	0.93065095412492
6576.8663634389	0.92589419630699
6576.8914849672	0.92544325158635
6576.9166065914	0.9276871402638
6576.9417283116	0.93581432812959
6576.9668501277	0.94181573792144
6576.9919720398	0.94453731107164
6577.0170940479	0.94803791299147
6577.0422161519	0.95290235673614
6577.0673383519	0.95663398897458
6577.0924606478	0.95999598633532
6577.1175830397	0.9631869657669
6577.1427055275	0.96285314946791
6577.1678281113	0.9617006776833
6577.1929507911	0.95953529780709
6577.2180735668	0.95893020980866
6577.2431964385	0.96057736490294
6577.2683194077	0.96089420475343
6577.2934424713	0.95800312526989
6577.3185656308	0.95617699251351
6577.3436888864	0.95794431555586
6577.3688122379	0.96001088290399
6577.3939356853	0.96295027662633
6577.4190592287	0.96592432255623
6577.4441828681	0.96650429418446
6577.4693066035	0.96494648345592
6577.4944304348	0.96086472669784
6577.5195543621	0.95776646985498
6577.5446783853	0.95420399407588
6577.5698025045	0.95142766604184
6577.5949267197	0.95162023121588
6577.6200510309	0.95091686084662
6577.645175438	0.94784110830508
6577.6702999411	0.94605165397011
6577.6954245401	0.95036073194399
6577.7205492351	0.95407454496226
6577.7456740276	0.9554267792205
6577.7707989146	0.9574073203476
6577.7959238975	0.96015629581445
6577.8210489764	0.96161827612137
6577.8461741512	0.96049768904369
6577.8712994221	0.96015071036333
6577.8964247889	0.96134287119464
6577.9215502516	0.96291799695135
6577.9466758104	0.96498555909095
6577.9718014651	0.96607942373571
6577.9969272158	0.96439333248385
6578.0220530624	0.96318543378272
6578.0471790051	0.96383535763259
6578.0723050437	0.96321627597351
6578.0974311782	0.96090070580276
6578.1225574088	0.96031032560249
6578.1476837353	0.95997691300867
6578.1728101578	0.95808331500096
6578.1979366763	0.95550250171728
6578.2230632908	0.95295670073384
6578.2481900027	0.94904984878866
6578.2733168091	0.94645357116399
6578.2984437115	0.94607276660064
6578.3235707098	0.946125872561
6578.3486978042	0.95140882299525
6578.3738249945	0.95362088761523
6578.3989522808	0.94398966545501
6578.424079663	0.93726842644214
6578.4492071413	0.9380585532177
6578.4743347155	0.93691656071202
6578.4994623857	0.93334991715589
6578.5245901519	0.93188012920834
6578.549718014	0.9338459779422
6578.5748459722	0.93492133020949
6578.5999740263	0.93600826649041
6578.6251021764	0.93818170532052
6578.6502304225	0.9428461144383
6578.6753587646	0.94515286318251
6578.7004872026	0.93999253780311
6578.7256157382	0.93492131394225
6578.7507443682	0.9299781203116
6578.7758730942	0.92614317481625
6578.8010019162	0.9248280739716
6578.8261308341	0.92278493566102
6578.8512598481	0.91941117013006
6578.876388958	0.91727141562778
6578.9015181639	0.92090770790138
6578.9266474658	0.92378354145279
6578.9517768637	0.92334563586359
6578.9769063576	0.92459870040901
6579.0020359475	0.9303667522786
6579.0271656333	0.93297681381128
6579.0522954152	0.93095150559327
6579.077425293	0.93183851445423
6579.1025552668	0.93478291703771
6579.1276853366	0.93752295383605
6579.1528155024	0.94051257921108
6579.1779457642	0.94271335818365
6579.2030761235	0.94155338371119
6579.2282065772	0.93855082240232
6579.253337127	0.93275133441676
6579.2784677727	0.92893479815565
6579.3035985145	0.92662691158452
6579.3287293522	0.92502378387768
6579.3538602859	0.9290639579777
6579.3789913156	0.93150694240059
6579.4041224413	0.92964209441536
6579.429253663	0.92753235780553
6579.4543849807	0.9307091939137
6579.4795163944	0.93454039224691
6579.5046479041	0.92876403235585
6579.5297795097	0.92341827678356
6579.5549112114	0.92931409060155
6579.580043009	0.93619661987168
6579.6051749027	0.93919694611419
6579.6303068924	0.94206232133874
6579.655438978	0.94658660898159
6579.6805711596	0.94760864693228
6579.7057034388	0.94226714197008
6579.7308358124	0.9405504488193
6579.7559682821	0.94332348148218
6579.7811008477	0.94320621542739
6579.8062335093	0.93870595792951
6579.831366267	0.93573841758922
6579.8564991206	0.93468257840038
6579.8816320702	0.93028843489716
6579.9067651159	0.92173740512512
6579.9318982575	0.91632180490713
6579.9570314951	0.91553872385787
6579.9821648287	0.91347064650297
6580.0072982584	0.91159093748157
6580.032431784	0.9084801737434
6580.0575654056	0.89808662119519
6580.0826991233	0.8843062143925
6580.1078329369	0.86207630302209
6580.1329668466	0.84339825636539
6580.1581008522	0.83554197106549
6580.1832349554	0.83226102039535
6580.208369153	0.8389696734541
6580.2335034467	0.84712063344159
6580.2586378364	0.86052570922651
6580.283772322	0.87239743191367
6580.3089069037	0.88195962134505
6580.3340415814	0.8913956694933
6580.3591763551	0.90425947596902
6580.3843112248	0.90848987954611
6580.4094461905	0.91568127814186
6580.4345812522	0.92468292734276
6580.4597164099	0.92987847433833
6580.4848516636	0.9392512274208
6580.5099870134	0.94704652232557
6580.5351224591	0.95298689050958
6580.5602580009	0.94997349067797
6580.5853936386	0.94758316305781
6580.6105293724	0.94563997174132
6580.6356652022	0.9349594741733
6580.6608011295	0.92848867049239
6580.6859371513	0.9225385604674
6580.7110732691	0.92145736491227
6580.7362094829	0.91860082529567
6580.7613457928	0.91459944922188
6580.7864821986	0.9117045467353
6580.8116187005	0.90466788212004
6580.8367552984	0.90151638332115
6580.8618919923	0.90265571713794
6580.8870287822	0.8971820198486
6580.9121656681	0.891368282871
6580.93730265	0.8872490357722
6580.962439728	0.88449021295847
6580.987576902	0.87614846095954
6581.0127141719	0.86417756025625
6581.037851538	0.85644404099987
6581.062989	0.8387657952312
6581.088126558	0.82074923741172
6581.1132642121	0.79938494946433
6581.1384019636	0.77903380324518
6581.1635398097	0.76293261736365
6581.1886777518	0.75737986093782
6581.21381579	0.76174872823936
6581.2389539241	0.7700684552902
6581.2640921543	0.78028092421033
6581.2892304805	0.79968090686834
6581.3143689027	0.82271080854302
6581.3395074209	0.83730785272299
6581.3646460351	0.85307166302165
6581.3897847454	0.86849943234661
6581.4149235517	0.88350475530271
6581.440062454	0.88901148265816
6581.4652014523	0.89012320429141
6581.4903405467	0.89148238259781
6581.5154797371	0.89090279708919
6581.5406190235	0.89331659848866
6581.5657584059	0.89095865238926
6581.5908978844	0.88616917842351
6581.6160374588	0.88453091781318
6581.6411771309	0.8810677321654
6581.6663168974	0.87082665310345
6581.6914567599	0.86678828640718
6581.7165967185	0.8566480058901
6581.7417367731	0.86969016734444
6581.7668769238	0.92903751431652
6581.7920171704	0.93267887868583
6581.8171575131	0.93766709295215
6581.8422979518	0.94022383603686
6581.8674384866	0.9470658569547
6581.8925791174	0.95349150462074
6581.9177198442	0.95011574884117
6581.942860667	0.94316110143695
6581.9680015859	0.93740624445516
6581.9931426007	0.93508586001873
6582.0182837117	0.92541368813988
6582.0434249186	0.91506289274261
6582.0685662216	0.90775217755411
6582.0937076206	0.89759237613283
6582.1188491172	0.89778472068595
6582.1439907083	0.89593213176496
6582.1691323954	0.89159725222517
6582.1942741785	0.90539787088302
6582.2194160577	0.92949600114335
6582.2445580329	0.94529216121748
6582.2697001042	0.95361821893787
6582.2948422715	0.95995829173718
6582.3199845348	0.95720022738737
6582.3451268942	0.94982471708013
6582.3702693496	0.94825213559761
6582.395411901	0.94666542383695
6582.4205545484	0.94676915712066
6582.4456972919	0.93047531906289
6582.4708401315	0.96999736662208
6582.4959830671	1.0241408961246
6582.5211260987	0.93540322017687
6582.5462692263	0.9410481528277
6582.57141245	1.0140531780887
6582.5965557713	1.0234622901256
6582.621699187	1.039686302639
6582.6468426988	1.0479127070019
6582.6719863067	1.1434629749755
6582.6971300106	1.0995950338049
6582.7222738105	0.86832905351374
6582.7474177065	0.86016412829345
6582.7725616985	0.85705572757838
6582.7977057866	0.85072078502389
6582.8228499707	0.85078144791883
6582.8479942508	0.85179469060154
6582.873138627	0.84690260559016
6582.8982830992	0.85085446539961
6582.9234276675	0.86830872996538
6582.9485723318	0.89984747634403
6582.9737170922	0.90156641337361
6582.9988619486	0.89927884479714
6583.024006901	0.91093266863502
6583.0491519495	0.90912325192853
6583.0742970941	0.89695897773063
6583.0994423362	0.88897707366375
6583.1245876728	0.88365330329181
