6546.097552828	0.8449006008854
6546.1225568293	0.80308947374899
6546.147560926	0.76785932538219
6546.1725651183	0.73292019778815
6546.1975694075	0.71758606109439
6546.2225737908	0.70497430539007
6546.2475782696	0.71951467114175
6546.2725828439	0.73855016463495
6546.2975875137	0.77235240543658
6546.322592279	0.80768207691594
6546.3475971398	0.84957651913713
6546.3726020961	0.88946287632211
6546.397607148	0.92494963891899
6546.4226122953	0.95315480127611
6546.4476175382	0.97564810516121
6546.4726228766	0.99282405857363
6546.4976283105	1.0066646062919
6546.5226338399	1.0147545404097
6546.5476394648	1.0215303305039
6546.5726451852	1.0234902340674
6546.5976510011	1.0237773090507
6546.6226569126	1.0222658543503
6546.6476629196	1.0202110640746
6546.6726690235	1.0169915235562
6546.6976752215	1.0130789312847
6546.7226815151	1.0098446231729
6546.7476879041	1.0067581398614
6546.7726943886	1.0011717778096
6546.7977009687	0.99585268850833
6546.8227076443	0.99248776557752
6546.8477144154	0.99180654821972
6546.872721282	0.99189765605131
6546.8977282441	0.98981872408479
6546.9227353018	0.98647502429163
6546.947742455	0.98602367921472
6546.9727497037	0.98429173329512
6546.9977570479	0.98744068872433
6547.0227644876	0.99084840009967
6547.0477720229	0.98495185126683
6547.0727796536	0.97695433181327
6547.0977873799	0.96215676687532
6547.1227952017	0.94844337720363
6547.1478031206	0.93475303992997
6547.1728111334	0.92223126802693
6547.1978192418	0.91134316404123
6547.2228274457	0.90874439804468
6547.2478357452	0.91309585137758
6547.2728441401	0.92629842121616
6547.2978526306	0.94343093755529
6547.3228612166	0.95297260302103
6547.3478698981	0.96095569436514
6547.3728786752	0.96761308425681
6547.3978875478	0.97233425047146
6547.4228965159	0.97033113161141
6547.4479055795	0.96746903783003
6547.4729147386	0.95933957598973
6547.4979239933	0.95139842055023
6547.5229333435	0.94461035654249
6547.5479427893	0.94115746072079
6547.5729523305	0.94352351399304
6547.5979619673	0.94495945803418
6547.6229716997	0.9446954281721
6547.647981529	0.94310408675122
6547.6729914524	0.94021271353832
6547.6980014713	0.93767788888015
6547.7230115857	0.9373588367667
6547.7480217957	0.93757712028806
6547.7730321012	0.93907507603087
6547.7980425023	0.94107578379178
6547.8230529988	0.94440606066297
6547.8480635909	0.95490566288633
6547.8730742786	0.96421885065179
6547.8980850617	0.96939192892756
6547.9230959404	0.97136743403136
6547.9481069146	0.96872010189957
6547.9731179844	0.95969307158791
6547.9981291497	0.94190176810312
6548.0231404105	0.91870635259435
6548.0481517669	0.89173390010188
6548.0731632188	0.86818010575075
6548.0981747663	0.84572418607269
6548.1231864107	0.84541490192506
6548.1481981493	0.85024488788732
6548.1732099833	0.87829290758956
6548.1982219129	0.90770520143688
6548.223233938	0.93175902277504
6548.2482460587	0.95461039827032
6548.2732582749	0.97013284665016
6548.2982705866	0.98090973438681
6548.3232829939	0.98378422552349
6548.3482954967	0.98702482299108
6548.3733080951	0.99124524743872
6548.398320789	0.9938597365228
6548.4233335784	0.99623219421908
6548.4483464634	1.0006089653754
6548.4733594439	1.0054842151521
6548.49837252	1.0051131597182
6548.5233856916	1.004005882999
6548.5483989587	1.0045804938275
6548.5734123214	1.0047938830962
6548.5984257811	1.0018587334011
6548.6234393349	0.99929615821054
6548.6484529842	0.9988254730274
6548.6734667291	1.0008627283424
6548.6984805695	1.007675114162
6548.7234945055	1.0134859094021
6548.748508537	1.0167257334256
6548.773522664	1.0204832469
6548.7985368866	1.0247338830575
6548.8235512047	1.0263680977455
6548.8485656184	1.0267465540725
6548.8735801276	1.0296650493635
6548.8985947324	1.0321514835931
6548.9236094327	1.0281034287891
6548.9486242286	1.0215123965564
6548.97363912	1.0207976870371
6548.998654107	1.0188892363011
6549.0236691895	1.0204023883178
6549.0486843676	1.0202814921549
6549.0736996412	1.0191362452447
6549.0987150119	1.0177302916691
6549.1237304766	1.0153088633912
6549.1487460369	1.0132510502899
6549.1737616927	1.0119255105992
6549.1987774441	1.0131203494834
6549.223793291	1.0148214715501
6549.2488092335	1.0132688625664
6549.2738252715	1.0106540367057
6549.2988414051	1.0080690780046
6549.3238576343	1.0057408477536
6549.3488739589	1.0035595705418
6549.3738903792	1.0023610865492
6549.398906895	1.0056164600365
6549.4239235064	1.0069640416755
6549.4489402133	1.0039587992569
6549.4739570157	1.0033712170604
6549.4989739138	1.0055619009321
6549.5239909073	1.0066958267969
6549.5490079965	1.0078018701898
6549.5740251827	1.0082600077175
6549.5990424629	1.0077699143343
6549.6240598387	1.0074267229207
6549.6490773101	1.0084549827943
6549.674094877	1.0122846816029
6549.6991125395	1.0174964225085
6549.7241302976	1.0234626056493
6549.7491481512	1.0279006307484
6549.7741661004	1.0298537640924
6549.7991841451	1.0297454150087
6549.8242022854	1.027160755799
6549.8492205212	1.0220133499858
6549.8742388526	1.0131701088833
6549.8992572796	1.0056407902792
6549.9242758021	1.0007453290837
6549.9492944202	0.99850064623361
6549.9743131339	0.99837370455092
6549.9993319431	1.0000570443559
6550.0243508479	1.0022020692558
6550.0493698498	0.99995581737654
6550.0743889457	0.99653632116639
6550.0994081372	0.99236667705636
6550.1244274242	0.98867283775239
6550.1494468068	0.98305586774496
6550.174466285	0.97684965390736
6550.1994858588	0.97006276588162
6550.2245055281	0.96497248869443
6550.249525293	0.96201756928779
6550.2745451534	0.96449621980265
6550.2995651094	0.97196826078747
6550.324585161	0.98122862193043
6550.3496053082	0.99111648785505
6550.3746255509	0.99726764898257
6550.3996458892	1.0032464027967
6550.424666323	1.0076909532393
6550.4496868525	1.011210692698
6550.4747074775	1.0112788882893
6550.499728198	1.0114256327966
6550.5247490142	1.0108729324591
6550.5497699274	1.0093888470845
6550.5747909347	1.0082980767417
6550.5998120375	1.0085091963103
6550.624833236	1.0087628742509
6550.64985453	1.0075992099274
6550.6748759196	1.0060778549004
6550.6998974047	1.0024801425905
6550.7249189854	0.99717072529136
6550.7499406617	0.98953208838031
6550.7749624336	0.98188445857198
6550.7999843011	0.97698128611279
6550.8250062641	0.97422620973473
6550.8500283227	0.97454910567356
6550.8750504769	0.97498601218246
6550.9000727266	0.97839417388006
6550.925095072	0.9838205875767
6550.9501175129	0.99100281434259
6550.9751400493	0.99627923362049
6551.0001626814	1.0005385685926
6551.0251854106	1.0036309572838
6551.0502082338	1.005657468847
6551.0752311526	1.00840229918
6551.100254167	1.0118627329448
6551.1252772769	1.0120679397049
6551.1503004825	1.011360869229
6551.1753237836	1.0091194912763
6551.2003471803	1.0070662530868
6551.2253706726	1.0057688811221
6551.2503942604	1.002723168738
6551.2754179439	0.99359226222334
6551.3004417229	0.98651213161224
6551.3254655975	0.98350247122873
6551.3504895677	0.98024590532104
6551.3755136335	0.97660499138044
6551.4005377949	0.97402359754498
6551.4255620518	0.97220363038274
6551.4505864044	0.96456345998625
6551.4756108525	0.95509099174321
6551.5006353977	0.94601038182363
6551.525660037	0.93737326525747
6551.5506847718	0.92617456807601
6551.5757096023	0.91417327352531
6551.6007345284	0.90116442233839
6551.62575955	0.89165395203766
6551.6507846672	0.89263478817495
6551.67580988	0.89653192511424
6551.7008351884	0.90437652744704
6551.7258605924	0.91515970314426
6551.750886092	0.92960276074729
6551.7759116872	0.94665737070166
6551.8009373779	0.96533978522435
6551.8259631643	0.97884998614697
6551.8509890462	0.99111801466965
6551.8760150237	0.99678497789833
6551.9010410968	1.0002819064057
6551.9260672656	0.99772471496664
6551.9510935299	0.99392692343054
6551.9761198913	0.98637502917422
6552.0011463467	0.97290725637669
6552.0261728978	0.94739368205187
6552.0511995445	0.91971298785544
6552.0762262868	0.89029493735909
6552.1012531246	0.87403136045227
6552.1262800581	0.86586377532778
6552.1513070871	0.87582904698241
6552.1763342118	0.8933129336131
6552.201361432	0.92265880142463
6552.2263887479	0.95401710838371
6552.2514161593	0.97217273262317
6552.2764436663	0.98799074736615
6552.301471269	0.98988735632115
6552.3264989672	0.99088675693999
6552.351526761	0.99252223531453
6552.3765546504	0.99230076940755
6552.4015826355	0.99065634952966
6552.4266107161	0.98958531435424
6552.4516388923	0.9886457756947
6552.4766671656	0.98625511538197
6552.501695533	0.98359317388068
6552.5267239961	0.98178314478375
6552.5517525547	0.97976532046021
6552.5767812089	0.97615767244111
6552.6018099587	0.97322281130208
6552.6268388041	0.97390211963977
6552.6518677452	0.97518508494619
6552.6768967818	0.97829499767154
6552.701925914	0.98283422996702
6552.7269551419	0.98862321877694
6552.7519844653	0.99536036349631
6552.7770138843	1.00273915828
6552.802043399	1.0062461922631
6552.8270730092	1.0064210776089
6552.8521027151	1.0076875565432
6552.8771325166	1.0112629720128
6552.9021624136	1.0175117446079
6552.9271924063	1.0241966791517
6552.9522224961	1.0243055572072
6552.97725268	1.0229257495126
6553.0022829595	1.0262060322379
6553.0273133346	1.0252232036698
6553.0523438053	1.0214028235749
6553.0773743716	1.0160197152249
6553.1024050335	1.0086342229365
6553.1274357911	0.99994532184729
6553.1524666442	0.98958715115914
6553.177497593	0.97906003271622
6553.2025286373	0.96830243525081
6553.2275597773	0.96153186828865
6553.2525910129	0.95613870128573
6553.2776223441	0.95904897139592
6553.3026537709	0.96293479931518
6553.3276852933	0.97423303758053
6553.3527169114	0.98481723261818
6553.377748625	0.99409219338493
6553.4027804343	1.0007028972162
6553.4278123407	1.0008155739115
6553.4528443412	1.0001684623302
6553.4778764373	0.99926967597101
6553.502908629	1.0009896163385
6553.5279409163	1.0041275461319
6553.5529732993	1.0060016306033
6553.5780057778	1.0071386057856
6553.603038352	1.0108884123973
6553.6280710218	1.0158139436782
6553.6531037872	1.0163326760047
6553.6781366483	1.0172499803267
6553.7031696049	1.0137930037662
6553.7282026572	1.0128425676876
6553.753235805	1.0154545438574
6553.7782690486	1.0159171256278
6553.8033023877	1.0122133931966
6553.8283358224	1.0071833938502
6553.8533693528	1.001324575832
6553.8784029788	0.99774957891726
6553.9034367004	0.99599342141811
6553.9284705191	0.99632300369816
6553.9535044319	0.99850357806934
6553.9785384404	0.99637196069937
6554.0035725445	0.99422737728336
6554.0286067442	0.98349650936311
6554.0536410395	0.97125810177734
6554.0786754305	0.95322815865499
6554.1037099171	0.93164250835301
6554.1287444993	0.90464560138387
6554.1537791771	0.88067364436706
6554.1788139505	0.86016797703469
6554.2038488196	0.85758392403735
6554.2288837843	0.86315524163959
6554.2539188446	0.87995467685665
6554.2789540006	0.89927343820318
6554.3039892522	0.9236735081608
6554.3290245994	0.94729295142346
6554.3540600422	0.96136906270654
6554.3790955807	0.97427767462709
6554.4041312163	0.98377801208559
6554.429166946	0.99231952113368
6554.4542027713	0.99770832346607
6554.4792386923	1.0015182900781
6554.5042747089	1.0041762811364
6554.5293108211	1.0079726922002
6554.554347029	1.0126971439446
6554.5793833325	1.0106135809073
6554.6044197316	1.005278583146
6554.6294562264	1.0012695641236
6554.6544928167	0.99811337036112
6554.6795295028	0.99536183991702
6554.7045662844	0.99225710632434
6554.7296031617	0.98592421274873
6554.7546401346	0.98048219450932
6554.7796772031	0.97742648996821
6554.8047143673	0.97670514702272
6554.8297516271	0.97854774229032
6554.8547889826	0.98309397654286
6554.8798264352	0.98851301327063
6554.9048639819	0.99345715380966
6554.9299016243	0.99823999521704
6554.9549393622	1.0000132897418
6554.9799771959	1.0003139973133
6555.0050151251	0.99548114553457
6555.03005315	0.98810267794267
6555.0550912706	0.97717605066462
6555.0801294867	0.97199235646053
6555.1051677986	0.97492625660015
6555.130206206	0.97841797288697
6555.1552447091	0.98229411478924
6555.1802833078	0.98536300360654
6555.2053220022	0.98742137622214
6555.2303607922	0.98460359201587
6555.2553996779	0.98073197017902
6555.2804386591	0.9731073981876
6555.3054777361	0.96541811919292
6555.3305169086	0.94866012014257
6555.3555561769	0.93184583478153
6555.3805955422	0.91420352256659
6555.4056350017	0.90025546680061
6555.4306745569	0.89275193699052
6555.4557142076	0.8931391351937
6555.4807539541	0.90327615520526
6555.5057937961	0.91784304034044
6555.5308337338	0.9341657188398
6555.5558737672	0.94980074315909
6555.5809138962	0.96582712266271
6555.6059541209	0.9774115949822
6555.6309944412	0.98801841363756
6555.6560348571	0.9877245962274
6555.6810753687	0.98731040650101
6555.7061159759	0.98606020002096
6555.7311566788	0.98440919562668
6555.7561974773	0.98156405195192
6555.7812383715	0.97823498509247
6555.8062793613	0.97355560190169
6555.8313204468	0.96891084671167
6555.8563616294	0.96587898781549
6555.8814029062	0.96031831126494
6555.9064442786	0.95378752415527
6555.9314857467	0.93474943072918
6555.9565273104	0.91478689075016
6555.9815689698	0.8927470386108
6556.0066107248	0.87228825574244
6556.0316525755	0.86239054385743
6556.0566945218	0.86120005919918
6556.0817365638	0.87415972824399
6556.1067787014	0.89497859122645
6556.1318209347	0.92564837950779
6556.1568632636	0.95111134308785
6556.1819056882	0.97305271903445
6556.2069482085	0.98789229106031
6556.2319908244	1.00100714192
6556.2570335359	1.0060635150303
6556.2820763432	1.0108385864937
6556.307119246	1.0116836193861
6556.332162246	1.0122753924706
6556.3572053402	1.0125062148748
6556.3822485301	1.0126343960865
6556.4072918156	1.0127587227356
6556.4323351967	1.0132390597721
6556.4573786735	1.0130490691117
6556.482422246	1.0101933776858
6556.5074659141	1.0062931264369
6556.5325096779	0.99874711576626
6556.5575535373	0.99030388754222
6556.5825974924	0.96892484278634
6556.6076415432	0.94694059699426
6556.6326856896	0.9222845229628
6556.6577299317	0.90105119205983
6556.6827742694	0.88981909127696
6556.7078187028	0.88480561965368
6556.7328632319	0.89082960257514
6556.7579078566	0.90091084296121
6556.782952577	0.91464046042315
6556.8079973946	0.93182013116151
6556.8330423063	0.94991911564661
6556.8580873137	0.9597974371924
6556.8831324167	0.96765392017294
6556.9081776154	0.97841658106419
6556.9332229098	0.98851493525848
6556.9582682998	0.99004577486642
6556.9833137855	0.99225708983992
6557.0083593669	0.9971713993334
6557.0334050439	0.99985081120637
6557.0584508166	0.99864879492115
6557.083496685	0.99912109561295
6557.108542649	1.0006812260191
6557.1335887087	1.0010620741396
6557.1586348641	1.0013342065578
6557.1836811151	1.0017913361403
6557.2087274619	1.0022448541584
6557.2337739042	1.0066223012152
6557.2588204423	1.0105111791744
6557.283867076	1.0069382069481
6557.3089138069	1.0055355680239
6557.3339606319	1.0060608190063
6557.3590075527	1.0056159733397
6557.3840545691	1.0048902551583
6557.4091016811	1.0033287767584
6557.4341488889	1.0018579366701
6557.4591961923	1.0021524174388
6557.4842435914	1.0021747193661
6557.5092910862	1.004425072303
6557.5343386766	1.0053006141248
6557.5593863627	0.99537186374598
6557.5844341445	0.9856614293084
6557.6094820219	0.97953548661195
6557.6345299951	0.97568011679749
6557.6595780639	0.97662718592199
6557.6846262283	0.97962955985313
6557.7096744885	0.98437720506835
6557.7347228443	0.98596016085733
6557.7597712959	0.98631722783577
6557.7848198445	0.98912552273306
6557.8098684874	0.99206092664912
6557.834917226	0.99400640396383
6557.8599660602	0.9947754639069
6557.8850149901	0.98952223987147
6557.9100640157	0.98366541232208
6557.9351131369	0.97440666080147
6557.9601623539	0.96607407908475
6557.9852116665	0.95987850125584
6558.0102610748	0.95273006401156
6558.0353105788	0.94445721266055
6558.0603601784	0.93850393863817
6558.0854098738	0.93396064942888
6558.1104596648	0.93658058663482
6558.1355095515	0.9405552732132
6558.1605595339	0.94577627654448
6558.1856096119	0.95159324595721
6558.2106597857	0.9612756592427
6558.2357100551	0.97289614586667
6558.2607604218	0.98668157766923
6558.2858108826	0.99846520039824
6558.3108614391	1.0050371155519
6558.3359120912	1.0106900561291
6558.3609628391	1.0155504804356
6558.3860136827	1.0121692990464
6558.4110646219	1.0064214404923
6558.4361156568	0.99983048227066
6558.4611667874	0.9942471196684
6558.4862180137	0.9948146435641
6558.5112693357	0.99433573334601
6558.5363207534	0.99235219968519
6558.5613722667	0.9922695263802
6558.5864238758	0.99637134963588
6558.6114755805	1.0005724354726
6558.6365273809	1.0039835916065
6558.661579277	1.0036379293746
6558.6866312689	1.0018464725236
6558.7116833564	0.9991495522869
6558.7367355395	0.99695148829828
6558.7617878199	0.99310239804921
6558.7868401945	0.98829643893398
6558.8118926648	0.98771297721151
6558.8369452307	0.98880383776442
6558.8619978924	0.9920000053279
6558.8870506497	0.99347673928695
6558.9121035028	0.9930343629304
6558.9371564515	0.99374751079521
6558.9622094959	0.99625032144754
6558.987262636	0.99844204642333
6559.0123158718	0.99986042986361
6559.0373692033	1.0022623078899
6559.0624226305	1.0053186364143
6559.0874761534	1.008549848943
6559.112529772	1.0110082462336
6559.1375834863	1.0126996902576
6559.1626372963	1.0124356619787
6559.187691202	1.0077085331398
6559.2127452034	1.0065511648259
6559.237799302	1.0089598686046
6559.2628534948	1.0080745774889
6559.2879077833	1.0049324233542
6559.3129621674	1.0019365191703
6559.3380166473	0.99870487961657
6559.3630712229	0.99030714553969
6559.3881258942	0.98113256828492
6559.4131806612	0.96415914532302
6559.4382355239	0.94600653110506
6559.4632904822	0.92401511642036
6559.4883455363	0.90625189485845
6559.5134006861	0.89359941474426
6559.5384559316	0.88770055339527
6559.5635112728	0.88888450091123
6559.5885667097	0.89899411466188
6559.6136222423	0.91318869876553
6559.6386778706	0.9287085753985
6559.6637335946	0.94476110310965
6559.6887894143	0.95726305533014
6559.7138453313	0.96918442012535
6559.7389013424	0.97659658096516
6559.7639574492	0.98254749059938
6559.7890136518	0.98583195922205
6559.81406995	0.98960892963409
6559.839126344	0.99371330893037
6559.8641828336	0.99399590046744
6559.889239419	0.99282302143822
6559.9142961001	0.98643541679853
6559.9393528769	0.97816055092942
6559.9644097493	0.97422605936694
6559.9894667175	0.97130112729934
6560.0145237815	0.97485473624897
6560.0395809411	0.97869599835471
6560.0646381964	0.98238185302229
6560.0896955475	0.98385212471256
6560.1147529942	0.98075444838571
6560.1398105367	0.9759344726542
6560.1648681749	0.97059296069284
6560.1899259103	0.96581524982913
6560.2149837399	0.96101290488751
6560.2400416652	0.9587064816075
6560.2650996862	0.95699758554601
6560.2901578029	0.96489715232377
6560.3152160154	0.97200627116117
6560.3402743236	0.97506918827666
6560.3653327275	0.97635658843366
6560.3903912271	0.97193431176892
6560.4154498224	0.96444395329341
6560.4405085134	0.9547660962218
6560.4655673002	0.94280944537751
6560.4906261826	0.92879143813386
6560.5156851608	0.91258164483827
6560.5407442347	0.89625847550925
6560.5658034043	0.89267295142409
6560.5908626696	0.89153998331876
6560.6159220307	0.90181438713646
6560.6409814875	0.91239273172813
6560.66604104	0.92622609241339
6560.6911006897	0.94148055536447
6560.7161604336	0.95648110459046
6560.7412202733	0.96906146347909
6560.7662802086	0.98112180549754
6560.7913402397	0.98980668346015
6560.8164003665	0.99587392875318
6560.8414605891	0.99858034378984
6560.8665209073	0.99989165629075
6560.8915813213	1.0007241986493
6560.916641831	1.0005677044571
6560.9417024364	0.99635740006918
6560.9667631376	0.99265262863404
6560.9918239345	0.98983647549665
6561.0168848271	0.98808368427415
6561.0419458154	0.9874727825079
6561.0670068994	0.98477605752929
6561.0920680792	0.98102020422614
6561.1171293547	0.98060180116047
6561.1421907259	0.9807251423579
6561.1672521944	0.97884776866006
6561.1923137571	0.9776990947008
6561.2173754155	0.97612304603368
6561.2424371696	0.97498001143084
6561.2674990194	0.97518558196144
6561.292560965	0.97656653067899
6561.3176230063	0.97851488470652
6561.3426851434	0.98087878372206
6561.3677473762	0.98404127140855
6561.3928097047	0.98795589368695
6561.4178721289	0.99219872428318
6561.4429346489	0.98991955996458
6561.4679972646	0.987430447917
6561.493059976	0.98667066016985
6561.5181227832	0.9844397863572
6561.543185686	0.97903729362353
6561.5682486847	0.97606909543316
6561.593311779	0.97682541985481
6561.6183749691	0.97506407754026
6561.6434382564	0.97080260487
6561.668501638	0.96535339532724
6561.6935651153	0.95870003532202
6561.7186286883	0.95291553402199
6561.7436923571	0.94774946193821
6561.7687561216	0.94231009235398
6561.7938199818	0.93637975874256
6561.8188839378	0.92655889157054
6561.8439479895	0.91812157206657
6561.8690121369	0.9109329567938
6561.8940763801	0.9022995770986
6561.919140719	0.89295734198238
6561.9442051536	0.88262029800082
6561.969269684	0.8720797299118
6561.9943343101	0.86405452814401
6562.019399032	0.85632754520844
6562.0444638496	0.8493634278946
6562.069528763	0.84119701089687
6562.0945937721	0.82772842396317
6562.1196588769	0.81442102086964
6562.144724079	0.80134004896359
6562.1697893753	0.78861705946405
6562.1948547673	0.77590462246227
6562.2199202551	0.76198900949216
6562.2449858386	0.74750949591559
6562.2700515179	0.73644393973168
6562.2951172929	0.72575170965768
6562.3201831637	0.71552808131373
6562.3452491302	0.70556566651354
6562.3703151924	0.69864268870675
6562.3953813504	0.69312584359923
6562.4204476042	0.68940943250012
6562.4455139536	0.68656597728219
6562.4705803989	0.68410878320746
6562.4956469399	0.67881641502794
6562.5207135766	0.67245088735628
6562.545780309	0.6708943018364
6562.5708471373	0.67016109656013
6562.5959140612	0.66877081911708
6562.6209810824	0.66728757568343
6562.6460481979	0.66533091919376
6562.6711154091	0.66400352904807
6562.696182716	0.66325783846405
6562.7212501187	0.6625475643344
6562.7463176172	0.66251158416457
6562.7713852114	0.66271195414113
6562.7964529014	0.66238518771816
6562.8215206871	0.66176797993199
6562.8465885685	0.66161431339034
6562.8716565457	0.66446576990107
6562.8967246187	0.66546599350656
6562.9217927874	0.6608553076291
6562.9468610518	0.65724908321174
6562.9719294121	0.65514636806206
6562.996997868	0.65578338605517
6563.0220664197	0.65908615984113
6563.0471350672	0.66192856639262
6563.0722038105	0.66440919227671
6563.0972726509	0.6701633347107
6563.1223415857	0.67704389436832
6563.1474106162	0.68103648644486
6563.1724797424	0.68404883874123
6563.1975489644	0.68625689104698
6563.2226182822	0.68983637133367
6563.2476876957	0.69684404414666
6563.272757205	0.70295442388106
6563.29782681	0.70805182883461
6563.3228965108	0.7143868213415
6563.3479663074	0.72165262683635
6563.3730361997	0.73038595755238
6563.3981061877	0.73936235181752
6563.4231762716	0.75515714045172
6563.4482464511	0.7697502382222
6563.4733167265	0.77708826465591
6563.4983870976	0.78613275354956
6563.5234575645	0.79952449339265
6563.5485281271	0.81124432520325
6563.5735987855	0.82162392407082
6563.5986695411	0.82965197328532
6563.6237403911	0.83586591609085
6563.6488113367	0.84005764108211
6563.6738823782	0.84334671643073
6563.6989535154	0.84988448783053
6563.7240247483	0.8580479300238
6563.7490960771	0.87483221432076
6563.7741675016	0.89047153350788
6563.7992390218	0.90391622402525
6563.8243106379	0.91317368441442
6563.8493823496	0.91706012435618
6563.8744541572	0.91748506961653
6563.8995260605	0.91532469110917
6563.9245980596	0.90963473010228
6563.9496701545	0.90270824636993
6563.9747423451	0.89979934398624
6563.9998146315	0.8980613060664
6564.0248870137	0.89722040245466
6564.0499594916	0.89730631710307
6564.0750320668	0.90106613393235
6564.1001047363	0.90492078815646
6564.1251775015	0.90854381838924
6564.1502503625	0.91460819564637
6564.1753233193	0.92205850367179
6564.2003963718	0.92910763282527
6564.2254695201	0.93578693142634
6564.2505427642	0.94116724781456
6564.2756161041	0.94670177506047
6564.3006895397	0.95205277692218
6564.3257630711	0.9570190813797
6564.3508366983	0.96048038533719
6564.3759104213	0.96424119705518
6564.40098424	0.96875544548391
6564.4260581545	0.97196813446588
6564.4511321648	0.97388016465594
6564.4762062708	0.97236980561884
6564.5012804726	0.97009069324765
6564.5263547702	0.97109720109208
6564.5514291651	0.97129516220252
6564.5765036543	0.96867492188001
6564.6015782392	0.96549915759495
6564.6266529199	0.96219300559744
6564.6517276964	0.96108537698375
6564.6768025686	0.96175759365539
6564.7018775367	0.96200758798162
6564.7269526005	0.96219709651242
6564.7520277601	0.96024668805352
6564.7771030155	0.95790638773213
6564.8021783666	0.95592922361484
6564.8272538136	0.95424370936696
6564.8523293563	0.95366587097915
6564.8774049948	0.95366053360098
6564.902480729	0.9542896034466
6564.9275565591	0.95519523495223
6564.9526324849	0.95614832434546
6564.9777085066	0.95565043022159
6565.002784624	0.95491456786506
6565.0278608386	0.95460656363371
6565.0529371476	0.9544970321403
6565.0780135524	0.95496458042772
6565.1030900529	0.95585177640225
6565.1281666492	0.95852611188058
6565.1532433413	0.96044142876095
6565.1783201292	0.96072434303227
6565.2033970129	0.95992677630077
6565.2284739924	0.95775117069738
6565.2535510676	0.95469998550249
6565.2786282386	0.95158593312996
6565.3037055055	0.94792821527328
6565.3287828681	0.94394765011656
6565.3538603265	0.9383539908227
6565.3789378806	0.9311917921641
6565.4040155306	0.9217057401237
6565.4290932764	0.91492196558652
6565.4541711179	0.91167535261777
6565.4792490552	0.90816131568086
6565.5043270884	0.90567939617241
6565.5294052188	0.91053807454981
6565.5544834435	0.9182591991366
6565.579561764	0.92876300667014
6565.6046401803	0.93960056692865
6565.6297186924	0.94957726870578
6565.6547973003	0.95838682299923
6565.6798760039	0.964757664324
6565.7049548034	0.9671026675219
6565.7300336986	0.96380354544016
6565.7551126897	0.96235026005461
6565.7801917765	0.96237756728196
6565.8052709591	0.96149157538599
6565.8303502376	0.96052694798494
6565.8554296118	0.95987545110186
6565.8805090818	0.95914697274138
6565.9055886476	0.95672181664467
6565.9306683092	0.95495179439393
6565.9557480666	0.96111397724392
6565.9808279198	0.96765292132936
6566.0059078703	0.9686917443181
6566.0309879151	0.96909544567769
6566.0560680557	0.96974739947017
6566.0811482921	0.97119172725197
6566.1062286243	0.97425360856837
6566.1313090523	0.97751748465524
6566.1563895761	0.98238149455944
6566.1814701957	0.98765468034726
6566.2065509111	0.98777479218295
6566.2316317223	0.98587391929096
6566.2567126292	0.98531635973444
6566.281793632	0.98565999187641
6566.3068747306	0.98750554779995
6566.331955925	0.9897105745517
6566.3570372152	0.98859332004196
6566.3821186012	0.98619423823715
6566.407200083	0.98632867892117
6566.4322816606	0.98756275295689
6566.457363334	0.98787469163897
6566.4824451047	0.98822835640148
6566.5075269698	0.98901370665385
6566.5326089306	0.98985740506255
6566.5576909872	0.99001964732037
6566.5827731396	0.98953320711946
6566.6078553879	0.98804819194277
6566.6329377319	0.98614745622342
6566.6580201718	0.984328335332
6566.6831027074	0.98183871262447
6566.7081853389	0.98139006173634
6566.7332680661	0.98381853196895
6566.7583508892	0.98524808365114
6566.7834338081	0.98506048784562
6566.8085168228	0.98476325209575
6566.8335999333	0.98506667755167
6566.8586831396	0.98493466707053
6566.8837664418	0.9832991891947
6566.9088498397	0.98138017525265
6566.9339333334	0.98047310294791
6566.959016923	0.98013985746683
6566.9841006099	0.97939337944562
6567.009184391	0.97888069338813
6567.034268268	0.97944781236548
6567.0593522408	0.98066572582823
6567.0844363095	0.98449740881407
6567.1095204739	0.98847246711705
6567.1346047341	0.98873082504499
6567.1596890902	0.98758135328349
6567.1847735421	0.98725402186118
6567.2098580897	0.98681814428815
6567.2349427332	0.98446532167428
6567.2600274726	0.98251543215488
6567.2851123077	0.97950938913953
6567.3101972386	0.97673602993519
6567.3352822654	0.97740820756765
6567.360367388	0.9782835624312
6567.3854526064	0.97923415985546
6567.4105379206	0.98107870661873
6567.4356233306	0.98567558074776
6567.460708838	0.98896900797926
6567.4857944397	0.98938093972647
6567.5108801372	0.99043871325683
6567.5359659305	0.99313244398347
6567.5610518196	0.99557271412102
6567.5861378045	0.99825624840544
6567.6112238853	1.0009517552859
6567.6363100619	1.0043025782915
6567.6613963343	1.0084718705755
6567.6864827025	1.0009076482527
6567.7115691666	0.99272100534822
6567.7366557265	0.99520592377682
6567.7617423822	0.99790756393659
6567.7868291337	0.99671111512465
6567.811915981	0.9946093938527
6567.8370029242	0.99247548259217
6567.8620899632	0.99118911078599
6567.887177098	0.99257885343279
6567.9122643287	0.99409710118136
6567.9373516566	0.99484828139244
6567.9624390789	0.99562424314218
6567.9875265971	0.99686496993518
6568.012614211	0.99880879527284
6568.0377019208	0.99534363766105
6568.0627897264	0.98943371216331
6568.0878776278	0.9872215785592
6568.1129656251	0.98695934526692
6568.1380537181	0.98674653961069
6568.1631419071	0.98584956073645
6568.1882301918	0.97735390898322
6568.2133185724	0.9660257749169
6568.2384070488	0.96629364052079
6568.263495621	0.97267638158895
6568.288584289	0.97458623231663
6568.3136730529	0.97290241167397
6568.3387619127	0.96888621935874
6568.3638508682	0.96441486701925
6568.3889399196	0.96713439159048
6568.4140290683	0.9745177268834
6568.4391183114	0.98003734050857
6568.4642076503	0.98378725251288
6568.489297085	0.98767505483738
6568.5143866155	0.99190851305463
6568.5394762419	0.99199868798831
6568.5645659641	0.98829429571682
6568.5896557822	0.98709468334717
6568.6147456961	0.98822513849552
6568.6398357058	0.98844344188251
6568.6649258113	0.98789178473287
6568.6900160127	0.986856990588
6568.71510631	0.98510185180571
6568.740196703	0.98208229309842
6568.7652871919	0.97765779564501
6568.7903777767	0.97279676764652
6568.8154684573	0.96729479927569
6568.8405592337	0.96139218066033
6568.8656501059	0.95421147006963
6568.890741074	0.94747103458282
6568.9158321395	0.94216911631204
6568.9409232993	0.93709805517343
6568.9660145549	0.93329530653363
6568.9911059063	0.92836028735977
6569.0161973536	0.91984911309258
6569.0412888968	0.90753665599456
6569.0663805358	0.88650093850326
6569.0914722706	0.8640021834208
6569.1165641012	0.8377787612487
6569.1416560278	0.81389989603592
6569.1667480501	0.79748140565313
6569.1918401683	0.78707565180129
6569.2169323823	0.79616887189678
6569.2420246922	0.80849665616325
6569.2671170979	0.83408109122446
6569.2922095995	0.8604130332858
6569.3173021969	0.88912278008369
6569.3423948902	0.91708756425915
6569.3674876793	0.9386836723074
6569.3925805658	0.95921050039624
6569.4176735466	0.97034892857447
6569.4427666232	0.98087746102533
6569.4678597957	0.98443899311828
6569.4929530641	0.98837483743985
6569.5180464283	0.9995648806232
6569.5431398883	1.0093063980788
6569.5682334442	1.0080498308973
6569.5933270959	1.0071661096522
6569.6184208435	1.0063206782253
6569.643514687	1.0046970335281
6569.6686086263	0.99743415043167
6569.6937026614	0.99011296640396
6569.7187967924	0.99513605796405
6569.7438910192	1.0004492791189
6569.7689853419	0.99295634731363
6569.7940797605	0.98490997075204
6569.8191742749	0.97735805725547
6569.8442688851	0.97041096556518
6569.8693635928	0.96356661251262
6569.8944583947	0.95630969783151
6569.9195532925	0.95284576104745
6569.9446482862	0.94967203775975
6569.9697433757	0.95226753806792
6569.9948385611	0.95560225457423
6570.0199338424	0.95953719072528
6570.0450292195	0.96275140173979
6570.0701246924	0.96108794179161
6570.0952202612	0.95884041689158
6570.1203159259	0.95678565235297
6570.1454116864	0.9542763703379
6570.1705075428	0.95471773600528
6570.195603495	0.95666084939496
6570.2206995431	0.95714266922472
6570.2457956871	0.95704639042957
6570.2708919269	0.9568600898838
6570.2959882625	0.95675517414615
6570.3210846941	0.96475246628261
6570.3461812215	0.97493589551901
6570.3712778462	0.9678443638541
6570.3963745653	0.95495000183902
6570.4214713803	0.95056314591909
6570.4465682911	0.9492635891229
6570.4716652979	0.94291061805104
6570.4967624004	0.93458984673665
6570.5218595988	0.92813480675924
6570.5469568931	0.9228852811138
6570.5720542833	0.92073473750975
6570.5971517693	0.91969412125889
6570.6222493512	0.91585437323969
6570.6473470289	0.90995047863296
6570.6724448025	0.9030158062963
6570.697542672	0.89551536463991
6570.7226406373	0.89386225024203
6570.7477386985	0.8961030811519
6570.7728368556	0.89798398285572
6570.7979351086	0.89966153404385
6570.8230334574	0.9024143772402
6570.8481319036	0.90666491790989
6570.8732304441	0.91662891813174
6570.8983290805	0.930907444239
6570.9234278128	0.93753767450091
6570.948526641	0.93752928160953
6570.973625565	0.93540933558996
6570.9987245849	0.93074498896985
6571.0238237006	0.92965278276356
6571.0489229123	0.93269915938356
6571.0740222198	0.93112202270675
6571.0991216231	0.92486230520004
6571.1242211224	0.92346409621796
6571.1493207175	0.92760844569416
6571.1744204085	0.93356893295147
6571.1995201953	0.94216062818031
6571.2246200781	0.95015596128356
6571.2497200567	0.95669988146645
6571.2748201312	0.96151567681175
6571.2999203015	0.9619966008611
6571.3250205693	0.96376841696683
6571.3501209314	0.96987337042676
6571.3752213894	0.97366027825266
6571.4003219432	0.97227775654047
6571.4254225929	0.96722311390449
6571.4505233386	0.95627135755852
6571.47562418	0.94172222664007
6571.5007251174	0.9214238108573
6571.5258261507	0.90158355830019
6571.5509272798	0.88250050041998
6571.5760285048	0.87246750305192
6571.6011298256	0.88151612857773
6571.6262312424	0.89650611019531
6571.651332755	0.92315611153492
6571.6764343635	0.94471798557396
6571.7015360679	0.95441338605644
6571.7266378682	0.96245221028646
6571.7517397644	0.96532488363959
6571.7768417564	0.96847899594931
6571.8019438443	0.97481988426654
6571.8270460296	0.97857972148044
6571.8521483093	0.97547850270521
6571.8772506849	0.9703501460421
6571.9023531563	0.96016539394457
6571.9274557237	0.95333112477041
6571.9525583869	0.95871464928248
6571.977661146	0.96330371593283
6572.002764001	0.96324951283078
6572.0278669519	0.9623363549294
6572.0529699986	0.95646105101034
6572.0780731412	0.95083006521985
6572.1031763798	0.94450446505471
6572.1282797142	0.93947238353182
6572.1533831445	0.94193299195887
6572.1784866707	0.94478244839611
6572.2035902927	0.9449571390495
6572.2286940107	0.9459752148904
6572.2537978246	0.95059888429437
6572.2789017343	0.95435937675315
6572.3040057414	0.95856868980303
6572.329109843	0.96480276262598
6572.3542140404	0.97643191671812
6572.3793183337	0.98761466115472
6572.4044227228	0.99508649560447
6572.4295272079	1.000445094997
6572.4546317889	0.99261910881772
6572.4797364658	0.98213516547126
6572.5048412385	0.97464807061183
6572.5299461072	0.96672903321768
6572.5550510717	0.95001320799711
6572.5801561321	0.93491608976332
6572.6052612884	0.90282945312855
6572.6303665407	0.8710819686591
6572.6554718888	0.84689803610324
6572.6805773328	0.82371884365265
6572.7056828727	0.79255179956761
6572.7307885085	0.76184144503079
6572.7558942402	0.76163354990531
6572.7810000693	0.76149788442578
6572.8061059927	0.77120111055834
6572.8312120121	0.78209987936607
6572.8563181274	0.81250016517084
6572.8814243386	0.84269650520154
6572.9065306456	0.86817138008777
6572.9316370486	0.89421283185774
6572.9567435475	0.91306244707426
6572.9818501423	0.93087635407899
6573.0069568329	0.94345151772783
6573.0320636195	0.95682859801559
6573.0571705019	0.95697092828027
6573.0822774803	0.95604756390809
6573.1073845546	0.95591264478049
6573.1324917247	0.95653983713287
6573.1575989908	0.96292475088432
6573.1827063528	0.96944558471703
6573.2078138107	0.97620897639227
6573.2329213644	0.98141647446623
6573.2580290156	0.97992226531535
6573.2831367612	0.97533638264106
6573.3082446027	0.97278622779906
6573.3333525401	0.97144337941434
6573.3584605734	0.97289824160071
6573.3835687026	0.97548701512184
6573.4086769277	0.97382259051815
6573.4337852487	0.97252008427757
6573.4588936656	0.9716318050995
6573.4840021784	0.97015172185409
6573.5091107871	0.96956324636504
6573.5342194918	0.96852706471653
6573.5593282923	0.96523009578165
6573.5844371888	0.96216443694053
6573.6095461811	0.96028090070489
6573.6346552694	0.9584110235918
6573.6597644536	0.95608802871945
6573.6848737336	0.95344674359456
6573.7099831096	0.95472555918035
6573.7350925815	0.95686058245822
6573.7602021509	0.95706037234361
6573.7853118146	0.95743009495113
6573.8104215742	0.95519351193413
6573.8355314298	0.95026213563454
6573.8606413812	0.94472534044673
6573.8857514286	0.93908801599691
6573.9108615719	0.93696935233187
6573.9359718111	0.93730407360773
6573.9610821462	0.93334295401298
6573.9861925772	0.92831708802005
6574.0113031041	0.92102755483975
6574.036413727	0.91370930148156
6574.0615244457	0.8911774439823
6574.0866352604	0.85895121121797
6574.111746171	0.82640346927901
6574.1368571775	0.7934462966309
6574.1619682799	0.76685841202202
6574.1870794783	0.74394660888095
6574.2121907725	0.72947757119573
6574.2373021642	0.72039926531103
6574.2624136503	0.71930725226452
6574.2875252323	0.72238478987006
6574.3126369102	0.73282854129182
6574.3377486841	0.74960702844733
6574.3628605538	0.77306648315409
6574.3879725195	0.80162088572945
6574.4130845811	0.83817964957394
6574.4381967387	0.88002326095311
6574.4633089921	0.90976958650457
6574.4884213415	0.9295179696179
6574.5135337868	0.94385237335763
6574.538646328	0.95312308987994
6574.5637589651	0.95766174932161
6574.5888716981	0.95894202064943
6574.6139845271	0.95717877198302
6574.639097452	0.95285907698649
6574.6642104728	0.94361618717003
6574.6893235896	0.93071910515042
6574.7144368038	0.92015719485974
6574.7395501124	0.91332850595561
6574.7646635169	0.90855895185676
6574.7897770173	0.90557450376965
6574.8148906137	0.89254825672269
6574.840004306	0.86980726718398
6574.8651180942	0.84260189843314
6574.8902319784	0.80990023046777
6574.9153459584	0.78167390127693
6574.9404600344	0.75804689995835
6574.9655742064	0.74173954792101
6574.9906884742	0.73286066968252
6575.015802838	0.73720618097142
6575.0409172977	0.75786375331169
6575.0660318534	0.78466390533756
6575.0911465049	0.81678519320286
6575.1162612525	0.84875473364481
6575.1413760959	0.88052402033036
6575.1664910353	0.90829586884835
6575.1916060705	0.93016158030017
6575.2167212033	0.9458977564243
6575.2418364305	0.95265174904061
6575.2669517535	0.95945810936052
6575.2920671726	0.96921539692293
6575.3171826875	0.96842311786002
6575.3422982984	0.95325456791711
6575.3674140052	0.95074729016998
6575.392529808	0.96675507704747
6575.4176457067	0.9696634295512
6575.4427617013	0.95330195122012
6575.4678777919	0.94400336247653
6575.4929939784	0.94504433677063
6575.5181102608	0.94793271461
6575.5432266392	0.95374714519936
6575.5683431135	0.95613278448489
6575.5934596837	0.95282900987298
6575.6185763499	0.94982177126679
6575.643693112	0.94609221723353
6575.6688099701	0.94311448751917
6575.6939269256	0.94360111986445
6575.7190439755	0.94186966011926
6575.7441611214	0.9362121631593
6575.7692783632	0.93175081672649
6575.794395701	0.92809457138152
6575.8195131346	0.92495542425847
6575.8446306643	0.92346475270122
6575.8697482899	0.9274098634746
6575.8948660114	0.93947438709031
6575.9199838288	0.94986078196562
6575.9451017422	0.95464103325731
6575.9702197516	0.95293294411186
6575.9953378568	0.93851926283576
6576.0204560581	0.93176369281606
6576.0455743552	0.94373651116621
6576.0706927484	0.94589666138717
6576.0958112374	0.93100681166101
6576.1209298224	0.92091424962359
6576.1460485034	0.92332304022358
6576.1711672818	0.92387887888919
6576.1962861546	0.9180062709801
6576.2214051234	0.91347420624485
6576.2465241881	0.90961664445071
6576.2716433488	0.90623595498725
6576.2967626054	0.90442238278463
6576.321881958	0.90336029311706
6576.3470014065	0.90524103188857
6576.372120951	0.90785384553153
6576.3972405914	0.91043026265702
6576.4223603278	0.90987925588772
6576.4474801601	0.90301068735969
6576.4726000884	0.89832445685282
6576.4977201126	0.89814808811107
6576.5228402327	0.90032166154062
6576.5479604489	0.90879318726102
6576.5730807609	0.91309041582148
6576.5982011689	0.9054742412394
6576.6233216729	0.90004572812032
6576.6484422744	0.9023094447873
6576.6735629702	0.90503140834142
6576.6986837621	0.9064631565148
6576.7238046498	0.90735525378356
6576.7489256336	0.90541809248921
6576.7740467133	0.90229899147462
6576.7991678889	0.89854562071047
6576.8242891605	0.89740218267232
6576.8494105281	0.90186917562318
6576.8745319916	0.90612631137065
6576.899653551	0.91002240193538
6576.9247752065	0.91325061593857
6576.9498969579	0.91869002040834
6576.9750188052	0.92560904658221
6577.0001407485	0.93121825990333
6577.0252627877	0.9342552292181
6577.0503849229	0.93419467531942
6577.0755071541	0.93487532677599
6577.1006294812	0.93528283268593
6577.1257519043	0.93569116577334
6577.1508744249	0.93474952126629
6577.1759970399	0.93369990024102
6577.2011197509	0.93487375452444
6577.2262425578	0.93956725480899
6577.2513654607	0.95292153900133
6577.2764884595	0.96330739458982
6577.3016115543	0.9636655626574
6577.3267347451	0.96224542287598
6577.3518580319	0.95710126842679
6577.3769814146	0.94971065197077
6577.4021048932	0.9348674572682
6577.4272284679	0.92321650450293
6577.4523521384	0.92126709364775
6577.477475905	0.91896284076128
6577.5025997675	0.91516810967346
6577.527723726	0.91336521266534
6577.5528477805	0.91922025963603
6577.5779719309	0.92253171417549
6577.6030961773	0.91906765464677
6577.6282205211	0.91687832893231
6577.6533449594	0.91743901606725
6577.6784694937	0.91815350882915
6577.703594124	0.92359839552658
6577.7287188502	0.93024535713306
6577.7538436724	0.93399730328926
6577.7789685905	0.93605905315875
6577.8040936047	0.93430627106202
6577.8292187148	0.93198775670462
6577.8543439208	0.92904740300327
6577.8794692229	0.92582142294285
6577.9045946209	0.92185213957089
6577.9297201148	0.9193425840133
6577.9548457048	0.92012043264631
6577.9799713907	0.92080074499357
6578.0050971726	0.92196782752822
6578.0302230505	0.92191275092445
6578.0553490243	0.9201118397376
6578.0804750941	0.92082313687668
6578.1056012614	0.92450924279142
6578.1307275232	0.92669298840475
6578.1558538809	0.92744145761638
6578.1809803346	0.92877159966685
6578.2061068843	0.93260941118536
6578.2312335299	0.93554924801159
6578.2563602716	0.93456352712332
6578.2814871092	0.93292759064495
6578.3066140428	0.92781004355437
6578.3317410723	0.92388743777681
6578.3568681979	0.92616537092716
6578.3819954194	0.92743372255262
6578.4071227369	0.92558743558649
6578.4322501504	0.92528992193969
6578.4573776598	0.92592300597038
6578.4825052653	0.92463866431755
6578.5076329667	0.92106884248703
6578.5327607641	0.91925715456906
6578.5578886574	0.92120936634441
6578.5830166468	0.92092427868713
6578.6081447336	0.91366578167106
6578.6332729149	0.90802820344977
6578.6584011922	0.90751221394343
6578.6835295655	0.90749925468479
6578.7086580348	0.90923093621313
6578.7337866	0.90870950304088
6578.7589152612	0.90024705504875
6578.7840440185	0.89331747562133
6578.8091728716	0.89110289539348
6578.8343018208	0.89029936806963
6578.859430866	0.89699728116043
6578.8845600071	0.90024713851457
6578.9096892443	0.89096074812312
6578.9348185774	0.88473103364895
6578.9599480065	0.88988343581095
6578.9850775316	0.89465936346284
6579.0102071527	0.89660139696063
6579.0353368697	0.89809732325908
6579.0604666828	0.89843028724877
6579.0855965933	0.90020474536568
6579.1107265983	0.9076085761567
6579.1358566994	0.9134234018414
6579.1609868964	0.9111983602782
6579.1861171894	0.90912779344103
6579.2112475783	0.90869455287813
6579.2363780633	0.90815741816806
6579.2615086443	0.90675409581075
6579.2866393212	0.90581530044902
6579.3117700942	0.90684436531282
6579.3369009631	0.90871917788295
6579.3620319281	0.91347553481812
6579.387162989	0.91847254970142
6579.4122941459	0.92337271143219
6579.4374253988	0.92386423750646
6579.4625567477	0.91299486189828
6579.4876881926	0.90957333093803
6579.5128197335	0.92677682684876
6579.5379513704	0.93824324112337
6579.5630831048	0.93411061338098
6579.5882149336	0.93017593361567
6579.6133468585	0.9255246215439
6579.6384788794	0.92058093275317
6579.6636109962	0.91568130493108
6579.6887432091	0.91145083150771
6579.7138755179	0.90783805438982
6579.7390079228	0.90634958257415
6579.7641404236	0.91205593880793
6579.7892730205	0.91496947926008
6579.8144057133	0.91023000596784
6579.8395385022	0.90528813351887
6579.864671387	0.90080302196974
6579.8898043679	0.89780861875272
6579.9149374447	0.89736999777904
6579.9400706176	0.89617852009181
6579.9652038864	0.89305213385508
6579.9903372513	0.88923027741099
6580.0154707121	0.88291244572605
6580.040604269	0.87851422355442
6580.0657379233	0.87819659927304
6580.0908716722	0.87456029470316
6580.116005517	0.86382263532662
6580.1411394579	0.85458088546596
6580.1662734948	0.84870589216623
6580.1914076276	0.8419615294916
6580.2165418565	0.83241454675295
6580.2416761814	0.82989720343837
6580.2668106023	0.84580783537999
6580.2919451191	0.8600685560701
6580.317079732	0.87014962142893
6580.3422144409	0.87774814388532
6580.3673492458	0.87976717748702
6580.3924841468	0.88534524956447
6580.4176191437	0.89960312591148
6580.4427542366	0.91332171174961
6580.4678894255	0.92251907480115
6580.4930247105	0.92515552856414
6580.5181600914	0.91618631381403
6580.5432955699	0.91086336457591
6580.5684311429	0.91234449488617
6580.5935668119	0.91147665042381
6580.6187025769	0.90639609833439
6580.6438384379	0.90264601258881
6580.6689743949	0.90191179267928
6580.6941104479	0.90117942149298
6580.7192465969	0.89962340367742
6580.744382842	0.89588734788255
6580.769519183	0.88865569965463
6580.7946556201	0.87498836627253
6580.8197921532	0.84906683984503
6580.8449287823	0.83108690394028
6580.8700655074	0.82784075545769
6580.8952023285	0.82603135269847
6580.9203392457	0.8260547211615
6580.9454762589	0.82757360286526
6580.970613368	0.83214230527465
6580.9957505732	0.83404251239083
6581.0208878759	0.83022636120568
6581.0460252732	0.82245786854175
6581.0711627664	0.80841342046569
6581.0963003556	0.79561695469675
6581.1214380409	0.78421702917288
6581.1465758222	0.77421818727972
6581.1717136995	0.76674359851997
6581.1968516728	0.76669041140788
6581.2219897422	0.77882733599535
6581.2471279076	0.79614505631547
6581.272266169	0.82153034067908
6581.2974045264	0.84224654401246
6581.3225429798	0.85657978551889
6581.3476815292	0.8679391780863
6581.3728201747	0.87483079184005
6581.3979589162	0.87940111099674
6581.4230977537	0.88131260151528
6581.4482366872	0.88271644888997
6581.4733757168	0.88144883938245
6581.4985148439	0.88220745183159
6581.5236540655	0.88729432762027
6581.5487933831	0.89279724794467
6581.5739327968	0.89703754588808
6581.5990723065	0.89935131864547
6581.6242119122	0.89971223042802
6581.6493516139	0.89708037129471
6581.6744914116	0.89222373114951
6581.6996313054	0.89087481979646
6581.7247712952	0.89331134541602
6581.7499113811	0.89521246544418
6581.7750515629	0.89616466934324
6581.8001918408	0.90019259948392
6581.8253322147	0.90629326599062
6581.8504726847	0.90901955050746
6581.8756132506	0.90912777268193
6581.9007539126	0.91027780046361
6581.9258946707	0.91121458705715
6581.9510355247	0.90835385947425
6581.9761764748	0.90299356238263
6582.0013175224	0.89495030395699
6582.0264586646	0.88397939951174
6582.0515999028	0.87226996324702
6582.076741237	0.86008274930964
6582.1018826672	0.85413991593489
6582.1270241935	0.85451898827241
6582.1521658158	0.85686732286308
6582.1773075342	0.85571731049158
6582.2024493485	0.8568684449396
6582.2275912589	0.85934270249923
6582.2527332654	0.86507756689891
6582.2778753679	0.87678589527886
6582.3030175664	0.88801426642004
6582.3281598609	0.89518007942967
6582.3533022515	0.89328259615033
6582.3784447381	0.88951637733829
6582.4035873208	0.88922564164375
6582.4287299995	0.88835820248087
6582.4538727742	0.89105236646509
6582.4790156465	0.89346470317121
6582.5041586133	0.8871334117627
6582.5293016761	0.87468392048691
6582.554444835	0.86796765881358
6582.5795880899	0.8650554215727
6582.6047314409	0.86353647226626
6582.6298748879	0.86376948886813
6582.6550184309	0.86513071381771
6582.68016207	0.86488077538336
6582.7053058051	0.86076119969083
6582.7304496363	0.85408780600885
6582.7555935635	0.84564146619072
6582.7807375867	0.83553265847943
6582.805881706	0.83603606979224
6582.8310259213	0.84431506460651
6582.8561702327	0.84190791429708
6582.8813146401	0.83701246111683
6582.9064591436	0.84061030398655
6582.9316037431	0.84713613969003
6582.9567484401	0.85099772586789
6582.9818932317	0.85502493485281
6583.0070381194	0.85722900156803
6583.032183103	0.85489417582965
6583.0573281828	0.84763635992477
6583.0824733586	0.84494332928741
6583.1076186304	0.84653404667401
6583.1327639982	0.84846215571092
6583.1579094622	0.85113575812439
6583.1830550221	0.85409246529681
6583.2082006781	0.85790831527375
6583.2333464302	0.85867031340732
6583.2584922783	0.85669482429826
6583.2836382224	0.85388257727856
6583.3087842626	0.85651138187771
6583.3339303989	0.86212153387536
6583.3590766312	0.85998316353122
