6546.1550661755	0.766079723474
6546.1800703964	0.73175640740755
6546.2050747128	0.71846683616665
6546.2300791248	0.71416111589074
6546.2550836322	0.72668115440269
6546.2800882352	0.74305084152555
6546.3050929336	0.79136519264494
6546.3300977276	0.84387616458697
6546.3551026171	0.88500518156449
6546.3801076021	0.92260754849261
6546.4051126826	0.94806342341511
6546.4301178586	0.97284721094384
6546.4551231302	0.9900758166924
6546.4801284972	1.0045494994503
6546.5051339598	1.0144801702461
6546.5301395193	1.0223213670622
6546.5551451729	1.0266363470502
6546.580150922	1.0275123558549
6546.6051567666	1.0267803436032
6546.6301627068	1.0289018801686
6546.6551687424	1.0310460187216
6546.6801748735	1.0343671789203
6546.7051811002	1.0378677317623
6546.7301874224	1.035541890717
6546.7551938401	1.0315954916453
6546.7802003533	1.0272290555349
6546.8052069621	1.0245075009955
6546.8302136663	1.0202357311691
6546.8552204661	1.015653774704
6546.8802273614	1.0134183023422
6546.9052343522	1.0130125099632
6546.9302414385	1.0116848689381
6546.9552486203	1.0120311103201
6546.9802558977	1.0143872834971
6547.0052632721	1.019021164421
6547.0302707405	1.0231095899934
6547.0552783044	1.0220548188953
6547.0802859639	1.0204993564366
6547.1052937188	1.0177138821756
6547.1303015693	1.013836818657
6547.1553095153	1.0076789975526
6547.1803175569	1.0025073765355
6547.2053256939	0.99404232077215
6547.2303339265	0.98670706081252
6547.2553422546	0.9844162000231
6547.2803506782	0.9831868415217
6547.3053591974	0.98365987402142
6547.3303678121	0.9867749872282
6547.3553765222	0.99236414076893
6547.380385328	0.99481893221987
6547.4053942292	0.99560296580143
6547.430403226	0.99605211950621
6547.4554123183	0.99419041846126
6547.4804215076	0.98883084656509
6547.505430791	0.98267190188837
6547.5304401699	0.98069290135187
6547.5554496443	0.9790675210946
6547.5804592142	0.97490048713998
6547.6054688797	0.9709890117908
6547.6304786407	0.96985878463029
6547.6554884972	0.96910940067423
6547.6804984493	0.96887395796761
6547.7055084969	0.9670005028265
6547.73051864	0.96183319310677
6547.7555288786	0.9576756098908
6547.7805392128	0.95768240216759
6547.8055496425	0.95945700694772
6547.8305601678	0.96305609156292
6547.8555707885	0.96394678938364
6547.8805815048	0.96399539979096
6547.9055923167	0.96776261517759
6547.9306032241	0.9718188890122
6547.9556142285	0.97254922468196
6547.9806253269	0.97181973793401
6548.0056365209	0.96620259323904
6548.0306478104	0.95977472262205
6548.0556591954	0.94601347782554
6548.080670676	0.93466591317673
6548.1056822521	0.93016951376139
6548.1306939238	0.93194083221131
6548.155705691	0.94150839394647
6548.1807175537	0.95278205107692
6548.205729512	0.96554792933642
6548.2307415658	0.97898698022611
6548.2557537151	0.9928818240755
6548.28076596	1.0001055789626
6548.3057783004	1.0058643660226
6548.3307907364	1.0107792443515
6548.3558032678	1.0137581458245
6548.3808158949	1.0181054419058
6548.4058286175	1.0216031842409
6548.4308414356	1.0250117511636
6548.4558543507	1.0273241084865
6548.4808673599	1.029181999501
6548.5058804647	1.0304814027674
6548.530893665	1.028700714291
6548.5559069608	1.0258020980722
6548.5809203521	1.0231517461402
6548.6059338391	1.0220066958407
6548.6309474215	1.0208391830143
6548.6559610995	1.0194340012136
6548.680974873	1.0181659466424
6548.7059887421	1.0162664647133
6548.7310027068	1.0153426133104
6548.7560167669	1.0182417896874
6548.7810309227	1.0219361073228
6548.8060451739	1.0205395068785
6548.8310595208	1.0209152289605
6548.8560739631	1.0271599914721
6548.881088501	1.0294203120697
6548.9061031345	1.0254012152017
6548.931117865	1.0183948476277
6548.9561326895	1.0067601343895
6548.9811476096	0.99322821066356
6549.0061626253	0.97692340525965
6549.0311777365	0.97067521893877
6549.0561929432	0.96690609452316
6549.0812082455	0.97553358975747
6549.1062236434	0.98548265158318
6549.1312391368	0.99858520998795
6549.1562547257	1.0125060094634
6549.1812704103	1.0160027625957
6549.2062861903	1.019319310958
6549.2313020659	1.0199151870731
6549.2563180371	1.0220950559539
6549.2813341038	1.0226142964835
6549.3063502661	1.0221253542677
6549.3313665239	1.0208643102691
6549.3563828772	1.0207985295517
6549.3813993262	1.0217429557387
6549.4064158722	1.0216598534176
6549.4314325122	1.0215935200863
6549.4564492478	1.0181354734815
6549.481466079	1.0135923673454
6549.5064830057	1.011387334757
6549.5315000279	1.0099989905653
6549.5565171457	1.0152827655283
6549.5815343591	1.0189915434763
6549.6065516681	1.0194916047528
6549.6315690726	1.0207479128531
6549.6565865726	1.0220787095929
6549.6816041682	1.0233928664497
6549.7066218594	1.0258695061677
6549.7316396461	1.0303492135158
6549.7566575284	1.0365431341367
6549.7816755063	1.0422614805318
6549.8066935797	1.0460500999669
6549.8317117486	1.0457091376916
6549.8567300132	1.0429486068328
6549.8817483733	1.0399916286437
6549.9067668304	1.0364614714308
6549.9317853817	1.0276443352966
6549.9568040284	1.019848562864
6549.9818227708	1.0169576947681
6550.0068416087	1.015242919473
6550.0318605422	1.0129224369009
6550.0568795712	1.0112327251081
6550.0818986958	1.0100645106361
6550.106917916	1.0063496040372
6550.1319372317	0.99943992987035
6550.156956643	0.99211316266682
6550.1819761499	0.98532564072121
6550.2069957523	0.98103803310372
6550.2320154503	0.97716724055287
6550.2570352439	0.98344603555837
6550.282055133	0.99135298662389
6550.3070751177	0.99591782274653
6550.332095198	1.0008047150203
6550.3571153738	1.0097599027193
6550.3821356467	1.0171027243937
6550.4071560137	1.0200060751311
6550.4321764763	1.0228834156709
6550.4571970344	1.0269648180813
6550.4822176881	1.0285332143725
6550.5072384373	1.0268397587424
6550.5322592822	1.0269758254635
6550.5572802226	1.0286177727902
6550.5823012585	1.0315911440598
6550.6073223901	1.0337427502459
6550.6323436172	1.028571708623
6550.6573649399	1.0241695522171
6550.6823863581	1.019712123342
6550.707407872	1.0139773690244
6550.7324294814	1.0088888756327
6550.7574511864	1.0046843739656
6550.782472987	1.0018720142195
6550.8074948831	0.99640812923376
6550.8325168748	0.98826734852741
6550.8575389636	0.98460045047182
6550.8825611465	0.98634295677017
6550.9075834249	0.99167447294754
6550.9326057989	0.99756231657465
6550.9576282685	1.0049480447391
6550.9826508337	1.0141824194716
6551.0076734945	1.0202025912933
6551.0326962508	1.0240247901874
6551.0577191027	1.0286544515487
6551.0827420502	1.0327396650899
6551.1077650933	1.0347985252612
6551.1327882319	1.034608848051
6551.1578114661	1.0287595220204
6551.1828347959	1.0234748250807
6551.2078582213	1.0185203818349
6551.2328817423	1.0155753728212
6551.2579053589	1.0142176612983
6551.282929071	1.008661148218
6551.3079528787	1.0010737827856
6551.332976782	0.99673011691486
6551.3580007824	0.99310581167328
6551.3830248769	0.99112615474144
6551.4080490669	0.98976155903786
6551.4330733526	0.98975274284956
6551.4580977338	0.98874976922171
6551.4831222106	0.98492031073422
6551.508146783	0.97849559351376
6551.533171451	0.96578593180587
6551.5581962146	0.95289180876919
6551.5832210737	0.93928378862311
6551.6082460285	0.92768617294494
6551.6332710788	0.91731294487616
6551.6582962247	0.91869089273575
6551.6833214662	0.925919219582
6551.7083468033	0.93740566995067
6551.733372236	0.94968700291674
6551.7583977642	0.96861823485267
6551.7834233881	0.98726462927303
6551.8084491075	0.9932569546722
6551.8334749241	1.0008050971134
6551.8585008347	1.0118403892175
6551.8835268409	1.0215194386028
6551.9085529428	1.0267025765564
6551.9335791402	1.0302461791525
6551.9586054332	1.0306611494681
6551.9836318217	1.026544131859
6552.0086583059	1.019621343342
6552.0336848857	1.0185623367953
6552.0587115611	1.0199583341055
6552.083738332	1.0189165381258
6552.1087651986	1.0173150191747
6552.1337921607	1.0144349925112
6552.1588192185	1.0128392216005
6552.1838463718	1.0145162801421
6552.2088736208	1.0145966772588
6552.2339009653	1.0088961938911
6552.2589284054	1.0095973277707
6552.2839559411	1.0205580079048
6552.308983574	1.0254580239938
6552.3340113009	1.0240816240298
6552.3590391234	1.0233027563692
6552.3840670415	1.021826018949
6552.4090950552	1.017866663095
6552.4341231646	1.0119621674741
6552.4591513695	1.0102072845328
6552.48417967	1.0092449427505
6552.5092080661	1.000977718025
6552.5342365578	0.99371216332378
6552.5592651451	0.99264839777749
6552.584293828	0.99172285340164
6552.6093226066	0.99032808496249
6552.6343514807	0.99017336874784
6552.6593804504	0.99328859803283
6552.6844095157	0.9972681885233
6552.7094386767	1.0014689571022
6552.7344679332	1.0067809001709
6552.7594972853	1.013223365237
6552.7845267346	1.0149862574109
6552.8095562779	1.0159166796973
6552.8345859169	1.0152553592635
6552.8596156514	1.0144195254913
6552.8846454816	1.0161793288028
6552.9096754073	1.0149758538593
6552.9347054287	1.0060442819909
6552.9597355457	0.99544414118214
6552.9847657583	0.97706863890791
6553.0097960665	0.96265432893689
6553.0348264703	0.95184264664993
6553.0598569697	0.95203878779684
6553.0848875647	0.95662707293664
6553.1099182553	0.96673895562003
6553.1349490416	0.98002712986982
6553.1599799234	0.98975104675777
6553.1850109009	1.0004385315759
6553.2100419739	1.0070260309604
6553.2350731426	1.0134079721368
6553.2601044069	1.0155333523083
6553.2851357683	1.0198817573292
6553.3101672238	1.027505818809
6553.3351987749	1.0320678924389
6553.3602304217	1.0310160906742
6553.385262164	1.029050990497
6553.410294002	1.0256942434007
6553.4353259355	1.0242623359093
6553.4603579647	1.0250258658086
6553.4853900895	1.0258128650715
6553.51042231	1.0254005868747
6553.535454626	1.0255939956005
6553.5604870376	1.0262862536577
6553.5855195449	1.0264709983286
6553.6105521478	1.0272377045534
6553.6355848463	1.0294667663186
6553.6606176404	1.0297096444351
6553.6856505301	1.0252369013654
6553.7106835155	1.0240316660974
6553.7357165964	1.028346280012
6553.7607497745	1.0291508682512
6553.7857830467	1.0269228700416
6553.8108164146	1.0291929805375
6553.835849878	1.0331824265511
6553.8608834371	1.0303220494451
6553.8859170917	1.0233760206915
6553.910950842	1.0192351311373
6553.935984688	1.015342981976
6553.9610186295	1.0131138637074
6553.9860526667	1.0103952751015
6554.0110867995	1.004424113943
6554.0361210279	0.99483826424514
6554.0611553519	0.98049225025838
6554.0861897716	0.95978968834219
6554.1112242868	0.93352627316753
6554.1362588978	0.91036555728441
6554.1612936043	0.88831593560979
6554.1863284064	0.87515061252474
6554.2113633042	0.86231637022073
6554.2363982991	0.88134896868373
6554.2614333882	0.90268403474095
6554.2864685728	0.929322975593
6554.3115038531	0.95378486389518
6554.336539229	0.97074648613603
6554.3615747005	0.98762415881299
6554.3866102677	1.0041813347899
6554.4116459305	1.0159297277906
6554.4366816889	1.0226145282429
6554.461717543	1.026051980177
6554.4867534926	1.0287639545328
6554.5117895379	1.0296025695404
6554.5368256789	1.02938015163
6554.5618619154	1.0298133633867
6554.5868982476	1.0302178147185
6554.6119346755	1.026619194347
6554.6369711989	1.0243787927277
6554.662007818	1.0266140128801
6554.6870445327	1.024624172839
6554.7120813431	1.01821882577
6554.7371182506	1.012022368356
6554.7621552522	1.0055972625635
6554.7871923495	1.0009603472735
6554.8122295423	0.99692033662601
6554.8372668309	0.99704168151584
6554.862304215	1.0000151618451
6554.8873416948	1.0099638260563
6554.9123792702	1.0217086437737
6554.9374169413	1.0195967390792
6554.962454708	1.0160688664018
6554.9874925703	1.0113935664021
6555.0125305283	1.0086275404239
6555.0375685819	1.0094335516828
6555.0626067311	1.0075300281669
6555.087644976	1.0013605020295
6555.1126833165	0.99973809315031
6555.1377217527	1.0036658739417
6555.1627602845	1.0060311233115
6555.1877989119	1.0063272906104
6555.2128376365	1.010383276198
6555.2378764552	1.0156614903229
6555.2629153696	1.0073829565998
6555.2879543796	0.99735660152507
6555.3129934852	0.98319059386771
6555.3380326865	0.9675278290163
6555.3630719834	0.94564507190631
6555.388111376	0.92847754257584
6555.4131508642	0.91839996364936
6555.438190448	0.91361755788864
6555.4632301275	0.91325851835297
6555.4882699027	0.92167415626048
6555.5133097734	0.93365230244558
6555.5383497399	0.9504341853163
6555.5633898019	0.96934877311316
6555.5884299596	0.98618278315407
6555.613470213	1.0006557625535
6555.638510562	1.0054667189532
6555.6635510067	1.0088495605544
6555.6885915485	1.0066903534821
6555.7136321844	1.0040624160708
6555.738672916	1.000373475408
6555.7637137432	0.99875908341558
6555.7887546661	0.99925280479711
6555.8137956846	0.99721220336892
6555.8388367988	0.99379334506416
6555.8638780087	0.99156297673543
6555.8889193141	0.98751790322363
6555.9139607153	0.96720601549394
6555.9390022121	0.94664756889971
6555.9640438045	0.918825894568
6555.9890854926	0.89382161803468
6556.0141272763	0.88305485570517
6556.0391691557	0.87920982725596
6556.0642111307	0.88780832353069
6556.0892532014	0.90565181541551
6556.1142953678	0.93399446499824
6556.1393376298	0.95890608423504
6556.1643799874	0.98025454832821
6556.1894224422	0.99915058025292
6556.2144649912	1.0165570921641
6556.2395076358	1.0244410206531
6556.2645503761	1.0301509729468
6556.289593212	1.0321301416191
6556.3146361436	1.0342182132087
6556.3396791708	1.0363330502966
6556.3647222937	1.0368283673319
6556.3897655122	1.0339808659341
6556.4148088264	1.0344964024467
6556.4398522363	1.0382705910005
6556.4648957418	1.0382521853358
6556.489939343	1.0366267644973
6556.5149830398	1.0351190216436
6556.5400268323	1.0319833338938
6556.5650707205	1.0320183055734
6556.5901147043	1.0321118554726
6556.6151587838	1.0194274375966
6556.6402029589	1.0059185591393
6556.6652472312	0.98940739819955
6556.6902915977	0.97436964553855
6556.7153360598	0.96174966485924
6556.7403806175	0.95477121840915
6556.765425271	0.95250227186297
6556.7904700201	0.95897224704298
6556.8155148649	0.97131725080376
6556.8405598053	0.98256329897942
6556.8656048414	0.99336397771256
6556.8906499731	1.0068522047376
6556.9156952006	1.0182159673455
6556.9407405237	1.0206320605029
6556.9657859424	1.0232262992343
6556.9908314568	1.0247533128999
6557.0158770669	1.0252897193086
6557.0409227727	1.0244000742166
6557.0659685741	1.0228025755154
6557.0910144712	1.019631301169
6557.1160604639	1.0207394592808
6557.1411065538	1.0248894125048
6557.1661527379	1.0258376187849
6557.1911990177	1.0247775864974
6557.2162453931	1.0210672237247
6557.2412918642	1.0181115166812
6557.266338431	1.0216648016512
6557.2913850934	1.0238128758863
6557.3164318515	1.0212236308147
6557.3414787053	1.0200989727619
6557.3665256547	1.0215007117824
6557.3915726998	1.0234613641428
6557.4166198406	1.0238556750239
6557.4416670771	1.0216361639023
6557.4667144092	1.0179365940715
6557.491761837	1.0143235652568
6557.5168093605	1.0109354719951
6557.5418569796	1.0025776197933
6557.5669046945	0.9934918388166
6557.591952505	0.98950563917518
6557.6170004126	0.98638815764985
6557.6420484145	0.9918523176985
6557.667096512	0.99896067053477
6557.6921447052	1.0089622609025
6557.7171929941	1.0131513206323
6557.7422413786	1.0128301421278
6557.7672898589	1.010129136254
6557.7923384348	1.0066648339516
6557.8173871064	1.0065304404207
6557.8424358736	1.0082384672363
6557.8674847366	1.0067639997715
6557.8925336952	1.0045683764682
6557.9175827495	1.0004361914727
6557.9426318995	0.99717744840749
6557.9676811451	0.99747819340131
6557.9927304865	0.99470752912132
6558.0177799235	0.98548132729073
6558.0428294562	0.9789681364781
6558.0678790846	0.97498500587194
6558.0929288086	0.97067731133216
6558.1179786299	0.965928923608
6558.1430285453	0.96622941155302
6558.1680785564	0.9683172660874
6558.1931286632	0.97732399560438
6558.2181788657	0.98573559865416
6558.2432291638	0.99445980426753
6558.2682795577	1.0046261704833
6558.2933300472	1.0159368212376
6558.3183806324	1.0238635801127
6558.3434313133	1.0286786540825
6558.3684820899	1.0348068534072
6558.3935329622	1.0397729655098
6558.4185839301	1.0357809766129
6558.4436349938	1.0263607011494
6558.4686861531	1.017113505229
6558.4937374081	1.0085961222218
6558.5187887588	1.0030755222967
6558.5438402052	0.99960520115421
6558.5688917473	1.0028945536154
6558.5939433866	1.0060090937629
6558.61899512	1.0104213143007
6558.6440469492	1.0150941459723
6558.669098874	1.0216659534254
6558.6941508945	1.0239527049758
6558.7192030108	1.0222077778885
6558.7442552227	1.0153414592151
6558.7693075303	1.0079155574195
6558.7943599336	1.0122340711323
6558.8194124326	1.017123474871
6558.8444650272	1.014837927914
6558.8695177176	1.011963789252
6558.8945705037	1.0108783046301
6558.9196233854	1.0131179183555
6558.9446763629	1.0193756015083
6558.969729436	1.0217198334596
6558.9947826049	1.020818830025
6559.0198358694	1.0215776600278
6559.0448892296	1.0237997823571
6559.0699426871	1.0279249392029
6559.0949962387	1.0320420324672
6559.120049886	1.0332426740678
6559.145103629	1.0347685091524
6559.1701574678	1.0367693904521
6559.1952114022	1.0383897230246
6559.2202654323	1.0391415735125
6559.2453195581	1.0371301950286
6559.2703737796	1.0323690726724
6559.2954280968	1.0315958587173
6559.3204825097	1.0333481897638
6559.3455370183	1.0245659063503
6559.3705916226	1.0120434998708
6559.3956463226	0.99816902207314
6559.4207011183	0.98342482138922
6559.4457560097	0.96213519280877
6559.4708109969	0.94164020668305
6559.4958660797	0.92406846156906
6559.5209212582	0.91038886229244
6559.5459765324	0.90569580875154
6559.5710319038	0.91047552561579
6559.5960873695	0.92503526403114
6559.6211429308	0.93882059002898
6559.6461985878	0.95305757846077
6559.6712543406	0.96560851978804
6559.696310189	0.97745257983341
6559.7213661332	0.98862143621593
6559.746422173	0.99850397043102
6559.7714783086	1.0035462758987
6559.7965345398	1.0099226870319
6559.8215908668	1.0164836498039
6559.8466472895	1.0216819450701
6559.8717038079	1.0264044369371
6559.896760422	1.0287838555362
6559.9218171318	1.0277824886773
6559.9468739373	1.0304822154915
6559.9719308385	1.035903137874
6559.9969878354	1.0322063834159
6560.0220449281	1.025958934641
6560.0471021179	1.0220109847223
6560.072159402	1.0170594622776
6560.0972167818	1.0054825035702
6560.1222742573	0.99677265188667
6560.1473318284	0.99402910241296
6560.1723894954	0.99003218976067
6560.197447258	0.98410685138535
6560.2225051163	0.98226445704137
6560.2475630704	0.98318476192548
6560.2726211201	0.98808112112895
6560.2976792656	0.99402891684158
6560.3227375068	0.99943041231021
6560.3477958437	1.0046573531051
6560.3728542763	0.99949967608144
6560.3979128046	0.99309265426794
6560.4229714287	0.98267505350439
6560.4480301484	0.97181712932778
6560.4730889639	0.9603185964226
6560.4981478751	0.94813664984119
6560.5232068835	0.93585788503742
6560.5482659861	0.93258478314889
6560.5733251845	0.9324790954934
6560.5983844786	0.93257423931337
6560.6234438683	0.93438208609888
6560.6485033538	0.94467083230208
6560.6735629351	0.95518447840617
6560.698622612	0.96990549872758
6560.7236823847	0.98216620972989
6560.7487422531	0.99178501923265
6560.7738022172	1.0001025332752
6560.798862277	1.0051015439031
6560.8239224325	1.0078192084394
6560.8489826838	1.0098967841095
6560.8740430308	1.0037397481048
6560.8991034735	0.99432057526192
6560.9241640119	0.99826706942252
6560.9492246461	1.0011997549798
6560.974285376	1.0012461382093
6560.9993462031	1.0016624814269
6561.0244071244	1.0037460271296
6561.0494681415	1.0057938433555
6561.0745292542	1.006899359164
6561.0995904627	1.0073766141133
6561.124651767	1.0065565461298
6561.1497131669	1.0054750019009
6561.1747746626	1.0051611776769
6561.199836254	1.0058160249052
6561.2248979412	1.0060628012545
6561.249959724	1.0010223557646
6561.2750216026	0.99856681768995
6561.3000835769	1.0021180685747
6561.325145647	1.0032070325464
6561.3502078128	1.0004403276419
6561.3752700743	0.99991774746038
6561.4003324315	1.0016663248859
6561.4253948845	1.0017522170151
6561.4504574332	1.0015810286195
6561.4755200776	0.99796262731195
6561.5005828193	0.99233996774561
6561.5256456552	0.98838588678694
6561.5507085868	0.98494123021948
6561.5757716142	0.99067213898559
6561.6008347373	0.993912113473
6561.6258979561	0.99206812857618
6561.6509612706	0.98985942090145
6561.6760246809	0.98697659264235
6561.7010881869	0.98426844090734
6561.7261517887	0.98087101309057
6561.7512154862	0.97276823197323
6561.7762792794	0.96199557958525
6561.8013431684	0.95627963555058
6561.8264071531	0.95085268454084
6561.8514712335	0.94349592476106
6561.8765354097	0.93730899592677
6561.9015996816	0.93099172328917
6561.9266640493	0.92569486679619
6561.9517285127	0.92136464138192
6561.9767930733	0.91086129108442
6562.0018577282	0.89499876602022
6562.0269224788	0.88181974318896
6562.0519873251	0.87122731501139
6562.0770522672	0.85659169881255
6562.102117305	0.84132794524792
6562.1271824386	0.82485729611052
6562.1522476679	0.80928716475478
6562.1773129929	0.80044801973378
6562.2023784137	0.78967500774244
6562.2274439302	0.77404296260435
6562.2525095425	0.76053591135362
6562.2775752505	0.74919498012711
6562.3026410543	0.74169055119012
6562.3277069538	0.73636795559395
6562.352772949	0.72801389019694
6562.37783904	0.71926258868813
6562.4029052267	0.71415548295904
6562.4279715092	0.70807815415574
6562.4530378889	0.70207203559966
6562.4781043629	0.69762756482805
6562.5031709326	0.694712366157
6562.5282375981	0.69206209071052
6562.5533043593	0.68892163207247
6562.5783712162	0.68578960637707
6562.6034381689	0.68322375355904
6562.6285052174	0.68214539137188
6562.6535723616	0.68149749520011
6562.6786396015	0.68093148203694
6562.7037069372	0.68013786440799
6562.7287743687	0.67992786645237
6562.7538418959	0.68007749300423
6562.7789095188	0.67810363378577
6562.8039772375	0.6767665936574
6562.8290450519	0.67708436767219
6562.8541129621	0.67793982114968
6562.8791809681	0.67927257545338
6562.9042490698	0.68144983789199
6562.9293172672	0.68329701944582
6562.9543855619	0.68511433027617
6562.9794539509	0.68672662552769
6563.0045224356	0.69108671979847
6563.0295910161	0.69502910400873
6563.0546596923	0.69632231649644
6563.0797284643	0.69901519153925
6563.104797332	0.70273305638567
6563.1298662955	0.70571143669762
6563.1549353547	0.7090625821462
6563.1800045097	0.71526020060413
6563.2050737604	0.72266753412407
6563.2301431069	0.72752176921986
6563.2552125492	0.73066991923741
6563.2802820872	0.73444517618783
6563.305351721	0.73906188508582
6563.3304214505	0.74550741778629
6563.3554912758	0.75323153652814
6563.3805611969	0.76373256348989
6563.4056312137	0.7757163626458
6563.4307013278	0.78848859130853
6563.4557715361	0.80273656276706
6563.4808418402	0.81740275737137
6563.50591224	0.8368736314825
6563.5309827356	0.85700192455078
6563.556053327	0.87012079174458
6563.5811240141	0.88253838092601
6563.606194797	0.89286690191004
6563.6312656757	0.90326391531145
6563.6563366501	0.91442180111063
6563.6814077203	0.92554192989893
6563.7064788862	0.93524091841007
6563.731550148	0.94186928705834
6563.7566215054	0.94692227725136
6563.7816929587	0.9480075405805
6563.8067645077	0.9491158330428
6563.8318361524	0.95297785967096
6563.856907893	0.95439522982551
6563.8819797293	0.94455652426227
6563.9070516629	0.93608314856438
6563.9321236907	0.92979497620511
6563.9571958143	0.92475406891975
6563.9822680337	0.92124934989706
6564.0073403488	0.92193324743233
6564.0324127597	0.92496171699086
6564.0574852664	0.92906690606412
6564.0825578688	0.93433244943063
6564.1076305671	0.94286088402783
6564.132703361	0.94963199333868
6564.1577762508	0.95007507127536
6564.1828492363	0.95257803524136
6564.2079223176	0.95966295941422
6564.2329954947	0.96642206990629
6564.2580687675	0.97290774989897
6564.2831421361	0.97705043158972
6564.3082156005	0.97933260146796
6564.3332891606	0.9800878452714
6564.3583628166	0.98110416498832
6564.3834365683	0.98238598677606
6564.4085104173	0.98302796586431
6564.4335843605	0.98244088890696
6564.4586583995	0.983232798407
6564.4837325343	0.9859378229076
6564.5088067649	0.98366831515971
6564.5338810912	0.97563800369645
6564.5589555134	0.96848588851102
6564.5840300313	0.96178565783153
6564.6091046449	0.96100357600712
6564.6341793544	0.96012865314567
6564.6592541596	0.96192630544663
6564.6843290606	0.96413737836902
6564.7094040574	0.9703493132208
6564.73447915	0.97656062543468
6564.7595543383	0.98145575805468
6564.7846296225	0.9837784119443
6564.8097050024	0.9826019264132
6564.834780478	0.98046343123146
6564.8598560495	0.97894017909321
6564.8849317183	0.98224216077503
6564.9100074813	0.98670936860598
6564.9350833401	0.98554660488348
6564.9601592947	0.98502954201391
6564.985235345	0.98741918456718
6565.0103114912	0.98836433305403
6565.0353877331	0.98652998460556
6565.0604640709	0.98743493231417
6565.0855405044	0.99175644295239
6565.1106170336	0.99410090056215
6565.1356936587	0.99470705969622
6565.1607703796	0.99119962521575
6565.1858471962	0.9880509914882
6565.2109241086	0.98639989428356
6565.2360011168	0.98383898302767
6565.2610782208	0.98350055079915
6565.2861554206	0.98223338497421
6565.3112327162	0.97688737359392
6565.3363101075	0.97155499209072
6565.3613875962	0.96680997702744
6565.3864651791	0.96307766141404
6565.4115428579	0.96022360975223
6565.4366206324	0.95494500313526
6565.4616985027	0.94633344277369
6565.4867764688	0.94430276346916
6565.5118545306	0.94297854065981
6565.5369326883	0.94578991796076
6565.5620109418	0.95069738515926
6565.587089291	0.9601084527969
6565.6121677361	0.97057116695984
6565.6372462769	0.98166883121692
6565.6623249135	0.98953708166766
6565.6874036459	0.99440391581473
6565.7124824742	0.99524521277588
6565.7375613982	0.9964082008036
6565.762640418	0.9956501225482
6565.7877195336	0.99424554266708
6565.8127987449	0.98978956396559
6565.8378780536	0.98710799851229
6565.8629574566	0.98545972821373
6565.8880369554	0.98684268064342
6565.9131165499	0.99203790205731
6565.9381962403	0.99952566876158
6565.9632760265	1.0066835630318
6565.9883559084	1.0064454622945
6566.0134358862	1.0055092674986
6566.0385159597	1.0069982365427
6566.0635961291	1.00879924253
6566.0886763942	1.0148079530403
6566.1137567552	1.0181889440333
6566.1388372119	1.0171477546863
6566.1639177644	1.0157110464487
6566.1889984128	1.013753202651
6566.2140791569	1.015361161372
6566.2391599969	1.0186158189064
6566.2642409326	1.0187837819955
6566.2893219642	1.0178856866493
6566.3144030915	1.0186023579141
6566.3394843162	1.0187702848644
6566.3645656351	1.0157760275891
6566.3896470499	1.013368578623
6566.4147285604	1.0119067490263
6566.4398101668	1.011513030057
6566.464891869	1.0122568990452
6566.4899736669	1.0090065883716
6566.5150555607	1.0042464464691
6566.5401375503	1.0079205125167
6566.5652196356	1.0121234546949
6566.5903018168	1.0127243195377
6566.6153840938	1.0121553305241
6566.6404664666	1.0063204477539
6566.6655489352	1.0029100714496
6566.6906314997	1.0037984056351
6566.7157141599	1.0080104677981
6566.7407969159	1.0137558824507
6566.7658797677	1.0181555204443
6566.7909627154	1.0216267504293
6566.8160457604	1.0188630166773
6566.8411288996	1.0166429170258
6566.8662121347	1.0139842708431
6566.8912954656	1.0111648968097
6566.9163788923	1.0102660566144
6566.9414624148	1.0083639314761
6566.9665460331	1.0050649850354
6566.9916297472	1.0019639861672
6567.0167135571	1.0031014534527
6567.0417974629	1.0054665425032
6567.0668814645	1.0092430695542
6567.0919655618	1.0127480222844
6567.117049755	1.0105210921457
6567.142134044	1.0085486388576
6567.1672184288	1.007953616232
6567.1923029095	1.0068533808563
6567.2173874859	1.0059053834814
6567.2424721582	1.0049370471189
6567.2675569263	1.0074193988389
6567.2926417917	1.0107765754798
6567.3177267514	1.0093122426017
6567.3428118069	1.0070648236339
6567.3678969582	1.0063563814959
6567.3929822054	1.0060800507243
6567.4180675484	1.0076550049551
6567.4431529872	1.0097015963087
6567.4682385218	1.0123346195198
6567.4933241522	1.0142330946881
6567.5184098785	1.0170738510361
6567.5434957005	1.0213923445436
6567.5685816184	1.0239495280199
6567.5936676321	1.0241797633674
6567.6187537416	1.024870679875
6567.643839947	1.0262619118662
6567.6689262482	1.0251420061486
6567.6940126452	1.0225121135791
6567.719099138	1.023918163096
6567.7441857266	1.0281570444527
6567.7692724111	1.030502948176
6567.7943591929	1.0310993750882
6567.819446069	1.0294577768091
6567.8445330409	1.0255595335472
6567.8696201087	1.023988484339
6567.8947072723	1.0260180886984
6567.9197945317	1.0279747004379
6567.9448818869	1.0292951684124
6567.969969338	1.0273534706563
6567.9950568848	1.0205494539477
6568.0201445275	1.0175562441234
6568.0452322661	1.0214984700023
6568.0703201004	1.0243174708279
6568.0954080306	1.0222040840789
6568.1204960567	1.020124204534
6568.1455841785	1.0215428190418
6568.1706723962	1.022774828596
6568.1957607097	1.0206973387442
6568.220849119	1.0185146140143
6568.2459376242	1.0181713974664
6568.2710262267	1.0178433791365
6568.2961149235	1.0185411038656
6568.3212037162	1.0203990649928
6568.3462926046	1.0202571912634
6568.371381589	1.0186454023403
6568.3964706691	1.0183008827797
6568.4215598451	1.0184512562809
6568.4466491169	1.0182359122589
6568.4717384846	1.0191793367751
6568.496827948	1.0222000879503
6568.5219175074	1.0242213396364
6568.5470071625	1.0260970654524
6568.5720969135	1.027610310943
6568.5971867603	1.0247279050234
6568.622276703	1.0217459816898
6568.6473667414	1.0161146009554
6568.6724568758	1.0104149181933
6568.6975471059	1.0132104660847
6568.7226374319	1.0165031341612
6568.7477278553	1.0129699817628
6568.7728183729	1.0088583099342
6568.7979089864	1.0030103628348
6568.8229996958	0.99736719628433
6568.848090501	0.99087624582165
6568.873181402	0.98477440598864
6568.8982723989	0.97927692241456
6568.9233634916	0.97342507267007
6568.9484546801	0.96774801032587
6568.9735459645	0.96237379843933
6568.9986373447	0.95104102824677
6569.0237288208	0.93902978743782
6569.0488203927	0.92011570809532
6569.0739120605	0.9009880073695
6569.099003824	0.86975098691266
6569.1240956835	0.83454443964356
6569.1491876388	0.81297589947821
6569.1742796899	0.79575715478015
6569.1993718368	0.79448248117604
6569.2244640812	0.79782408771693
6569.2495564198	0.82107572980005
6569.2746488543	0.85097945739785
6569.2997413846	0.88128360742497
6569.3248340108	0.91135603830778
6569.3499267329	0.9372484091491
6569.3750195507	0.96143965809844
6569.4001124645	0.97887068149745
6569.425205474	0.993163540303
6569.4502985795	1.0035017192295
6569.4753917807	1.0107353754743
6569.5004850778	1.0158010101255
6569.5255784708	1.0208594889874
6569.5506719596	1.0277134449893
6569.5757655443	1.0349299559414
6569.6008592248	1.0359643953662
6569.6259530012	1.0334768823472
6569.6510468734	1.0313866586505
6569.6761408414	1.0283187610155
6569.7012349053	1.0220912028403
6569.7263290666	1.0137752764713
6569.7514233222	1.0054533772271
6569.7765176737	0.99845841194262
6569.801612121	0.99233344448707
6569.8267066642	0.98559127634416
6569.8518013032	0.98030895304159
6569.8768960381	0.97819622710028
6569.9019908688	0.97887286646645
6569.9270857954	0.98185131588961
6569.9521808179	0.98549678402544
6569.9772759362	0.98973549143582
6570.0023711503	0.99275277322616
6570.0274664603	0.99512771549418
6570.0525618662	0.99610480571627
6570.0776573679	0.99355128119331
6570.1027529655	0.99162762809806
6570.1278486589	0.99180576982525
6570.1529444482	0.99167492252456
6570.1780403334	0.99243789527286
6570.2031363159	0.99358433927964
6570.2282323928	0.99522979075147
6570.2533285655	0.99798889134298
6570.2784248341	1.0020628593387
6570.3035211985	1.0034586562415
6570.3286176588	0.9966196224029
6570.353714215	0.99140896160702
6570.378810867	0.99279832837989
6570.4039076149	0.99340352227958
6570.4290044586	0.99071458727391
6570.4541013983	0.98640245221177
6570.4791984337	0.97430367155794
6570.5042955651	0.96229236957117
6570.5293927923	0.95224727258535
6570.5544901153	0.94332912475665
6570.5795875342	0.93973047969191
6570.604685049	0.93663791328652
6570.6297826597	0.93532843880059
6570.6548803662	0.9335880348254
6570.6799781701	0.93204404626908
6570.7050760684	0.92979398258927
6570.7301740625	0.92892554625749
6570.7552721525	0.92806471349546
6570.7803703383	0.93011595796519
6570.80546862	0.93239369063868
6570.8305669976	0.93859600317811
6570.8556654711	0.94523716767207
6570.8807640404	0.95343686088058
6570.9058627056	0.96245400447812
6570.9309614666	0.95998879473628
6570.9560603236	0.9580912098617
6570.9811592764	0.95769255602441
6571.006258325	0.95711954388297
6571.0313574696	0.95425025319375
6571.05645671	0.95045679041964
6571.0815560462	0.94934741742553
6571.1066554784	0.94954839713289
6571.1317550064	0.95594196875898
6571.1568546303	0.96190618681235
6571.1819543516	0.97173461188467
6571.2070541672	0.98289132799257
6571.2321540787	0.98998196273059
6571.2572540861	0.99574847889598
6571.2823541894	0.99954309764017
6571.3074543885	1.0043871811071
6571.3325546835	1.0088660293328
6571.3576550744	1.011579094537
6571.3827555612	1.011904438566
6571.4078561438	1.0135602282854
6571.4329568223	1.015916527924
6571.4580575967	1.0162326264353
6571.483158467	1.0144068509175
6571.5082594331	1.0122479766928
6571.5333604951	1.0116623814857
6571.558461653	1.0120515726923
6571.5835629068	1.0147438526683
6571.6086642565	1.0182612207296
6571.633765702	1.0180008010264
6571.6588672449	1.0161998422263
6571.6839688822	1.0155883377648
6571.7090706154	1.0168356631008
6571.7341724445	1.0174876526439
6571.7592743694	1.0168394817042
6571.7843763902	1.0127391900474
6571.8094785069	1.0056980901608
6571.8345807195	1.0039058868351
6571.859683028	1.0060642070579
6571.8847854323	1.0071248954941
6571.9098879325	1.0071086887921
6571.9349905286	1.0045486642097
6571.9600932206	1.0012351637753
6571.9851960085	0.99983724224555
6572.0102988923	0.99933303570006
6572.0354018719	0.99621079549769
6572.0605049475	0.9906108203458
6572.0856081189	0.98855214229006
6572.1107113862	0.98976486337718
6572.1358147509	0.98962964542123
6572.16091821	0.98856877796417
6572.186021765	0.9861580259253
6572.2111254158	0.98223669653757
6572.2362291626	0.9816068560083
6572.2613330052	0.98403656179049
6572.2864369437	0.98783774165375
6572.3115409781	0.99313335552065
6572.3366451084	0.99616398948961
6572.3617493346	0.99819890827585
6572.3868536567	0.99631505203623
6572.4119580747	0.98815899911905
6572.4370625885	0.98007248931392
6572.4621671983	0.96999001382102
6572.4872719039	0.96034588492981
6572.5123767054	0.95136500595393
6572.5374816029	0.94045077356316
6572.5625865962	0.93109425780951
6572.5876916854	0.91901409406511
6572.6127968705	0.90256340457053
6572.637902153	0.88367044037738
6572.6630075299	0.85755765041762
6572.6881130027	0.82938803133342
6572.7132185714	0.79754732461478
6572.738324236	0.77486681827491
6572.7634299965	0.77028708977321
6572.7885358528	0.77394070090474
6572.8136418051	0.7959545734041
6572.8387478533	0.8198780460278
6572.8638539973	0.84805529077314
6572.8889602373	0.87733628469009
6572.9140665731	0.90970334604751
6572.9391730049	0.93684877416121
6572.9642795325	0.95357423577626
6572.9893861561	0.96903063345944
6573.0144928755	0.9762006669494
6573.0395996909	0.98320058657178
6573.0647066021	0.99089999562861
6573.0898136093	0.99858746798433
6573.1149207139	1.0031132788348
6573.1400279128	1.008593887711
6573.1651352077	1.0157949307443
6573.1902425984	1.0230811127311
6573.2153500851	1.0260614300077
6573.2404576676	1.0287399521924
6573.2655653461	1.0330076206773
6573.2906731205	1.0350599822867
6573.3157809907	1.0327598740031
6573.3408889569	1.0280081117976
6573.365997019	1.0211836980496
6573.391105177	1.0148646684974
6573.4162134309	1.0063035935517
6573.4413217807	0.99854161533859
6573.4664302264	0.99849420057367
6573.491538768	1.0001763534945
6573.5166474055	0.99817563587167
6573.5417561389	0.99558248973902
6573.5668649682	0.99200946559476
6573.591973895	0.98769937794809
6573.6170829161	0.98642679075356
6573.6421920332	0.98555677605536
6573.6673012461	0.9829532200209
6573.692410555	0.98069851794093
6573.7175199598	0.98105753694462
6573.7426294605	0.98133461977424
6573.7677390571	0.98350110885653
6573.7928487496	0.98454194304916
6573.817958538	0.98102172075952
6573.8430684224	0.9788505782069
6573.8681784026	0.98099004653991
6573.8932884788	0.98113998639282
6573.9183986508	0.97859322042306
6573.9435089188	0.97596541267388
6573.9686192827	0.97103126674376
6573.9937297425	0.9668113706646
6574.0188402982	0.95213583146382
6574.0439509499	0.93870994057452
6574.0690616989	0.91358771434764
6574.0941725424	0.88891465460124
6574.1192834818	0.85311093527088
6574.1443945171	0.81468478248954
6574.1695056483	0.79681095575337
6574.1946168754	0.78063213222332
6574.2197281985	0.7869613679094
6574.2448396174	0.79530888080197
6574.2699511323	0.82156277765999
6574.2950627431	0.84993678313865
6574.3201744498	0.88259774774406
6574.3452862525	0.91496133883917
6574.370398151	0.93153044701752
6574.3955101455	0.94696970206174
6574.4206222359	0.96044353751418
6574.4457344222	0.97535939335752
6574.4708467045	0.98485084131307
6574.4959590826	0.99305905185858
6574.5210715567	0.99744215296292
6574.5461841267	0.99965201860439
6574.5712967941	1.0033623000712
6574.596409556	1.0066815054204
6574.6215224137	1.0031795061717
6574.6466353674	0.99775173301373
6574.671748417	0.99037022429397
6574.6968615626	0.98276366786997
6574.721974804	0.97759016390109
6574.7470881414	0.97392397329522
6574.7722015747	0.96523709523926
6574.797315104	0.95631941040047
6574.8224287291	0.93603995819128
6574.8475424502	0.91152274169499
6574.8726562672	0.87704021057049
6574.8977701802	0.83962932160954
6574.9228841891	0.80503263371529
6574.9479982939	0.77082242067415
6574.9731124946	0.75516807381225
6574.9982267912	0.747719373154
6575.0233411838	0.7593293826459
6575.0484556738	0.77789597873602
6575.0735702583	0.80636264290406
6575.0986849386	0.84042819106925
6575.1237997149	0.87114803413908
6575.1489145872	0.8993516596271
6575.1740295553	0.91061576852585
6575.1991446194	0.91404951990386
6575.2242597794	0.91205958325032
6575.2493750354	0.90611868207109
6575.2744903873	0.90900650647577
6575.2996058351	0.91377688402229
6575.3247213789	0.92612002055833
6575.3498370185	0.94390704584145
6575.3749527542	0.9609076735334
6575.4000685857	0.97706724015352
6575.4251845132	0.98774018185877
6575.4503005366	0.99616371823433
6575.475416656	0.99876447802455
6575.5005328713	0.99839044388202
6575.525649184	0.998003712662
6575.5507655912	0.9976138762346
6575.5758820943	0.99581045707417
6575.6009986933	0.99328821966299
6575.6261153883	0.99249971812125
6575.6512321792	0.9928325415839
6575.6763490661	0.99472659022277
6575.7014660489	0.99675263460757
6575.7265831276	0.99031559535431
6575.7517003023	0.9787645978931
6575.7768175729	0.97095212669298
6575.8019349394	0.96630525457165
6575.8270524019	0.96464330017432
6575.8521699603	0.9648588281291
6575.8772876147	0.9643429056363
6575.902405365	0.96373803528905
6575.9275232113	0.96740506386556
6575.9526411535	0.97378760852254
6575.9777591916	0.98052265991851
6576.0028773257	0.98549345385117
6576.0279955572	0.98527721305924
6576.0531138832	0.97997261059738
6576.0782323051	0.97448953646479
6576.103350823	0.97038098320017
6576.1284694368	0.961970200809
6576.1535881465	0.95105404087438
6576.1787069522	0.94136330926828
6576.2038258538	0.93489722316005
6576.2289448514	0.93284243787291
6576.254063945	0.93406042208674
6576.2791831344	0.93549823867181
6576.3043024199	0.936204307327
6576.3294218012	0.9372547660995
6576.3545412786	0.93783582697894
6576.3796608518	0.93757391037042
6576.404780521	0.93732229921679
6576.4299002862	0.93713382622865
6576.4550201473	0.93652076068951
6576.4801401044	0.93585186088996
6576.5052601589	0.93491133247267
6576.5303803079	0.93313708379164
6576.5555005528	0.93098286575921
6576.5806208937	0.93273210120945
6576.6057413305	0.93929727555925
6576.6308618633	0.9436548893765
6576.655982492	0.94452661772034
6576.6811032167	0.94319521329969
6576.7062240373	0.94012191915074
6576.7313449539	0.93853933707265
6576.7564659664	0.93735660265973
6576.7815870749	0.9359807743754
6576.8067082794	0.93320564186888
6576.8318295798	0.92971390807395
6576.8569509761	0.92765726608621
6576.8820724684	0.92860278247706
6576.9071940567	0.93285071147035
6576.9323157409	0.93788964245882
6576.9574375211	0.9435921354613
6576.9825593988	0.94875670543539
6577.0076813709	0.95658040401034
6577.0328034389	0.96505104453387
6577.0579256029	0.96966516160444
6577.0830478629	0.97023320635188
6577.1081702188	0.96825474161881
6577.1332926707	0.96830020811763
6577.1584152186	0.97047466578321
6577.1835378624	0.9738419187864
6577.2086606022	0.9778813417114
6577.2337834379	0.97861732195836
6577.2589063696	0.97514527036139
6577.2840293972	0.97335353460528
6577.3091525209	0.97387947169744
6577.3342757404	0.97609628763814
6577.359399056	0.9797204164456
6577.3845224675	0.98087796081732
6577.4096459749	0.97969576791665
6577.4347695784	0.97774648084573
6577.4598932793	0.97450159623063
6577.4850170746	0.97181361761148
6577.510140966	0.968984138101
6577.5352649533	0.96656133749745
6577.5603890365	0.96501000652305
6577.5855132157	0.9638810751612
6577.6106374909	0.96306901224877
6577.6357618621	0.96316863696064
6577.6608863292	0.96759021862918
6577.6860108923	0.97351632574812
6577.7111355513	0.98044977050615
6577.7362603064	0.98274950338927
6577.7613851574	0.97914616151112
6577.7865101043	0.9782265205543
6577.8116351473	0.97774573060168
6577.8367602862	0.9781893717638
6577.861885521	0.98175167006541
6577.8870108519	0.98277505022034
6577.9121362787	0.98024634077192
6577.9372618015	0.97766292832696
6577.9623874217	0.97363418981578
6577.9875131365	0.97016944640682
6578.0126389472	0.968050921119
6578.0377648538	0.96704190410366
6578.0628908565	0.96833704854813
6578.0880169551	0.9680958617007
6578.1131431497	0.96633941136142
6578.1382694403	0.96716144425168
6578.1633958268	0.97036067893861
6578.1885223093	0.9709568809643
6578.2136488878	0.96721255292572
6578.2387755623	0.96423771388395
6578.2639023327	0.96340488981376
6578.2890291991	0.96349023199967
6578.3141561615	0.96602305092415
6578.3392832199	0.96732080980599
6578.3644103743	0.96452809864904
6578.3895376246	0.96241504731846
6578.4146649709	0.9629640753241
6578.4397924147	0.96162009436827
6578.4649199529	0.95690053381761
6578.4900475872	0.95546347076063
6578.5151753174	0.95793209608485
6578.5403031436	0.95782073860232
6578.5654310658	0.95551175302001
6578.5905590839	0.95420019402529
6578.6156871981	0.95260536331999
6578.6408154082	0.95030628679191
6578.6659437143	0.94795299703183
6578.6910721164	0.94583221462346
6578.7162006145	0.94316671553089
6578.7413292085	0.94115522058834
6578.7664578986	0.94098094678318
6578.7915866846	0.94117985143802
6578.8167155666	0.94301264670309
6578.8418445446	0.94505200114692
6578.8669736185	0.94629865910852
6578.8921027885	0.9465903596267
6578.917232056	0.94506778800839
6578.9423614179	0.94324343957918
6578.9674908758	0.94228460463428
6578.9926204297	0.94182088643617
6579.0177500796	0.94220554092151
6579.0428798255	0.9431679600755
6579.0680096673	0.94495112104384
6579.0931396052	0.94551872636899
6579.118269639	0.94277162637644
6579.1433997689	0.94061325218418
6579.1685299947	0.94065980157329
6579.1936603165	0.94060418688901
6579.2187907343	0.93790428037168
6579.2439212481	0.93599002565188
6579.2690518578	0.93815629895997
6579.2941825636	0.93923327589243
6579.3193133654	0.93557175753341
6579.3444442631	0.93257059159153
6579.3695752569	0.93263383221369
6579.3947063466	0.9350089915163
6579.4198375338	0.94429421987901
6579.4449688156	0.95177057207354
6579.4701001933	0.95212600360738
6579.495231667	0.9513169266612
6579.5203632367	0.95156643068666
6579.5454949024	0.95220422307301
6579.5706266641	0.94836265950158
6579.5957585218	0.94427838692858
6579.6208904754	0.94395595400409
6579.6460225251	0.94522256808063
6579.6711546708	0.94919922826234
6579.6962869125	0.95037169083421
6579.7214192501	0.9447355770994
6579.7465516838	0.94159072063572
6579.7716842135	0.94408086920319
6579.7968168391	0.94598908859959
6579.8219495608	0.94671897280865
6579.8470823785	0.94576494611329
6579.8722152921	0.94079229272247
6579.8973483033	0.93549173244102
6579.9224814089	0.93036257587803
6579.9476146106	0.92711527575043
6579.9727479083	0.92781058400597
6579.9978813019	0.92750973850822
6580.0230147916	0.92402083263381
6580.0481483773	0.91994523772786
6580.0732820589	0.91380330376424
6580.0984158366	0.90807604438585
6580.1235497103	0.90208337808132
6580.1486836799	0.89563370566844
6580.1738177456	0.88996294223715
6580.1989519073	0.88698736567451
6580.224086165	0.8908131855481
6580.2492205187	0.89651746466748
6580.2743549684	0.90687992362854
6580.2994895141	0.91722287572938
6580.3246241558	0.92803278382364
6580.3497588935	0.93697122904629
6580.3748937288	0.9411667232989
6580.4000286585	0.94529005624886
6580.4251636842	0.94939886957595
6580.450298806	0.95172887736896
6580.4754340237	0.95025621759363
6580.5005693375	0.95076760586601
6580.5257047473	0.95134133302308
6580.5508402531	0.94947178587146
6580.5759758548	0.94594718981768
6580.6011115526	0.94331118649656
6580.6262473465	0.94131436946151
6580.6513832363	0.93813533793983
6580.6765192221	0.93309467293495
6580.7016553039	0.92790090679401
6580.7267914818	0.9226429560823
6580.7519277557	0.91947478044312
6580.7770641256	0.92005178886908
6580.8022005914	0.91805113127226
6580.8273371533	0.91135193805517
6580.8524738113	0.90310211212399
6580.8776105667	0.89084277020412
6580.9027474167	0.88153717191351
6580.9278843626	0.8793630730259
6580.9530214046	0.87731948737871
6580.9781585426	0.87427023471343
6581.0032957766	0.86707131527681
6581.0284331066	0.85154641946412
6581.0535705327	0.83511981555126
6581.0787080547	0.81468250926821
6581.1038456728	0.79534944874901
6581.1289833869	0.77912115211423
6581.154121197	0.76649557847227
6581.1792591032	0.76019949699936
6581.2043971053	0.76131441428816
6581.2295352035	0.77800219228702
6581.2546733977	0.79854672258372
6581.2798116879	0.82777261935364
6581.3049500741	0.85457818163966
6581.3300885563	0.87797254511486
6581.3552271361	0.89738502317215
6581.3803658104	0.90933840604672
6581.4055045807	0.91752839884979
6581.4306434471	0.91839005353575
6581.4557824094	0.92071763420103
6581.4809214678	0.92633686023377
6581.5060606222	0.93179847768047
6581.5311998726	0.93342498457194
6581.5563392191	0.93240526701125
6581.5814786616	0.92984935265284
6581.6066182001	0.92800719281039
6581.6317578346	0.9244082666587
6581.6568975651	0.92232411135279
6581.6820373917	0.92371834746179
6581.7071773143	0.92191358910788
6581.7323173329	0.91684763358904
6581.7574574476	0.91632941691179
6581.7825976583	0.92244746169142
6581.807737965	0.92668870152801
6581.8328783692	0.92694930787829
6581.858018868	0.9265131853451
6581.8831594628	0.92311537855884
6581.9083001536	0.9227127482013
6581.9334409405	0.92819365907838
6581.9585818234	0.93038899966014
6581.9837228023	0.92626376436611
6582.0088638772	0.92050893830222
6582.0340050482	0.91471506714314
6582.0591463152	0.90991571770878
6582.0842876782	0.90594132878435
6582.1094291373	0.90496398741229
6582.1345706924	0.90832495121361
6582.1597123435	0.90904295019246
6582.1848540907	0.90772417868759
6582.2099959339	0.91045772751627
6582.2351378731	0.90842398226315
6582.2602799084	0.91124251878723
6582.2854220397	0.91801549936013
6582.3105642686	0.9220577250638
6582.3357065919	0.92838486251007
6582.3608490114	0.93641763692824
6582.3859915268	0.94174269634581
6582.4111341383	0.93820968935436
6582.4362768458	0.93377281459646
6582.4614196494	0.93055972022788
6582.4865625489	0.92300159734926
6582.5117055446	0.91775458078336
6582.5368486362	0.9092087726385
6582.561991824	0.90131324697192
6582.5871351077	0.89208494071645
6582.6122784875	0.88875046217781
6582.6374219633	0.89180759367916
6582.6625655352	0.89510632659932
6582.6877092031	0.90081898051859
6582.712852967	0.90253917498397
6582.737996827	0.89728152134116
6582.763140783	0.89394999323195
6582.7882848351	0.89123359156917
6582.8134289847	0.88794988962721
6582.8385732289	0.8827645615633
6582.8637175691	0.88159148379523
6582.8888620053	0.88825805736717
6582.9140065376	0.89432370685814
6582.939151166	0.9040960927411
6582.9642958903	0.91112265451153
6582.9894407108	0.91503925591734
6583.0145856272	0.91656586915912
6583.0397306397	0.91835978296493
6583.0648757483	0.91957926958538
6583.0900209529	0.9163931169936
6583.1151662535	0.90776940758908
6583.1403116502	0.90616495531763
6583.165457143	0.90211903663566
6583.1906027318	0.89343498233473
6583.2157484166	0.89250322058234
6583.2408941975	0.8947959404437
6583.2660400744	0.89718204987586
6583.2911860489	0.89456238759
6583.316332118	0.89604500811417
6583.3414782831	0.8997698746883
6583.3666245442	0.90249981492971
6583.3917709014	0.90794824726948
6583.4169173546	0.90523372341236
6583.4420639039	0.89877742519415
6583.4672105492	0.8957589149096
6583.4923572906	0.88957842914275
6583.5175041281	0.87318298869404
6583.5426510616	0.8615054800688
6583.5677980911	0.84859065060448
6583.5929452167	0.85438521847082
6583.6180924384	0.88881138562433
6583.6432397561	0.88094648216994
6583.6683871699	0.88059390232644
6583.6935346797	0.87993968024867
6583.7186822856	0.88871650207965
6583.7438299875	0.90212675412047
6583.768977787	0.91073761215011
6583.7941256811	0.91665664970665
6583.8192736712	0.92127488055356
6583.8444217573	0.92836591207559
6583.8695699396	0.92600676145536
6583.8947182178	0.92571146557714
6583.9198665922	0.92875850985766
6583.9450150626	0.92536094417036
6583.970163629	0.93186677255771
6583.9953122915	0.93625322717916
6584.0204610501	0.93698282021965
6584.0456099047	0.94984646640675
6584.0707588554	0.96689631380557
6584.0959079022	0.97591340408763
6584.121057045	0.97588656677983
6584.1462062839	0.97860008954762
6584.1713556188	0.97520665965663
6584.1965050498	0.96228296274736
6584.2216545769	0.9473575486315
6584.2468042	0.93578855688872
6584.2719539207	0.93635094424399
6584.297103736	0.93215236577871
6584.3222536473	0.96702036278162
