6546.3574580857	0.85280790576964
6546.3824630797	0.89051478394536
6546.4074681692	0.91845768117485
6546.4324733542	0.94033852633348
6546.4574786348	0.95305577740531
6546.4824840108	0.96283756291865
6546.5074894824	0.97165420825255
6546.5324950494	0.97821882777692
6546.557500712	0.98142500073123
6546.5825064701	0.98050348544356
6546.6075123237	0.97944806760238
6546.6325182728	0.97933462251646
6546.6575243175	0.97947597653391
6546.6825304576	0.97950268027267
6546.7075366933	0.98018379187761
6546.732543026	0.98487139302938
6546.7575494527	0.98750733793931
6546.7825559749	0.97867405743189
6546.8075625926	0.97328594275769
6546.8325693059	0.97707997653033
6546.8575761146	0.97754364906664
6546.8825830189	0.97274713158146
6546.9075900187	0.97006848509348
6546.9325971141	0.96966706548715
6546.9576043049	0.96646201841467
6546.9826115913	0.96165497730483
6547.0076189731	0.96370933109559
6547.0326264505	0.96723892973472
6547.0576340235	0.96929546065584
6547.0826416919	0.97196349953196
6547.1076494559	0.97298197999209
6547.1326573154	0.97502171157424
6547.1576652704	0.97259896132264
6547.1826733209	0.97004258526275
6547.2076814685	0.97014258367313
6547.23268971	0.96688403690603
6547.2576980471	0.95907063465315
6547.2827064798	0.95423860984789
6547.3077150079	0.95338923360164
6547.3327236316	0.95420841390313
6547.3577323508	0.95777926610277
6547.3827411655	0.96092866572097
6547.4077500757	0.96312807056699
6547.4327590815	0.96268788548452
6547.4577681828	0.96103632040163
6547.4827773797	0.95871259520989
6547.507786672	0.95657148349626
6547.5327960599	0.95856342560503
6547.5578055433	0.95903973769276
6547.5828151222	0.95618272403894
6547.6078247967	0.95558313400342
6547.6328345667	0.95914680747095
6547.6578444322	0.9600852603377
6547.6828543948	0.95943758361058
6547.7078644514	0.96185207209738
6547.7328746035	0.96662080737127
6547.7578848511	0.96582297998512
6547.7828951943	0.96166363758188
6547.807905633	0.96240720930091
6547.8329161673	0.96550377453132
6547.857926797	0.97008022444237
6547.8829375223	0.97343856958726
6547.9079483432	0.96480206054365
6547.9329592596	0.95474533385294
6547.9579702715	0.946090873062
6547.9829813789	0.93912493742247
6548.0079925819	0.93104539158665
6548.0330038804	0.92504223130871
6548.0580152744	0.92092240377973
6548.083026764	0.92067824004648
6548.1080383491	0.926760894522
6548.1330500298	0.93263127009359
6548.158061806	0.93738855313105
6548.1830736792	0.94143021517391
6548.2080856465	0.94634146824598
6548.2330977093	0.95606243156529
6548.2581098676	0.96639238239323
6548.2831221215	0.96593955339561
6548.3081344709	0.96409171808763
6548.3331469158	0.96945500161021
6548.3581594563	0.97395337814643
6548.3831720924	0.97679494763223
6548.4081848239	0.98105051267979
6548.4331976511	0.98883962710215
6548.4582105737	0.99360841898755
6548.4832235919	0.9932694326835
6548.5082367057	0.99283581492913
6548.5332499149	0.99244476586837
6548.5582632198	0.99318539178156
6548.5832766201	0.99590987940006
6548.608290116	0.99646200947369
6548.6333037075	0.99560100613994
6548.658317396	0.99036149418625
6548.6833311785	0.98518763411543
6548.7083450566	0.98458298768319
6548.7333590303	0.98417367079625
6548.7583730994	0.98091576108105
6548.7833872642	0.97843219316855
6548.8084015244	0.9784085063551
6548.8334158802	0.97534392966968
6548.8584303316	0.96583097543088
6548.8834448785	0.95728858853295
6548.908459521	0.95064711172342
6548.933474259	0.9464083679016
6548.9584890925	0.94489181634989
6548.9835040216	0.94843617379138
6549.0085190463	0.95440073747928
6549.0335341665	0.96352157900994
6549.0585493822	0.97410364120686
6549.0835646935	0.99212933423585
6549.1085801004	1.0098987824936
6549.1335956043	1.0161436213757
6549.1586112023	1.0211412029479
6549.1836268958	1.024642208554
6549.2086426848	1.0240724819941
6549.2336585694	1.0194610790449
6549.2586745496	1.0146911812694
6549.2836906253	1.0120333662235
6549.3087067966	1.0048022778096
6549.3337230634	0.99435695774448
6549.3587394258	0.98954523540101
6549.3837558837	0.98875402420173
6549.4087724372	0.98015445642519
6549.4337890862	0.9699754494208
6549.4588058308	0.96929203956993
6549.483822671	0.9698634840415
6549.5088396067	0.97138827591944
6549.5338566379	0.97261553883442
6549.5588737648	0.97557875650117
6549.5838909871	0.9782966787786
6549.6089083051	0.97884615414456
6549.6339257201	0.98015004353575
6549.6589432291	0.98122037239576
6549.6839608338	0.98157398116051
6549.7089785339	0.9829999496739
6549.7339963297	0.98350841518062
6549.759014221	0.98226688277179
6549.7840322078	0.97843209657668
6549.8090502902	0.97457156276152
6549.8340684682	0.97600743718695
6549.8590867417	0.97725421268626
6549.8841051108	0.97692436361263
6549.9091235755	0.97801342291806
6549.9341421357	0.9810854610673
6549.9591607915	0.98548978727325
6549.9841795428	0.9900403820628
6550.0091983898	0.99384474789157
6550.0342173322	0.99542125689265
6550.0592363703	0.99201706598012
6550.0842555039	0.98203714656003
6550.1092747345	0.97112341075945
6550.1342940593	0.95817434931699
6550.1593134796	0.94649155310486
6550.1843329955	0.93749946078434
6550.2093526069	0.93421163715937
6550.2343723139	0.93379304730106
6550.2593921165	0.93187172772307
6550.2844120146	0.93142669774108
6550.3094320083	0.93977569457099
6550.3344520976	0.94676643413394
6550.3594722824	0.95358945941184
6550.3844925628	0.95982013027297
6550.4095129388	0.96286546765481
6550.4345334104	0.96571637187824
6550.4595539775	0.96884887778489
6550.4845746402	0.97157268737721
6550.5095953984	0.97388009844329
6550.5346162523	0.97622935966769
6550.5596372017	0.97870769817526
6550.5846582481	0.97736385461034
6550.6096793887	0.97477904585662
6550.6347006248	0.97503737501847
6550.6597219565	0.97619956051213
6550.6847433838	0.97462537494473
6550.7097649066	0.97272009303509
6550.734786525	0.97204760213597
6550.759808239	0.97054558905408
6550.7848300486	0.96676962234209
6550.8098519537	0.96096893483718
6550.8348739545	0.95443719600962
6550.8598960507	0.95123783390498
6550.8849182426	0.94946822641717
6550.9099405301	0.95469300048478
6550.9349629131	0.96249413684281
6550.9599853917	0.96314763841503
6550.9850079659	0.96208007391228
6551.0100306356	0.96522684804991
6551.035053401	0.96790742232898
6551.0600762619	0.96837136164854
6551.0850992199	0.969199582968
6551.1101222719	0.96605491644947
6551.1351454196	0.96461580730641
6551.1601686628	0.96726182478538
6551.1851920016	0.96878645739841
6551.210215436	0.96806933536719
6551.235238966	0.96663908020281
6551.2602625916	0.96520306794449
6551.2852863127	0.96227048210569
6551.3103101294	0.95825012167181
6551.3353340418	0.95638514881151
6551.3603580496	0.95542966641705
6551.3853821531	0.9531854171423
6551.4104063522	0.94998848736345
6551.4354306468	0.94542494635346
6551.460455037	0.94179281209807
6551.4854795229	0.93949207812031
6551.5105041043	0.93318284757333
6551.5355287812	0.92049154883463
6551.5605535553	0.9091642664468
6551.5855784235	0.89905473249326
6551.6106033872	0.89199501213255
6551.6356284466	0.88670829078791
6551.6606536015	0.88902275308244
6551.685678852	0.89319752289525
6551.7107041981	0.90202282305811
6551.7357296398	0.91129757876976
6551.760755177	0.92641463392081
6551.7857808099	0.94269602600739
6551.8108065383	0.95969219647676
6551.8358323624	0.97195283690826
6551.860858282	0.9737663255398
6551.8858842972	0.97212113013571
6551.9109104081	0.96786251267181
6551.9359366145	0.96653144035251
6551.9609629165	0.96652354517311
6551.9859893141	0.96355307750783
6552.0110158073	0.96111415146283
6552.0360423975	0.95951811164244
6552.0610690819	0.95866486157526
6552.0860958619	0.96111544396426
6552.1111227374	0.96428968575155
6552.1361497086	0.96803897387738
6552.1611767753	0.96945633536758
6552.1862039377	0.96677968239526
6552.2112311956	0.96397608955064
6552.2362585492	0.96166144588021
6552.2612859983	0.95982903604829
6552.286313543	0.95851060437277
6552.3113411834	0.9533631261069
6552.3363689193	0.94701004921706
6552.3613967508	0.94490488009925
6552.3864246779	0.94305829833471
6552.4114527007	0.94381245818625
6552.436480819	0.94585953917553
6552.4615090329	0.94757623794961
6552.4865373424	0.94971602531989
6552.511565749	0.95194994653437
6552.5365942498	0.95385557638252
6552.5616228461	0.95453797357231
6552.586651538	0.95300139764947
6552.6116803255	0.94998003047406
6552.6367092087	0.94889966092528
6552.6617381874	0.95047502446912
6552.6867672617	0.95288604815277
6552.7117964316	0.95514761818644
6552.7368256972	0.95484346698731
6552.7618550583	0.95466142334006
6552.7868845151	0.95728677119258
6552.8119140674	0.9593050837808
6552.8369437154	0.95459438204213
6552.8619734589	0.94936855906657
6552.8870032981	0.94059494219431
6552.9120332329	0.93348604534977
6552.9370632632	0.93097110682804
6552.9620933892	0.92921010278698
6552.9871236108	0.9274570986496
6553.0121539295	0.93271921954365
6553.0371843423	0.94275601329857
6553.0622148508	0.95101791026259
6553.0872454548	0.95725160806041
6553.1122761544	0.96122403035093
6553.1373069496	0.96677421372818
6553.1623378405	0.97207052186282
6553.187368827	0.97900674042691
6553.212399909	0.98901280145099
6553.2374310867	0.9962941196008
6553.26246236	1.0017456664581
6553.2874937289	0.99993404161754
6553.3125251934	0.99147867576089
6553.3375567536	0.98762836685411
6553.3625884093	0.98849138865176
6553.3876201607	0.98602912867738
6553.4126520076	0.98158134885527
6553.4376839502	0.9757342852977
6553.4627159884	0.9688958140402
6553.4877481237	0.96940487402129
6553.5127803531	0.97116909203913
6553.5378126782	0.96902485699789
6553.5628450988	0.96770107342487
6553.5878776151	0.97115841120257
6553.612910227	0.97178750228047
6553.6379429345	0.96746109333226
6553.6629757376	0.96691260151162
6553.6880086364	0.96974568668218
6553.7130416307	0.97051675080579
6553.7380747207	0.96988651346045
6553.7631079063	0.96760436941959
6553.7881411875	0.96465074485805
6553.8131745643	0.9609252672197
6553.8382080368	0.95614713222212
6553.8632416048	0.95687633580101
6553.8882752685	0.9595117634567
6553.9133090278	0.96446189082447
6553.9383428828	0.9700629241471
6553.9633768348	0.97439713086732
6553.988410881	0.97517223234778
6554.0134450228	0.96733006926259
6554.0384792602	0.96034487982229
6554.0635135933	0.95155813415322
6554.0885480219	0.93223349059369
6554.1135825462	0.90637210247995
6554.1386171661	0.88275331803991
6554.1636518817	0.86060374424067
6554.1886866928	0.84618557881854
6554.2137215996	0.83613941277046
6554.238756602	0.85031178287323
6554.2637917001	0.86698257330118
6554.2888268937	0.88763686499131
6554.313862183	0.90892351620061
6554.3388975679	0.92936680512019
6554.3639330485	0.94458714058086
6554.3889686246	0.95327792547325
6554.4140042964	0.95909697488908
6554.4390400639	0.9640795756417
6554.4640759284	0.9653331515992
6554.4891118871	0.96579069194302
6554.5141479414	0.96546861758981
6554.5391840914	0.9653260036451
6554.564220337	0.96485583577208
6554.5892566782	0.96425930633312
6554.614293115	0.96131238142604
6554.6393296475	0.95841844073582
6554.6643662756	0.95584449476617
6554.6894029993	0.95483427273133
6554.7144398187	0.95404851522224
6554.7394767336	0.95260603245148
6554.7645137443	0.95086573373546
6554.7895508505	0.94944426967633
6554.8145880524	0.94889557295109
6554.83962535	0.9510160506527
6554.8646627431	0.95166920370407
6554.8897002319	0.95012709417572
6554.9147378164	0.94925953170335
6554.9397754979	0.94928720467112
6554.9648132736	0.94973857010913
6554.989851145	0.94911009764032
6555.014889112	0.94662848301094
6555.0399271746	0.94196818231018
6555.0649653328	0.93857778176709
6555.0900035867	0.93710059744384
6555.1150419362	0.93776831154266
6555.1400803814	0.93905428431607
6555.1651189222	0.94466581111456
6555.1901575587	0.9511156427169
6555.2151962907	0.95151287184876
6555.2402351185	0.95109739391736
6555.2652740418	0.95257145101559
6555.2903130608	0.94820405540172
6555.3153521755	0.93234016497461
6555.3403913858	0.9172408624875
6555.3654306917	0.90140345268061
6555.3904700933	0.88716062590725
6555.415509592	0.87373058107083
6555.4405491849	0.86844407930467
6555.4655888734	0.86683276149904
6555.4906286575	0.87291495302489
6555.5156685373	0.88112431609954
6555.5407085127	0.89209701552416
6555.5657485838	0.9045597210258
6555.5907887505	0.91959727551068
6555.6158290129	0.9327809520692
6555.6408693709	0.93891852113856
6555.6659098246	0.94270145497546
6555.6909503739	0.94111651273851
6555.7159910188	0.93805174607212
6555.7410317594	0.93534384157226
6555.7660725957	0.93225145469103
6555.7911135276	0.92801931867361
6555.8161545551	0.92541716121718
6555.8411956783	0.92407405673817
6555.8662368972	0.92422715497056
6555.8912782132	0.92381672433639
6555.9163196233	0.91024121347231
6555.9413611291	0.89547851734511
6555.9664027305	0.87567981553611
6555.9914444276	0.8571671770881
6556.0164862204	0.84074991067546
6556.0415281088	0.83345715540043
6556.0665700928	0.83519136766488
6556.0916121725	0.84821010211381
6556.1166543479	0.8700871590177
6556.1416966189	0.89262787464005
6556.1667389855	0.9152561249068
6556.1917814479	0.92982172620784
6556.2168240058	0.94405286310634
6556.2418666594	0.95430339493484
6556.2669094087	0.96158194385718
6556.2919522536	0.9633439977375
6556.3169951942	0.96546737396559
6556.3420382305	0.96536063191929
6556.3670813624	0.96627615897233
6556.3921245914	0.97138078760158
6556.4171679147	0.9733398451496
6556.4422113335	0.97273326574995
6556.4672548481	0.97007427123077
6556.4922984583	0.96703164915363
6556.5173421641	0.96555455515308
6556.5423859656	0.96516962354552
6556.5674298628	0.96408681162595
6556.5924738556	0.96193053192565
6556.6175179441	0.95623218783949
6556.6425621282	0.94831892483453
6556.667606408	0.93606756706112
6556.6926507835	0.92697694774799
6556.7176952546	0.92025460243608
6556.7427398214	0.91353444339706
6556.7677844839	0.90733239687163
6556.792829242	0.90781766687461
6556.8178740958	0.91046521936463
6556.8429190452	0.92015443601522
6556.8679640918	0.93111058795853
6556.8930092326	0.94107873794503
6556.918054469	0.95146396323682
6556.9430998011	0.96171660438246
6556.9681452289	0.96898288644347
6556.9931907523	0.97120640190858
6557.0182363714	0.97447420795332
6557.0432820862	0.97892462367788
6557.0683278966	0.9806360686418
6557.0933738027	0.97999999656686
6557.1184198045	0.97790293975993
6557.1434659019	0.97508253311942
6557.168512095	0.97342455300059
6557.1935583838	0.97233847041586
6557.2186047682	0.97231280305154
6557.2436512483	0.9716936770723
6557.2686978241	0.97087078404337
6557.2937444955	0.96956169685544
6557.3187912626	0.96616248161683
6557.3438381269	0.96292622597132
6557.3688850854	0.95963574108267
6557.3939321395	0.95529753526948
6557.4189792893	0.95093140561217
6557.4440265348	0.94572415251591
6557.4690738759	0.94006759500292
6557.4941213127	0.93549217571024
6557.5191688452	0.93222885545609
6557.5442164734	0.93712266045175
6557.5692641972	0.94417290093177
6557.5943120168	0.95272806668641
6557.6193599319	0.95929879412599
6557.6444079428	0.96414971044598
6557.6694560493	0.96684460738384
6557.6945042515	0.9686015969053
6557.7195525494	0.97205181076003
6557.744600943	0.97537083397983
6557.7696494322	0.97389728465466
6557.7946980172	0.96981170615382
6557.8197466978	0.96808536155827
6557.8447954755	0.96539557108896
6557.8698443475	0.95755620314719
6557.8948933151	0.95049652753727
6557.9199423784	0.94585464908078
6557.9449915374	0.94048929134933
6557.9700407921	0.93259581147173
6557.9950901425	0.92612977025021
6558.0201395885	0.92170529238181
6558.0451891302	0.91666969700826
6558.0702387676	0.91039875351633
6558.0952885007	0.9078536393199
6558.1203383294	0.90523879287411
6558.1453882539	0.90544085004038
6558.170438274	0.90718176461083
6558.1954883898	0.91726698292784
6558.2205386013	0.92571378483459
6558.2455889084	0.93073631765648
6558.2706393113	0.9359429142444
6558.2956898098	0.94100289949551
6558.3207404056	0.94519847498481
6558.3457910955	0.94895223267194
6558.3708418811	0.94947100975847
6558.3958927624	0.94830966692544
6558.4209437393	0.94680372449383
6558.445994812	0.94510620020574
6558.4710459803	0.94416838716464
6558.4960972444	0.94520121598084
6558.5211486041	0.94821636946799
6558.5462000595	0.95410749317582
6558.5712516106	0.96207214219045
6558.5963032574	0.96939813827963
6558.6213549998	0.97725947948827
6558.646406838	0.97898113399136
6558.6714587719	0.97832471413114
6558.6965108014	0.97705271067015
6558.7215629266	0.97686587479043
6558.7466151476	0.96845687824694
6558.7716674642	0.95843393418851
6558.796719878	0.95541731225081
6558.821772386	0.95225500192728
6558.8468249897	0.94860557142463
6558.8718776891	0.9472545087425
6558.8969304842	0.94815549298334
6558.9219833749	0.94847039162893
6558.9470363614	0.94937207255786
6558.9720894436	0.95146012652712
6558.9971426214	0.95519272927189
6559.022195895	0.96030275267123
6559.0472492642	0.9641268131344
6559.0723027292	0.96532816882562
6559.0973562898	0.96749386091207
6559.1224099461	0.96656271052803
6559.1474636982	0.96578475509366
6559.1725175459	0.96784303999555
6559.1975714893	0.96825341081198
6559.2226255284	0.96748794849194
6559.2476796633	0.96527246669645
6559.2727338938	0.96060458805356
6559.2977882215	0.95969901067238
6559.3228426434	0.96125278629275
6559.3478971611	0.95916366436023
6559.3729517744	0.95546785115439
6559.3980064834	0.94307872273688
6559.4230612881	0.93001282517228
6559.4481161886	0.91324439123222
6559.4731711847	0.89804139080512
6559.4982262765	0.88476387181191
6559.523281464	0.87290752843459
6559.5483367473	0.86273466816027
6559.5733921262	0.86147526056002
6559.5984476009	0.86575586662683
6559.6235031712	0.87547351149802
6559.6485588372	0.88747747377812
6559.673614599	0.8976353245715
6559.6986704565	0.90745144771836
6559.7237264096	0.91726775795935
6559.7487824585	0.92678371835525
6559.7738386046	0.92952810169861
6559.7988948449	0.93207920056627
6559.8239511808	0.93672398715528
6559.8490076125	0.93987585731275
6559.8740641399	0.94108240406426
6559.8991207631	0.94381173925526
6559.9241774819	0.94792872299374
6559.9492342964	0.94893713860142
6559.9742912066	0.94966519477999
6559.9993482126	0.95373737346312
6560.0244053142	0.95646880322141
6560.0494625116	0.952303609652
6560.0745198047	0.94868522101246
6560.0995771935	0.94621222398385
6560.124634678	0.94027848086417
6560.1496922582	0.93184902415635
6560.1747499341	0.92680914131932
6560.1998077057	0.92346373481796
6560.2248655731	0.9210691991378
6560.2499235377	0.91931091331893
6560.2749815964	0.92022710885206
6560.3000397509	0.92205166281339
6560.3250980011	0.92682439313956
6560.350156347	0.93138337953483
6560.3752147887	0.93189221668648
6560.400273326	0.92864486689842
6560.4253319591	0.92113956711112
6560.4503906879	0.91075639231208
6560.4754495124	0.89714164554851
6560.5005084326	0.88598848353749
6560.5255674485	0.87611059512455
6560.5506265601	0.86805929677735
6560.5756857675	0.86032739381496
6560.6007450706	0.86807273744963
6560.6258044694	0.8774865566044
6560.6508639639	0.88559910103777
6560.6759235541	0.89311265991832
6560.7009832401	0.90199246989946
6560.7260430233	0.91097182802337
6560.7511029007	0.91844822689684
6560.7761628738	0.92315673115455
6560.8012229427	0.92663583959925
6560.8262831072	0.92779750558059
6560.8513433675	0.92835815231184
6560.8764037235	0.93238957646963
6560.9014641752	0.93552534542428
6560.9265247227	0.93588729132595
6560.9515853659	0.9394723441847
6560.9766461048	0.94681898333518
6561.0017069394	0.95047366897941
6561.0267678697	0.95056128683126
6561.0518288958	0.95395852751975
6561.0768900176	0.95783411325085
6561.1019512351	0.95848996324699
6561.1270125484	0.95700887426759
6561.1520739573	0.95681885470289
6561.177135462	0.95753923692934
6561.2021970625	0.95247148809483
6561.2272587601	0.94793372992377
6561.252320552	0.94647698797165
6561.2773824396	0.9447171500833
6561.302444423	0.94262905856009
6561.327506502	0.94036822170505
6561.3525686768	0.93768322118292
6561.3776309474	0.93652111023011
6561.4026933136	0.93603051819237
6561.4277557756	0.93388194593498
6561.4528183333	0.93246350178743
6561.4778809868	0.93234489837562
6561.5029437359	0.93162964248788
6561.5280065809	0.92814471805427
6561.5530695215	0.92544817969461
6561.5781325579	0.92276596241312
6561.60319569	0.92045339417689
6561.6282589178	0.91967523519392
6561.6533222414	0.91923829262832
6561.6783856607	0.91907261128615
6561.7034491773	0.91644735532474
6561.728512788	0.91296136328006
6561.7535764945	0.90875008645293
6561.7786402968	0.9041626381247
6561.8037041948	0.89764022916071
6561.8287681885	0.89034189188199
6561.853832278	0.88106085286281
6561.8788964631	0.87411313952877
6561.9039607441	0.86892286824324
6561.9290251207	0.86253012603783
6561.9540895932	0.8546143652573
6561.9791541613	0.84316269418113
6562.0042188252	0.83134316572906
6562.0292835848	0.81878354066796
6562.0543484402	0.8073144694782
6562.0794133913	0.79475175362777
6562.1044784381	0.78213109836069
6562.1295435807	0.76586149707175
6562.154608819	0.74920785361968
6562.1796741546	0.73362758560088
6562.2047395844	0.71834416472591
6562.2298051099	0.70332634512533
6562.2548707312	0.6896840666105
6562.2799364483	0.67608780478488
6562.305002261	0.66362066986774
6562.3300681696	0.65183025259455
6562.3551341738	0.64370622795328
6562.3802002738	0.63601738854984
6562.4052664696	0.62797600581201
6562.4303327611	0.62129975318251
6562.4553991483	0.61744259477416
6562.4804656313	0.61296818972229
6562.50553221	0.60772517782301
6562.5305988845	0.60432455751296
6562.5556656547	0.60202927001277
6562.5807325207	0.59929188641021
6562.6057994824	0.59565300201908
6562.6308665399	0.58993326100661
6562.6559336931	0.58525736693345
6562.6810009436	0.58509550562562
6562.7060682883	0.58582516755533
6562.7311357288	0.58795219956465
6562.756203265	0.58831299936804
6562.7812708969	0.58697910076166
6562.8063386246	0.58656546871424
6562.8314064481	0.58651291819286
6562.8564743673	0.58744714251132
6562.8815423823	0.58882069041282
6562.906610493	0.58927735934623
6562.9316786995	0.59026872335124
6562.9567470017	0.59245338409453
6562.9818153997	0.5940793669218
6563.0068838934	0.59681585266622
6563.0319524829	0.60055251736754
6563.0570211681	0.60426060780422
6563.0820899491	0.60762317266199
6563.1071588259	0.61191082253052
6563.1322277983	0.61630418753225
6563.1572968681	0.61969806225962
6563.1823660321	0.62419316467747
6563.2074352919	0.62953961869181
6563.2325046474	0.63615258369585
6563.2575740987	0.64335240369636
6563.2826436457	0.65183029385947
6563.3077132885	0.65910296144441
6563.3327830271	0.66485338436131
6563.3578528614	0.67359324685223
6563.3829227915	0.6858444277344
6563.4079928173	0.69871533939647
6563.4330629389	0.71085199316802
6563.4581331562	0.72650559476185
6563.4832034694	0.74326813399435
6563.5082738782	0.75936310871144
6563.5333443829	0.77565120933824
6563.5584149832	0.79296080151011
6563.5834856794	0.80885010353902
6563.6085564713	0.82119453211441
6563.6336273605	0.83364213053173
6563.658698344	0.84622820100245
6563.6837694232	0.85855918030431
6563.7088405981	0.87051194432029
6563.7339118689	0.87794108314197
6563.7589832354	0.8840026204824
6563.7840546976	0.88608815113062
6563.8091262556	0.887706249017
6563.8341979094	0.89066731750279
6563.859269659	0.89296751716369
6563.8843415043	0.89112985470968
6563.9094134454	0.88977780846346
6563.9344854823	0.88956659921392
6563.9595576149	0.88751175874745
6563.9846298433	0.88470712167414
6564.0097021674	0.88707947286403
6564.0347745874	0.89027120446264
6564.0598471031	0.8942918329701
6564.0849197145	0.89925502830113
6564.1099924218	0.9077219711863
6564.1350652263	0.91530171691286
6564.160138125	0.92161138369978
6564.1852111196	0.92775887339293
6564.2102842099	0.93441078630838
6564.235357396	0.93931219176895
6564.2604306779	0.94452316487233
6564.2855040555	0.94733282619191
6564.3105775289	0.94798596789984
6564.3356510981	0.94914698156504
6564.360724763	0.95107291155562
6564.3857985237	0.95342509624391
6564.4108723802	0.95557633664665
6564.4359463325	0.95633769481565
6564.4610203805	0.95635255612148
6564.4860945244	0.95476604877343
6564.5111687639	0.951717400552
6564.5362430993	0.94830824498642
6564.5613175305	0.949928655912
6564.5863920574	0.9532035198179
6564.6114666816	0.95719238774159
6564.6365414001	0.9612673906156
6564.6616162143	0.96827722902429
6564.6866911244	0.97478545327718
6564.7117661302	0.97954313270813
6564.7368412318	0.98148324698393
6564.7619164291	0.98065000497407
6564.7869917223	0.98082824145552
6564.8120671112	0.98145551111667
6564.8371425959	0.9825364107225
6564.8622181764	0.98368487377558
6564.8872938526	0.97767031910201
6564.9123696247	0.97249813291342
6564.9374454925	0.97226329902057
6564.9625214561	0.97132500036078
6564.9875975155	0.96940493579829
6565.0126736707	0.96772301710321
6565.0377499217	0.96643802943962
6565.0628262684	0.96607923552598
6565.0879027124	0.96566808651522
6565.1129792507	0.96469963422522
6565.1380558848	0.96406842759475
6565.1631326147	0.96338130787438
6565.1882094404	0.96231161317651
6565.2132863618	0.95852024491968
6565.2383633791	0.95391099682648
6565.2634404921	0.94845830788071
6565.2885177009	0.94267410401028
6565.3135950055	0.93604213921118
6565.3386724059	0.92897588542682
6565.363749902	0.92184303735391
6565.388827494	0.9176771470579
6565.4139051817	0.91386868217374
6565.4389829653	0.90869818283787
6565.4640608446	0.90506784252543
6565.4891388197	0.90540266143978
6565.5142168906	0.90706135465059
6565.5392950573	0.91354537759583
6565.5643733213	0.92185032032904
6565.5894516796	0.93144457188918
6565.6145301336	0.94167224157078
6565.6396086835	0.95075711301409
6565.6646873291	0.9579686379638
6565.6897660706	0.966059132331
6565.7148449078	0.96587642028532
6565.7399238409	0.96403904723371
6565.7650028697	0.96017477210061
6565.7900819943	0.95579482176909
6565.8151612147	0.94696741960611
6565.8402405309	0.94112832276307
6565.8653199429	0.93866583711205
6565.8903994507	0.9375090634039
6565.9154790543	0.93732780296288
6565.9405587537	0.93993525475015
6565.9656385489	0.94315720937326
6565.9907184398	0.94462383726491
6566.0157984266	0.94718975462164
6566.0408785092	0.95352604752515
6566.0659586891	0.95795129719995
6566.0910389632	0.95949627712426
6566.1161193332	0.96038980610197
6566.141199799	0.960256333753
6566.1662803605	0.9606056604629
6566.1913610179	0.96129632159413
6566.2164417711	0.96314220754811
6566.24152262	0.96510427524099
6566.2666035648	0.95798791587208
6566.2916846054	0.95238529028213
6566.3167657417	0.95497445062342
6566.3418469739	0.95933812440899
6566.3669283019	0.96449432129169
6566.3920097257	0.96487071397792
6566.4170912453	0.96170716290765
6566.4421728606	0.96262294705211
6566.4672545718	0.96470533884751
6566.4923363788	0.96074763808193
6566.5174182816	0.9558025711811
6566.5425002817	0.95682816011471
6566.5675823761	0.95770228300072
6566.5926645664	0.95597354387892
6566.6177468524	0.95356591676207
6566.6428292342	0.95074326847941
6566.6679117118	0.94937750092101
6566.6929942853	0.94859941699139
6566.7180769545	0.95075439602323
6566.7431597196	0.95506092104275
6566.7682425804	0.9576472874224
6566.7933255371	0.95948810037133
6566.8184085896	0.95628190703792
6566.8434917379	0.95356712287575
6566.868574982	0.95606649379395
6566.8936583219	0.95913076009542
6566.9187417576	0.95793589101605
6566.9438252891	0.95586668502061
6566.9689089165	0.95644181299588
6566.9939926396	0.9570415586437
6567.0190764601	0.96031697520917
6567.0441603749	0.96449526795265
6567.0692443855	0.96572315462339
6567.0943284919	0.96639419385587
6567.1194126941	0.96832707246718
6567.1444969921	0.96945053695055
6567.1695813859	0.96621186140118
6567.1946658756	0.96221325393962
6567.2197504611	0.96045568565958
6567.2448351424	0.96014841420972
6567.2699199195	0.95809939844069
6567.2950047924	0.95507336336012
6567.3200897611	0.95086994081676
6567.3451748257	0.94727331855491
6567.370259986	0.94970194735945
6567.3953452422	0.95382967172472
6567.4204305942	0.95507180316457
6567.445516042	0.95539778860384
6567.4706015857	0.95578758168014
6567.4956872251	0.95596696108779
6567.5207729619	0.95756667999581
6567.545858793	0.96064593421238
6567.5709447199	0.96296628767628
6567.5960307427	0.96472693315237
6567.6211168612	0.96580955586795
6567.6462030756	0.96578361303431
6567.6712893858	0.96831116142871
6567.6963757918	0.97184838667841
6567.7214622937	0.97124131598064
6567.7465488913	0.96786494800866
6567.7716355848	0.96646433274162
6567.7967223741	0.96558607359805
6567.8218092593	0.96450130722837
6567.8468962402	0.96382704775436
6567.871983317	0.96249474568944
6567.8970704896	0.9606717875589
6567.922157758	0.96034590165139
6567.9472451223	0.9610041742932
6567.9723325824	0.9617740373024
6567.9974201398	0.96300619329917
6568.0225077915	0.96303127384574
6568.0475955391	0.96118609971572
6568.0726833825	0.95841411282793
6568.0977713217	0.95506206522515
6568.1228593568	0.95413596461155
6568.1479474876	0.95857214573632
6568.1730357143	0.96149951688837
6568.1981240369	0.9596167751007
6568.2232124552	0.95779291938175
6568.2483009694	0.95652527454364
6568.2733895794	0.95659746084985
6568.2984782853	0.95666894287759
6568.323567087	0.95526506837257
6568.3486559845	0.95487508107731
6568.3737449778	0.95593237299601
6568.398834067	0.9590198921897
6568.423923252	0.96107078120327
6568.4490125328	0.9615449257883
6568.474101911	0.96170756363992
6568.4991913835	0.95829909620733
6568.5242809519	0.95675079135774
6568.5493706161	0.95917966532999
6568.5744603761	0.95962376674568
6568.5995502319	0.95925117867183
6568.6246401836	0.9595868108413
6568.6497302311	0.9584301275642
6568.6748203745	0.95810436776297
6568.6999106137	0.95834152466665
6568.7250009487	0.95756304761192
6568.7500913795	0.95620990043703
6568.7751819062	0.95480501638227
6568.8002725288	0.95465011782767
6568.8253632472	0.95463493474899
6568.8504540614	0.94759819330989
6568.8755449714	0.93926639268591
6568.9006359773	0.93061589738544
6568.9257270791	0.92244237271659
6568.9508182781	0.91647440652567
6568.9759095715	0.91047556447031
6569.0010009608	0.90450604146701
6569.0260924459	0.89882225692804
6569.0511840268	0.87970645097699
6569.0762757036	0.85689727885044
6569.1013674762	0.82986892871024
6569.1264593447	0.8008438477103
6569.151551309	0.77607903418171
6569.1766433691	0.7534554450739
6569.2017355251	0.74910455973616
6569.226827777	0.75329225690106
6569.2519201246	0.77336887636166
6569.2770125682	0.80235155858617
6569.3021051075	0.83494050018507
6569.3271977428	0.86838376764072
6569.3522904738	0.89188285956936
6569.3773833007	0.90992291495125
6569.4024762235	0.92508903581237
6569.4275692421	0.93797808173829
6569.452662358	0.94897293973985
6569.4777555683	0.95797306745759
6569.5028488745	0.96299908184261
6569.5279422765	0.96439764229329
6569.5530357743	0.96358641122039
6569.578129368	0.96079405571213
6569.6032230576	0.95850225179339
6569.6283168429	0.9566988574802
6569.6534107242	0.95631134368327
6569.6785047013	0.9561341383758
6569.7035987742	0.95464653733108
6569.728692943	0.9529042526676
6569.7537872077	0.95004382353303
6569.7788815681	0.94494362176634
6569.8039760245	0.93806137279684
6569.8290705767	0.93044849939559
6569.8541652248	0.92648886045815
6569.8792599687	0.92655665994599
6569.9043548084	0.92642910693616
6569.9294497456	0.92759304516215
6569.954544777	0.9278370439947
6569.9796399044	0.92825618670625
6570.0047351275	0.93006447118356
6570.0298304466	0.93245937408832
6570.0549258615	0.93457709991388
6570.0800213722	0.938540052379
6570.1051169788	0.94322077702729
6570.1302126813	0.94694567755629
6570.1553084796	0.94925901645246
6570.1804043738	0.94715128696615
6570.2055003638	0.94536841805837
6570.2305964497	0.94697100439846
6570.2556926315	0.94934440116244
6570.2807889091	0.95271318185972
6570.3058852826	0.95504071964356
6570.3309817519	0.95570622956886
6570.3560783171	0.95569015542933
6570.3811749782	0.95451565077484
6570.4062717366	0.95286221977155
6570.4313685894	0.94829989633188
6570.456465538	0.94413504844794
6570.4815625825	0.93653645484617
6570.5066597229	0.92922904182317
6570.5317569591	0.92588300349411
6570.5568542912	0.92220851277267
6570.5819517192	0.91595329759934
6570.607049243	0.90973600527713
6570.6321468627	0.90477884226874
6570.6572445782	0.89986896812555
6570.6823423896	0.89729905358374
6570.7074402969	0.89442734422351
6570.7325383001	0.89646611090406
6570.7576363991	0.89876936842719
6570.782734594	0.90276116237616
6570.8078328847	0.90711731742329
6570.8329312713	0.91333035104271
6570.8580297538	0.9191451340948
6570.8831283322	0.92506152782779
6570.9082270079	0.93011436778846
6570.933325778	0.93240990826311
6570.9584246439	0.93432046822016
6570.9835236058	0.92949110637212
6571.0086226635	0.92398229534162
6571.033721817	0.91922781056338
6571.0588210665	0.91494731297649
6571.0839204118	0.91075666435529
6571.109019853	0.90740354400574
6571.13411939	0.90915060348826
6571.1592190229	0.91248902056581
6571.1843187517	0.92130364553664
6571.2094185764	0.931127431331
6571.2345184969	0.94048201759438
6571.2596185134	0.94881226317336
6571.2847186256	0.95431228766665
6571.3098188338	0.96027672864256
6571.3349191379	0.96221327911647
6571.3600195378	0.96185912055775
6571.3851200351	0.96254164095775
6571.4102206267	0.96443258940278
6571.4353213143	0.96355273020672
6571.4604220977	0.96087794927268
6571.485522977	0.95936356142643
6571.5106239522	0.95943003498427
6571.5357250232	0.96242050580804
6571.5608261902	0.96475074153763
6571.585927453	0.96530516294053
6571.6110288117	0.96745033129389
6571.6361302662	0.96877651975341
6571.6612318167	0.96711004020935
6571.686333463	0.96818963092514
6571.7114352052	0.97144590791931
6571.7365370433	0.97174762049672
6571.7616389773	0.97075398200284
6571.7867410071	0.96787742849927
6571.8118431328	0.96351652756156
6571.8369453545	0.96037772673424
6571.8620476735	0.95792173953992
6571.8871500868	0.96073838570951
6571.9122525961	0.96885841481193
6571.9373552012	0.97197900078071
6571.9624579023	0.96979333026131
6571.9875606992	0.96912152896742
6572.012663592	0.96867581709801
6572.0377665807	0.96697982828897
6572.0628696652	0.96551591323221
6572.0879728457	0.96427700902409
6572.113076122	0.96322730472402
6572.1381794943	0.95910613824535
6572.1632829624	0.9527694488022
6572.1883865264	0.94801654197352
6572.2134901863	0.94455042636734
6572.238593942	0.94260369567963
6572.2636977937	0.94206489363956
6572.2888017413	0.94101266401021
6572.3139057847	0.93938230808243
6572.339009924	0.93864218724586
6572.3641141608	0.93936337757016
6572.3892184919	0.9383024546673
6572.4143229189	0.93382329105827
6572.4394274418	0.93116244364983
6572.4645320606	0.93072072319584
6572.4896367752	0.93140808589922
6572.5147415858	0.93393851319651
6572.5398464923	0.93347263631686
6572.5649514946	0.92962637183832
6572.5900565929	0.92490100068269
6572.615161787	0.9147906032102
6572.640267077	0.90005505750768
6572.665372463	0.87091384014053
6572.6904779448	0.84190188910582
6572.7155835225	0.81489381191401
6572.7406891961	0.78773405865642
6572.7657949656	0.77018293535398
6572.790900831	0.75844919600199
6572.8160067923	0.7666709918014
6572.841112851	0.78066845643756
6572.8662190041	0.80886814296294
6572.8913252531	0.83619851402147
6572.916431598	0.86019456004567
6572.9415380388	0.88419140719932
6572.9666445755	0.90456341487617
6572.9917512081	0.92494394782737
6573.0168579366	0.94332938375008
6573.041964761	0.95888698490378
6573.0670716812	0.96029439658862
6573.0921786974	0.96180651713355
6573.1172858095	0.96254728041505
6573.1423930175	0.96174269992657
6573.1675003214	0.96296327204569
6573.1926077212	0.96510486640612
6573.2177152169	0.96306073135193
6573.2428228085	0.96070217013263
6573.267930496	0.95987400389995
6573.2930382794	0.96022003602811
6573.3181461602	0.96094026164019
6573.3432541354	0.96256556359322
6573.3683622065	0.96694944138125
6573.3934703735	0.97245682081157
6573.4185786364	0.9778113765604
6573.4436869953	0.98228277732332
6573.46879545	0.98213007803561
6573.4939040007	0.98026488937733
6573.5190126472	0.97881538740867
6573.5441213897	0.97490311655659
6573.569230228	0.97337923666217
6573.5943391623	0.9726657011483
6573.6194481925	0.9687381638901
6573.6445573186	0.96474362174224
6573.6696665406	0.95806321380729
6573.6947758585	0.95359137155762
6573.7198852723	0.9545148450404
6573.744994782	0.95505938672665
6573.7701043876	0.95649975213605
6573.7952140907	0.95697455149416
6573.8203238881	0.95315603998326
6573.8454337815	0.94962257399173
6573.8705437708	0.94963700707756
6573.895653856	0.95005104602568
6573.9207640371	0.95086652327215
6573.9458743141	0.95163624653961
6573.970984687	0.94902347491211
6573.9960951559	0.94487376516633
6574.0212057206	0.93051318757468
6574.0463163813	0.91626902534882
6574.0714271379	0.89631775379354
6574.0965379904	0.87331963395536
6574.1216489388	0.83919489126662
6574.1467599832	0.80327945392599
6574.1718711234	0.77662561460645
6574.1969823596	0.75260180950749
6574.2220936916	0.75339515907105
6574.2472051196	0.76117917399588
6574.2723166436	0.78646411777947
6574.2974282649	0.81709646430262
6574.3225399807	0.84910408289323
6574.3476517923	0.87946866715808
6574.3727636999	0.90441626563551
6574.3978757034	0.92774053300132
6574.4229878029	0.93924633970556
6574.4480999982	0.94705147822564
6574.4732122895	0.95220778708792
6574.4983246767	0.95642574621302
6574.5234371598	0.95533143487866
6574.5485497388	0.95132000466677
6574.5736624138	0.94876161598186
6574.5987751847	0.94811900103235
6574.6238880515	0.94650213982966
6574.6490010142	0.94604204193801
6574.6741140729	0.9471463179509
6574.6992272274	0.94846893328282
6574.7243404779	0.94874989180991
6574.7494538244	0.94715939538524
6574.7745672682	0.94413681782507
6574.7996808065	0.93974428413107
6574.8247944407	0.92491032888012
6574.8499081708	0.90538672088235
6574.8750219969	0.87593785197079
6574.9001359188	0.84205659607286
6574.9252499368	0.8065940531644
6574.9503640506	0.77147457517481
6574.9754782603	0.74767952681339
6575.000592566	0.7316767303
6575.0257069676	0.73016683208177
6575.0508214652	0.7360476112408
6575.0759360587	0.7541336778073
6575.1010507481	0.77962488677304
6575.1261655334	0.80239664677821
6575.1512804147	0.82239213893525
6575.1763953919	0.83845352733408
6575.201510465	0.85291409326833
6575.2266256341	0.86812916595851
6575.2517409006	0.8830069355956
6575.2768562615	0.89771208350559
6575.3019717183	0.91391620578789
6575.3270872711	0.93089726165614
6575.3522029199	0.94676101669123
6575.3773186645	0.96206769264561
6575.4024345051	0.97707262669058
6575.4275504416	0.98681365943889
6575.4526664741	0.99110544871952
6575.4777826025	0.99480168861861
6575.5028988268	0.99549282703437
6575.5280151471	0.99312608958306
6575.5531315633	0.99064832609771
6575.5782480754	0.98556801009828
6575.6033646835	0.97784816481718
6575.6284813875	0.9724991879154
6575.6535981875	0.97035665775856
6575.6787150834	0.96762539960342
6575.7038320752	0.9647256232202
6575.7289491629	0.96067433069492
6575.7540663482	0.95540126039304
6575.7791836278	0.95089704345889
6575.8043010034	0.94737086233833
6575.8294184749	0.94449995660125
6575.8545360424	0.94212228310466
6575.8796537058	0.94148130332859
6575.9047714652	0.94146703750727
6575.9298893204	0.94189670458327
6575.9550072717	0.94471126860355
6575.9801253189	0.94727119234691
6576.005243462	0.94969435577074
6576.030361701	0.95030719258993
6576.055480036	0.94778215638488
6576.080598467	0.94381885460415
6576.1057169939	0.93870195534103
6576.1308356167	0.93616095505393
6576.1559543355	0.93517017044951
6576.1810731502	0.93404183668658
6576.2061920609	0.92987888780645
6576.2313110691	0.92911251535252
6576.2564301716	0.93285067549955
6576.2815493701	0.93495191883595
6576.3066686646	0.937601627634
6576.331788055	0.93642019911173
6576.3569075414	0.93263581875114
6576.3820271237	0.92917025204774
6576.4071468019	0.92888260900448
6576.4322665761	0.92883661729729
6576.4573864463	0.92691645831801
6576.4825064124	0.92659336517069
6576.5076264745	0.92705761968078
6576.5327466325	0.92739827265467
6576.5578668864	0.92684845904138
6576.5829872363	0.92756153611371
6576.6081076822	0.93173937453462
6576.633228224	0.93639187825673
6576.6583488618	0.94079635909785
6576.6834695955	0.942847531907
6576.7085904267	0.94090495679401
6576.7337113523	0.93859956689303
6576.7588323739	0.93598646073589
6576.7839534914	0.93250491494159
6576.8090747049	0.92727289176122
6576.8341960143	0.92361609943694
6576.8593174197	0.9221286535178
6576.8844389211	0.92121070100412
6576.9095605184	0.92326871443684
6576.9346822116	0.92712554353573
6576.9598040009	0.93201738599693
6576.984925886	0.93721113597026
6577.0100478672	0.94142855963624
6577.0351699443	0.94514611770436
6577.0602921173	0.95135618286961
6577.0854143863	0.9572312549866
6577.1105367513	0.96041510426646
6577.1356592122	0.96206924754093
6577.1607817691	0.95976691048156
6577.1859044235	0.95528793627005
6577.2110271723	0.95091112573378
6577.2361500171	0.95129265742987
6577.2612729578	0.95576500152421
6577.2863959945	0.95689682546105
6577.3115191272	0.95603975319064
6577.3366423558	0.95547003997077
6577.3617656804	0.95332117387996
6577.3868891009	0.95311983037533
6577.4120126174	0.95595137996097
6577.4371362299	0.95627752070951
6577.4622599383	0.9526276766589
6577.4873837427	0.9502863764741
6577.5125076431	0.94966246979862
6577.5376316394	0.9488072309562
6577.5627557317	0.94538295268202
6577.58787992	0.94173243992733
6577.6130042042	0.94092751617692
6577.6381285844	0.94114697979468
6577.6632530606	0.94468888177444
6577.6883776342	0.94884433920079
6577.7135023023	0.95280706935513
6577.7386270664	0.95543336395768
6577.7637519264	0.95404421910908
6577.7888768824	0.95423366658988
6577.8140019344	0.9587171571413
6577.8391270823	0.96122436830586
6577.8642523262	0.96120447303176
6577.8893776661	0.96129623866952
6577.914503102	0.95848605810728
6577.9396286338	0.95393267731451
6577.9647542616	0.94995716156782
6577.9898799853	0.9489368450967
6578.0150058051	0.94887035310839
6578.0401317208	0.94846500585395
6578.0652577325	0.9489561118308
6578.0903838401	0.94883575687834
6578.1155100438	0.94989297019314
6578.1406363434	0.95051354529726
6578.1657627405	0.94807474729133
6578.190889232	0.94658231193129
6578.2160158196	0.94775882089153
6578.2411425031	0.94934391512295
6578.2662692826	0.95218584642098
6578.291396158	0.95243105118029
6578.3165231294	0.94681885086978
6578.3416501969	0.94432572706276
6578.3667773603	0.94639336415991
6578.3919046196	0.94765737400223
6578.417031975	0.95001859650401
6578.4421594263	0.95168142322649
6578.4672869736	0.95090310534209
6578.4924146169	0.95005484775461
6578.5175423561	0.94892969649062
6578.5426701914	0.94802264451961
6578.5677981226	0.94670133705608
6578.5929261498	0.9435602527778
6578.618054273	0.934598385587
6578.6431824937	0.92673945096096
6578.6683108088	0.92582543318063
6578.6934392199	0.92672099586247
6578.7185677271	0.92701986000687
6578.7436963302	0.92500938041463
6578.7688250292	0.92134577991743
6578.7939538243	0.91925814896749
6578.8190827153	0.91884064896039
6578.8442117024	0.91820876329339
6578.8693407854	0.91973635499179
6578.8944699644	0.92137559811091
6578.9195992394	0.92154436932261
6578.9447286103	0.92244710758022
6578.9698580773	0.92632528217545
6578.9949876402	0.93006037077688
6579.0201172992	0.93419466168198
6579.0452470541	0.93810227192665
6579.070376905	0.9388718457278
6579.0955068519	0.93845776212558
6579.1206368948	0.93476202241203
6579.1457670352	0.93136715922728
6579.17089727	0.93178277079785
6579.1960276009	0.93179542217249
6579.2211580277	0.92913700867752
6579.2462885505	0.92710272432824
6579.2714191693	0.92622992550005
6579.2965498842	0.92505196325889
6579.321680695	0.9231168053524
6579.3468116017	0.92097543356836
6579.3719426045	0.9185493062404
6579.3970737033	0.91837811907381
6579.4222048981	0.92439665287122
6579.4473361888	0.92876052445505
6579.4724675756	0.92845030513941
6579.4975990584	0.92926303992649
6579.5227306371	0.93294348063864
6579.5478623118	0.93560903764585
6579.5729940826	0.93535016060655
6579.5981259493	0.93564024805081
6579.6232579135	0.93814385217578
6579.6483899723	0.94028035941288
6579.673522127	0.93852284124861
6579.6986543777	0.93538203761429
6579.7237867244	0.93317894082864
6579.7489191671	0.9327243714255
6579.7740517058	0.93127596985344
6579.7991843405	0.92783139171407
6579.8243170712	0.92264207596173
6579.8494498979	0.91850190964093
6579.8745828206	0.91578164885487
6579.8997158394	0.9131462592011
6579.9248489541	0.91304127033447
6579.9499821648	0.91340857581826
6579.9751154715	0.91311105230604
6580.0002488742	0.91240834729703
6580.0253823729	0.91091963879509
6580.0505159676	0.90897014197017
6580.0756496583	0.90656486336147
6580.1007834465	0.90263320838185
6580.1259173292	0.89436955191869
6580.151051308	0.88692451350947
6580.1761853827	0.88031250466186
6580.2013195534	0.87550039457521
6580.2264538201	0.87723741538182
6580.2515881829	0.88097846971282
6580.2767226416	0.89163044433495
6580.3018571964	0.90195781791525
6580.3269918471	0.90904060233449
6580.3521265939	0.91517421572797
6580.3772614367	0.92080305582532
6580.4023963754	0.92748802124358
6580.4275314102	0.93703435111679
6580.452666541	0.94308284389395
6580.4778017678	0.93601244745199
6580.5029370906	0.93126320810028
6580.5280725094	0.93543513876638
6580.5532080242	0.93811045868479
6580.5783436351	0.93592086361706
6580.6034793434	0.93318091713974
6580.6286151463	0.92890218300263
6580.6537510452	0.92458853761577
6580.67888704	0.92115732437326
6580.7040231309	0.91887057717536
6580.7291593178	0.91360801478144
6580.7542956007	0.90693199235486
6580.7794319797	0.90181350122451
6580.8045684546	0.89672521504861
6580.8297050255	0.88962298191031
6580.8548416925	0.88305121311271
6580.8799784555	0.87952191315691
6580.9051153145	0.8759468292263
6580.9302522695	0.87264324568009
6580.9553893205	0.86873490483699
6580.9805264676	0.86145556047793
6581.0056637106	0.8523208645604
6581.0308010497	0.83961133356433
6581.0559384848	0.82459887145429
6581.0810760174	0.80262867831992
6581.1062136445	0.78099676444566
6581.1313513676	0.76072003036003
6581.1564891868	0.74520413902725
6581.181627102	0.74077216428582
6581.2067651132	0.74264956177924
6581.2319032204	0.76188169592714
6581.2570414236	0.7846041631318
6581.2821797229	0.81360680111875
6581.3073181181	0.84136605799672
6581.3324566094	0.86696345265835
6581.3575951967	0.8893672041865
6581.3827338801	0.90275132200052
6581.4078726594	0.91286420162103
6581.4330115348	0.91613849958347
6581.4581505062	0.91779939816708
6581.4832895737	0.9171402364397
6581.5084287371	0.91628406732269
6581.5335679966	0.91645136073808
6581.5587073536	0.9161441350336
6581.5838468051	0.91494493541685
6581.6089863527	0.91332141623148
6581.6341259962	0.91023702258406
6581.6592657358	0.90883447600471
6581.6844055714	0.91170037606895
6581.7095455031	0.91488614551328
6581.7346855308	0.91440940713624
6581.7598256545	0.91228504074398
6581.7849658742	0.91050337927497
6581.8101061899	0.91119591382029
6581.8352466017	0.91311514043994
6581.8603871095	0.91522373765935
6581.8855277134	0.91894794546409
6581.9106684133	0.91947188799943
6581.9358092092	0.91643935656597
6581.9609501011	0.91284728282195
6581.986091089	0.90760485820378
6582.011232173	0.90249175689712
6582.0363733546	0.8962006287752
6582.0615146306	0.89442986294906
6582.0866560027	0.89787963388281
6582.1117974708	0.90005324387517
6582.136939035	0.90201758002779
6582.1620806951	0.90703635967959
6582.1872224514	0.91495375088108
6582.2123643036	0.92088376760101
6582.2375062519	0.92642450886537
6582.2626482962	0.92803203204389
6582.2877904366	0.92330364735412
6582.3129326729	0.92053411242182
6582.3380750054	0.9211031176232
6582.3632174338	0.92059308261072
6582.3883599583	0.92001688588462
6582.4135025788	0.92068626005458
6582.4386452954	0.91161384676652
6582.463788108	0.90638384544567
6582.4889310166	0.90390725233009
6582.5140740213	0.9016406675226
6582.5392171235	0.90584231564987
6582.5643603203	0.90904873962616
6582.5895036131	0.90599960774467
6582.6146470019	0.89770291436237
6582.6397904868	0.89336189190988
6582.6649340677	0.89035246424178
6582.6900777447	0.8822614065423
6582.7152215177	0.88324973890511
6582.7403653867	0.88767541479337
6582.7655093518	0.88980761665029
6582.7906534129	0.88717542334044
6582.8157975701	0.885991731877
6582.8409418233	0.88713349795008
6582.8660861725	0.8890896206298
6582.8912306178	0.89439821004212
6582.9163751591	0.89833955343571
6582.9415197965	0.89713254491472
6582.9666645299	0.90127232098443
6582.9918093594	0.90919272584846
6583.0169542864	0.91243714950485
6583.042099308	0.90983465952563
6583.0672444256	0.90633705414915
6583.0923896392	0.90729801393026
6583.1175349489	0.90325381269697
6583.1426803547	0.89977242771519
6583.1678258565	0.89493838476977
6583.1929714543	0.88783618035785
6583.2181171482	0.8867222846117
6583.2432629381	0.89252775905559
6583.2684088241	0.89904087810539
6583.2935548061	0.90187145574902
6583.3187008842	0.89828812632476
6583.3438470584	0.90204709836333
6583.3689933285	0.90144490942365
6583.3941396948	0.8942524392273
6583.4192861571	0.89145609768629
6583.4444327154	0.88967827063266
6583.4695793698	0.89229945562719
6583.4947261217	0.89204066275437
6583.5198729682	0.88598624427029
6583.5450199108	0.87638845231403
6583.5701669494	0.86521562613383
6583.595314084	0.85689017829841
6583.6204613148	0.84697465677881
6583.6456086415	0.83675762293256
6583.6707560643	0.83363578157468
6583.6959035832	0.82896615162762
6583.7210511981	0.82202181946173
6583.7461989091	0.82424037165396
6583.7713467162	0.8299226307914
6583.7964946192	0.85754577217299
6583.8216426184	0.91303482918969
6583.8467907136	0.9209381091934
6583.8719389049	0.92582070413129
6583.8970871922	0.92559047140964
6583.9222355756	0.93125560785947
6583.947384055	0.94055741306163
6583.9725326305	0.94171275343911
6583.9976813036	0.93871808973963
6584.0228300712	0.93669370085412
6584.0479789349	0.93835655893887
6584.0731278947	0.93658875168702
6584.0982769505	0.93916305876933
6584.1234261023	0.94313071731971
6584.1485753503	0.93925655768982
6584.1737246942	0.93746401843095
6584.1988741343	0.93075969516683
6584.2240236704	0.92252103918613
6584.2491733026	0.92797405927223
6584.2743230308	0.94036927112498
