6546.3914599029	0.90035754743141
6546.4164650283	0.93332194910781
6546.4414702477	0.95827537751437
6546.4664755626	0.97772480810579
6546.491480973	0.98842498202745
6546.5164864789	0.99537870799936
6546.5414920803	0.99905151679177
6546.5664977773	1.0039549963509
6546.5915035697	1.0042472061293
6546.6165094577	1.0020708819429
6546.6415154412	1.0005332108255
6546.6665215202	1.0015738891077
6546.6915276947	1.0035899973869
6546.7165339647	1.0032548388336
6546.7415403303	0.99935920180127
6546.7665467914	0.99838317231913
6546.7915533479	0.99916871851017
6546.81656	0.99815222370599
6546.8415667477	0.99700440026301
6546.8665735908	0.99331688721962
6546.8915805309	0.98727059129918
6546.9165875651	0.98596598558371
6546.9415946948	0.98560986261207
6546.96660192	0.98428330625385
6546.9916092408	0.98158542456998
6547.016616657	0.98167416699951
6547.0416241688	0.98333214157117
6547.0666317761	0.97992799871123
6547.0916394789	0.97441351624202
6547.1166472772	0.96794601276718
6547.1416551711	0.96525539305187
6547.1666631604	0.96425611887687
6547.1916712453	0.96291717221093
6547.2166794258	0.96158114385313
6547.2416877017	0.96116379123074
6547.2666960732	0.95864672942654
6547.2917045402	0.95695655635998
6547.3167131027	0.95705528746093
6547.3417217607	0.9626596149667
6547.3667305158	0.96748967232256
6547.3917393649	0.96824838523684
6547.4167483095	0.97077511442989
6547.4417573497	0.97273552115622
6547.4667664853	0.97287397372225
6547.4917757165	0.96737231001041
6547.5167850433	0.96309349232458
6547.5417944655	0.96044596062919
6547.5668039833	0.96108095932111
6547.5918135966	0.96343700731444
6547.6168233054	0.96648689006639
6547.6418331098	0.97151375641196
6547.6668430097	0.97696774875244
6547.6918530051	0.9797233254664
6547.7168630961	0.98201461020188
6547.7418732826	0.98463605389958
6547.7668835646	0.98452121140264
6547.7918939421	0.98384603068463
6547.8169044152	0.98214418249021
6547.8419149838	0.98152116517963
6547.8669256495	0.98614414469264
6547.8919364092	0.98967213151351
6547.9169472644	0.98896529870414
6547.9419582151	0.98716111362312
6547.9669692614	0.98305228677826
6547.9919804032	0.96948640937348
6548.0169916406	0.95257666446859
6548.0420029734	0.93864505376644
6548.0670144019	0.92725499125283
6548.0920259258	0.92281892401807
6548.1170375453	0.9202066993704
6548.1420492603	0.93216187386093
6548.1670610709	0.94512005612929
6548.192072977	0.95727057906758
6548.2170849786	0.96721480970342
6548.2420970758	0.97448689126473
6548.2671092685	0.98276177072214
6548.2921215568	0.99012896683335
6548.3171339406	0.99550648784436
6548.3421464214	0.99890693220529
6548.3671589963	1.003183138264
6548.3921716667	1.0070484348746
6548.4171844326	1.0113652143183
6548.4421972941	1.0160732448246
6548.4672102512	1.0181748771947
6548.4922233037	1.0196291631915
6548.5172364518	1.0209596907661
6548.5422496955	1.0229375596016
6548.5672630347	1.0261647224589
6548.5922764695	1.0270390032987
6548.6172899997	1.0279885603052
6548.6423036256	1.0276950147829
6548.6673173469	1.0257425320733
6548.6923311639	1.0226106716616
6548.7173450763	1.0201466623495
6548.7423590843	1.0192032656181
6548.7673731879	1.0184336513502
6548.792387387	1.0141931156571
6548.8174016831	1.0091735727529
6548.8424160733	1.0046515228415
6548.8674305591	0.99958603440192
6548.8924451404	0.9965320380998
6548.9174598172	0.99350997462575
6548.9424745896	0.99072984839876
6548.9674894575	0.98948974899827
6548.992504421	0.99327549313528
6549.01751948	0.99878729215325
6549.0425346346	1.0056909193303
6549.0675498847	1.0144135498983
6549.0925652304	1.0266340351879
6549.1175806717	1.0350375248278
6549.1425962084	1.0407909416368
6549.1676118408	1.045597761593
6549.1926275686	1.0486082756494
6549.2176433921	1.0512744574644
6549.2426593111	1.0512579572848
6549.2676753256	1.0496731660648
6549.2926914357	1.0452601867816
6549.3177076429	1.036979895816
6549.3427239441	1.0275778384139
6549.3677403408	1.023976792138
6549.3927568331	1.0202911611905
6549.417773421	1.0148459130828
6549.4427901044	1.0104504462978
6549.4678068834	1.0074940297593
6549.4928237579	1.0075190959324
6549.517840728	1.0080461948636
6549.5428577937	1.0074606227636
6549.5678749549	1.0060238070179
6549.5928922116	1.0079079707616
6549.6179095639	1.0113098152865
6549.6429270118	1.0101435393007
6549.6679445553	1.0091349696602
6549.6929621943	1.0085739456214
6549.7179799288	1.0074165535898
6549.7429977589	1.0091643113399
6549.7680156846	1.011954614646
6549.7930337073	1.0141348731663
6549.8180518241	1.0143337702895
6549.8430700365	1.0140365007149
6549.8680883444	1.0136165290424
6549.8931067479	1.0112671014411
6549.9181252469	1.010892365212
6549.9431438416	1.0131541844755
6549.9681625317	1.0172439542589
6549.9931813174	1.0232562257776
6550.0182001987	1.0276111295785
6550.0432191756	1.030804644197
6550.068238248	1.0304151572122
6550.093257416	1.0277694134408
6550.1182766796	1.0176551296775
6550.1432960387	1.0067179348058
6550.1683154934	0.99303999826389
6550.1933350436	0.97836413461558
6550.2183546894	0.96465281941702
6550.2433744308	0.95641662961714
6550.2683942693	0.95397780268647
6550.2934142018	0.95931722023406
6550.3184342299	0.96883551892071
6550.3434543536	0.97814427286193
6550.3684745728	0.98587071882351
6550.3934948876	0.99265633639528
6550.418515298	1.0006956120905
6550.4435358039	1.0042441242747
6550.4685564054	1.0069601797071
6550.4935771025	1.0086309471293
6550.5185978951	1.0109609595811
6550.5436187833	1.0139133478734
6550.5686397671	1.0167635849378
6550.5936608465	1.0200994066382
6550.6186820214	1.021084707292
6550.6437032919	1.019305236741
6550.668724658	1.0149170388464
6550.6937461197	1.0111182326522
6550.7187676769	1.0086584025139
6550.7437893297	1.0054440145996
6550.7688110796	1.0026147921051
6550.7938329236	1.0003378461431
6550.8188548631	0.99640706034974
6550.8438768982	0.99061773754129
6550.8688990289	0.9845114709234
6550.8939212551	0.98325538499815
6550.918943577	0.98849292208646
6550.9439659944	0.99340572961321
6550.9689885074	1.0001059763672
6550.9940111159	1.0052165366649
6551.0190338201	1.0079241201676
6551.0440566198	1.0086063156031
6551.0690795151	1.008749858351
6551.094102506	1.0041843521708
6551.1191255925	1.0012126329657
6551.1441487745	1.0011246304076
6551.1691720521	0.99997111509894
6551.1941954253	0.9994686040606
6551.2192188941	1.0012023414495
6551.24424246	1.0042624839435
6551.2692661199	1.0029557316266
6551.2942898755	0.99707760369264
6551.3193137266	0.9923569688591
6551.3443376733	0.98815736936948
6551.3693617156	0.98354715333825
6551.3943858534	0.97962080326958
6551.4194100869	0.97818774733409
6551.4444344159	0.9767213617103
6551.4694588405	0.9713877365495
6551.4944833607	0.96582231361152
6551.5195079765	0.95910922503603
6551.5445326879	0.9517985322059
6551.5695574949	0.93859327179741
6551.5945823974	0.92580690076689
6551.6196073955	0.91498489589053
6551.6446324893	0.90731453345423
6551.6696576786	0.90437629967977
6551.6946829635	0.90927145615023
6551.7197083455	0.92136488932074
6551.7447338216	0.93679444131215
6551.7697593932	0.95349243144303
6551.7947850605	0.96857295092923
6551.8198108233	0.98424193969758
6551.8448366818	0.99273195444735
6551.8698626358	0.99995977370715
6551.8948886854	1.0025493552669
6551.9199148306	1.0032496000025
6551.9449410714	1.0010122957371
6551.9699674078	0.99744890161611
6551.9949938398	0.98965251844907
6552.0200203674	0.9801526691662
6552.0450469906	0.97102488491795
6552.0700737093	0.96486287285238
6552.0951005237	0.96085419586219
6552.1201274336	0.96289947111579
6552.1451544392	0.96763865404144
6552.1701815403	0.9779218925742
6552.1952087386	0.98748098260929
6552.2202360309	0.99272682227789
6552.2452634189	0.9967454202971
6552.2702909024	0.9958450450968
6552.2953184815	0.99465245444195
6552.3203461562	0.99255145367592
6552.3453739266	0.99031647863563
6552.3704017925	0.9898194326156
6552.395429754	0.99071130235069
6552.4204578111	0.99039779850987
6552.4454859638	0.98920510776931
6552.4705142122	0.98847261010115
6552.4955425561	0.98479436314273
6552.5205709956	0.9805602058876
6552.5455995307	0.98526724518913
6552.5706281614	0.99044109676325
6552.5956568877	0.98859978169138
6552.6206857097	0.98618111162083
6552.6457146272	0.98878749071747
6552.6707436403	0.99075827071798
6552.6957727505	0.99455548859372
6552.7208019549	0.99815340580773
6552.7458312548	1.0004011607358
6552.7708606504	1.0015739673067
6552.7958901415	1.0030654945814
6552.8209197282	1.0024569830231
6552.8459494106	1.0004235482723
6552.8709791886	0.99597498633796
6552.8960090621	0.99174939461073
6552.9210390313	0.99088033466124
6552.9460690961	0.99001578266517
6552.9710992565	0.99145229630164
6552.9961295124	0.99443670963845
6553.021159864	0.9983343704011
6553.0461903112	1.002110698202
6553.0712208541	1.0050184226289
6553.0962514925	1.0073531563602
6553.1212822265	1.0074645322923
6553.1463130562	1.0044062402795
6553.1713439829	1.0023218589014
6553.1963750038	1.0048838315859
6553.2214061203	1.0095895746868
6553.2464373323	1.0192898018376
6553.27146864	1.0269358253018
6553.2965000433	1.0376689212575
6553.3215315423	1.0416967198572
6553.3465631368	1.0379856998904
6553.3715948269	1.0340780094946
6553.3966266127	1.0300950989811
6553.4216584941	1.0264718369045
6553.446690471	1.0219864139309
6553.4717225436	1.0166339659166
6553.4967547118	1.0095265544268
6553.5217869757	1.0087848502302
6553.5468193351	1.0106405227517
6553.5718517902	1.0124094534486
6553.5968843408	1.0137694127232
6553.6219169871	1.0140119627337
6553.6469497306	1.0131155917612
6553.6719825681	1.0099112623767
6553.6970155012	1.0089680513903
6553.72204853	1.0100955098156
6553.7470816544	1.0079017417927
6553.7721148744	1.0022046231282
6553.79714819	0.9980203258741
6553.8221816012	0.99471657810033
6553.8472151081	0.99445968954091
6553.8722487105	0.99390544417301
6553.8972824086	0.99641299013611
6553.9223162023	1.0010682120066
6553.9473500917	0.99984813374991
6553.9723840766	1.0011082770962
6553.9974181572	1.0087636083301
6554.0224523334	1.0140272717182
6554.0474866052	1.0069761766282
6554.0725209727	0.99499420224917
6554.0975554357	0.97278523574222
6554.1225899944	0.94503571029873
6554.1476246503	0.91207914074109
6554.1726594002	0.88834307464294
6554.1976942458	0.86965847117082
6554.222729187	0.86443634941227
6554.2477642238	0.86412565288247
6554.2727993562	0.88425819619253
6554.2978345843	0.90721609938555
6554.322869908	0.93293769446124
6554.3479053273	0.95785266732115
6554.3729408423	0.97612445616012
6554.3979764528	0.99197729042991
6554.423012159	1.0028826366901
6554.4480479609	1.008583082527
6554.4730838583	1.0114191879811
6554.4981198514	1.0130463349129
6554.5231559402	1.0145882826379
6554.5481921245	1.009882923138
6554.5732284045	1.0039409648253
6554.5982647801	1.0031455833911
6554.6233012529	1.0029578201446
6554.6483378197	1.0014665002644
6554.6733744822	0.99949112088651
6554.6984112404	0.99619121816902
6554.7234480941	0.99389052039024
6554.7484850436	0.99031751903291
6554.7735220886	0.98710516742786
6554.7985592293	0.98458756930242
6554.8235964656	0.98508141740513
6554.8486337975	0.9883466365964
6554.8736712251	0.99255456692305
6554.8987087483	0.99478252803209
6554.9237463671	0.99391875491455
6554.9487840816	0.99342143809575
6554.9738218917	0.9903499171541
6554.9988597975	0.98748002966725
6555.0238977989	0.98141212549187
6555.0489358959	0.97583907624674
6555.0739740886	0.97196499167637
6555.0990123784	0.97154992910706
6555.1240507623	0.97576001736444
6555.1490892419	0.98072444044324
6555.1741278171	0.98572056250424
6555.199166488	0.98929498311111
6555.2242052544	0.99243062470833
6555.2492441166	0.99582957978995
6555.2742830744	0.99773494457509
6555.2993221278	0.98642771288296
6555.3243612768	0.9707489702565
6555.3494005215	0.94906994721248
6555.3744398619	0.92937757557866
6555.3994792979	0.91090717384595
6555.4245188295	0.89894792506584
6555.4495584568	0.89304533736384
6555.4745981797	0.89568200883108
6555.4996379982	0.90275480001763
6555.5246779124	0.91587856192047
6555.5497179223	0.93085669559313
6555.5747580293	0.94640314837369
6555.5997982304	0.96288057159176
6555.6248385272	0.97152685450061
6555.6498789196	0.97896212467699
6555.6749194077	0.98138500949752
6555.6999599914	0.98322064884438
6555.7250006708	0.98237691955749
6555.7500414458	0.97893491974309
6555.7750823165	0.97509412050148
6555.8001232828	0.97562851910738
6555.8251643447	0.97779946138476
6555.8502055023	0.97177200485735
6555.8752467556	0.96421404331275
6555.9002881045	0.95369333489546
6555.9253295491	0.94231355690893
6555.9503710893	0.92019916292894
6555.9754127251	0.89840029108033
6556.0004544566	0.87791356162754
6556.0254962838	0.86279679047562
6556.0505382066	0.8576701328112
6556.0755802266	0.86488783223438
6556.1006223407	0.88423468719328
6556.1256645505	0.90692824218346
6556.1507068559	0.93370651077654
6556.175749257	0.9570145549377
6556.2007917537	0.97934387852061
6556.2258343461	0.99320811990371
6556.2508770341	1.0067568222794
6556.2759198178	1.0112973445896
6556.3009626972	1.0128285009125
6556.3260056722	1.0116172169648
6556.3510487428	1.0129824351443
6556.3760919091	1.0160662385986
6556.4011351711	1.0160433011884
6556.4261785287	1.0168041197213
6556.451221982	1.0174108091939
6556.476265531	1.017278518432
6556.5013091756	1.0147021125256
6556.5263529159	1.0116339021309
6556.5513967533	1.0054579031756
6556.5764406849	0.99998127059337
6556.6014847121	0.99114804493973
6556.626528835	0.98119589509378
6556.6515730536	0.96887755556558
6556.6766173678	0.95755818957051
6556.7016617777	0.94822816309844
6556.7267062832	0.94222887690731
6556.7517508845	0.93825847004008
6556.7767955813	0.93669692031209
6556.8018403739	0.93658633603741
6556.8268852621	0.94799268710257
6556.8519302459	0.96213244748363
6556.8769753254	0.97271411889255
6556.9020205006	0.98349545724829
6556.9270657715	0.99324400286724
6556.952111138	1.0021519512718
6556.9771566002	1.0074346134477
6557.002202158	1.0115182297102
6557.0272478131	1.0143843869798
6557.0522935623	1.01629718816
6557.0773394071	1.0176553587484
6557.1023853476	1.0191615141644
6557.1274313838	1.0202367833854
6557.1524775157	1.0191225577571
6557.1775237432	1.016797867721
6557.2025700664	1.0177016068801
6557.2276164852	1.0192027087321
6557.2526629997	1.0199027078099
6557.2777096099	1.0189528721028
6557.3027563158	1.0166133458663
6557.3278031173	1.0158934149566
6557.3528500146	1.0161085416221
6557.3778970074	1.0138610307663
6557.402944096	1.0098482981127
6557.4279912802	1.0050446154403
6557.4530385601	1.0002917275633
6557.4780859357	0.99714949270739
6557.5031334069	0.99403008432546
6557.5281809753	0.99096098429778
6557.5532286379	0.98950381357904
6557.5782763962	0.99414390848767
6557.6033242501	0.99934081223793
6557.6283721997	1.0020265907152
6557.653420245	1.0048682627665
6557.678468386	1.0090898478502
6557.7035166226	1.0104124838412
6557.7285649549	1.0113223883134
6557.7536133829	1.0154390239062
6557.7786619066	1.0196189763929
6557.8037105259	1.0183117009309
6557.8287592409	1.0151642153067
6557.8538080516	1.013967082958
6557.878856958	1.0100167239395
6557.9039059601	0.99904051022242
6557.9289550578	0.99054766857652
6557.9540042512	0.9862057329289
6557.9790535403	0.9792758352965
6558.0041029266	0.96874956314015
6558.0291524071	0.95955400240241
6558.0542019832	0.9521174959379
6558.079251655	0.94667526112538
6558.1043014225	0.94108184397368
6558.1293512857	0.94273296747677
6558.1544012446	0.9442586583944
6558.1794512991	0.95168383086971
6558.2045014494	0.95957771050274
6558.2295516953	0.96893508794257
6558.2546020369	0.9773842134533
6558.2796524742	0.98523516972041
6558.3047030071	0.99312498568465
6558.3297536358	1.0008096824892
6558.3548043601	1.0012274686296
6558.3798551801	0.99870556214136
6558.4049060959	0.99898181575416
6558.4299571072	0.99968476042186
6558.4550082143	0.99959701790744
6558.4800594186	0.99879433476692
6558.5051107171	0.99975362025748
6558.5301621112	1.0028961925114
6558.5552136011	1.006386612364
6558.5802651866	1.0146236639229
6558.6053168678	1.0254117273018
6558.6303686447	1.0308515340829
6558.6554205173	1.0328459822237
6558.6804724856	1.02898865719
6558.7055245495	1.0240013168253
6558.7305767092	1.0166642745408
6558.7556289646	1.0110342158799
6558.7806813156	1.0076232000058
6558.8057337623	1.0031935414985
6558.8307863048	0.99782035363989
6558.8558389429	0.99429207609911
6558.8808916767	0.99354771673554
6558.9059445062	0.9937450640986
6558.9309974314	0.99445842796917
6558.9560504523	0.9962793251826
6558.9811035704	0.99925980836987
6559.0061567827	1.0037989883335
6559.0312100907	1.0105191490326
6559.0562634944	1.0135156147662
6559.0813169938	1.0141973016815
6559.1063705888	1.0117784719458
6559.1314242796	1.0114735926681
6559.1564780661	1.0129014800438
6559.1815319482	1.0140879424453
6559.2065859261	1.0152507622107
6559.2316399996	1.0145570173551
6559.2566941689	1.0138372295369
6559.2817484338	1.0100225603612
6559.3068027945	1.0043948532469
6559.3318572509	1.0041727245474
6559.3569118029	1.004480400523
6559.3819664507	0.99394428688057
6559.4070211941	0.98127222484651
6559.4320760333	0.9646343733443
6559.4571309696	0.94680846448132
6559.4821860002	0.92646026585271
6559.5072411265	0.90990739059519
6559.5322963484	0.89617508954327
6559.5573516661	0.89418995892652
6559.5824070795	0.8971452675499
6559.6074625885	0.9110767662566
6559.6325181933	0.92698814434802
6559.6575738938	0.93514345905558
6559.68262969	0.94334998080112
6559.7076855819	0.9506879046314
6559.7327415695	0.95739826772757
6559.7577976528	0.96335642808974
6559.7828538318	0.9719078771006
6559.8079101065	0.98135183784928
6559.8329664769	0.98464227640228
6559.8580229431	0.98510389905885
6559.8830795049	0.98775888922019
6559.9081361625	0.99138870838147
6559.9331929172	0.99481023197604
6559.9582497662	0.99884802494691
6559.9833067109	0.99874036223474
6560.0083637512	0.9985729185458
6560.0334208873	0.99954087263095
6560.0584781191	0.99764283809841
6560.0835354467	0.99067985095843
6560.1085928699	0.98463780583903
6560.1336503888	0.97948360438243
6560.1587080035	0.97314483936667
6560.1837657138	0.96712555651453
6560.2088235199	0.9620987351028
6560.2338814217	0.95732941865473
6560.2589394192	0.95669661392036
6560.2839975124	0.95701610998251
6560.3090557013	0.96250176007762
6560.334113986	0.96702758723122
6560.3591723663	0.96920568891745
6560.3842308424	0.97010818294307
6560.4092894157	0.96791943120687
6560.4343480832	0.95936006536389
6560.4594068464	0.94829020255866
6560.4844657053	0.93478756504656
6560.50952466	0.92033191329742
6560.5345837103	0.90862395768295
6560.5596428564	0.89795909786263
6560.5847020982	0.89806827040886
6560.6097614358	0.90055661587103
6560.634820869	0.90971694357035
6560.659880398	0.92189012995969
6560.6849400226	0.93525694195259
6560.709999743	0.94549517641925
6560.7350595592	0.95481620983824
6560.760119471	0.96422868536737
6560.7851794785	0.97302990974689
6560.8102395818	0.97709911671388
6560.8352997808	0.98013715814238
6560.8603600756	0.98406769268842
6560.885420466	0.98875541655699
6560.9104809537	0.9909962872622
6560.9355415356	0.99144998514944
6560.9606022132	0.99049297328726
6560.9856629865	0.99149741285473
6561.0107238556	0.99254104891118
6561.0357848204	0.99435921944389
6561.0608458809	0.99800693830742
6561.0859070371	0.9991260402287
6561.1109682891	0.99812785103196
6561.1360296368	0.99709374663121
6561.1610910802	0.99550652634165
6561.1861526194	0.993404772092
6561.2112142542	0.99130296316293
6561.2362759848	0.98850969778416
6561.2613378111	0.98474286992383
6561.2863997332	0.98059916825239
6561.311461751	0.97901797148806
6561.3365238645	0.97968703063176
6561.3615860737	0.97930918136463
6561.3866483802	0.97790573525567
6561.4117107809	0.97628180315875
6561.4367732773	0.97495945422362
6561.4618358695	0.97345667112225
6561.4868985574	0.97273348935149
6561.511961341	0.9731206577804
6561.5370242204	0.97095607090384
6561.5620871955	0.96554595606121
6561.5871502663	0.96275700664196
6561.6122134328	0.96089956445363
6561.6372766951	0.95931103201989
6561.6623400531	0.95828616679919
6561.6874035069	0.95401840318008
6561.7124670564	0.95064851051352
6561.7375307016	0.94709412214238
6561.7625944426	0.94394696177521
6561.7876582793	0.94169888051518
6561.8127222117	0.93526362397536
6561.8377862399	0.92221430005329
6561.8628503653	0.91175952760298
6561.8879145849	0.90465708649958
6561.9129789003	0.89847273149904
6561.9380433114	0.89214164854374
6561.9631078182	0.88526145377324
6561.9881724208	0.87697141319193
6562.0132371192	0.86339032628861
6562.0383019132	0.84996081827068
6562.0633668031	0.83392229971714
6562.0884317886	0.8183155606177
6562.1134968699	0.80303457136949
6562.1385620469	0.78866848865113
6562.1636273197	0.77455937732643
6562.1886926882	0.75922656672496
6562.2137581525	0.7435569815279
6562.2388237124	0.7278709379814
6562.2638893682	0.71179242389286
6562.2889551197	0.70053503909467
6562.3140209669	0.68998225809971
6562.3390869098	0.68240607178947
6562.3641529501	0.67537872938211
6562.3892190845	0.66776736485324
6562.4142853147	0.66154013098272
6562.4393516407	0.65710392854701
6562.4644180624	0.65312165714691
6562.4894845798	0.649097460918
6562.514551193	0.64507898886346
6562.5396179019	0.64092795497185
6562.5646847066	0.63830124758105
6562.589751607	0.63541726962823
6562.6148186032	0.63363150536137
6562.6398856951	0.63151075770854
6562.6649528828	0.62831355431997
6562.6900201662	0.62580014874907
6562.7150875453	0.6244466338674
6562.7401550203	0.62392044401409
6562.7652225909	0.62372019361563
6562.7902902573	0.62373688848637
6562.8153580195	0.62372959906176
6562.8404258789	0.62335766200952
6562.8654938326	0.6230568593468
6562.890561882	0.62313707206612
6562.9156300272	0.62317967933499
6562.9406982681	0.62259857829395
6562.9657666048	0.62235234393846
6562.9908350372	0.62300162481284
6563.0159035654	0.62567164481282
6563.0409721893	0.62987124708792
6563.066040909	0.63553450586826
6563.0911097244	0.64064173324808
6563.1161786356	0.64286509624023
6563.1412476426	0.64648708759838
6563.1663167453	0.65157949292501
6563.1913859438	0.65585910839299
6563.216455238	0.66085091460311
6563.241524628	0.66711502462383
6563.2665941137	0.67462746581162
6563.2916636952	0.6818850813531
6563.3167333739	0.68932010094915
6563.341803147	0.69671489129588
6563.3668730157	0.70315129365096
6563.3919429802	0.71275410751208
6563.4170130405	0.72387001591792
6563.4420831966	0.73969444885894
6563.4671534484	0.75531278527194
6563.4922237959	0.77053835475321
6563.5172942393	0.78584253352067
6563.5423647784	0.80205951189752
6563.5674354132	0.81531533830635
6563.5925061438	0.82662454360148
6563.6175769702	0.83714398383304
6563.6426478923	0.84818686221588
6563.6677189102	0.85937150854798
6563.6927900239	0.87073297496967
6563.7178612333	0.88288654938961
6563.7429325385	0.89408487258171
6563.7680039394	0.90363910065901
6563.7930754377	0.91157343348651
6563.8181470301	0.9174573496198
6563.8432187184	0.91928582438555
6563.8682905024	0.91906735712048
6563.8933623822	0.91724190657659
6563.9184343577	0.91539428532804
6563.9435064291	0.91400014608926
6563.9685785961	0.91172691451698
6563.993650859	0.90893041036082
6564.0187232176	0.90810502881594
6564.043795672	0.91326212489862
6564.0688682221	0.91897897656387
6564.0939408681	0.92497960340028
6564.1190136097	0.93372044513225
6564.1440864472	0.94403453695986
6564.1691593804	0.94992211548094
6564.1942324094	0.95372469595695
6564.2193055342	0.96095644647137
6564.2443787548	0.96690513846133
6564.2694520711	0.96861324599453
6564.2945254847	0.97106446001204
6564.3195989925	0.97426818030895
6564.3446725962	0.97826456501741
6564.3697462956	0.98308512388288
6564.3948200908	0.98457510908236
6564.4198939817	0.98404455199952
6564.4449679685	0.98439190634014
6564.470042051	0.98499320241776
6564.4951162292	0.98629528567314
6564.5201905033	0.98804837576909
6564.5452648731	0.99230439986423
6564.5703393387	0.99468021936533
6564.5954139001	0.993678825514
6564.6204885573	0.99339042181822
6564.6455633102	0.99272030815627
6564.6706381589	0.99582626450015
6564.6957131034	1.0019400332448
6564.7207881437	1.0048687891925
6564.7458632797	1.0062422870679
6564.7709385131	1.0083855579067
6564.7960138407	1.0106184238015
6564.8210892641	1.013423563009
6564.8461647832	1.0145365640973
6564.8712403982	1.0100706216295
6564.8963161089	1.0068907126464
6564.9213919154	1.0053454762405
6564.9464678177	1.0038852420463
6564.9715438158	1.0025517703557
6564.9966199096	1.0018812173567
6565.0216960993	1.0016302100087
6565.0467723847	1.0010400938085
6565.0718487659	0.9995076243172
6565.0969252429	0.99780957958934
6565.1220018157	0.99690063298049
6565.1470784842	0.99692016435615
6565.1721552486	0.99627665431945
6565.1972321087	0.9953458725518
6565.2223090646	0.99386614830007
6565.2473861178	0.99161048097316
6565.2724632653	0.98536491870985
6565.2975405086	0.9788311849001
6565.3226178476	0.97143989415103
6565.3476952825	0.96518900493587
6565.3727728131	0.96075782596572
6565.3978504395	0.95385746249527
6565.4229281617	0.94554061868297
6565.4480059797	0.94066380173034
6565.4730838935	0.93660803282713
6565.4981619031	0.93945508501416
6565.5232400085	0.94528949159323
6565.5483182096	0.95356481944545
6565.5733965066	0.96218603253725
6565.5984748993	0.97245116311614
6565.6235533878	0.98291117971997
6565.6486319722	0.99496666436834
6565.6737106523	1.0047662175255
6565.6987894282	1.0086752794636
6565.7238682999	1.0094465133531
6565.7489472689	1.0073103345407
6565.7740263322	1.0013813206386
6565.7991054913	0.99530072872176
6565.8241847461	0.98887329213451
6565.8492640968	0.98369702181699
6565.8743435433	0.9824282989809
6565.8994230855	0.98239324218157
6565.9245027236	0.98160987708986
6565.9495824574	0.98001289820715
6565.9746622871	0.98089845657306
6565.9997422125	0.98213876240038
6566.0248222338	0.98361742359742
6566.0499023508	0.98583528707306
6566.0749825637	0.99077767085396
6566.1000628723	0.99516930263265
6566.1251432767	0.99292071862496
6566.150223777	0.99010743378703
6566.175304373	0.99564086403827
6566.2003850649	1.0016503904228
6566.225465854	1.0043263312851
6566.2505467374	1.0070343634508
6566.2756277167	1.0071247814144
6566.3007087917	1.0052847623064
6566.3257899626	1.0052848891553
6566.3508712292	1.0064499366868
6566.3759525916	1.0091562522399
6566.4010340499	1.0115863795502
6566.426115604	1.0096626875201
6566.4511972538	1.0062507596108
6566.4762789995	1.0039926617857
6566.5013608409	1.0016065257166
6566.5264427782	1.0000862770151
6566.5515248113	0.99938457988829
6566.5766069401	0.99718226285664
6566.6016891648	0.99405130517225
6566.6267714853	0.99303989365682
6566.6518539016	0.99367436186392
6566.6769364137	0.99235118853728
6566.7020190231	0.98945523683647
6566.7271017269	0.98794156526113
6566.7521845264	0.98806984048964
6566.7772674217	0.9887355685672
6566.8023504129	0.9882654921416
6566.8274334998	0.9867864969001
6566.8525166826	0.98611739719642
6566.8775999611	0.98628352552053
6566.9026833355	0.98620156442955
6566.9277668057	0.98786632639467
6566.9528503717	0.99264053151758
6566.9779340335	0.99642067805992
6567.0030177911	0.99822460455499
6567.0281016446	0.99841367700703
6567.0531855938	0.99682796502149
6567.0782696389	0.99605204802699
6567.1033537798	0.99393951818649
6567.1284380165	0.992310551889
6567.153522349	0.99334103908121
6567.1786067773	0.99276945783538
6567.2036913029	0.98916643731629
6567.2287759229	0.98536271661084
6567.2538606386	0.98263295873148
6567.2789454502	0.98164853530419
6567.3040303576	0.98124289546881
6567.3291153608	0.98040675703039
6567.3542004598	0.98001357449501
6567.3792856547	0.98057486236528
6567.4043709453	0.98385283516751
6567.4294563318	0.98708765277427
6567.4545418141	0.98729051369698
6567.4796273922	0.98680549987908
6567.5047130661	0.98912024258951
6567.5297988359	0.99108899088128
6567.5548847015	0.98739372684001
6567.5799706629	0.98515003885637
6567.6050567201	0.99052177362912
6567.6301428731	0.99546156905897
6567.655229122	0.99635187529524
6567.6803154682	0.99672145728287
6567.7054019087	0.99732858146698
6567.730488445	0.99747464108426
6567.7555750771	0.99577970541841
6567.7806618051	0.99413342674054
6567.8057486289	0.99349383353671
6567.8308355485	0.99196384174348
6567.8559225639	0.99378989574011
6567.8810096752	0.99631403785677
6567.9060968823	0.995890616367
6567.9311841852	0.99521674934286
6567.9562715839	0.99599976347147
6567.9813590785	0.99710954796911
6568.0064466689	0.99801215979427
6568.0315343551	0.99910384228112
6568.0566221371	0.99827288647855
6568.081710015	0.99663450561131
6568.1067979887	0.9934768994594
6568.1318860582	0.98965755661403
6568.1569742251	0.98897477705965
6568.1820624862	0.99016929835869
6568.2071508433	0.98890395294128
6568.2322392961	0.98636588305658
6568.2573278448	0.98744219900749
6568.2824164893	0.99058761437411
6568.3075052296	0.98863662477416
6568.3325940658	0.98274832406651
6568.3576829978	0.98151026084801
6568.3827720256	0.98405223993723
6568.4078611492	0.98792514046332
6568.4329503687	0.9919004247561
6568.4580396841	0.99357832196719
6568.4831290952	0.9936779505268
6568.5082186022	0.99283132221288
6568.533308205	0.99250741145042
6568.5583979037	0.99523851725831
6568.5834876982	0.99872682867109
6568.6085775885	0.99771894626801
6568.6336675762	0.99364614308228
6568.6587576582	0.992159014701
6568.683847836	0.99367462295586
6568.7089381097	0.99718560051305
6568.7340284792	1.0011078806619
6568.7591189445	0.99757447193846
6568.7842095057	0.98584369853453
6568.8093001627	0.97826266571205
6568.8343909156	0.97681632147182
6568.8594817643	0.97020127329503
6568.8845727088	0.95574535760322
6568.9096637492	0.9444245789762
6568.9347548854	0.9388440641086
6568.9598461175	0.93537978097695
6568.9849374454	0.93437981021029
6569.0100288691	0.9298733593371
6569.0351203887	0.91956093078665
6569.0602120041	0.90341646803427
6569.0853037153	0.87381254707816
6569.1103955225	0.84512743424129
6569.1354874269	0.81792739132252
6569.1605794257	0.79286200702772
6569.1856715203	0.77423910513208
6569.2107637108	0.76432452848898
6569.2358559971	0.77991229562965
6569.2609483793	0.79870959912474
6569.2860408573	0.83023945229913
6569.3111334312	0.86323830169353
6569.3362261009	0.8940799202522
6569.3613188664	0.92161670205301
6569.3864117278	0.94158410650754
6569.411504685	0.96010066773862
6569.4365977381	0.96491478171014
6569.4616908871	0.96857198328284
6569.4867841319	0.96916764714034
6569.5118774725	0.97037792662541
6569.536970909	0.97949408032496
6569.5620644413	0.98703199756753
6569.5871580695	0.98721383270471
6569.612251795	0.98738075385703
6569.6373456149	0.98515716387278
6569.6624395306	0.98355851284538
6569.6875335422	0.98171239952742
6569.7126276496	0.97899535723648
6569.7377218529	0.97538399949318
6569.762816152	0.97405546530152
6569.787910547	0.97176298166989
6569.8130050378	0.96806599689028
6569.8380996245	0.9556207360117
6569.8631943071	0.94378831511445
6569.8882890855	0.949325157144
6569.9133839597	0.95459648753887
6569.9384789298	0.95438989200747
6569.9635739958	0.95417875651663
6569.9886691576	0.9552326645877
6570.0137644153	0.95749294456564
6570.0388597688	0.95930031263572
6570.0639552182	0.95987495641273
6570.0890507649	0.96118625027459
6570.114146406	0.96316499118802
6570.139242143	0.96422400698187
6570.1643379758	0.9647094384224
6570.1894339045	0.96460593015686
6570.214529929	0.96320671797927
6570.2396260494	0.95880411306364
6570.2647222656	0.95502788849301
6570.2898185777	0.95596629436902
6570.3149149857	0.95783518000851
6570.3400114895	0.9518645049037
6570.3651080892	0.94275101906164
6570.3902047848	0.94592724533207
6570.4153015762	0.95471020187526
6570.4403984635	0.95271492402411
6570.4654954466	0.94542614127844
6570.4905925256	0.9368756770385
6570.5156897004	0.92832541095696
6570.5407869712	0.92337478046324
6570.5658843377	0.91953128230844
6570.5909818017	0.92081145529844
6570.61607936	0.92540727305301
6570.6411770142	0.92230507548799
6570.6662747642	0.91498798748016
6570.6913726101	0.91238353264552
6570.7164705519	0.91167573150075
6570.7415685896	0.91186542404712
6570.7666667231	0.91272723425953
6570.7917649524	0.91758091322875
6570.8168632777	0.92390664623861
6570.8419616988	0.92920080859286
6570.8670602158	0.93379799985435
6570.8921588286	0.93759071011432
6570.9172575373	0.94127851627414
6570.9423563419	0.94397084498554
6570.9674552424	0.9463173319168
6570.9925542387	0.94213322863592
6571.0176533309	0.93241194967451
6571.0427525189	0.92482343093329
6571.0678518044	0.91973389434804
6571.0929511842	0.91905184971987
6571.1180506599	0.92181769894643
6571.1431502314	0.92819282102169
6571.1682498988	0.93873224116142
6571.1933496621	0.94642021022724
6571.2184495213	0.94994743609365
6571.2435494763	0.95627620159164
6571.2686495272	0.9667563421515
6571.293749674	0.97134850012867
6571.3188499167	0.9693130700787
6571.3439502552	0.9722305119139
6571.3690506896	0.97842381519791
6571.3941512199	0.97906345072974
6571.4192518461	0.97452148652567
6571.4443525681	0.96726287228077
6571.469453386	0.95277962153856
6571.4945542998	0.9429500782671
6571.5196553095	0.94542116109114
6571.5447564166	0.94792829451006
6571.569857618	0.94827530384106
6571.5949589153	0.94850167175941
6571.6200603085	0.94960746335372
6571.6451617975	0.95514136433874
6571.6702633825	0.96629060815784
6571.6953650633	0.97314386691165
6571.72046684	0.97623961899681
6571.7455687126	0.97587620772257
6571.7706706811	0.96519587782587
6571.7957727454	0.95753481166694
6571.8208749056	0.95722965381328
6571.8459771618	0.95699817850393
6571.8710795138	0.9578899234404
6571.8961819616	0.95877899252647
6571.9212845054	0.96216370279407
6571.946387145	0.96721614313484
6571.9714898806	0.96685515524528
6571.996592712	0.96509100567169
6572.0216956408	0.96535402898384
6572.046798664	0.96495499969509
6572.071901783	0.96520992930756
6572.097004998	0.96653285411607
6572.1221083088	0.96871415632184
6572.1472117156	0.9689289110333
6572.1723152182	0.96295209180645
6572.1974188167	0.95736481964329
6572.2225225111	0.95158131600598
6572.2476263013	0.94598869188467
6572.2727301875	0.94475001118447
6572.2978341696	0.94387884778707
6572.3229382475	0.94788817089521
6572.3480424213	0.95188781139398
6572.3731466911	0.95254786984981
6572.3982510567	0.95335663751965
6572.4233555182	0.94694354412633
6572.4484600756	0.94052028700703
6572.4735647289	0.94017363431364
6572.498669478	0.94016515546932
6572.5237743246	0.93607413247032
6572.5488792656	0.93274190053676
6572.5739843024	0.92353145386752
6572.5990894352	0.91346920873001
6572.6241946638	0.89131197836841
6572.6492999884	0.87073437461675
6572.6744054088	0.84697084058464
6572.6995109251	0.82123511656754
6572.7246165373	0.80134234268966
6572.7497222455	0.77975268048033
6572.7748280495	0.77706898329943
6572.7999339494	0.77346243247457
6572.8250399452	0.78793935421014
6572.8501460369	0.80167853625295
6572.8752522245	0.82606468253651
6572.900358508	0.8518541991824
6572.9254648874	0.87815970729067
6572.9505713627	0.90518655648601
6572.9756779339	0.92389345417288
6573.0007846025	0.94296332828813
6573.0258913654	0.95070082064548
6573.0509982243	0.95935626901255
6573.0761051791	0.95913121264507
6573.1012122298	0.95470066166821
6573.1263193764	0.9593237821647
6573.1514266189	0.96744827484345
6573.1765339573	0.95864655901149
6573.2016413916	0.94708231243599
6573.2267489218	0.94833262448827
6573.2518565479	0.95087880110748
6573.2769642699	0.94841552284494
6573.3020720878	0.94430165662102
6573.3271800016	0.94698203901524
6573.3522880113	0.95283309297538
6573.3773961169	0.96027521688403
6573.4025043185	0.96914514506126
6573.4276126159	0.97763990252601
6573.4527210092	0.98626023524011
6573.4778295	0.98902813655162
6573.5029380851	0.99025066236597
6573.5280467662	0.98944094217413
6573.5531555432	0.98691365984263
6573.578264416	0.98353721461216
6573.6033733848	0.97818607259017
6573.6284824495	0.96967716173112
6573.6535916101	0.95912222867706
6573.6787008666	0.95018087827534
6573.703810219	0.94315468439044
6573.7289196673	0.93999697854628
6573.7540292116	0.93869969320619
6573.7791388517	0.94029969198558
6573.8042485878	0.94283870478495
6573.8293584197	0.94444386837421
6573.8544683476	0.94482205227693
6573.8795783714	0.94189412809447
6573.9046884911	0.94032605248021
6573.9297987067	0.94085641611808
6573.9549090182	0.94192445254397
6573.9800194272	0.94092717494173
6574.0051299305	0.93877617667583
6574.0302405298	0.92442726429579
6574.055351225	0.90493309978039
6574.0804620161	0.88326749654883
6574.1055729031	0.86061787406965
6574.130683886	0.83183900401461
6574.1557949649	0.8004752510789
6574.1809061396	0.77460158729597
6574.2060174103	0.75062678575213
6574.2311287769	0.74556995835839
6574.2562402394	0.74988498915307
6574.2813517979	0.77185168854994
6574.3064634522	0.80069024552877
6574.3315752025	0.82722373161359
6574.3566870487	0.852885374445
6574.3817989908	0.87382031041871
6574.4069110288	0.89313593971234
6574.4320231627	0.90664564508413
6574.4571353941	0.91592109149917
6574.4822477199	0.9247127254734
6574.5073601416	0.93318349200415
6574.5324726592	0.93778222482469
6574.5575852728	0.94170983037222
6574.5826979822	0.94062288723519
6574.6078107876	0.93599138124408
6574.6329236889	0.93057536470961
6574.6580366862	0.9258819150235
6574.6831497793	0.92582151075139
6574.7082629684	0.92828810013188
6574.7333762534	0.9294187727734
6574.7584896344	0.92956226717705
6574.7836031112	0.92134948982967
6574.808716684	0.90842463459796
6574.8338303527	0.88872514121033
6574.8589441174	0.861792136532
6574.8840579779	0.83515107167488
6574.9091719344	0.80963163681752
6574.9342859884	0.78274664917288
6574.9594001367	0.753027162183
6574.984514381	0.73415512188779
6575.0096287212	0.72184348513865
6575.0347431573	0.72460287024654
6575.0598576894	0.74050286909522
6575.0849723174	0.76320975061842
6575.1100870413	0.7940940987741
6575.1352018612	0.82065019314938
6575.1603167769	0.8441077099785
6575.1854317887	0.86470977052889
6575.2105468963	0.88436976541167
6575.2356620999	0.89960028832465
6575.2607773994	0.90815031585854
6575.2858927948	0.91494647065409
6575.3110082862	0.91954212110542
6575.3361238735	0.93049869969492
6575.3612395567	0.95012868071697
6575.3863553359	0.96096363280719
6575.411471211	0.96174861761584
6575.4365871836	0.96370330133658
6575.4617032506	0.96718529967854
6575.4868194135	0.96705445427629
6575.5119356723	0.96365637362157
6575.5370520271	0.95914129294759
6575.5621684778	0.95369547131533
6575.5872850245	0.95498101273241
6575.6124016671	0.96507815827038
6575.6375184056	0.9691280756471
6575.6626352401	0.96571004243969
6575.6877521705	0.96085873069788
6575.7128691968	0.95339976381864
6575.7379863191	0.94847910895275
6575.7631035373	0.94567293015598
6575.7882208515	0.94114895727692
6575.8133382616	0.93381651128506
6575.8384557677	0.92812498788046
6575.8635733696	0.92482863656164
6575.8886910676	0.92145608592527
6575.913808863	0.91889961225838
6575.9389267528	0.91849398940012
6575.9640447385	0.9196682364559
6575.9891628202	0.91924840511355
6576.0142809979	0.91699806208267
6576.0393992714	0.91494140580271
6576.064517641	0.91377758047144
6576.0896361064	0.91128028703781
6576.1147546679	0.9050919290516
6576.1398733252	0.90125730399257
6576.1649920785	0.90368402244506
6576.1901109278	0.90449880700566
6576.215229873	0.90377066263799
6576.2403489141	0.90543134310453
6576.2654680512	0.91313376952496
6576.2905872842	0.92070595153641
6576.3157066132	0.92590364940483
6576.3408260382	0.93115882863119
6576.365945559	0.93408187579944
6576.3910651774	0.93452822045834
6576.4161848902	0.92952017171029
6576.4413046989	0.92529655855044
6576.4664246036	0.92285621278148
6576.4915446042	0.91586329826177
6576.5166647008	0.90155511130466
6576.5417848933	0.89185868718884
6576.5669051818	0.88916453229735
6576.5920255662	0.88546030747995
6576.6171460466	0.88281552395819
6576.6422666229	0.88455423443601
6576.6673872952	0.89649769847133
6576.6925080635	0.90532821768245
6576.7176289276	0.90356153265846
6576.7427498878	0.89931602219696
6576.7678709439	0.89491458940805
6576.792992096	0.89389823883677
6576.818113344	0.89528669870778
6576.8432346879	0.89690950014629
6576.8683561294	0.90091103263285
6576.8934776652	0.9065236686842
6576.9185992971	0.9145864532246
6576.9437210249	0.92035740733961
6576.9688428486	0.92254178542868
6576.9939647683	0.92511205418382
6577.019086784	0.92968226856374
6577.0442088956	0.93279709362853
6577.0693311032	0.9312823639098
6577.0944534067	0.92964219873981
6577.1195758062	0.92668471415214
6577.1446983017	0.92484720098717
6577.1698208931	0.92481735686497
6577.1949435805	0.92492789377242
6577.2200663638	0.92508037874109
6577.2451892431	0.92754666464487
6577.2703122184	0.93774441275038
6577.2954352896	0.94321463177619
6577.3205584568	0.93637767718208
6577.3456817199	0.9367492205159
6577.3708050805	0.95518874470335
6577.3959285356	0.96278224588311
6577.4210520866	0.94026959025927
6577.4461757336	0.9227210187828
6577.4712994766	0.91861303052584
6577.4964233155	0.9164298217706
6577.5215472504	0.92254872548545
6577.5466712813	0.92733286152576
6577.5717954081	0.92163212020957
6577.5969196309	0.91677967027639
6577.6220439497	0.92048654537118
6577.6471683644	0.92505035764096
6577.6722928751	0.9291330550842
6577.6974174817	0.93179302709605
6577.7225421844	0.93252354283812
6577.7476669829	0.93397630821581
6577.7727918775	0.93747810836153
6577.797916868	0.93885288560011
6577.8230419545	0.93311025828102
6577.8481671385	0.92900528330052
6577.873292417	0.9309849858559
6577.8984177914	0.93057000557105
6577.9235432618	0.9228877984302
6577.9486688281	0.9171460291973
6577.9737944905	0.91714129169289
6577.9989202488	0.91716968082743
6578.024046103	0.91755607846226
6578.0491720533	0.92131990536913
6578.0742980995	0.93273494088943
6578.0994242417	0.93843841496805
6578.1245504798	0.93077221936428
6578.149676814	0.92383045752004
6578.1748032441	0.91411213750624
6578.1999297702	0.90771856637227
6578.2250563922	0.91974506969126
6578.2501831103	0.93179117463346
6578.2753099243	0.93497413492539
6578.3004368343	0.93597677209306
6578.3255638418	0.9329099780886
6578.3506909437	0.92691188605375
6578.3758181416	0.9181136758243
6578.4009454355	0.9142233456344
6578.4260728254	0.91463198167856
6578.4512003113	0.91341821750644
6578.4763278931	0.91369273285299
6578.5014555709	0.91364462681446
6578.5265833447	0.9125887243188
6578.5517112145	0.91188604293283
6578.5768391802	0.91166974956452
6578.601967242	0.91196774571214
6578.6270953997	0.91350719289057
6578.6522236534	0.91334752706013
6578.6773520031	0.90859166357426
6578.7024804488	0.904734110729
6578.7276089904	0.90347129881898
6578.752737628	0.90041736182087
6578.7778663616	0.89017126009046
6578.8029951912	0.88226779368126
6578.8281241183	0.8829945151793
6578.8532531399	0.88302219404933
6578.8783822574	0.87987499254338
6578.903511471	0.87867270337333
6578.9286407805	0.88376620858285
6578.953770186	0.88790696704298
6578.9788996875	0.88915832619468
6579.004029285	0.89145763452656
6579.0291589784	0.89507775207611
6579.0542887679	0.89749288762902
6579.0794186533	0.89936930727639
6579.1045486348	0.90155138846369
6579.1296787122	0.9036424540117
6579.1548088856	0.90409960610146
6579.179939155	0.90290943901282
6579.2050695204	0.90366356285908
6579.2301999818	0.90675051442683
6579.2553305391	0.90640299674211
6579.2804611925	0.89842971387604
6579.3055919433	0.89432903592537
6579.3307227887	0.89804227932846
6579.35585373	0.90119334427856
6579.3809847673	0.90362764049595
6579.4061159007	0.90840246409726
6579.43124713	0.9196057598197
6579.4563784553	0.92344485300377
6579.4815098766	0.90864358003971
6579.5066413938	0.89949696893118
6579.5317730071	0.90238613124485
6579.5569047164	0.90280423987992
6579.5820365217	0.90058689912877
6579.607168423	0.90194883712877
6579.6323004202	0.90907254458716
6579.6574325135	0.91408618378661
6579.6825647027	0.91462022245022
6579.707696988	0.91598978882175
6579.7328293692	0.91899955567346
6579.7579618465	0.91808622885697
6579.7830944213	0.91041600466993
6579.8082270905	0.90526673869218
6579.8333598557	0.90476824092469
6579.858492717	0.90425159918072
6579.8836256742	0.90309760526266
6579.9087587275	0.90133427465683
6579.9338918767	0.89921952049928
6579.959025122	0.89771872320353
6579.9841584632	0.89715129075853
6580.0092919005	0.89710082394991
6580.0344254337	0.89746067050716
6580.059559063	0.89444614406632
6580.0846927882	0.88474099158128
6580.1098266095	0.87167192421892
6580.1349605267	0.85164684380703
6580.16009454	0.83430031423117
6580.1852286493	0.82434034531355
6580.2103628545	0.82242115439948
6580.2354971558	0.83256973338509
6580.2606315546	0.84018339330865
6580.2857660479	0.84588177844216
6580.3109006372	0.85426584859409
6580.3360353225	0.86722038596792
6580.3611701038	0.87927664768517
6580.3863049811	0.88775181247468
6580.4114399544	0.89290897102931
6580.4365750237	0.89427914272725
6580.4617101891	0.89673662882056
6580.4868454504	0.90095664636122
6580.5119808078	0.90672584296712
6580.5371162611	0.91331340788364
6580.5622518105	0.91521028801907
6580.5873874559	0.91163925793757
6580.6125231973	0.90938895312666
6580.6376590346	0.90715126235116
6580.6627949681	0.89982684861562
6580.6879309975	0.88587346654002
6580.7130671229	0.87699489736342
6580.7382033444	0.87674324904721
6580.7633396633	0.87771032470028
6580.7884760768	0.87945921414508
6580.8136125863	0.87929951100743
6580.8387491918	0.8768645221033
6580.8638858933	0.87004648348634
6580.8890226908	0.85601850863644
6580.9141595844	0.84753154497071
6580.9392965739	0.84703054108426
6580.9644336595	0.84341544200828
6580.9895708411	0.83666051269824
6581.0147081187	0.83084292678468
6581.0398454923	0.82553984626934
6581.0649829619	0.81211981960279
6581.0901205276	0.78776771255764
6581.1152581892	0.76744357554741
6581.1403959469	0.75468527614951
6581.1655338006	0.74795616623962
6581.1906717503	0.74602833498527
6581.2158097961	0.7516885271305
6581.2409479394	0.76633286316408
6581.2660861771	0.78527072195395
6581.2912245109	0.80950519615175
6581.3163629408	0.83164832507846
6581.3415014666	0.85261456292087
6581.3666400885	0.86707622542973
6581.3917788064	0.8731185412012
6581.4169176203	0.87434871433206
6581.4420565302	0.87128393493209
6581.4671955361	0.87652592591283
6581.4923346381	0.889387136034
6581.5174738361	0.89719107598998
6581.5426131301	0.90226830708526
6581.5677525202	0.90521264075853
6581.5928920063	0.9016572564243
6581.6180315883	0.89589163180086
6581.6431712665	0.8920159247982
6581.6683110406	0.89057252596509
6581.6934509108	0.88880879271004
6581.7185908785	0.88999679321409
6581.7437309407	0.89581413239939
6581.768871099	0.89691774762099
6581.7940113533	0.89430417092336
6581.8191517036	0.89269770809313
6581.8442921499	0.89142535592507
6581.8694326923	0.89306212590426
6581.8945733307	0.89736947924896
6581.9197140651	0.8998860156485
6581.9448548955	0.89885467532606
6581.969995822	0.89359760640487
6581.9951368445	0.887583562718
6582.0202779631	0.88566916297338
6582.0454191776	0.88619834663634
6582.0705604882	0.88844960621997
6582.0957018949	0.89450489907216
6582.1208433975	0.89396089366134
6582.1459849962	0.8871111876108
6582.171126691	0.87152282991585
6582.1962684817	0.85103317316193
6582.2214103701	0.84809927812814
6582.2465523529	0.85439857474006
6582.2716944318	0.86807342426005
6582.2968366067	0.88546852064299
6582.3219788776	0.90689117582676
6582.3471212446	0.93019879227393
6582.3722637076	0.93076685383305
6582.3974062666	0.91930744526699
6582.4225489217	0.90526984970597
6582.4476916728	0.89532043259494
6582.47283452	0.8851375477234
6582.4979774632	0.88300723940649
6582.5231205024	0.87701406728455
6582.5482636377	0.86618306846917
6582.573406869	0.8658518845765
6582.5985501963	0.87047954092223
6582.6236936197	0.87480916356084
6582.6488371392	0.86988897548286
6582.6739807546	0.86606150233198
6582.6991244676	0.86394854921612
6582.7242682752	0.85822483226235
6582.7494121788	0.86096195902237
6582.7745561784	0.84616308502293
6582.7997002741	0.82799903232277
6582.8248444658	0.82700323983493
6582.8499887536	0.83269102397534
6582.8751331374	0.83988161175799
6582.9002776172	0.84472504193838
6582.9254221931	0.85291860956615
6582.950566865	0.8617675222206
6582.975711633	0.86289772474677
6583.000856497	0.86542067137396
6583.0260014571	0.86854748575164
6583.0511465132	0.87108500551044
6583.0762916654	0.86892973431317
6583.1014369136	0.86664717581544
6583.1265822579	0.87191557324057
6583.1517276982	0.87209233291224
6583.176873236	0.87073437659564
6583.2020188684	0.86881866702284
6583.2271645969	0.86830609791917
6583.2523104214	0.86870674458334
6583.2774563419	0.87834404605799
6583.3026023585	0.88919006377679
6583.3277484711	0.88779723154689
