6544.4075107766	0.98893374218286
6544.4325083224	0.98700856591578
6544.4575059637	0.98611188775617
6544.4825037005	0.98462444603922
6544.5075015327	0.98398439371079
6544.5324994605	0.98594997473562
6544.5574974837	0.990432189354
6544.5824956024	0.99849610040051
6544.6074938166	1.001725267005
6544.6324921263	0.99928567929549
6544.6574905315	0.99679654070776
6544.6824890322	0.99525095712286
6544.7074876283	0.99043924260638
6544.73248632	0.98389083931459
6544.7574851071	0.97893711197011
6544.7824839897	0.97665870820645
6544.8074829678	0.97483124901979
6544.8324820414	0.97354208829431
6544.8574812119	0.97264323062548
6544.8824804765	0.97076212955308
6544.9074798366	0.95877015326667
6544.9324792921	0.9523259184147
6544.9574788431	0.95493031274178
6544.9824784897	0.9526983381776
6545.0074782317	0.9371763906114
6545.0324780692	0.92907041705301
6545.0574780022	0.9279937385103
6545.0824780306	0.93294609872729
6545.1074781546	0.94085857134318
6545.1324783741	0.96169098774106
6545.1574786891	0.98269282677791
6545.1824790995	1.0113508614953
6545.2074796055	1.0305287928916
6545.2324802069	1.0500955413802
6545.2574809038	1.0566305216765
6545.2824816963	1.0618417073597
6545.3074825842	1.0602717239642
6545.3324835691	1.0513222191807
6545.3574846481	1.0407410859966
6545.3824858225	1.021008587796
6545.4074870924	1.0050366700889
6545.4324884578	0.99161046327085
6545.4574899187	0.98452558448183
6545.4824914751	0.98094378539857
6545.507493127	0.97522358173156
6545.5324948744	0.96790214574208
6545.5574967173	0.96870004809766
6545.5824986557	0.97337023211291
6545.6075006896	0.97267891375706
6545.632502819	0.97101080974714
6545.6575050439	0.97054191962953
6545.6825073643	0.96998844383196
6545.7075097802	0.97056698540571
6545.7325122916	0.9698168063686
6545.7575148985	0.9611758727583
6545.7825176009	0.95511680862493
6545.8075204003	0.95313932761312
6545.8325232937	0.95093432845952
6545.8575262826	0.95008464872677
6545.882529367	0.95452407970125
6545.907532547	0.96238636273894
6545.9325358224	0.96635574718705
6545.9575391933	0.96739010459346
6545.9825426597	0.97167817499418
6546.0075462217	0.97580041799744
6546.0325498791	0.97258948028935
6546.0575536321	0.96411512365693
6546.0825574805	0.94992092490765
6546.1075614245	0.93677175980795
6546.132565464	0.92968928005527
6546.1575695989	0.92804219787792
6546.1825738294	0.93151052552677
6546.2075781554	0.93434196211621
6546.2325825769	0.93567890399324
6546.2575870939	0.93965926004451
6546.2825917064	0.94513121401543
6546.307596416	0.94745452059744
6546.3326012195	0.94950376418523
6546.3576061186	0.94595810601734
6546.3826111131	0.94029079672541
6546.4076162032	0.93262155102104
6546.4326213888	0.92584352876812
6546.4576266699	0.92835967566194
6546.4826320465	0.93193746658809
6546.5076375186	0.93721513193539
6546.5326430862	0.94223894307461
6546.5576487494	0.95177987174378
6546.582654508	0.95674285655151
6546.6076603622	0.9520630736861
6546.6326663119	0.94608525602317
6546.6576723571	0.94115047583903
6546.6826784978	0.94402735169682
6546.7076847341	0.95193532906484
6546.7326910658	0.95787473125844
6546.7576974931	0.96382710720457
6546.7827040174	0.96750800302939
6546.8077106357	0.97253023893685
6546.8327173495	0.97551690314813
6546.8577241588	0.98000172347987
6546.8827310637	0.98457194800188
6546.907738064	0.9904698356754
6546.9327451599	0.99504225107766
6546.9577523513	0.99676954104469
6546.9827596383	0.99266812969841
6547.0077670207	0.98879986036801
6547.0327744987	0.98908487284639
6547.0577820722	0.99068160570919
6547.0827897412	0.99379302658584
6547.1077975057	0.99356996124378
6547.1328053657	0.99143366168554
6547.1578133213	0.99010026232211
6547.1828213724	0.99025765250494
6547.207829519	0.99056024349658
6547.2328377612	0.99093372282957
6547.2578461003	0.99058315253428
6547.2828545335	0.99093998954769
6547.3078630622	0.99405024290105
6547.3328716865	0.99589690980726
6547.3578804063	0.99157816843012
6547.3828892215	0.98827892772382
6547.4078981324	0.99013913771157
6547.4329071387	0.98937086627397
6547.4579162406	0.98354920494271
6547.482925438	0.97915873272856
6547.5079347309	0.97631246384696
6547.5329441193	0.97778377513387
6547.5579536033	0.98258682113209
6547.5829631828	0.9853065449517
6547.6079728578	0.98724053978507
6547.6329826284	0.98037977246716
6547.6579924945	0.97219901686872
6547.6830024561	0.97280313732262
6547.7080125133	0.97462270652966
6547.7330226659	0.97464967776043
6547.7580329157	0.97535609944866
6547.7830432594	0.97917854041851
6547.8080536987	0.98326095959471
6547.8330642335	0.98341674837489
6547.8580748638	0.98183761677303
6547.8830855897	0.97789627615124
6547.9080964111	0.97208626643724
6547.933107328	0.96252179229947
6547.9581183405	0.96093308420478
6547.9831294485	0.96113375206693
6548.0081406521	0.95841803688504
6548.0331519511	0.95625495441435
6548.0581633457	0.95840737135905
6548.0831748359	0.9613644508658
6548.1081864216	0.97170430877346
6548.1331981028	0.98072215528152
6548.1582098795	0.97903028797755
6548.1832217518	0.97862227417438
6548.2082337197	0.97617248214193
6548.2332457845	0.9776535003822
6548.2582579434	0.98456535564337
6548.2832701979	0.986245283061
6548.3082825479	0.98382277979333
6548.3332949934	0.98895567751351
6548.3583075344	0.99676881017709
6548.383320171	0.99370983056038
6548.4083329032	0.98798303540723
6548.4333457309	0.98266242163053
6548.4583586541	0.97714848191089
6548.4833716728	0.97687694269155
6548.5083847871	0.97584372184613
6548.533397997	0.97115711179594
6548.5584113024	0.96808838168844
6548.5834247033	0.96846484100893
6548.6084381998	0.97029087472859
6548.6334517918	0.97508832094991
6548.6584654794	0.9759863785444
6548.6834792625	0.97387984917627
6548.7084931426	0.97146213478276
6548.7335071168	0.96914515513525
6548.7585211866	0.97282357751202
6548.7835353519	0.97801112336843
6548.8085496127	0.97623371552422
6548.8335639691	0.97339248939928
6548.858578421	0.97475218596194
6548.8835929685	0.97510143916211
6548.9086076115	0.97183689368509
6548.9336223501	0.96985921910974
6548.9586371842	0.97100222214074
6548.9836521139	0.96806782688521
6549.0086671391	0.96196154076679
6549.0336822599	0.96100404481253
6549.0586974762	0.96357147274654
6549.083712788	0.96620586869558
6549.1087281955	0.96925388553059
6549.1337436984	0.97278437116164
6549.1587592969	0.97577413684589
6549.183774991	0.97897214577011
6549.2087907821	0.98056164945722
6549.2338066673	0.98788094252078
6549.258822648	0.99114270264878
6549.2838387243	0.99200691571284
6549.3088548962	0.99100814260349
6549.3338711636	0.98877005091336
6549.3588875265	0.98640566425446
6549.383903985	0.98384829743451
6549.408920539	0.98178625065684
6549.4339371886	0.98062704305947
6549.4589539338	0.98217496361116
6549.4839707745	0.98430767767015
6549.5089877108	0.98506589592414
6549.5340047426	0.98668338293449
6549.55902187	0.98372845652406
6549.584039093	0.97859433648321
6549.6090564115	0.97388671019299
6549.6340738255	0.97083913389753
6549.6590913351	0.96921852068264
6549.6841089418	0.96883374779199
6549.7091266426	0.97107485583754
6549.7341444389	0.97404579419068
6549.7591623307	0.97681610158722
6549.7841803181	0.9779776346751
6549.8091984011	0.97757166423086
6549.8342165797	0.98262197284477
6549.8592348538	0.98947016102761
6549.8842532234	0.99323823813492
6549.9092716887	0.99537028246726
6549.9342902494	0.99062865083153
6549.9593089058	0.98825100305505
6549.9843276577	0.99656058784725
6550.0093465052	1.0015416691948
6550.0343654482	0.99985192874238
6550.0593844868	0.99474717622253
6550.084403621	0.98557254676874
6550.1094228507	0.9794748741153
6550.134442176	0.97879497291955
6550.1594615984	0.97725381196511
6550.1844811148	0.97438659040892
6550.2095007269	0.97681296882953
6550.2345204344	0.98323225584742
6550.2595402375	0.98026873471473
6550.2845601363	0.97524999164576
6550.3095801305	0.97837464570028
6550.3346002204	0.98213386844054
6550.3596204058	0.98111365764235
6550.3846406867	0.97819362754586
6550.4096610633	0.97467262708496
6550.4346815354	0.97159463141858
6550.4597021031	0.96953520071346
6550.4847227663	0.96745081613186
6550.5097435252	0.96741702633151
6550.5347643796	0.97201446909147
6550.5597853295	0.97906306970123
6550.5848063751	0.98995044029984
6550.6098275162	0.99868178169384
6550.6348487544	1.008469776826
6550.6598700867	1.0113181201251
6550.6848915145	1.013391419586
6550.7099130379	1.0116302108047
6550.7349346569	1.0060028867845
6550.7599563714	1.000615669874
6550.7849781816	0.99710896391205
6550.8100000873	0.99373821339673
6550.8350220886	0.98602351714036
6550.8600441854	0.9885359186467
6550.8850663779	0.99935628331861
6550.9100886659	1.0102616868617
6550.9351110494	1.0184393967802
6550.9601335286	1.0195499412687
6550.9851561034	1.0165382812771
6551.0101787737	1.0092241913107
6551.0352015396	0.99975677510137
6551.0602244011	0.99445609215893
6551.0852473581	0.99146409614192
6551.1102704108	0.98997980475912
6551.1352935605	0.98772132032208
6551.1603168043	0.98288378415564
6551.1853401437	0.97933710472118
6551.2103635786	0.97665870250563
6551.2353871092	0.97412977439787
6551.2604107353	0.97306079961668
6551.285434457	0.96881977017649
6551.3104582743	0.96257527846378
6551.3354821872	0.96523992937512
6551.3605061956	0.97009893225554
6551.3855302997	0.97272524682801
6551.4105544993	0.97378470812247
6551.4355787945	0.96850384009135
6551.4606031853	0.96350055032746
6551.4856276717	0.9607684576329
6551.5106522536	0.96020855349923
6551.5356769312	0.96151752310312
6551.5607017043	0.96477192192609
6551.585726573	0.97020815687118
6551.6107515389	0.9755371312116
6551.6357765988	0.9790404943158
6551.6608017542	0.97636523384784
6551.6858270053	0.97222726352891
6551.710852352	0.96640333786073
6551.7358777942	0.96205826034311
6551.7609033321	0.96931270202695
6551.7859289655	0.976913598959
6551.8109546945	0.97503089649132
6551.8359805191	0.97395702215698
6551.8610064393	0.96723127791832
6551.8860324551	0.95955347419515
6551.9110585665	0.95125525475507
6551.9360847735	0.9436606548582
6551.961111076	0.93799489862101
6551.9861374742	0.9386783883558
6552.011163968	0.9431982209596
6552.0361905573	0.94928875790345
6552.0612172422	0.95714700580656
6552.0862440243	0.96282189657254
6552.1112709004	0.96777227278866
6552.1362978721	0.97026885138801
6552.1613249394	0.97065425472257
6552.1863521024	0.96814351853594
6552.2113793609	0.96588244365976
6552.236406715	0.96332861478074
6552.2614341647	0.96251254450037
6552.28646171	0.96571093591083
6552.3114893509	0.96999202713176
6552.3365170873	0.97477941420614
6552.3615449194	0.97628385354874
6552.3865728471	0.97707474487671
6552.4116008704	0.97771051361239
6552.4366289893	0.97771113818996
6552.4616572038	0.97627510324487
6552.4866855139	0.97411118169254
6552.5117139196	0.97106475184041
6552.5367424208	0.96866588397254
6552.5617710177	0.97133407785702
6552.5867997117	0.97375311299884
6552.6118284998	0.97540353592423
6552.6368573835	0.9745977748025
6552.6618863628	0.9721931877604
6552.6869154377	0.97076643208379
6552.7119446082	0.97022607874148
6552.7369738743	0.9712289888752
6552.762003236	0.97259508905563
6552.7870326933	0.97208189242197
6552.8120622462	0.97053996812129
6552.8370918948	0.97577654834039
6552.8621216389	0.97877270168091
6552.8871514786	0.9835646384435
6552.9121814139	0.98328225934042
6552.9372114449	0.97021577553867
6552.9622415714	0.95969322693966
6552.9872717936	0.95354737867305
6553.0123021114	0.94666820534125
6553.0373325247	0.94103503252149
6553.0623630352	0.94027279795209
6553.0873936398	0.94373047612932
6553.11242434	0.94659077582093
6553.1374551358	0.94544070292105
6553.1624860272	0.9694937219238
6553.1875170143	0.98636813101533
6553.2125480969	1.0057774982855
6553.2375792752	1.0162270362861
6553.262610549	1.0220768839716
6553.2876419185	1.0200240948922
6553.3126733836	1.0087307421231
6553.3377049443	0.99937603484978
6553.3627366006	0.99261031330113
6553.3877683525	0.98907123468873
6553.4128002	0.98815324991832
6553.4378321432	0.98581840901927
6553.4628641819	0.98407947655032
6553.4878963163	0.98141728184529
6553.5129285463	0.97945027484333
6553.5379608734	0.96984015960389
6553.5629932946	0.96278205889976
6553.5880258115	0.96434087569472
6553.6130584239	0.96374386103538
6553.638091132	0.95868931417896
6553.6631239357	0.95726275171291
6553.688156835	0.95850493121726
6553.7131898299	0.95838109251033
6553.7382229204	0.95786410720681
6553.7632561066	0.9606555807611
6553.7882893884	0.96323921914098
6553.8133227658	0.96344729231388
6553.8383562388	0.96132544225415
6553.8633898074	0.95930945666169
6553.8884234717	0.9584059414498
6553.9134572316	0.95925964484413
6553.9384910871	0.95908953361915
6553.9635250382	0.95604346238746
6553.9885590849	0.95494047609973
6554.0135932288	0.95517177060306
6554.0386274668	0.96024203843761
6554.0636618004	0.96826255402487
6554.0886962296	0.96963283016486
6554.1137307545	0.96627986297927
6554.1387653749	0.96586626968009
6554.163800091	0.96465187515431
6554.1888349028	0.95397527986211
6554.2138698101	0.94607400565478
6554.2389048131	0.94320883669889
6554.2639399117	0.9401645094253
6554.2889751059	0.93163271687652
6554.3140103958	0.93046460795943
6554.3390457813	0.93650284360572
6554.3640812624	0.94575300016201
6554.3891168391	0.95540164961906
6554.4141525115	0.96723446124623
6554.4391882795	0.97394711667728
6554.4642241431	0.98281834252615
6554.4892601023	0.98690047787237
6554.5142961587	0.98854722846091
6554.5393323092	0.98945764367489
6554.5643685554	0.98000451095406
6554.5894048972	0.9700870286236
6554.6144413346	0.95780361038246
6554.6394778676	0.94982013047745
6554.6645144963	0.94702838171995
6554.6895512206	0.94530547657425
6554.7145880405	0.94383070766966
6554.739624956	0.9411044885458
6554.7646619672	0.93738136429565
6554.7896990741	0.93708827985804
6554.8147362765	0.93775273993076
6554.8397735746	0.93092186668009
6554.8648109683	0.92579166085504
6554.8898484577	0.91438072775762
6554.9148860427	0.91004545983211
6554.9399237234	0.91725388640269
6554.9649614996	0.92952800120477
6554.989999373	0.94516949064968
6555.0150373406	0.96405672548449
6555.0400754038	0.98067696424292
6555.0651135626	0.98956453862554
6555.090151817	0.99107640697143
6555.1151901671	0.98524907518324
6555.1402286129	0.97846381940521
6555.1652671542	0.95945851453583
6555.1903057913	0.94422702287667
6555.2153445239	0.93216961890561
6555.2403833522	0.92590393349829
6555.2654222761	0.92899202635307
6555.2904612957	0.93114785880124
6555.3155004109	0.92976855937673
6555.3405396218	0.93119177312512
6555.3655789283	0.93472112920364
6555.3906183304	0.94045661825955
6555.4156578282	0.94893551374427
6555.4406974216	0.95077361782722
6555.4657371122	0.94992911652162
6555.4907768969	0.94825204082978
6555.5158167772	0.94564966975245
6555.5408567532	0.94279503733146
6555.5658968249	0.93709770661933
6555.5909369922	0.92633359971726
6555.6159772551	0.9184812317606
6555.6410176137	0.91452973287253
6555.6660580679	0.91925171517381
6555.6910986178	0.93028918420772
6555.7161392633	0.93942548417479
6555.7411800045	0.94437569486415
6555.7662208413	0.95487810858152
6555.7912617738	0.96050043635122
6555.8163028019	0.96069490487083
6555.8413439256	0.95892845715225
6555.866385145	0.95528968490871
6555.8914264601	0.95256928093247
6555.9164678708	0.949827499009
6555.9415093772	0.94690168573616
6555.9665509807	0.9389101736949
6555.9915926783	0.93372890633471
6556.0166344716	0.93406426072267
6556.0416763606	0.93884711635085
6556.0667183452	0.94370735672678
6556.0917604255	0.9434491291601
6556.1168026014	0.94162524850486
6556.141844873	0.93566393833133
6556.1668872402	0.93149092398868
6556.1919297031	0.94179339988463
6556.2169722616	0.94848280476458
6556.2420149158	0.94255586844169
6556.2670576657	0.93715539556443
6556.2921005112	0.93445670181499
6556.3171434523	0.93471028877041
6556.3421864891	0.93779438823818
6556.3672296216	0.94300508308922
6556.3922728497	0.94723128848518
6556.4173161735	0.95276008884568
6556.4423595944	0.95945745469195
6556.4674031095	0.95885195388284
6556.4924467203	0.95426072692215
6556.5174904267	0.9470687405517
6556.5425342288	0.93964015344342
6556.5675781265	0.93838060877983
6556.5926221199	0.93834222563723
6556.6176662089	0.9393780448781
6556.6427103937	0.94142808873391
6556.667754674	0.94490375928949
6556.6927990501	0.94406154031489
6556.7178435218	0.94118023061756
6556.7428880891	0.94180918116866
6556.7679327521	0.94327897966235
6556.7929775108	0.94258424384778
6556.8180223652	0.94155722037519
6556.8430673152	0.941310120598
6556.8681123608	0.94121556796183
6556.8931575022	0.93816269188309
6556.9182027407	0.93792558260743
6556.9432480734	0.94276217865603
6556.9682935017	0.94925539397323
6556.9933390257	0.95606940590662
6557.0183846453	0.95834124123653
6557.0434303607	0.9568882826115
6557.0684761717	0.95655038648787
6557.0935220783	0.95638048815084
6557.1185680807	0.96341000960402
6557.1436141787	0.9673472216198
6557.1686603723	0.96542621317622
6557.1937066617	0.96424742517468
6557.2187530467	0.97208937083459
6557.2437995273	0.97158176686783
6557.2688461037	0.96097286517978
6557.2938927757	0.95499443109695
6557.3189395434	0.95337040066856
6557.3439864067	0.95324971450522
6557.3690333657	0.95518270327435
6557.3940804204	0.94880098083582
6557.4191275723	0.94059216389147
6557.4441748183	0.94666278124827
6557.4692221601	0.95118097365769
6557.4942695974	0.94953991839408
6557.5193171305	0.94629753303022
6557.5443647592	0.94379635901995
6557.5694124836	0.94223267073676
6557.5944603037	0.943103053923
6557.6195082195	0.94101847349243
6557.6445562309	0.93755724528653
6557.669604338	0.93262233146508
6557.6946525408	0.92854767596591
6557.7197008392	0.93397147472573
6557.7447492334	0.9399977076473
6557.7697977232	0.93962351508568
6557.7948463086	0.93935965003417
6557.8198949898	0.94192871862756
6557.8449437667	0.94523361657443
6557.8699926392	0.94760543038486
6557.8950416089	0.94716113678486
6557.9200906728	0.94406401010173
6557.9451398323	0.93905605943335
6557.9701890876	0.93377932836599
6557.9952384385	0.93025895806456
6558.0202878851	0.92824246082366
6558.0453374274	0.93469313215596
6558.0703870653	0.9404540183471
6558.0954367989	0.94305241958112
6558.1204866283	0.94445727319702
6558.1455365533	0.93823542691441
6558.170586574	0.93611359471693
6558.1956366903	0.9400076426927
6558.2206869024	0.93918245301588
6558.2457372101	0.93654060587147
6558.2707876136	0.93606329860421
6558.2958381127	0.93528851954047
6558.3208887075	0.925268768879
6558.3459393979	0.91611501481589
6558.3709901856	0.90759712026074
6558.3960410674	0.90319366383436
6558.421092045	0.90579171113815
6558.4461431182	0.91471714857535
6558.4711942871	0.9295034819315
6558.4962455517	0.94384928486738
6558.521296912	0.95492913716921
6558.546348368	0.96114252986051
6558.5713999196	0.96086886046819
6558.596451567	0.96406501386594
6558.62150331	0.96803723869354
6558.6465551488	0.9618079103617
6558.6716070832	0.95753186932701
6558.6966591133	0.95245574981289
6558.7217112391	0.94921003312295
6558.7467634606	0.94790145151298
6558.7718157778	0.94932744351372
6558.7968681906	0.95298865866037
6558.8219206992	0.95201507457695
6558.846973305	0.9476731595532
6558.8720260049	0.94474562796964
6558.8970788006	0.94283170671564
6558.9221316919	0.93211217779117
6558.9471846789	0.92124020608799
6558.9722377617	0.92104000330892
6558.9972909401	0.92158351816103
6559.0223442142	0.91843643622207
6559.047397584	0.9179171639609
6559.0724510495	0.92081803069106
6559.0975046107	0.92146459879082
6559.1225582676	0.91877349228183
6559.1476120202	0.91845825354871
6559.1726658685	0.91850757547924
6559.1977198125	0.92304447836908
6559.2227738522	0.92747870103857
6559.2478279876	0.92640103893839
6559.2728822187	0.92310285410468
6559.2979365455	0.91606151198077
6559.322990968	0.90915453141128
6559.3480454877	0.90256909076914
6559.3731001016	0.89861359729265
6559.3981548112	0.89507788587479
6559.4232096164	0.89464929055367
6559.4482645174	0.89612214974309
6559.4733195141	0.90295840201199
6559.4983746065	0.91167749757748
6559.5234297946	0.91655274003625
6559.5484850784	0.91614662099466
6559.5735404579	0.91907430851959
6559.5985959331	0.92014609157723
6559.623651504	0.91977158254616
6559.6487071707	0.91748804449221
6559.673762933	0.91557592530367
6559.698818791	0.91328442333489
6559.7238747447	0.90925600204349
6559.7489307942	0.90555054485045
6559.7739869393	0.90378273338785
6559.7990431802	0.90330522831007
6559.8240995182	0.90249111829353
6559.8491559505	0.89455687767024
6559.8742124785	0.88819419841813
6559.8992691021	0.88760218192015
6559.9243258215	0.88630738566941
6559.9493826366	0.88489841769937
6559.9744395474	0.88504553307849
6559.9994965539	0.88778712932376
6560.0245536562	0.88804219266984
6560.0496108541	0.88614966972956
6560.0746681477	0.88821297887604
6560.0997255371	0.89199851138906
6560.1247830222	0.89214715999362
6560.1498406029	0.89138427280589
6560.1748982794	0.89171048212999
6560.1999560516	0.8931816867938
6560.2250139195	0.89531903815685
6560.2500718832	0.89523354644322
6560.2751299425	0.89233595941028
6560.3001880991	0.8875915600992
6560.3252463498	0.88091805477854
6560.3503046963	0.88057984825941
6560.3753631385	0.88404064930443
6560.4004216764	0.88185216042833
6560.4254803101	0.87842904901556
6560.4505390394	0.87479681040294
6560.4755978645	0.87116899006079
6560.5006567852	0.87537738643164
6560.5257158017	0.87872198798043
6560.5507749139	0.87883433233629
6560.5758341219	0.87973501167146
6560.6008934255	0.88229582763625
6560.6259528249	0.88198006166547
6560.65101232	0.8792573227767
6560.6760719108	0.87572348422586
6560.7011315973	0.87276854131403
6560.7261913796	0.86679564821082
6560.7512512575	0.86107203507644
6560.7763112312	0.86077250543124
6560.8013713021	0.86044454359311
6560.8264314673	0.86127342621003
6560.8514917281	0.86097994271618
6560.8765520847	0.85935105914277
6560.901612537	0.85605043907255
6560.926673085	0.8507060798866
6560.9517337287	0.84534148495882
6560.9767944682	0.83984929055733
6561.0018553034	0.83508033657592
6561.0269162343	0.83195694722826
6561.0519772609	0.83190097719128
6561.0770383833	0.83263329823944
6561.1020996014	0.83193528608293
6561.1271609152	0.82975236152647
6561.1522223247	0.82574449671277
6561.17728383	0.82139452091909
6561.202345431	0.8163014159421
6561.2274071277	0.8148003652733
6561.2524689202	0.81516171070091
6561.2775308099	0.81608442152123
6561.3025927938	0.81631642646191
6561.3276548734	0.81466160451466
6561.3527170488	0.8111793032346
6561.3777793199	0.80658658405147
6561.4028416867	0.80385342648887
6561.4279041492	0.8044756469912
6561.4529667075	0.80168857563401
6561.4780293615	0.79617689652371
6561.5030921113	0.79325993099601
6561.5281549568	0.7916737200799
6561.553217898	0.78793701025343
6561.5782809349	0.78382386684379
6561.6033440676	0.7812093119114
6561.628407296	0.77827689155363
6561.6534706201	0.77458495084441
6561.67853404	0.77026881426736
6561.7035975556	0.76665196695758
6561.728661167	0.76254948044108
6561.7537248756	0.75806790060291
6561.7787886784	0.7541478372249
6561.8038525769	0.74977501659968
6561.8289165712	0.7459657099964
6561.8539806612	0.74169211176334
6561.879044847	0.73743036982769
6561.9041091285	0.73323514538025
6561.9291735057	0.72748143455973
6561.9542379787	0.72223078008657
6561.9793025474	0.71955937212409
6562.0043672119	0.71630670985937
6562.029431972	0.71110120704787
6562.054496828	0.70794748756791
6562.0795617796	0.70703792311322
6562.104626827	0.70563515781341
6562.1296919702	0.70359553501176
6562.1547572091	0.7006626167443
6562.1798225437	0.69706767500939
6562.2048879741	0.69398110546241
6562.2299535017	0.69103193584882
6562.2550191236	0.68963816670461
6562.2800848412	0.68802232947762
6562.3051506545	0.68686428580692
6562.3302165636	0.68714177804347
6562.3552825684	0.68798128929472
6562.380348669	0.68874363489083
6562.4054148653	0.68995664841793
6562.4304811574	0.69294843912048
6562.4555475452	0.69528039645749
6562.4806140287	0.69865459333026
6562.505680608	0.70078546516993
6562.5307472831	0.69911530138142
6562.5558140539	0.69493940397274
6562.5808809204	0.68573010170278
6562.6059478827	0.67792951546165
6562.6310149407	0.6720513430107
6562.6560820945	0.66781628734814
6562.681149344	0.66559508072716
6562.7062166893	0.66530394147087
6562.7312841319	0.6664292943231
6562.7563516686	0.66379132365824
6562.7814193012	0.66056099831715
6562.8064870295	0.64750044109387
6562.8315548535	0.63717502750739
6562.8566227733	0.63182144061607
6562.8816907888	0.63017263058738
6562.9067589001	0.63185259907454
6562.9318271071	0.63577150360343
6562.9568954099	0.64074918521279
6562.9819638084	0.6467698109838
6563.0070323027	0.65164494427694
6563.0321008928	0.65748085148583
6563.0571695786	0.66202197139077
6563.0822383602	0.66705983712934
6563.1073072375	0.66907508669488
6563.1323762105	0.66665148357541
6563.1574452794	0.66555743951937
6563.1825144439	0.66509728816284
6563.2075837058	0.66471828289069
6563.2326530619	0.6653121154722
6563.2577225137	0.66655368138178
6563.2827920613	0.66859435210421
6563.3078617047	0.66863526493868
6563.3329314438	0.66870463339877
6563.3580012787	0.66807669847425
6563.3830712093	0.66938746730935
6563.4081412357	0.67379437183782
6563.4332113579	0.67744064110913
6563.4582815758	0.67947395314215
6563.4833518895	0.68024201162582
6563.5084222989	0.67974521813103
6563.5334928041	0.68233503792024
6563.5585634051	0.68552229767849
6563.5836341018	0.69266506063142
6563.6087048943	0.6998361420944
6563.6337757825	0.70827221725003
6563.6588467665	0.71563634099857
6563.6839178478	0.72112521758768
6563.7089890233	0.72605145967305
6563.7340602946	0.72911067981226
6563.7591316617	0.7322629912898
6563.7842031245	0.73606929122285
6563.8092746831	0.74173733656274
6563.8343463375	0.74755089257596
6563.8594180876	0.75071807441062
6563.8844899335	0.75394069071849
6563.9095618752	0.75605732959558
6563.9346339126	0.75839824133354
6563.9597060458	0.76336837562687
6563.9847782747	0.77180465347418
6564.0098505995	0.78282160614242
6564.0349230199	0.78718211019322
6564.0599955362	0.78785067248972
6564.0850681482	0.78968921927108
6564.110140856	0.79274743702105
6564.1352136596	0.79594623974466
6564.160286559	0.79944509566539
6564.1853595556	0.80066575829575
6564.2104326465	0.80143488012821
6564.2355058331	0.80077201675694
6564.2605791155	0.80066551134198
6564.2856524937	0.80206326942227
6564.3107259677	0.81017671550601
6564.3357995375	0.82117969047406
6564.360873203	0.82381679260496
6564.3859469643	0.82350045459616
6564.4110208213	0.8288301614434
6564.4360947742	0.83402206424419
6564.4611688228	0.84396033807385
6564.4862429672	0.85312183202661
6564.5113172073	0.86303331545478
6564.5363915432	0.86908176040818
6564.561465975	0.87383531103779
6564.5865405025	0.87831895616119
6564.6116151257	0.88228138482847
6564.6366898448	0.87582125639939
6564.6617646611	0.86884983787055
6564.6868395717	0.86929415963607
6564.7119145781	0.87220817408562
6564.7369896802	0.87298181768867
6564.7620648782	0.87423861963755
6564.7871401719	0.8748583696574
6564.8122155614	0.87924497436827
6564.8372910466	0.88698669536818
6564.8623666277	0.89103093131479
6564.8874423045	0.89284089143197
6564.9125180771	0.90132641322957
6564.9375939455	0.90971671486386
6564.9626699097	0.91014856223381
6564.9877459697	0.91016956447731
6565.0128221254	0.91089584690253
6565.0378983769	0.91284685202177
6565.0629747242	0.9162497769587
6565.0880511673	0.91865929189447
6565.1131277062	0.91958068734761
6565.1382043424	0.91488717554236
6565.1632810728	0.90772121554618
6565.1883578991	0.9079400675085
6565.2134348211	0.91005511102774
6565.2385118389	0.91287654903597
6565.2635889525	0.91581388325968
6565.2886661618	0.91734446132648
6565.313743467	0.91719444037355
6565.3388208679	0.91374870018768
6565.3638983647	0.91445673042027
6565.3889759572	0.92054579385527
6565.4140536455	0.92339714460676
6565.4391314296	0.92410726436339
6565.4642093095	0.92758706997898
6565.4892872852	0.93185767337678
6565.5143653567	0.9332279877468
6565.5394435239	0.93503696796759
6565.564521787	0.9355121237495
6565.5896001458	0.93417886060052
6565.6146786004	0.93121271987091
6565.6397571524	0.93428149126729
6565.6648357986	0.94123823257979
6565.6899145406	0.94263902523674
6565.7149933784	0.94227380999637
6565.740072312	0.94290388908655
6565.7651513414	0.94291968631571
6565.7902304666	0.94322800444436
6565.8153096876	0.94384759796242
6565.8403890043	0.94205405896112
6565.8654684169	0.94039141939994
6565.8905479252	0.94642239287766
6565.9156275294	0.95201753086252
6565.9407072294	0.95023802733545
6565.9657870251	0.94836865243091
6565.9908669167	0.94832564446933
6566.015946904	0.94827098928572
6566.0410269871	0.94951553938863
6566.0661071661	0.95113822617329
6566.0911874408	0.95066621966056
6566.1162678129	0.95120866963586
6566.1413482792	0.95302611206677
6566.1664288413	0.95410979638138
6566.1915094993	0.95851108228434
6566.216590253	0.96380447929701
6566.2416711025	0.96392224562417
6566.2667520479	0.96313003191058
6566.291833089	0.96159444343024
6566.3169142259	0.95907415356958
6566.3419954587	0.95725482148371
6566.3670767872	0.95585978326084
6566.3921582116	0.95822776142608
6566.4172397317	0.9616651203188
6566.4423213477	0.96357867837883
6566.4674030594	0.9637239464421
6566.492484867	0.96333875448365
6566.5175667704	0.96351414495604
6566.5426487695	0.96497916955674
6566.5677308645	0.9671731219248
6566.5928130568	0.96662810437251
6566.6178953434	0.96466166112336
6566.6429777258	0.96347527573846
6566.668060204	0.96363583060219
6566.693142778	0.96497651341487
6566.7182254478	0.96697530989999
6566.7433082134	0.96745415486443
6566.7683910748	0.96586874672614
6566.7934740321	0.96418114873978
6566.8185570851	0.96221042215993
6566.843640234	0.96033733828257
6566.8687234786	0.95839940272886
6566.8938068191	0.95787025687
6566.9188902554	0.96029405099203
6566.9439737875	0.96389727171217
6566.9690574154	0.96888292920145
6566.9941411391	0.97152433788924
6567.0192249587	0.97126851574082
6567.044308874	0.97250553357871
6567.0693928867	0.97417091994362
6567.0944769936	0.9746121515829
6567.1195611964	0.97307109210443
6567.144645495	0.97230516813854
6567.1697298894	0.97427317001105
6567.1948143796	0.97498052700577
6567.2198989657	0.97293490104296
6567.2449836475	0.97076651948729
6567.2700684252	0.9697012316033
6567.2951532987	0.97035622247406
6567.320238268	0.9735891094068
6567.3453233331	0.97589065022268
6567.370408494	0.97881281573939
6567.3954937508	0.98256982280194
6567.4205791034	0.98249514264262
6567.4456645517	0.981014613287
6567.470750096	0.98010615455642
6567.495835736	0.97977520717621
6567.5209214718	0.98110354232039
6567.5460073035	0.98278037777032
6567.5710932325	0.97958313029828
6567.5961792558	0.9755064182252
6567.6212653749	0.97283089350559
6567.6463515899	0.9716445482595
6567.6714379006	0.97334145975441
6567.6965243072	0.97513093098217
6567.7216108096	0.97238222968089
6567.7466974079	0.96994933309466
6567.7717841019	0.96891608324171
6567.7968708918	0.96881300983481
6567.8219577775	0.96356733946437
6567.847044759	0.95922681897992
6567.8721318364	0.96168197358433
6567.8972190095	0.96407266848924
6567.9223062785	0.96772226795326
6567.9473936434	0.97187760488871
6567.972481104	0.95903901378466
6567.9975686605	0.94699812193902
6568.0226563128	0.93337887772661
6568.0477440624	0.92336006956894
6568.0728319064	0.92427656212298
6568.0979198462	0.92866250773866
6568.1230078818	0.95280106548914
6568.1480960132	0.97641418729419
6568.1731842405	0.9992158992432
6568.1982725636	1.0126671076725
6568.2233609825	1.0260075016974
6568.2484494973	1.0353759827563
6568.2735381079	1.0346918393625
6568.2986268143	1.0305258599088
6568.3237156165	1.0185991613158
6568.3488045146	1.0061648765684
6568.3738935085	0.99515250995512
6568.3989825983	0.98644993248636
6568.4240717839	0.97982361127507
6568.4491610653	0.97618089281337
6568.4742504425	0.97431185281139
6568.4993399156	0.97252369796883
6568.524429486	0.96947938410778
6568.5495191507	0.96691171332436
6568.5746089113	0.96559883931803
6568.5996987677	0.96509673990509
6568.62478872	0.96258170108089
6568.6498787681	0.95597870292548
6568.674968912	0.95005357330054
6568.7000591517	0.94864329259567
6568.7251494873	0.94684865417055
6568.7502399188	0.94165170820689
6568.775330446	0.93939911135267
6568.8004210691	0.94144562436779
6568.8255117881	0.94450348769021
6568.8506026029	0.9491895027188
6568.8756935135	0.95315866570709
6568.9007845199	0.9542536845197
6568.9258756222	0.95778937317084
6568.9509668204	0.96661462075388
6568.9760581144	0.96807941270815
6569.0011495042	0.95836513439838
6569.0262409914	0.9525566080155
6569.0513325729	0.95428848310262
6569.0764242502	0.95545640440962
6569.1015160234	0.95649113092314
6569.1266078924	0.95769444702723
6569.1516998573	0.95588492753364
6569.176791918	0.95520365849155
6569.2018840746	0.95991824433222
6569.226976327	0.96273407132067
6569.2520686752	0.96048622583733
6569.2771611193	0.95928054900674
6569.3022536592	0.96081707627963
6569.327346295	0.96143987316011
6569.3524390267	0.95821305279696
6569.3775318541	0.95569213258765
6569.4026247775	0.95355720822332
6569.4277177966	0.95364983299145
6569.4528109116	0.95619605583099
6569.4779041225	0.9586859530695
6569.5029974307	0.95640087945906
6569.5280908333	0.95408662182429
6569.5531843317	0.95676810155531
6569.578277926	0.95834958757061
6569.6033716161	0.96007278308223
6569.628465402	0.96232072598253
6569.6535592838	0.96498350705183
6569.6786532615	0.96676147292468
6569.703747335	0.97264801445546
6569.7288415044	0.97660574309291
6569.7539357696	0.98035256267586
6569.7790301306	0.98267977615375
6569.8041245875	0.98417627765675
6569.8292191403	0.9842241565781
6569.8543137889	0.99031843401082
6569.8794085334	0.9984406928588
6569.9045033738	0.99079241870433
6569.9295983099	0.98493903885082
6569.954693342	0.97944765926888
6569.9797884714	0.97576565696024
6570.0048836951	0.97643761448768
6570.0299790147	0.97816952978176
6570.0550744302	0.989262397909
6570.0801699415	0.99867108283653
6570.1052655487	0.99647816851382
6570.1303612517	0.98983413416296
6570.1554570506	0.99179053845597
6570.1805529454	0.9947292070783
6570.205648936	1.0006133279576
6570.2307450224	1.0074520513759
6570.2558412048	1.0066477615451
6570.2809374829	1.0065506199126
6570.306033857	1.0085402015654
6570.3311303269	1.0125461124116
6570.3562268926	1.0176634242793
6570.3813235543	1.0232838660301
6570.4064203118	1.0253485385445
6570.4315171651	1.0242025947641
6570.4566141158	1.0185085631021
6570.4817111609	1.0104824955042
6570.5068083018	1.0067047640515
6570.5319055386	1.0047096286132
6570.5570028713	1.00266622818
6570.5821002998	1.001979408314
6570.6071978242	1.00349620101
6570.6322954445	1.0058281404791
6570.6573931606	1.0037340854819
6570.6824909726	0.99952176361786
6570.7075888804	0.99843818816872
6570.7326868841	0.99869555941319
6570.7577849837	0.99574292044924
6570.7828831791	0.99067244166319
6570.8079814705	0.99056689585162
6570.8330798576	0.99402665660286
6570.8581783407	0.99969709668309
6570.8832769196	1.0072005236447
6570.9083755944	1.0066913400733
6570.9334743651	0.99911902839162
6570.9585732331	0.99619414392107
6570.9836721955	0.99875547830053
6571.0087712538	0.99870652426151
6571.0338704079	0.99517155138638
6571.0589696579	0.99634043532048
6571.0840690038	1.0033307905954
6571.1091684455	1.0043648755899
6571.1342679831	0.99838288174874
6571.1593676166	0.99617524123005
6571.184467346	0.99910189528938
6571.2095671712	1.0045440900871
6571.2346670923	1.0111333800904
6571.2597671093	1.0134259257016
6571.2848672222	1.0097307924267
6571.3099674309	1.005212749997
6571.3350677355	1.002701850265
6571.360168136	0.9991809220032
6571.3852686324	0.99236240456894
6571.4103692246	0.98601473241783
6571.4354699142	0.97994544622155
6571.4605706982	0.97471937824135
6571.4856715781	0.97284664984618
6571.5107725538	0.97103068419437
6571.5358736254	0.96683637512435
6571.5609747929	0.9593609708515
6571.5860760563	0.94664245467042
6571.6111774156	0.94140313788522
6571.6362788707	0.94081325021466
6571.6613804217	0.94778040680679
6571.6864820686	0.96344367540431
6571.7115838114	0.97988728179242
6571.73668565	1.0028314384859
6571.7617875846	1.0202868235912
6571.786889615	1.0426111742715
6571.8119917413	1.0548303952126
6571.8370939635	1.0585186907593
6571.8621962815	1.0558651769829
6571.8872986955	1.0490297913449
6571.9124012068	1.0433863479468
6571.9375038125	1.0359619594078
6571.9626065141	1.0307052195648
6571.9877093116	1.0223864250019
6572.012812205	1.0198111703529
6572.0379151942	1.0195623584949
6572.0630182794	1.0194871701678
6572.0881214604	1.0193185594088
6572.1132247373	1.0203331750813
6572.1383281101	1.0176976333244
6572.1634315788	1.0144060722434
6572.1885351433	1.0158488229516
6572.2136388038	1.0189015043341
6572.2387425601	1.0219170976116
6572.2638464124	1.0233124477548
6572.2889503605	1.0154719913241
6572.3140544045	1.0075324920233
6572.3391585444	1.0039700114754
6572.3642627802	1.0003292050131
6572.3893671119	1.0003373230068
6572.414471541	1.0010741141159
6572.4395760644	1.0005792653853
6572.4646806838	1.002121131819
6572.489785399	1.0025888859703
6572.5148902102	1.0019198521435
6572.5399951172	1.0026209035488
6572.5651001201	1.003861634905
6572.5902052189	1.0001858576619
6572.6153104136	0.99592533150961
6572.6404157042	1.0026949329419
6572.6655210907	1.009778914918
6572.6906265731	1.0070907154338
6572.7157321514	1.0053405853901
6572.7408378256	1.0072769071358
6572.7659435957	1.0069604263218
6572.7910494616	1.0040980929069
6572.8161554235	1.0013772591013
6572.8412614813	1.0058860399076
6572.8663676349	1.0109899687293
6572.891473886	1.0069536625079
6572.9165802315	1.0027376357149
6572.9416866728	0.99447573636493
6572.9667932101	0.98848852696547
6572.9918998432	0.97653171041968
6573.0170065723	0.96901286379952
6573.0421133972	0.95589216795853
6573.0672203181	0.95066059946391
6573.0923273348	0.96256627252717
6573.1174344475	0.97644046217635
6573.142541656	1.0073831151866
6573.1676489605	1.0303177384715
6573.1927563609	1.062077536321
6573.2178638571	1.081135227865
6573.2429714493	1.0913524023245
6573.2680791373	1.0946408204125
6573.2931869213	1.0860175513352
6573.3182948012	1.0765392475954
6573.343402777	1.0585561202617
6573.3685108502	1.0446157135998
6573.3936190177	1.0347854947606
6573.4187272812	1.0307562650022
6573.4438356406	1.0285088807191
6573.4689440959	1.0278953352022
6573.4940526471	1.0250925989456
6573.5191612943	1.0219328327615
6573.5442700373	1.0204817299149
6573.5693788762	1.0196889547854
6573.5944878111	1.0193628099138
6573.6195968418	1.0193201895061
6573.6447059685	1.0176917735632
6573.669815191	1.0150142325954
6573.6949245095	1.0063161660988
6573.7200339239	0.9967107862534
6573.7451434342	0.98542401730196
6573.7702530404	0.97684382782441
6573.7953627425	0.96536216749212
6573.8204725405	0.95658402015067
6573.8455824344	0.9507620359387
6573.8706924258	0.94871013398938
6573.8958025116	0.95603916263289
6573.9209126932	0.96495577546275
6573.9460229708	0.98848111667638
6573.9711333443	1.011411628998
6573.9962438137	1.0357009449149
6574.0213543791	1.0562863530061
6574.0464650403	1.0632723846804
6574.0715757975	1.059927366443
6574.0966866505	1.0495387227121
6574.1217975995	1.0377721672098
6574.1469086444	1.0173053487866
6574.1720197852	0.99431701256639
6574.197131022	0.98347603689566
6574.2222423546	0.9809512118852
6574.2473537832	0.98314915286371
6574.2724653077	0.98729504962259
6574.2975769281	0.99404054176921
6574.3226886444	1.0027705138181
6574.3478004581	1.0067603744634
6574.3729123663	1.0078284452309
6574.3980243704	1.0016594116332
6574.4231364704	0.99194116231484
6574.4482486663	0.99096133378881
6574.4733609581	0.99652291152512
6574.4984733459	1.000476213808
6574.5235858296	1.0026791174081
6574.5486984092	1.0025504801645
6574.5738110847	1.0007501886333
6574.5989238562	0.99935484126933
6574.6240367235	0.99869744566183
6574.6491496868	0.99889064557372
6574.674262746	0.99898769428381
6574.6993759012	0.99639434687735
6574.7244891523	0.99230133511069
6574.7496024992	0.99188055052963
6574.7747159422	0.99416271917862
6574.799829481	0.99617985250962
6574.8249431173	0.9976850485845
6574.850056848	1.0016465474232
6574.8751706746	1.0073675608665
6574.9002845971	1.011537334928
6574.9253986156	1.0156845312609
6574.95051273	1.0152330440526
6574.9756269403	1.0089485119012
6575.0007412466	1.0042464055589
6575.0258556488	1.002429169326
6575.0509701469	0.99968393159508
6575.0760847409	0.99530058419702
6575.1011994309	0.99447255743905
6575.1263142168	0.99709433149496
6575.1514290986	0.99741852998747
6575.1765440764	0.99440940508966
6575.2016591501	0.9952062350002
6575.2267743197	1.0019216351867
6575.2518895853	1.006585128751
6575.2770049468	1.0089675220414
6575.3021204057	1.0111159846066
6575.3272359591	1.0120399749912
6575.3523516084	1.0135973249823
6575.3774673536	1.0179437674069
6575.4025831948	1.0211314149416
6575.4276991318	1.0209783319059
6575.4528151649	1.0207264827069
6575.4779312938	1.0223670886498
6575.5030475187	1.0261224215408
6575.5281638396	1.0295030405541
6575.5532802563	1.031207131271
6575.578396769	1.0332366450917
6575.6035133777	1.0365697849636
6575.6286300823	1.0415254005711
6575.6537468828	1.0414562203103
6575.6788637793	1.0334150884707
6575.7039807717	1.0279936207039
6575.72909786	1.0266667959231
6575.7542150443	1.0293887683472
6575.7793323245	1.0365697944812
6575.8044497021	1.0440846827929
6575.8295671742	1.0510836086155
6575.8546847423	1.0555514515408
6575.8798024062	1.0594131435193
6575.9049201662	1.0621778497973
6575.930038022	1.0641325733459
6575.9551559738	1.064764317149
6575.9802740216	1.063553536203
6576.0053921653	1.0624642324233
6576.0305104049	1.0608227543602
6576.0556287405	1.0599705265515
6576.080747172	1.0594814371544
6576.1058656994	1.0582081402343
6576.1309843229	1.0531664024112
6576.1561030422	1.0494818682993
6576.1812218575	1.0484305734934
6576.2063407688	1.0478457166946
6576.2314597759	1.0515664137357
6576.2565788791	1.0553122756174
6576.2816980797	1.0567568377119
6576.3068173747	1.0560020148044
6576.3319367657	1.0504163896508
6576.3570562526	1.0467598589097
6576.3821758355	1.0495037142759
6576.4072955143	1.0520768450388
6576.4324152891	1.0494562166646
6576.4575351598	1.0475659667035
6576.4826551265	1.0480829494198
6576.5077751891	1.0490688593809
6576.5328953477	1.0528688586817
6576.5580156022	1.057691840257
6576.5831359527	1.0634489393963
6576.6082563991	1.0641511173773
6576.6333769415	1.058582504736
6576.6584975798	1.0549290108211
6576.6836183141	1.0541530635202
6576.7087391443	1.0537537308861
6576.7338600705	1.0543571436983
6576.7589810942	1.0556753385061
6576.7841022123	1.0577419788593
6576.8092234263	1.060099436304
6576.8343447363	1.0602807673368
6576.8594661423	1.0597136398232
6576.8845876442	1.0577931931339
6576.9097092421	1.0561915624044
6576.9348309359	1.0579868984321
6576.9599527257	1.0589845228902
6576.9850746115	1.0572482681224
6577.0101965932	1.0555286748795
6577.0353186708	1.0521584912833
6577.0604408445	1.0491474826855
6577.085563114	1.0504848080433
6577.1106854796	1.0528659636121
6577.1358079411	1.0544273371728
6577.1609304985	1.0568923189888
6577.186053152	1.0620366013651
6577.2111759013	1.0658016618849
6577.2362987467	1.0682902226011
6577.2614216895	1.0701168699289
6577.2865447268	1.0701781061507
6577.31166786	1.0701421077582
6577.3367910892	1.0662508410648
6577.3619144143	1.062692150634
6577.3870378354	1.0610633571938
6577.4121613525	1.0605818165123
6577.4372849655	1.0645889304111
6577.4624086745	1.069466659206
6577.4875324795	1.0757381212552
6577.5126563804	1.0798424741467
6577.5377803773	1.0780620331985
6577.5629044702	1.075589310294
6577.588028659	1.0723305875411
6577.6131529438	1.0700022785035
6577.6382773246	1.0668069398084
6577.6634018013	1.0635832808891
6577.688526374	1.0633265134717
6577.7136510427	1.0651526559913
6577.7387758088	1.0679353287642
6577.7639006694	1.0697655990228
6577.789025626	1.0739276334948
6577.8141506786	1.0757891963512
6577.8392758271	1.0701286940044
6577.8644010715	1.0658789950762
6577.889526412	1.0663899530287
6577.9146518484	1.0674490208045
6577.9397773808	1.0714454694361
6577.9649030092	1.0746276104043
6577.9900287335	1.0773176366564
6578.0151545538	1.0785253973368
6578.0402804701	1.0751775583253
6578.0654064824	1.0719351454718
6578.0905325906	1.0681615130757
6578.1156587948	1.0664099834386
6578.140785095	1.069636540848
6578.1659114911	1.0730319683964
6578.1910379832	1.0718624173352
6578.2161645728	1.0701662546802
6578.2412912569	1.0688438885915
6578.266418037	1.0687153625126
6578.291544913	1.0727778148603
6578.316671885	1.0761670752633
6578.341798953	1.0799936844645
6578.3669261169	1.0833386801561
6578.3920533769	1.0859116232855
6578.4171807328	1.0867059922907
6578.4423081847	1.0825841467038
6578.4674357326	1.0782121941987
6578.4925633764	1.075527924779
6578.5176911162	1.0748491509003
6578.542818952	1.0774692854783
6578.5679468838	1.079208627627
6578.5930749116	1.0788817390834
6578.6182030354	1.0779518946678
6578.6433312551	1.0722301558038
6578.6684595708	1.0677790385911
6578.693587984	1.0674260842764
6578.7187164917	1.0667635963715
6578.7438450954	1.065610340664
6578.768973795	1.0654712543077
6578.7941025906	1.0629743821106
6578.8192314822	1.0606180574536
6578.8443604698	1.062695045718
6578.8694895534	1.0634499633849
6578.894618733	1.0626298178101
6578.9197480085	1.062788966469
6578.9448773801	1.0631450834954
6578.9700068476	1.0642203920356
6578.9951364111	1.0665520923034
6579.0202660706	1.0695042630806
6579.0453958261	1.0706681583629
6579.0705256776	1.0737803649484
6579.095655625	1.0766831269678
6579.1207856685	1.0786845435014
6579.1459158079	1.0852380518086
6579.1710460434	1.0908528776303
6579.1961763763	1.1015523033792
6579.2213068037	1.1071720234836
6579.2464373271	1.1092904644204
6579.2715679465	1.1097364509383
6579.2966986619	1.1049273727773
6579.3218294732	1.1005477160209
6579.3469603806	1.0960311768896
6579.3720913839	1.0931095067275
6579.3972224833	1.0921107174439
6579.4223536786	1.0916036446076
6579.44748497	1.0886477960058
6579.4726163573	1.0858204371398
6579.4977478406	1.0806666836529
6579.5228794199	1.076620180229
6579.5480110952	1.0767103775264
6579.5731428665	1.0749279470718
6579.5982747338	1.0692862773172
6579.6234066971	1.0649718961305
6579.6485387564	1.0628542071196
6579.6736709132	1.062778898202
6579.6988031645	1.0692837911255
6579.7239355118	1.0743303998371
6579.7490679551	1.0753044096779
6579.7742004943	1.0778121096222
6579.7993331296	1.0816900990945
6579.8244658609	1.0833591196915
6579.8495986882	1.0794700162948
6579.8747316114	1.0756453045459
6579.8998646307	1.0717342281771
6579.924997746	1.067931222319
6579.9501309572	1.0638578708355
6579.9752642645	1.0592950774142
6580.0003976678	1.0495713128368
6580.0255311671	1.041668608305
6580.0506647623	1.0353883506015
6580.0757984536	1.0376495038167
6580.1009322409	1.0507615278665
6580.1260661242	1.063319963854
6580.151200105	1.0814543848381
6580.1763341803	1.0943343932673
6580.2014683516	1.1083075735927
6580.2266026189	1.1130424475975
6580.2517369822	1.1123986170132
6580.2768714415	1.108269043729
6580.3020059968	1.1004776491933
6580.3271406481	1.0934491731787
6580.3522753955	1.0853056466656
6580.3774102388	1.0819574391558
6580.4025451781	1.0783269862138
6580.4276802135	1.0762915025762
6580.4528153449	1.0712699399718
6580.4779505722	1.0695347423974
6580.5030858956	1.0738259418981
6580.528221315	1.0793358648521
6580.5533568304	1.0835114112828
6580.5784924418	1.0818017051426
6580.6036281492	1.0831236993963
6580.6287639526	1.0841200312946
6580.6538998536	1.0845134484395
6580.679035849	1.0787801410194
6580.7041719405	1.0730355738696
6580.7293081279	1.0707154135106
6580.7544444114	1.0672162253139
6580.7795807909	1.0626128860642
6580.8047172664	1.0573154848109
6580.8298538379	1.0545772815835
6580.8549905055	1.055073328801
6580.880127269	1.057067189113
6580.9052641286	1.061758886578
6580.9304010841	1.0654270396495
6580.9555381357	1.0659022358945
6580.9806752833	1.0626516364629
6581.005812527	1.0530901633825
6581.0309498666	1.0464987544996
6581.0560873023	1.0551583178762
6581.0812248339	1.064392642635
6581.1063624616	1.069723712332
6581.1315001868	1.0729079638543
6581.1566380066	1.0760629177699
6581.1817759223	1.0777373596951
6581.2069139341	1.0767715977604
6581.2320520419	1.0755116787659
6581.2571902457	1.0779224222714
6581.2823285455	1.0625856844253
6581.3074669413	1.1069419090966
6581.3326054332	1.0750442978684
6581.3577440211	1.0824367448064
6581.382882705	1.0968849844886
6581.4080214849	1.0950480822919
6581.4331603608	1.0969123320548
6581.4582993328	1.0916825192093
6581.4834384008	1.0905783839141
6581.5085775648	1.0503475446123
6581.5337168249	1.0306784286574
6581.5588561809	1.0346632558859
6581.583995633	1.0422762544492
6581.6091351827	1.0504515235035
6581.6342748268	1.0770463243539
6581.659414567	1.0883381148842
6581.6845544031	1.085989205757
6581.7096943354	1.085543083543
6581.7348343636	1.0855047019228
6581.7599744879	1.0828258579575
6581.7851147082	1.0876433257872
6581.8102550245	1.0940574777014
6581.8353954368	1.0959994825652
6581.8605359452	1.0958465125015
6581.8856765496	1.0915583437275
6581.9108172501	1.0829636836629
6581.9359580465	1.0766716418272
6581.961098939	1.0749440482791
6581.9862399276	1.087773980896
6582.0113810121	1.0956694717419
6582.0365221927	1.0968984852136
6582.0616634693	1.0951843793915
6582.086804842	1.0921809380398
6582.1119463122	1.0822431298902
6582.1370878769	1.0860013026525
6582.1622295377	1.0925086487393
6582.1873712944	1.0966851755611
6582.2125131473	1.0719366936431
6582.2376550961	1.0811972594561
6582.262797141	1.1293590899926
6582.2879392819	1.1455700859468
6582.3130815189	1.1406552677063
6582.3382238518	1.1532436583248
6582.3633662809	1.1630782102916
6582.3885088059	1.1679373632313
6582.413651427	1.1715520052562
6582.4387941442	1.1671621616494
6582.4639369573	1.157774030956
6582.4890798665	1.1520789837425
6582.5142228718	1.1469304690724
6582.5393659731	1.1325356740294
6582.5645091704	1.1328011043239
6582.5896524653	1.1381419737328
6582.6147958547	1.1252867383309
6582.6399393401	1.1666874784298
6582.6650829216	1.2104166406557
6582.6902265991	1.2385850719396
6582.7153703727	1.2353201152288
6582.7405142423	1.2175741835285
6582.7656582079	1.207362911725
6582.7908022696	1.1927615469673
6582.8159464273	1.1959966353689
6582.8410906811	1.2046172354553
