6544.0394799646	0.99112281333787
6544.0644761047	0.99135585274982
6544.0894723402	0.9906692378856
6544.1144686712	0.98845622805378
6544.1394650977	0.98506822922359
6544.1644616197	0.98047891401375
6544.1894582371	0.97833621264288
6544.2144549501	0.97789817949517
6544.2394517585	0.97854267679022
6544.2644486624	0.97756986029807
6544.2894456617	0.97952149806132
6544.3144427566	0.98351330542236
6544.3394399469	0.98514762084873
6544.3644372327	0.98490452599931
6544.3894346155	0.9812636847524
6544.4144320923	0.97854894425057
6544.4394296645	0.97545129014716
6544.4644273323	0.97429918920662
6544.4894250955	0.97522946519972
6544.5144229542	0.9758950402069
6544.5394209084	0.97632896950778
6544.5644189581	0.97905902579809
6544.5894171032	0.98208359614873
6544.6144153439	0.98629551018326
6544.63941368	0.98974462105615
6544.6644121116	0.99323561659938
6544.6894106387	0.99643220872063
6544.7144092613	0.99477182945722
6544.7394079794	0.99205361274835
6544.7644067929	0.98489600462792
6544.789405702	0.98007903183133
6544.8144047065	0.97908437324762
6544.8394038065	0.97871253770836
6544.864403002	0.97680729871577
6544.8894022946	0.97348334054286
6544.914401681	0.96955416908739
6544.939401163	0.96546656893532
6544.9644007405	0.95956379687619
6544.9894004135	0.95200705895957
6545.0144001819	0.94533098477131
6545.0394000459	0.93710743837317
6545.0644000053	0.93236134920213
6545.0894000602	0.92993602075507
6545.1144002106	0.93002453217807
6545.1394004565	0.94437059076339
6545.1644007979	0.95576125935498
6545.1894012348	0.9836618964198
6545.2144017672	1.0023534057249
6545.2394023951	1.0291486095513
6545.2644031185	1.0426987909115
6545.2894039374	1.0487596836493
6545.3144048517	1.0451396537683
6545.3394058616	1.0370260809082
6545.3644069685	1.024738896105
6545.3894081693	1.0096964204516
6545.4144094657	0.99442673185621
6545.4394108575	0.98451643593041
6545.4644123449	0.97751457250152
6545.4894139277	0.97347068669847
6545.5144156061	0.96883553197791
6545.5394173799	0.96558350921453
6545.5644192493	0.96046493777503
6545.5894212141	0.95665738255348
6545.6144232744	0.95471828981694
6545.6394254303	0.95326210675097
6545.6644276816	0.95126100801219
6545.6894300284	0.94796930012682
6545.7144324708	0.94412814881366
6545.7394350086	0.94004158615754
6545.764437642	0.93508329614645
6545.7894403708	0.93178684211662
6545.8144431952	0.92890336913364
6545.8394461165	0.92589842590102
6545.8644491319	0.92455876770574
6545.8894522427	0.92898684838547
6545.9144554491	0.93453375391535
6545.939458751	0.93923226331177
6545.9644621483	0.94371704727403
6545.9894656412	0.94838175059217
6546.0144692296	0.95112331936563
6546.0394729135	0.94859144838507
6546.0644766929	0.93928527476181
6546.0894805678	0.92351764249105
6546.1144845382	0.9079154012231
6546.1394886041	0.89496530014589
6546.1644927655	0.89165595182208
6546.1894970224	0.89510655054824
6546.2145013749	0.90181813641919
6546.2395058228	0.90999808121203
6546.2645103663	0.91977759863396
6546.2895150052	0.92733434851053
6546.3145197397	0.92876387624783
6546.3395245712	0.92919764253317
6546.3645294967	0.92803394674001
6546.3895345177	0.92702830003255
6546.4145396342	0.92298469999684
6546.4395448463	0.9210776317253
6546.4645501538	0.9199295959547
6546.4895555568	0.92070433662053
6546.5145610554	0.92475282565936
6546.5395666495	0.92891457226458
6546.5645723391	0.93250822200058
6546.5895781242	0.93416861125063
6546.6145840048	0.93527912825476
6546.6395899809	0.93604350072571
6546.6645960526	0.93824860609148
6546.6896022197	0.94196233832509
6546.7146084824	0.94467165457889
6546.7396148406	0.94741739692976
6546.7646212943	0.95031273968855
6546.7896278436	0.95202233207959
6546.8146344898	0.95549576214242
6546.8396412301	0.96004811005992
6546.8646480659	0.96703900021622
6546.8896549972	0.97800827972536
6546.914662024	0.98724228299901
6546.9396691463	0.99062259842937
6546.9646763642	0.98494600202622
6546.9896836775	0.96965594761002
6547.0146910864	0.9556409420427
6547.0396985908	0.94266200839209
6547.0647061908	0.93988135791707
6547.0897138862	0.93748999301317
6547.1147216772	0.94783104988705
6547.1397295637	0.95919606046775
6547.1647375457	0.96629075056548
6547.1897456233	0.97295773526734
6547.2147537963	0.97496752719473
6547.2397620649	0.97699980674982
6547.2647704291	0.97795748225037
6547.2897788902	0.97931507319004
6547.3147874454	0.98085946624443
6547.339796096	0.98144857627037
6547.3648048423	0.98028524846858
6547.389813684	0.97868192883168
6547.4148226213	0.97815699986834
6547.439831654	0.97432090492634
6547.4648407824	0.97021654630791
6547.4898500062	0.96945728791954
6547.5148593256	0.96948626222505
6547.5398687405	0.96606003177635
6547.5648782509	0.96301752845295
6547.5898878569	0.96169855624093
6547.6148975583	0.96187175573179
6547.6399073554	0.96325460008506
6547.6649172479	0.96346648341158
6547.689927236	0.96357422734386
6547.7149373196	0.9645183718679
6547.7399474987	0.96466701453704
6547.7649577734	0.96510072352516
6547.7899681451	0.9672673237928
6547.8149786108	0.97059970036982
6547.839989172	0.9734926886254
6547.8649998288	0.97673145430847
6547.8900105812	0.97918938772806
6547.915021429	0.98572870377115
6547.9400323724	0.98878393212884
6547.9650434113	0.98851832115524
6547.9900545458	0.98487253977358
6548.0150657758	0.98097961240685
6548.0400771013	0.97831766896781
6548.0650885224	0.97398593363046
6548.090100039	0.96934914492266
6548.1151116511	0.96619056474858
6548.1401233588	0.96249672373728
6548.165135162	0.95918938944056
6548.1901470607	0.95940566276724
6548.215159055	0.96132672851236
6548.2401711448	0.96158031664146
6548.2651833317	0.96091344233803
6548.2901956126	0.96298537734181
6548.315207989	0.96601522805023
6548.340220461	0.96773454678657
6548.3652330285	0.96819351344649
6548.3902456915	0.96822420420051
6548.4152584501	0.96857481479808
6548.4402713043	0.96790776020056
6548.4652842539	0.96753416764176
6548.4902972992	0.96850248241257
6548.5153104399	0.96995844984349
6548.5403236762	0.97250281616823
6548.5653370081	0.97456349464576
6548.5903504355	0.97422081188441
6548.6153639584	0.97365323637888
6548.6403775769	0.9739566379898
6548.6653912909	0.97087739682478
6548.6904051004	0.96791838090808
6548.7154190055	0.96882661494958
6548.7404330077	0.96956763572505
6548.7654471039	0.96767291128782
6548.7904612957	0.96712756854329
6548.8154755829	0.9690791353821
6548.8404899658	0.9706672171083
6548.8655044442	0.97121672608743
6548.8905190181	0.97081403091923
6548.9155336876	0.96967215640918
6548.9405484526	0.96782187162121
6548.9655633132	0.96485900432918
6548.9905782693	0.96159905532388
6549.015593321	0.96130581715873
6549.0406084682	0.96036130779252
6549.065623711	0.96011537659976
6549.0906390493	0.96004024777908
6549.1156544832	0.96217504911463
6549.1406700126	0.96393099792849
6549.1656856376	0.96573631792468
6549.1907013581	0.96980361057104
6549.2157171757	0.97503193796856
6549.2407330873	0.97970682744212
6549.2657490945	0.98247790822431
6549.2907651972	0.98260934864053
6549.3157813955	0.98044875365461
6549.3407976894	0.97783151605664
6549.3658140787	0.97503741110675
6549.3908305637	0.97405950365063
6549.4158471442	0.97287859464879
6549.4408638203	0.97276739619403
6549.4658805919	0.97258777247746
6549.4908974591	0.97223956424256
6549.5159144218	0.97035428049125
6549.5409314801	0.97010834505643
6549.5659486339	0.97153266269884
6549.5909658833	0.97028167338672
6549.6159832283	0.9673972644555
6549.6410006688	0.96543934698881
6549.6660182049	0.96452171555133
6549.6910358365	0.96215202652176
6549.7160535652	0.95940690795938
6549.741071388	0.95986763052803
6549.7660893063	0.96170437218068
6549.7911073202	0.96410428667847
6549.8161254296	0.96620751982922
6549.8411436346	0.96911149751821
6549.8661619352	0.9713706083436
6549.8911803313	0.97359752681863
6549.916198823	0.97577802339592
6549.9412174102	0.9790779948385
6549.9662360931	0.98384897207403
6549.9912548714	0.98942914196736
6550.0162737454	0.99099519500676
6550.0412927149	0.98944257454048
6550.0663117799	0.98475519137506
6550.0913309406	0.98017533869041
6550.1163501968	0.97464927536934
6550.1413695485	0.96881111096596
6550.1663889958	0.96390177223012
6550.1914085403	0.96092248410584
6550.2164281787	0.95561924649534
6550.2414479127	0.95321747042697
6550.2664677423	0.95483264598376
6550.2914876675	0.95711845954436
6550.3165076882	0.95982787013971
6550.3415278045	0.96400733379509
6550.3665480164	0.96671120849933
6550.3915683238	0.96518072344564
6550.4165887268	0.96270019494516
6550.4416092254	0.95802931814268
6550.4666298196	0.95285500827991
6550.4916505093	0.94366881228608
6550.5166712946	0.9384219079969
6550.5416921754	0.93778111438767
6550.5667131519	0.94186095023173
6550.5917342239	0.95271466067333
6550.6167553914	0.96378963097751
6550.6417766546	0.97797627656809
6550.6667980148	0.9873418231213
6550.6918194691	0.99125073333467
6550.716841019	0.99125863830726
6550.7418626644	0.9905943815504
6550.7668844055	0.9834032797488
6550.7919062421	0.97714812384104
6550.8169281742	0.97130644548657
6550.841950202	0.9714899380859
6550.8669723253	0.97582614604578
6550.8919945442	0.98363725531286
6550.9170168587	0.9901781610277
6550.9420392687	0.99162698308157
6550.9670617743	0.98404620321047
6550.9920843755	0.97122412432726
6551.0171070723	0.95108219388564
6551.0421298647	0.93251778165154
6551.0671527526	0.91636539265064
6551.0921757362	0.91469028067936
6551.1171988153	0.92020711392234
6551.14222199	0.93084361303481
6551.1672452617	0.94429575793059
6551.1922686276	0.95060697102817
6551.217292089	0.95589511673982
6551.242315646	0.95841813856587
6551.2673392986	0.96132889739414
6551.2923630468	0.96148764990046
6551.3173868905	0.96176242102603
6551.3424108299	0.96348029717821
6551.3674348648	0.96534741350709
6551.3924589953	0.96621537993789
6551.4174832214	0.96478247304403
6551.4425075431	0.96121302445877
6551.4675319603	0.9566566897224
6551.4925564732	0.95319240493066
6551.5175810816	0.95112415975648
6551.5426057856	0.95028870717244
6551.5676305852	0.95127361829621
6551.5926554804	0.95358644777615
6551.6176804712	0.96051038740963
6551.642705559	0.96368265964987
6551.667730741	0.96366268156641
6551.6927560185	0.96359527343673
6551.7177813917	0.96349884812006
6551.7428068604	0.96335156007724
6551.7678324247	0.96444215544736
6551.7928580846	0.9664778594131
6551.8178838401	0.96828728316376
6551.8429096911	0.97160780795871
6551.8679356378	0.97418069636313
6551.8929616801	0.97359684525393
6551.9179878179	0.97228929596398
6551.9430140514	0.97541792371352
6551.9680403804	0.97699767186996
6551.993066805	0.97501009409243
6552.0180933252	0.97226529096032
6552.0431199411	0.96846410971543
6552.0681466525	0.96652675501504
6552.0931734595	0.96414275597159
6552.1182003636	0.9611498914313
6552.1432273618	0.95630048132999
6552.1682544555	0.94743872662111
6552.1932816449	0.93724238825593
6552.2183089299	0.93689121695587
6552.2433363105	0.93752584038269
6552.2683637866	0.93938815230157
6552.2933913584	0.94361872993813
6552.3184190258	0.94709476942219
6552.3434467887	0.94945871121534
6552.3684746473	0.94920781651237
6552.3935026014	0.95128918912788
6552.4185306512	0.95470014062639
6552.4435587966	0.95779263118315
6552.4685870375	0.96002453302723
6552.4936153741	0.96129225350822
6552.5186438062	0.96060941776102
6552.543672334	0.96229706222293
6552.5687009573	0.96469815393402
6552.5937296778	0.96163280662496
6552.6187584924	0.95902266315916
6552.6437874025	0.95362179199528
6552.6688164083	0.94849359309891
6552.6938455096	0.94814257023521
6552.7188747066	0.94910663598877
6552.7439039992	0.94845662306701
6552.7689333874	0.9509849457994
6552.7939628712	0.95554156882628
6552.8189924505	0.96002446990865
6552.8440221255	0.96331226331607
6552.8690518961	0.96285512966625
6552.8940817623	0.96075305762145
6552.9191117241	0.95646271431179
6552.9441417816	0.95194238102571
6552.9691719346	0.94527775150905
6552.9942021832	0.94019050352787
6553.0192325274	0.92990898717917
6553.0442629673	0.9228677273817
6553.0692935027	0.91811595589996
6553.0943241353	0.92045569376148
6553.119354862	0.92717082065673
6553.1443856843	0.94167014729686
6553.1694166022	0.95598444526452
6553.1944476157	0.97572100840695
6553.2194787248	0.98756577309573
6553.2445099295	0.99285370259431
6553.2695412298	0.99206679006493
6553.2945726258	0.98815325145824
6553.3196041173	0.98354005327561
6553.3446357045	0.97657892150455
6553.3696673873	0.97247917738709
6553.3946991657	0.96827271438876
6553.4197310397	0.96461401266971
6553.4447630093	0.95897218446368
6553.4697950745	0.95447449217873
6553.4948272354	0.95261603060038
6553.5198594918	0.94990625018324
6553.5448918439	0.94719028999899
6553.5699242931	0.94452868674969
6553.5949568364	0.94271371271606
6553.6199894754	0.94107213821584
6553.6450222099	0.94053248472733
6553.6700550401	0.9417140762652
6553.6950879658	0.94217888034774
6553.7201209872	0.9404955612078
6553.7451541043	0.94013566692603
6553.7701873169	0.94264553730558
6553.7952206251	0.94689402328008
6553.820254029	0.94885591491614
6553.8452875285	0.9482850515241
6553.8703211236	0.94876305673564
6553.8953548143	0.94712763530381
6553.9203886007	0.9451287077791
6553.9454224827	0.94139184016686
6553.9704564603	0.93914277349409
6553.9954905335	0.93678650816216
6554.0205247023	0.93705923379999
6554.0455589683	0.94010926728457
6554.0705933284	0.94300089048563
6554.0956277841	0.94422452232152
6554.1206623354	0.94551949325909
6554.1456969824	0.94792767211823
6554.1707317249	0.94669296017095
6554.1957665631	0.94479995351721
6554.220801497	0.94014226285892
6554.2458365264	0.9373693952607
6554.2708716515	0.92853850919623
6554.2959068722	0.92310400002017
6554.3209421885	0.91540259584122
6554.3459776005	0.91410888029784
6554.3710131081	0.9193598988892
6554.3960487113	0.92941453374952
6554.4210844102	0.94414908064283
6554.4461202046	0.9568294211488
6554.4711560947	0.96696912623207
6554.4961920805	0.97220971393804
6554.5212281618	0.97379979824074
6554.5462643403	0.97018389199038
6554.5713006129	0.9663969082291
6554.5963369812	0.95898534760218
6554.6213734451	0.95396329745066
6554.6464100046	0.94596272938739
6554.6714466597	0.94083839098471
6554.6964834105	0.93562969683229
6554.7215202569	0.93191740048311
6554.7465571989	0.92836860506477
6554.7715942366	0.92753974282654
6554.7966313699	0.92801198584884
6554.8216685989	0.92256539753203
6554.8467059234	0.91622186352451
6554.8717433436	0.90413758055006
6554.8967808595	0.89594488885607
6554.921818471	0.8927204075402
6554.9468561781	0.89523143304821
6554.9718939808	0.90432639200576
6554.9969318792	0.91598420246993
6555.0219698747	0.93613198862602
6555.0470079644	0.95223190375088
6555.0720461497	0.96724639808474
6555.0970844306	0.97065769758839
6555.1221228072	0.9676115887639
6555.1471612794	0.95773197935316
6555.1721998473	0.94866821482025
6555.1972385108	0.93920294497964
6555.2222772699	0.93456768683463
6555.2473161247	0.92927406037759
6555.2723550751	0.92643980889815
6555.2973941211	0.92286388700117
6555.3224332628	0.92098561735098
6555.3474725002	0.91949522547531
6555.3725118332	0.91899422339316
6555.3975512618	0.92111626474133
6555.422590786	0.9232445355582
6555.4476304059	0.92467326609055
6555.4726701215	0.92754947123702
6555.4977099342	0.92984613561099
6555.522749841	0.92323184412692
6555.5477898435	0.91389618240089
6555.5728299416	0.89471594606095
6555.5978701354	0.8776402557594
6555.6229104248	0.8654625289231
6555.6479508099	0.86179101676988
6555.6729912906	0.8718320556095
6555.6980318669	0.88701727275901
6555.7230725389	0.90482350199094
6555.7481133066	0.92086514403535
6555.7731541699	0.93213023437887
6555.7981951288	0.93723448072887
6555.8232361834	0.93818481521591
6555.8482773337	0.93883274145663
6555.8733185796	0.9389531098712
6555.8983599211	0.93344514931854
6555.9234013583	0.92968771795175
6555.9484428911	0.92684459010879
6555.9734845196	0.92571357980692
6555.9985262453	0.92143091433446
6556.0235680651	0.92066558441476
6556.0486099805	0.92518701210453
6556.0736519916	0.92536307544452
6556.0986940984	0.92285745742955
6556.1237363008	0.92364619069705
6556.1487785988	0.92600265901761
6556.1738209926	0.92765008786661
6556.1988634819	0.9289290241539
6556.2239060669	0.92779727785319
6556.2489487476	0.92566288315576
6556.2739915239	0.92383111704175
6556.2990343959	0.92412093737189
6556.3240773636	0.92476566365939
6556.3491204269	0.92799043688969
6556.3741635858	0.93218531335696
6556.3992068404	0.9333418677427
6556.4242501907	0.9353356955488
6556.4492936366	0.94187656828235
6556.4743371797	0.94680844647124
6556.4993808169	0.94387994164307
6556.5244245498	0.93800791161771
6556.5494683784	0.93141597372603
6556.5745123026	0.92479345959568
6556.5995563225	0.9208568422387
6556.624600438	0.91880808433549
6556.6496446492	0.91867599086877
6556.6746889561	0.92078595785111
6556.6997333586	0.92440117555251
6556.7247778568	0.92533450363031
6556.7498224506	0.92448024395571
6556.7748671402	0.92626177419676
6556.7999119253	0.92854336426137
6556.8249568061	0.92420471133742
6556.8500017826	0.92146412550547
6556.8750468548	0.92032283396766
6556.9000920226	0.9200722228606
6556.9251372861	0.92195385760136
6556.9501826468	0.92376291320902
6556.9752281016	0.92293861273738
6557.0002736521	0.92339366807057
6557.0253192982	0.92492076190237
6557.05036504	0.92767017938529
6557.0754108775	0.93050325847923
6557.1004568107	0.93634408493375
6557.1255028395	0.93901777744457
6557.150548964	0.94449923360484
6557.1755951841	0.94690215320181
6557.2006415	0.94232689702684
6557.2256879115	0.93916280261988
6557.2507344186	0.94090303323667
6557.2757810214	0.94073595874598
6557.3008277199	0.93896904362989
6557.3258745141	0.93505699744999
6557.3509214039	0.9313556788601
6557.3759683895	0.93205925732239
6557.4010154706	0.93429738170243
6557.426062649	0.93493801324439
6557.4511099215	0.93481103548015
6557.4761572897	0.93514085487752
6557.5012047536	0.93479586842504
6557.5262523132	0.93508964061644
6557.5512999684	0.93302066074027
6557.5763477193	0.92908965785274
6557.6013955658	0.92590146859142
6557.6264435081	0.92392479581139
6557.651491546	0.92258637760049
6557.6765396796	0.92292840414979
6557.7015879089	0.91959772671165
6557.7266362338	0.91791190316934
6557.7516846544	0.91971075542252
6557.7767331707	0.92056056281088
6557.8017817827	0.92326238747309
6557.8268304904	0.92699992148868
6557.8518792937	0.93388377108361
6557.8769281927	0.93728455050049
6557.9019771874	0.93728805796314
6557.9270262793	0.93497592904536
6557.9520754653	0.93189381469077
6557.9771247471	0.9298181002611
6558.0021741245	0.92911504894863
6558.0272235976	0.92762010711161
6558.0522731663	0.92540911374636
6558.0773228308	0.92076511902605
6558.1023725909	0.91877817046368
6558.1274224467	0.92022327540491
6558.1524723982	0.92008626612342
6558.1775224454	0.91898756706497
6558.2025725883	0.92046727199156
6558.2276228268	0.92254462686963
6558.2526731611	0.92147844029379
6558.277723591	0.91975111483666
6558.3027741166	0.91186995815288
6558.3278247379	0.90471129102398
6558.3528754548	0.89654026857867
6558.3779262675	0.89177703480006
6558.4029771773	0.88667976963359
6558.4280281814	0.88667219224553
6558.4530792811	0.89137745278967
6558.4781304765	0.90099364268323
6558.5031817676	0.91350822613616
6558.5282331544	0.92835512563085
6558.5532846368	0.94166516771101
6558.578336215	0.94694119354706
6558.6033878888	0.94622554071895
6558.6284396584	0.94264335348654
6558.6534915236	0.94032528050318
6558.6785434845	0.93424571265545
6558.7035955411	0.93021395722365
6558.7286476934	0.92603379587128
6558.7536999414	0.92591456169426
6558.7787522851	0.92935746794969
6558.8038047244	0.92876741520777
6558.8288572595	0.92382887268381
6558.8539098902	0.91608498178582
6558.8789626182	0.90691381811303
6558.9040154403	0.90061432530033
6558.9290683582	0.89587565023768
6558.9541213717	0.88944085495651
6558.9791744809	0.88528173955926
6559.0042276859	0.88518401226172
6559.0292809865	0.88537135282104
6559.0543343828	0.88425074677053
6559.0793878748	0.88426934673763
6559.1044414625	0.88293412619525
6559.1294951459	0.8846538860412
6559.154548925	0.88761206890123
6559.1796027998	0.89121964007428
6559.2046567703	0.89355407843507
6559.2297108365	0.89619720749334
6559.2547649983	0.89535973657599
6559.2798192559	0.891482676432
6559.3048736092	0.88619634327941
6559.3299280582	0.88052767117367
6559.3549826029	0.87786516578152
6559.3800372448	0.87677367944646
6559.4050919809	0.87446011198578
6559.4301468126	0.87119630879696
6559.4552017401	0.8672433608508
6559.4802567633	0.86265829373594
6559.5053118822	0.86884247559256
6559.5303670968	0.87244530476767
6559.5554224071	0.87959940822045
6559.5804778131	0.88295753369987
6559.6055333148	0.88945425111614
6559.6305889122	0.89457325953534
6559.6556446053	0.89766732750174
6559.6807003942	0.89700460620519
6559.7057562787	0.89490856004823
6559.7308122589	0.89212533386817
6559.7558683349	0.89038612980321
6559.7809245065	0.88865867223933
6559.8059807738	0.88689595751287
6559.8310371369	0.88346667419946
6559.8560935972	0.88090154994945
6559.8811501516	0.87891563744792
6559.9062068018	0.87744296594447
6559.9312635477	0.87479973172248
6559.9563203893	0.87273693879833
6559.9813773266	0.87156980284737
6560.0064343596	0.87009484812811
6560.0314914883	0.86857864629641
6560.0565487128	0.86769917563311
6560.0816060329	0.86811943470552
6560.1066634488	0.87002161020909
6560.1317209603	0.8715091227031
6560.1567785676	0.87032506023539
6560.1818362706	0.86949802228868
6560.2068940693	0.86913964867075
6560.2319519637	0.86823856512718
6560.2570099539	0.86697448837206
6560.2820680397	0.86784426072668
6560.3071262213	0.86940457065146
6560.3321845	0.86785074608432
6560.357242873	0.86636372244741
6560.3823013417	0.86752281294027
6560.4073599061	0.86888190858046
6560.4324185663	0.86867940217084
6560.4574773221	0.86811356335522
6560.4825361737	0.86663849076995
6560.507595121	0.86502149082909
6560.5326541639	0.86205143470882
6560.5577133027	0.86019748748103
6560.5827725371	0.85927340363542
6560.6078318672	0.85625267739063
6560.6328912931	0.85316019699732
6560.6579508147	0.84899396809288
6560.683010432	0.84537426374021
6560.708070145	0.84254899490018
6560.7331299538	0.84005440409051
6560.7581898583	0.83820163845484
6560.7832498585	0.83763128419139
6560.8083099559	0.83619704338106
6560.8333701475	0.83399819470227
6560.8584304349	0.8317425769793
6560.8834908179	0.829315043933
6560.9085512967	0.82691185118103
6560.9336118713	0.82450526130342
6560.9586725415	0.82288222687053
6560.9837333075	0.81870367503184
6561.0087941692	0.81569475709189
6561.0338551266	0.8138173296968
6561.0589161797	0.81228712951839
6561.0839773286	0.80954517259896
6561.1090385732	0.80737510963435
6561.1340999135	0.80486313406656
6561.1591613495	0.80383667006236
6561.1842228813	0.80320981084915
6561.2092845088	0.80400901542039
6561.234346232	0.80427978207155
6561.259408051	0.80246841617847
6561.2844699657	0.8007538715427
6561.3095319776	0.80163395045662
6561.3345940837	0.80117525715552
6561.3596562856	0.7993865215813
6561.3847185832	0.79734641098566
6561.4097809765	0.79717819051544
6561.4348434656	0.79606996472183
6561.4599060504	0.79236827239765
6561.4849687309	0.78893844369565
6561.5100315072	0.78656667501739
6561.5350943791	0.78332144338547
6561.5601573469	0.77978940720843
6561.5852204103	0.77772611966729
6561.6102835695	0.77515768003561
6561.6353468244	0.7727436570244
6561.6604101751	0.76840034733122
6561.6854736214	0.76310590535433
6561.7105371636	0.75871958035606
6561.7356008014	0.75452851752449
6561.760664535	0.75197261406669
6561.7857283658	0.74998205433562
6561.8107922909	0.74691935410344
6561.8358563117	0.743008546212
6561.8609204282	0.73796312217669
6561.8859846405	0.7316196181936
6561.9110489485	0.72356032294947
6561.9361133522	0.71770477305101
6561.9611778517	0.71414761082637
6561.9862424469	0.71100403785457
6562.0113071379	0.7089842990293
6562.0363719246	0.70688944606945
6562.061436807	0.70415710912591
6562.0865017852	0.70136049560132
6562.1115668591	0.69852713493002
6562.1366320288	0.69807002347831
6562.1616972942	0.69620278024164
6562.1867626553	0.69148387664047
6562.2118281122	0.68800180542646
6562.2368936648	0.68700635692324
6562.2619593147	0.68424737692698
6562.2870250588	0.68016840356437
6562.3120908986	0.67978315551622
6562.3371568342	0.67956392411345
6562.3622228656	0.68018135702589
6562.3872889927	0.67953343635587
6562.4123552155	0.67979618591411
6562.4374215341	0.67915820567178
6562.4624879484	0.67829443696961
6562.4875544584	0.67633656200724
6562.5126210642	0.67250087094977
6562.5376877658	0.66629965963577
6562.5627545631	0.65841451007823
6562.5878214562	0.64749115994635
6562.6128884449	0.63686193238014
6562.6379555295	0.62984492128653
6562.6630227098	0.6251965972668
6562.6880899858	0.62620228474969
6562.7131573576	0.62775667349793
6562.7382248252	0.63051543907452
6562.76329239	0.6328533141571
6562.788360049	0.63194555323304
6562.8134278038	0.63104272807092
6562.8384956543	0.63011142762652
6562.8635636006	0.62737586460655
6562.8886316427	0.62524762398702
6562.9136997805	0.62685724969058
6562.938768014	0.6282415860618
6562.9638363433	0.63186921040677
6562.9889047684	0.63454818562852
6563.0139732892	0.63708684437098
6563.0390419057	0.63794530313114
6563.0641106181	0.63881745156445
6563.0891794261	0.64070504540721
6563.1142483299	0.64241291863948
6563.1393173295	0.64494883732969
6563.1643864249	0.64911739014301
6563.189455616	0.65089130058737
6563.2145249028	0.65121170304232
6563.2395942869	0.6500740492288
6563.2646637653	0.6508113769948
6563.2897333394	0.65318347985979
6563.3148030093	0.65693655911308
6563.3398727749	0.66061615750517
6563.3649426363	0.66422034522507
6563.3900125935	0.66817537709714
6563.4150826464	0.67114477651782
6563.440152795	0.67399806403592
6563.4652230395	0.678926274718
6563.4902933797	0.68392640197132
6563.5153638156	0.68464705589092
6563.5404343473	0.68599081999425
6563.5655049748	0.68882296519783
6563.590575698	0.6908259657688
6563.615646517	0.6916495957682
6563.6407174318	0.69295055673353
6563.6657884423	0.69527265100065
6563.6908595486	0.69873972584657
6563.7159307522	0.70275820821492
6563.74100205	0.70511156707856
6563.7660734436	0.70838070451378
6563.7911449329	0.71328395184753
6563.816216518	0.71853592479771
6563.8412881989	0.72362062570368
6563.8663599755	0.72765154696119
6563.8914318479	0.7315152245894
6563.9165038161	0.73649726473647
6563.94157588	0.74091909554199
6563.9666480398	0.74589114063639
6563.9917202952	0.75273066684298
6564.0167926465	0.75689008597176
6564.0418650935	0.75866022556778
6564.0669376363	0.76132609513958
6564.0920102748	0.76565872031479
6564.1170830091	0.77134095414686
6564.1421558392	0.77428956585674
6564.1672287651	0.77578547589853
6564.1923017867	0.77792655729288
6564.2173749056	0.78015378635735
6564.2424481188	0.78082723427578
6564.2675214277	0.78146861505285
6564.2925948324	0.78370576223933
6564.3176683329	0.78813006270461
6564.3427419292	0.79151910193997
6564.3678156212	0.79500967572581
6564.392889409	0.8006763138463
6564.4179632926	0.80810789021017
6564.443037272	0.81603545835157
6564.4681113471	0.82632990203606
6564.493185518	0.83633100206719
6564.5182597847	0.84254801203094
6564.5433341471	0.84511682282723
6564.5684086054	0.85028393298886
6564.5934831594	0.85431012081795
6564.6185578091	0.85337786983808
6564.6436325547	0.8521667408542
6564.668707396	0.85182418026588
6564.6937823347	0.85261310265635
6564.7188573676	0.85394522306961
6564.7439324962	0.85314284242386
6564.7690077207	0.85206462307965
6564.7940830409	0.85614610785578
6564.8191584569	0.86131455650815
6564.8442339687	0.86580021821948
6564.8693095763	0.86833873661582
6564.8943852797	0.87206293119447
6564.9194610788	0.87550085254156
6564.9445369737	0.87700385745293
6564.9696129644	0.87804325787267
6564.9946890509	0.87710254103623
6565.0197652331	0.87561145330773
6565.0448415112	0.87558098171402
6565.069917885	0.87703036704695
6565.0949943546	0.88090170738919
6565.12007092	0.88569410165738
6565.1451475812	0.88673746278353
6565.1702243397	0.88529459124914
6565.1953011924	0.88639429241791
6565.220378141	0.89033918002541
6565.2454551853	0.89453102939541
6565.2705323254	0.89794922959986
6565.2956095613	0.89973104490964
6565.320686893	0.90031261879106
6565.3457643205	0.8999620320281
6565.3708418437	0.8983284472599
6565.3959194628	0.89732267240007
6565.4209971776	0.89714454395514
6565.4460749882	0.89630748135626
6565.4711528946	0.89503601900967
6565.4962308968	0.89624658864667
6565.5213089948	0.90048551142047
6565.5463871886	0.90421927642021
6565.5714654782	0.90589263990332
6565.5965438635	0.90660072047481
6565.6216223447	0.90719586734339
6565.6467009232	0.90911773643397
6565.6717795959	0.91203140465925
6565.6968583644	0.91352404815915
6565.7219372288	0.91464079512647
6565.7470161889	0.91636126516764
6565.7720952448	0.91733132389
6565.7971743965	0.91689851945519
6565.822253644	0.91460137075998
6565.8473329873	0.91277435113905
6565.8724124264	0.91076328154486
6565.8974919613	0.90889686436653
6565.9225715919	0.90874711134974
6565.9476513184	0.90943254192311
6565.9727311407	0.91232173033872
6565.9978110588	0.91382823874763
6566.0228910726	0.91246785505212
6566.0479711823	0.91216312755656
6566.0730513878	0.91350066039873
6566.098131689	0.91500822260003
6566.1232120861	0.92017121263212
6566.1482925805	0.9255441789402
6566.1733731691	0.92724918693801
6566.1984538536	0.92851241703654
6566.2235346338	0.92641367915443
6566.2486155099	0.92406394667151
6566.2736964818	0.92313352674686
6566.2987775494	0.9239163965893
6566.3238587129	0.92727529453387
6566.3489399722	0.92896939819408
6566.3740213272	0.93051244760086
6566.3991027781	0.93229794072025
6566.4241843248	0.937076810452
6566.4492659672	0.94160622507059
6566.4743477055	0.9422293860607
6566.4994295396	0.94142239420728
6566.5245114695	0.9441213646425
6566.5495934952	0.94834397405403
6566.5746756167	0.93944743488567
6566.599757834	0.92762918863815
6566.6248401486	0.9250622759204
6566.6499225575	0.92437794428376
6566.6750050623	0.92379226816924
6566.7000876628	0.92458338934118
6566.7251703591	0.92867492282876
6566.7502531513	0.93323380983614
6566.7753360393	0.93899248872002
6566.800419023	0.94561848211831
6566.8255021026	0.94619077451284
6566.850585278	0.94413657870214
6566.8756685492	0.94377238307723
6566.9007519162	0.94408312315714
6566.925835379	0.94331493319385
6566.9509189376	0.94194038187271
6566.976002592	0.94299601730848
6567.0010863423	0.94492917728511
6567.0261701884	0.94403805386866
6567.0512541302	0.94259070702678
6567.0763381679	0.94546387464335
6567.1014223029	0.95059082762819
6567.1265065322	0.95354729291767
6567.1515908574	0.95466331262035
6567.1766752783	0.94873718026351
6567.201759795	0.936417084338
6567.2268444076	0.9293403643535
6567.251929116	0.92760136428497
6567.2770139202	0.92790661144351
6567.3020988202	0.93160772415421
6567.327183816	0.93576022156736
6567.3522689077	0.9385286072447
6567.3773540951	0.94110217746
6567.4024393784	0.94547993055497
6567.4275247575	0.94829429352959
6567.4526102324	0.94712905344738
6567.4776958032	0.94630452740328
6567.5027814697	0.94728902490432
6567.5278672321	0.94761679848281
6567.5529530903	0.9483953842276
6567.5780390443	0.94920507624403
6567.6031250957	0.94683690843341
6567.6282112413	0.94534082708401
6567.6532974828	0.94707174690275
6567.6783838201	0.94755773999023
6567.7034702532	0.94413743459964
6567.7285567822	0.93982910136256
6567.7536434069	0.93295578634313
6567.7787301275	0.92928354237069
6567.8038169439	0.9309581021137
6567.8289038562	0.93344752523356
6567.8539908642	0.9391273737377
6567.8790779681	0.94422017960117
6567.9041651678	0.94461238813549
6567.9292524633	0.94355031674356
6567.9543398547	0.93983553118871
6567.9794273419	0.93509304827224
6568.0045149249	0.92461239472883
6568.0296026037	0.91941797649247
6568.0546903784	0.91828638406244
6568.0797782504	0.92235117356983
6568.1048662167	0.92611697025227
6568.1299542788	0.93252073361426
6568.1550424368	0.95526219618474
6568.1801306906	0.96857013979588
6568.2052190403	0.99194744630351
6568.2303074857	1.002258076447
6568.255396027	1.0046058254424
6568.2804846641	1.0020714249145
6568.3055733971	0.99702051726352
6568.3306622259	0.99303389594181
6568.3557511505	0.98567445076149
6568.3808401709	0.98332801520703
6568.4059292872	0.96737049166167
6568.4310184993	0.95617069127643
6568.4561078072	0.95434971477994
6568.481197211	0.95515989917873
6568.5062867106	0.9501522942713
6568.5313763061	0.94547903496765
6568.5564659989	0.94443726359354
6568.581555786	0.94411192685635
6568.6066456689	0.94158627776083
6568.6317356477	0.93995008909199
6568.6568257223	0.93406915639722
6568.6819158928	0.92761954923519
6568.7070061591	0.92171937271364
6568.7320965212	0.91748422540086
6568.7571869792	0.91276370842155
6568.782277533	0.90788588548789
6568.8073681826	0.90900857515734
6568.8324589281	0.91140714819936
6568.8575497694	0.91747755789148
6568.8826407066	0.92377200977835
6568.9077317396	0.9331855858576
6568.9328228684	0.94218302528271
6568.9579140931	0.94296550507414
6568.9830054136	0.940004525402
6569.0080968299	0.93580072743633
6569.0331883437	0.93267541405216
6569.0582799517	0.93071222112904
6569.0833716556	0.9279805670077
6569.1084634553	0.92754906643422
6569.1335553509	0.92947906535059
6569.1586473423	0.93051458920551
6569.1837394295	0.92979830458338
6569.2088316126	0.93065732622245
6569.2339238916	0.93256317964457
6569.2590162664	0.93195091904214
6569.284108737	0.93036781655208
6569.3092013035	0.92495819139364
6569.3342939658	0.91724372263313
6569.3593867239	0.91261374040287
6569.384479578	0.90929814013721
6569.4095725278	0.90888680525401
6569.4346655735	0.91108625947352
6569.4597587151	0.91471630104639
6569.4848519525	0.92078537115065
6569.5099452857	0.92489955814521
6569.5350387163	0.92765538032283
6569.5601322413	0.92956759899898
6569.5852258621	0.93026461548215
6569.6103195787	0.93160468530357
6569.6354133912	0.93376793363504
6569.6605072996	0.93749527788321
6569.6856013038	0.94165747631879
6569.7106954038	0.94763295607558
6569.7357895997	0.95436265843236
6569.7608838915	0.96078422171646
6569.7859782791	0.96789535014258
6569.8110727625	0.970487070471
6569.8361673418	0.96884487056038
6569.861262017	0.96680467432254
6569.886356788	0.96589322806521
6569.9114516549	0.95995179236998
6569.9365466176	0.94711395881377
6569.9616416762	0.94060449039637
6569.9867368306	0.93873626634054
6570.0118320824	0.94392850831477
6570.0369274286	0.95909099199598
6570.0620228706	0.97115253850529
6570.0871184084	0.97874393937311
6570.1122140422	0.9831840840043
6570.1373097717	0.98384877433198
6570.1624055972	0.9817745710749
6570.1875015185	0.98075317364438
6570.2125975356	0.98068228634552
6570.2376936486	0.98109720429251
6570.2627898575	0.97860135060072
6570.2878861622	0.96844059486907
6570.3129825628	0.96443872696713
6570.3380790592	0.9690727246044
6570.3631756515	0.97274711285945
6570.3882723397	0.9707116261428
6570.4133691237	0.96644489743385
6570.4384660036	0.95975788115921
6570.4635629794	0.94998030077994
6570.4886600525	0.93834956615256
6570.51375722	0.92971286548532
6570.5388544833	0.92930097613506
6570.5639518425	0.92865800228013
6570.5890492976	0.92955084920535
6570.6141468485	0.93327768275498
6570.6392444953	0.94541407603753
6570.664342238	0.95764761457056
6570.6894400765	0.96150908815519
6570.7145380109	0.96477112870186
6570.7396360411	0.96265810822555
6570.7647341673	0.95863779977654
6570.7898323893	0.95040485163539
6570.8149307071	0.94332562931219
6570.8400291208	0.94383319969559
6570.8651276304	0.94561216964859
6570.8902262359	0.95149860151263
6570.9153249372	0.95590071586474
6570.9404237344	0.9548192881186
6570.9655226275	0.95335623934462
6570.990621618	0.9524196850298
6571.0157207028	0.95263141187148
6571.0408198834	0.95678482539164
6571.06591916	0.96085387336003
6571.0910185324	0.96127183119468
6571.1161180007	0.96266337643193
6571.1412175649	0.96578572779178
6571.1663172249	0.96847423303026
6571.1914169808	0.97208989322193
6571.2165168326	0.97596383940909
6571.2416167803	0.9801499459643
6571.2667168238	0.98359993911615
6571.2918169632	0.98594001759808
6571.3169171985	0.98638329419391
6571.3420175296	0.98113300783336
6571.3671179567	0.97728657244414
6571.3922184796	0.97550685301017
6571.4173190983	0.97403516646291
6571.442419813	0.96729507058176
6571.4675206251	0.96005196537515
6571.4926215315	0.96098533334777
6571.5177225338	0.96424211217535
6571.5428236319	0.94376743483381
6571.567924826	0.92353128639451
6571.5930261159	0.91061675318531
6571.6181275017	0.90639868349863
6571.6432289834	0.9074235579767
6571.6683305609	0.91292528820263
6571.6934322344	0.94050098158724
6571.7185340037	0.96636421357001
6571.7436358689	0.99508413000536
6571.76873783	1.0133904952343
6571.7938398869	1.0293324788551
6571.8189420398	1.0360377030526
6571.8440442885	1.0388198877991
6571.8691466331	1.0366214958209
6571.8942490736	1.0263963284196
6571.91935161	1.0171606282641
6571.9444542438	1.0038043848418
6571.9695569719	0.99300980512763
6571.9946597959	0.98369624324428
6572.0197627159	0.97959772917567
6572.0448657317	0.9846467651162
6572.0699688433	0.99207956324699
6572.0950720509	0.98779163553082
6572.1201753544	0.9817235372298
6572.1452787537	0.9849603291866
6572.1703822489	0.98883423845871
6572.1954858401	0.98410311867313
6572.2205895271	0.97804539825198
6572.24569331	0.97426937948486
6572.2707971888	0.97173904089832
6572.2959011634	0.97174715012068
6572.321005234	0.97304384994914
6572.3461094004	0.97102556181482
6572.3712136628	0.96776486262851
6572.396318021	0.9652895407705
6572.4214224751	0.96267508028243
6572.4465270266	0.96137915827425
6572.4716316726	0.96265821770821
6572.4967364143	0.96656186716975
6572.521841252	0.96987238973772
6572.5469461856	0.96938631110962
6572.5720512151	0.96794869829933
6572.5971563404	0.96938345743683
6572.6222615617	0.97134949525326
6572.6473668789	0.96245838345299
6572.6724722919	0.94817530760979
6572.6975778008	0.95004206718344
6572.7226834057	0.9620966748326
6572.7477891064	0.97944669204484
6572.772894903	0.99670919185547
6572.7980007956	0.99019989765046
6572.823106784	0.9715289010979
6572.8482128683	0.96617844558638
6572.8733190485	0.96772162444405
6572.8984253246	0.96676901866147
6572.9235316982	0.96513106184409
6572.9486381661	0.95875940074455
6572.9737447299	0.95142845868894
6572.9988513896	0.94117310770395
6573.0239581452	0.93140386332103
6573.0490649967	0.92621622994465
6573.0741719441	0.92856150399935
6573.0992789874	0.93833434756415
6573.1243861266	0.94952997832346
6573.1494933617	0.97605072305299
6573.1746006927	1.0064242339157
6573.1997081196	1.0222205746147
6573.2248156424	1.0217143451641
6573.2499232612	1.0164213854195
6573.2750309758	1.0113308798223
6573.3001387863	1.0002616563133
6573.3252466927	0.98710814872939
6573.3503546951	0.98246624110924
6573.3754627933	0.98820988621456
6573.400570989	0.99313405774027
6573.425679279	0.99793494913184
6573.450787665	1.0001550336193
6573.4758961468	0.99809569975101
6573.5010047246	0.99495872528456
6573.5261133982	0.9893994768303
6573.5512221678	0.98702007627858
6573.5763310333	0.98764311234984
6573.6014399947	0.98415862895962
6573.626549052	0.97636824211922
6573.6516582052	0.97245802461951
6573.6767674543	0.97153626731866
6573.7018767994	0.96658327446637
6573.7269862403	0.95938072201936
6573.7520957771	0.95037036939321
6573.7772054099	0.9415362973433
6573.8023151386	0.93205752961132
6573.8274249632	0.92162023284488
6573.8525348836	0.91902182527469
6573.8776449016	0.92229234176285
6573.9027550139	0.93236103816553
6573.9278652221	0.94582737262335
6573.9529755263	0.96584636682104
6573.9780859263	0.99131381949022
6574.0031964223	1.011544736505
6574.0283070142	1.032991226692
6574.053417702	1.0451026561075
6574.0785284857	1.0487247580886
6574.1036393653	1.0446959814588
6574.1287503408	1.0358077037049
6574.1538614123	1.026574204589
6574.1789725797	1.0161226926526
6574.204083843	1.0102984901941
6574.2291952022	1.0074852748991
6574.2543066573	0.99954876454183
6574.2794182083	0.98049313250563
6574.3045298553	0.96678315453349
6574.3296415982	0.96155655260785
6574.354753437	0.95698873623594
6574.3798653732	0.95375608633192
6574.4049774038	0.94872700122175
6574.4300895304	0.94364025456277
6574.4552017529	0.9408645755244
6574.4803140713	0.93849725236629
6574.5054264856	0.93864291090569
6574.5305389958	0.94156218225529
6574.555651602	0.94427902368595
6574.5807643041	0.94677375451848
6574.6058771021	0.94918849562357
6574.630989996	0.95206729026389
6574.6561029859	0.95456587157515
6574.6812160717	0.95364529873012
6574.7063292534	0.95287440335389
6574.731442531	0.95357449269684
6574.7565559045	0.95557620320595
6574.781669374	0.95857491549953
6574.8067829394	0.9605356362827
6574.8318966007	0.96102166835754
6574.8570103595	0.96114480735743
6574.8821242127	0.96006756926904
6574.9072381618	0.9570030460345
6574.9323522068	0.95470211978244
6574.9574663478	0.95980504063697
6574.9825805847	0.97912768448905
6575.0076949175	0.98745725203989
6575.0328093462	0.97029992584396
6575.0579238709	0.95681762633348
6575.0830384915	0.94970755065742
6575.108153208	0.94959971364397
6575.1332680205	0.96476093794249
6575.1583829289	0.97703065120881
6575.1834979332	0.98257179340434
6575.2086130335	0.98411068980612
6575.2337282297	0.97905372817701
6575.2588435218	0.97674846065228
6575.2839589098	0.98241741498843
6575.3090743938	0.98711380825801
6575.3341899753	0.98821825409281
6575.3593056511	0.98809541722398
6575.3844214229	0.98826662009106
6575.4095372906	0.98874966200036
6575.4346532543	0.98632716843139
6575.4597693139	0.98317439259169
6575.4848854694	0.98134136806191
6575.5100017209	0.98017322529436
6575.5351180683	0.97372683829729
6575.5602345116	0.97051203043301
6575.5853510509	0.98406881630354
6575.6104676861	0.9932787804487
6575.6355844172	0.9877610651784
6575.6607012443	0.98154679335979
6575.6858181673	0.97449525908501
6575.7109351863	0.97119444549686
6575.7360523012	0.9769773869143
6575.761169512	0.98375046634337
6575.7862868188	0.98757894163402
6575.8114042215	0.9931904994065
6575.8365217217	1.0031419743116
6575.8616393163	1.0102456893913
6575.8867570068	1.0177016332905
6575.9118747933	1.0220417610175
6575.9369926757	1.0194200750863
6575.9621106541	1.0173009986299
6575.9872287284	1.018025186022
6576.0123468987	1.019397231132
6576.0374651649	1.0211164206748
6576.062583527	1.0234859931535
6576.0877019851	1.025117937676
6576.1128205391	1.0267261641771
6576.1379391891	1.0238749298345
6576.163057935	1.0182011082609
6576.1881767769	1.0020636150109
6576.2132957147	0.98993603573405
6576.2384147484	0.9983478115355
6576.2635338781	1.0051871400593
6576.2886531038	1.0020828467631
6576.3137724269	0.99854771685861
6576.3388918444	0.99378719113898
6576.3640113579	0.99011266681134
6576.3891309674	0.99384279761247
6576.4142506728	0.99906514673727
6576.4393704741	1.0011247147967
6576.4644903714	1.0028727274861
6576.4896103646	1.0043240928729
6576.5147304538	1.0064256871453
6576.539850639	1.0141289896958
6576.56497092	1.0204755953294
6576.5900912971	1.0181407071415
6576.6152117701	1.0145276840027
6576.640332339	1.0190355054432
6576.6654530039	1.0231947791747
6576.6905737648	1.0217021852678
6576.7156946216	1.0202783740048
6576.7408155743	1.0191060725122
6576.7659366231	1.0184414490648
6576.7910577692	1.0176807446609
6576.8161790099	1.0185847787654
6576.8413003464	1.0212560151248
6576.866421779	1.0229233789939
6576.8915433075	1.0219275806047
6576.9166649319	1.0208835643131
6576.9417866523	1.0234948572327
6576.9669084687	1.0238274791931
6576.992030381	1.0143958077328
6577.0171523893	1.006873832338
6577.0422744935	1.0044762964085
6577.0673966937	1.0025759163725
6577.0925189898	1.0079170800299
6577.1176413819	1.0148396194342
6577.14276387	1.0214563262028
6577.167886454	1.0290820318403
6577.193009134	1.0408039939989
6577.21813191	1.0494487323829
6577.2432547819	1.0503023109753
6577.2683777513	1.0509527644235
6577.2935008151	1.0512621834914
6577.3186239749	1.048864137602
6577.3437472306	1.0307525763612
6577.3688705824	1.0166829092107
6577.39399403	1.0201654306224
6577.4191175737	1.0230342635856
6577.4442412133	1.0240414482115
6577.4693649489	1.0260709045847
6577.4944887804	1.0293775293682
6577.5196127079	1.03066052913
6577.5447367314	1.0267982658475
6577.5698608508	1.0235859525693
6577.5949850662	1.0253369592486
6577.6201093776	1.0283185786572
6577.6452337849	1.0308836624899
6577.6703582882	1.0326375593222
6577.6954828875	1.0356251395514
6577.7206075827	1.0366557579151
6577.7457323739	1.0211185773304
6577.7708572626	1.00791284561
6577.7959822458	1.0103750286403
6577.8211073249	1.014440691194
6577.8462325	1.026194521341
6577.871357771	1.0357491916724
6577.896483138	1.0358480381993
6577.921608601	1.0375790483954
6577.94673416	1.0455975755545
6577.9718598149	1.0503183277986
6577.9969855658	1.0460052138089
6578.0221114127	1.0416409750014
6578.0472373556	1.0389697608545
6578.0723633944	1.0374189240752
6578.0974895292	1.0390854069068
6578.12261576	1.04196584582
6578.1477420867	1.0472469303277
6578.1728685095	1.0516890126785
6578.1979950282	1.0471463609015
6578.2231216428	1.0427159110395
6578.248248355	1.0414718895486
6578.2733751616	1.0415823486091
6578.2985020642	1.0447153612846
6578.3236290628	1.0458604532761
6578.3487561573	1.0431595047442
6578.3738833479	1.0421766457871
6578.3990106344	1.0472065123717
6578.4241380169	1.0490654008347
6578.4492654953	1.0429454353814
6578.4743930698	1.0372459204908
6578.4995207402	1.0359415167097
6578.5246485066	1.0351514560778
6578.549776369	1.0320077993278
6578.5749043274	1.0290794314724
6578.6000323817	1.0276969280865
6578.625160532	1.0279336996551
6578.6502887784	1.0319147398976
6578.6754171206	1.0346208201337
6578.7005455589	1.0319764217757
6578.7256740947	1.0298337832774
6578.7508027249	1.0313270704512
6578.7759314512	1.0351754837838
6578.8010602734	1.0401658842096
6578.8261891915	1.043151527653
6578.8513182057	1.04324273921
6578.8764473159	1.0416438729652
6578.901576522	1.0381966908746
6578.9267058242	1.037446319765
6578.9518352223	1.0411371546691
6578.9769647164	1.0428229034358
6579.0020943065	1.0396679640531
6579.0272239925	1.0364630428393
6579.0523537746	1.0311353926393
6579.0774836526	1.0314462332933
6579.1026136267	1.0389313536599
6579.1277436967	1.0414813686684
6579.1528738627	1.0379303033953
6579.1780041247	1.034844493516
6579.2031344827	1.0359753026655
6579.2282649382	1.0346308367679
6579.2533954882	1.0366278110748
6579.2785261342	1.0376791047712
6579.3036568761	1.0383767252457
6579.3287877141	1.040018342777
6579.353918648	1.0427995329456
6579.3790496779	1.0428606150785
6579.4041808039	1.0350219087843
6579.4293120258	1.0322913216071
6579.4544433437	1.0387649843674
6579.4795747576	1.0433127204326
6579.5047062675	1.0433862534496
6579.5298378734	1.0441025621707
6579.5549695753	1.0465315802886
6579.5801013732	1.046751402647
6579.605233267	1.0453174904345
6579.6303652569	1.0414281333397
6579.6554973428	1.0307847337622
6579.6806295246	1.0241907521909
6579.705761804	1.0257763026435
6579.7308941779	1.0302324067896
6579.7560266477	1.0400033396232
6579.7811592136	1.041666652394
6579.8062918755	1.0280179285361
6579.8314246333	1.0182497052117
6579.8565574872	1.0151002945849
6579.881690437	1.0133700980868
6579.9068234829	1.0136781506263
6579.9319566247	1.0141871022573
6579.9570898626	1.0150454094804
6579.9822231964	1.0148967857459
6580.0073566263	1.0129297516229
6580.0324901521	1.0155194460875
6580.057623774	1.0247048035512
6580.0827574918	1.0368452083641
6580.1078913057	1.0455946908473
6580.1330252156	1.0570212762785
6580.1581592214	1.0715323460787
6580.1832933248	1.0855524047634
6580.2084275227	1.1015914340672
6580.2335618166	1.107267842081
6580.2586962065	1.1069396615777
6580.2838306924	1.1030310242998
6580.3089652743	1.0989857611412
6580.3340999522	1.0894457159274
6580.3592347261	1.0754129098575
6580.384369596	1.0574619945995
6580.4095045619	1.0300022044436
6580.4346396239	1.0144900918897
6580.4597747818	1.0095146387593
6580.4849100358	1.0079802609413
6580.5100453857	1.0112247916367
6580.5351808317	1.0183016905749
6580.5603163737	1.0245149160866
6580.5854520117	1.0255753786369
6580.6105877456	1.0349241540266
6580.6357235757	1.0453352930775
6580.6608595017	1.0551271151225
6580.6859955252	1.0486316362803
6580.7111316433	1.0351897418724
6580.7362678573	1.0315071247756
6580.7614041674	1.0325286471434
6580.7865405734	1.0308296349481
6580.8116770755	1.0278442928492
6580.8368136736	1.0281787761367
6580.8619503678	1.0306749730013
6580.8870871579	1.0329565309939
6580.912224044	1.0364573290161
6580.9373610262	1.0375913523214
6580.9624981044	1.0361809888576
6580.9876352786	1.0287886760328
6581.0127725488	1.0160884834798
6581.037909915	1.004249831937
6581.0630473772	1.0009678751097
6581.0881849355	1.0138218843434
6581.1133225898	1.0340183097972
6581.1384603401	1.0318817282146
6581.1635981879	1.0141420946486
6581.1887361302	1.0047840954837
6581.2138741686	1.001176391039
6581.2390123029	1.0033528134455
6581.2641505333	1.0153016280411
6581.2892888597	0.99530316964626
6581.3144272822	1.0531851355088
6581.3395658006	1.0286565544068
6581.3647044151	1.0647138713003
6581.3898431256	1.0899586710538
6581.4149819321	1.075939748279
6581.4401208346	1.0731477760484
6581.4652598332	1.0697572929588
6581.4903989278	1.0739261003807
6581.5155381184	1.027133193461
6581.540677405	1.0004487586415
6581.5658167876	0.99676455937502
6581.5909562663	1.0017897681576
6581.616095841	1.0112893560892
6581.6412355133	1.0401822715562
6581.66637528	1.0497881004322
6581.6915151428	1.05349467667
6581.7166551016	1.0624865444148
6581.7417951564	1.0667576612448
6581.7669353073	1.0645866229581
6581.7920755542	1.071627468353
6581.8172158971	1.082329478005
6581.842356336	1.07255510086
6581.867496871	1.0511924616501
6581.892637502	1.0580896554466
6581.917778229	1.0749965980581
6581.9429190521	1.0759387910501
6581.9680599712	1.0711364206407
6581.9932009863	1.0766719493676
6582.0183420974	1.0776649439517
6582.0434833046	1.0753691842612
6582.0686246078	1.0721029620929
6582.093766007	1.0692020639726
6582.1189075038	1.0595199717191
6582.1440490951	1.0649125617171
6582.1691907825	1.0692676745387
6582.1943325659	1.0709769245008
6582.2194744453	1.0298891955413
6582.2446164207	1.0359604791266
6582.2697584922	1.0991202619894
6582.2949006597	1.1255389664501
