6544.0216577693	0.99292497243563
6544.0466538413	0.99102416734306
6544.0716500088	0.99025023482781
6544.0966462717	0.99035767288505
6544.1216426301	0.98891865969135
6544.146639084	0.98590302541891
6544.1716356334	0.98524301574481
6544.1966322782	0.98637082488754
6544.2216290186	0.9881612515742
6544.2466258544	0.98797607240814
6544.2716227857	0.98409164844704
6544.2966198124	0.98188060230633
6544.3216169347	0.98525016077866
6544.3466141524	0.98600585418119
6544.3716114656	0.98002358160534
6544.3966088743	0.97609928732337
6544.4216063785	0.97526817140027
6544.4466039782	0.97368966231966
6544.4716016748	0.96929466059624
6544.4965994654	0.96728325107929
6544.5215973515	0.96807050621772
6544.5465953331	0.97188397781647
6544.5715934102	0.97641196660909
6544.5965915828	0.98304380899542
6544.6215898508	0.98920228987417
6544.6465882144	0.99294374109937
6544.6715866734	0.99577354486625
6544.6965852279	0.99301974438066
6544.7215838779	0.98912438514742
6544.7465826233	0.98474521187569
6544.7715814643	0.98254355174174
6544.7965804008	0.98384678423871
6544.8215794327	0.98366189011363
6544.8465785601	0.9757189241675
6544.8715777831	0.96817714992193
6544.8965771015	0.96337475491613
6544.9215765154	0.95646696143053
6544.9465760263	0.9453861064185
6544.9715756311	0.93186731873538
6544.9965753315	0.91869887354381
6545.0215751274	0.90610927419037
6545.0465750187	0.89831905563043
6545.0715750055	0.89581238058779
6545.0965750879	0.89735536809963
6545.1215752657	0.91827746305494
6545.146575539	0.93773043264817
6545.1715759078	0.97648049726538
6545.1965763721	1.0047410072404
6545.2215769319	1.0348934848997
6545.2465775872	1.0523151574374
6545.271578338	1.0639158292896
6545.2965791843	1.0642840258794
6545.3215801261	1.0593343686125
6545.3465811633	1.0460448520308
6545.3715822961	1.0262607972736
6545.3965835244	1.00725661073
6545.4215848496	0.99492844152326
6545.4465862689	0.98643588705891
6545.4715877836	0.98138172447889
6545.4965893939	0.97496038021069
6545.5215910997	0.96996080934706
6545.5465929009	0.96970029213672
6545.5715947976	0.97026815158001
6545.5965967899	0.96875630359406
6545.6215988776	0.96695131521218
6545.6466010609	0.96176129077873
6545.6716033396	0.95642041489303
6545.6966057139	0.95310430799371
6545.7216081836	0.94846447636494
6545.7466107489	0.94156890702221
6545.7716134096	0.93481168169609
6545.7966161659	0.92726924430842
6545.8216190177	0.92457531086754
6545.8466219649	0.92565079580207
6545.8716250077	0.93143924917172
6545.8966281459	0.93808821913008
6545.9216313812	0.94415588141295
6545.9466347105	0.95039729353267
6545.9716381353	0.95884367014739
6545.9966416556	0.96504982927729
6546.0216452714	0.96344728176874
6546.0466489827	0.95430808378292
6546.0716527895	0.93809406668912
6546.0966566918	0.92188289339458
6546.1216606896	0.9086679626375
6546.1466647829	0.9039228593553
6546.1716689717	0.9047776173094
6546.1966732561	0.90766565717954
6546.2216776359	0.91136610724351
6546.2466821113	0.9209079478491
6546.2716866822	0.92922367526085
6546.2966913485	0.92871741094316
6546.3216961104	0.9267300728176
6546.3467009678	0.9215906210096
6546.3717059207	0.91709016752433
6546.3967109706	0.91423852004035
6546.4217161146	0.91294619637895
6546.446721354	0.9101771080406
6546.471726689	0.91031853470445
6546.4967321194	0.91526668949341
6546.5217376454	0.92016958336654
6546.5467432669	0.92408374933199
6546.5717489839	0.92695247035088
6546.5967547964	0.92998967559831
6546.6217607044	0.92984559106879
6546.646766708	0.93014138009266
6546.671772807	0.93460212014177
6546.6967790016	0.93849210586135
6546.7217852917	0.9358104646047
6546.7467916773	0.93349218198647
6546.7717981585	0.9346856695045
6546.7968047351	0.93778120645391
6546.8218114072	0.9429946533653
6546.8468181749	0.94998167237731
6546.8718250396	0.96026158258644
6546.8968319983	0.96994321278173
6546.9218390526	0.97496598964225
6546.9468462023	0.97831585464056
6546.9718534476	0.97725041115291
6546.9968607884	0.97582602067664
6547.0218682247	0.97486466089831
6547.0468757565	0.97433705266251
6547.0718833839	0.97146498336843
6547.0968911067	0.97453086103553
6547.1218989251	0.97813541757714
6547.146906839	0.97999335923298
6547.1719148485	0.98222382591305
6547.1969229534	0.98387664360355
6547.2219311539	0.98519475463556
6547.2469394499	0.98434158599523
6547.2719478415	0.98456980720905
6547.2969563285	0.98604002812838
6547.3219649111	0.98588029386053
6547.3469735907	0.98318280468863
6547.3719823643	0.98108888368607
6547.3969912335	0.98073117431727
6547.4220001982	0.97691669532705
6547.4470092584	0.97301566734364
6547.4720184141	0.97002043725822
6547.4970276654	0.9677160672509
6547.5220370121	0.9671478099372
6547.5470464545	0.96703771682508
6547.5720559923	0.97000382276805
6547.5970656257	0.97244202096507
6547.6220753546	0.97003465892347
6547.647085179	0.96701460030572
6547.672095099	0.96530763750729
6547.6971051144	0.96513135104729
6547.7221152255	0.96447452211774
6547.747125432	0.96261151218594
6547.7721357341	0.96182829682419
6547.7971461317	0.96515817804138
6547.8221566248	0.96896520963575
6547.847167215	0.97354268887304
6547.8721778992	0.97756932895671
6547.897188679	0.98392034696808
6547.9221995542	0.98673828064326
6547.9472105251	0.98658137018142
6547.9722215914	0.9837219996992
6547.9972327533	0.98372485777491
6548.0222440107	0.98305722352906
6548.0472553636	0.97695065182033
6548.0722668121	0.96953214278826
6548.0972783561	0.96294853122582
6548.1222899957	0.95770620184996
6548.1473017308	0.95394717466088
6548.1723135614	0.95517999473514
6548.1973254876	0.95875151137276
6548.2223375092	0.95710378131191
6548.2473496265	0.95395492732209
6548.2723618393	0.956283795054
6548.2973741476	0.95994406320758
6548.3223865529	0.96365606380382
6548.3473990523	0.96562417102348
6548.3724116473	0.96617137204838
6548.3974243377	0.96754551746482
6548.4224371238	0.96829368969706
6548.4474500053	0.9686194969172
6548.4724629824	0.96971800126527
6548.497476055	0.96997850502551
6548.5224892232	0.97081305125071
6548.547502487	0.97228330996677
6548.5725158462	0.9712464368268
6548.597529301	0.97141265217128
6548.6225428514	0.97282574304791
6548.6475564973	0.97192031163797
6548.6725702387	0.97051744733755
6548.6975840757	0.9699086728074
6548.7225980082	0.9707494101058
6548.7476120363	0.9738138010026
6548.7726261599	0.97471884279018
6548.7976403806	0.97251712077537
6548.8226546953	0.9701674824487
6548.8476691056	0.96683955994911
6548.8726836114	0.96796020937825
6548.8976982127	0.97130703081903
6548.9227129096	0.96903559174082
6548.9477277021	0.96396787739633
6548.9727425901	0.96036965367139
6548.9977575736	0.95997162153168
6549.0227726527	0.95747725307493
6549.0477878273	0.95552730588688
6549.0728030975	0.9541051465665
6549.0978184633	0.95646651627064
6549.1228339246	0.96114817870035
6549.1478494814	0.96401338665418
6549.1728651338	0.9667581424613
6549.1978808818	0.97285255808122
6549.2228967253	0.97990897966338
6549.2479126643	0.98352646592328
6549.2729286989	0.98314812373115
6549.2979448306	0.98209785389969
6549.3229610563	0.98088038625506
6549.3479773776	0.9777214694689
6549.3729937944	0.97628859549867
6549.3980103068	0.9726955244843
6549.4230269147	0.97067446567067
6549.4480436182	0.97171514081358
6549.4730604173	0.97189924475927
6549.4980773119	0.9686771760358
6549.523094302	0.96866648464283
6549.5481113877	0.97252018804682
6549.573128569	0.97297650550905
6549.5981458458	0.97117291520267
6549.6231632182	0.967499988059
6549.6481806862	0.96374254826016
6549.6731982497	0.96246384166456
6549.6982159087	0.96163983204651
6549.7232336633	0.95917100149667
6549.7482515135	0.95823456528195
6549.7732694608	0.96034523921613
6549.7982875021	0.96330088232922
6549.8233056389	0.97138518634675
6549.8483238714	0.97746228080029
6549.8733421994	0.980135667918
6549.8983606229	0.98111530272294
6549.923379142	0.98086419230177
6549.9483977567	0.98630403802521
6549.9734164669	0.99615467167403
6549.9984352727	0.99865498135837
6550.0234541741	0.99661461597861
6550.048473171	0.99125249830149
6550.0734922635	0.98611050081764
6550.0985114516	0.97633342047698
6550.1235307352	0.96597488696275
6550.1485501144	0.9600375364666
6550.1735695891	0.957563179371
6550.1985891595	0.95698723600556
6550.2236088253	0.95672246257393
6550.2486285883	0.95560171815334
6550.2736484453	0.95525726113727
6550.2986683979	0.95559863493231
6550.3236884461	0.95844320378111
6550.3487085898	0.95994805086417
6550.3737288291	0.95968830560501
6550.398749164	0.95942929596247
6550.4237695944	0.95363952821078
6550.4487901204	0.94656228317894
6550.473810742	0.93398069012497
6550.4988314591	0.92633080678131
6550.5238522719	0.92828040785403
6550.5488731801	0.93527318590112
6550.573894184	0.94789682535719
6550.5989152834	0.96155107930673
6550.6239364784	0.97895870757134
6550.648957769	0.99183928982694
6550.6739791552	0.99833158239701
6550.6990006369	0.99730976671247
6550.7240222157	0.99372202075467
6550.7490438886	0.98765026143569
6550.774065657	0.9835465488314
6550.7990875211	0.97559961484875
6550.8241094807	0.97379556143083
6550.8491315358	0.97698998719078
6550.8741536866	0.98454828810917
6550.8991759329	0.9922924018531
6550.9241982748	0.99588996743263
6550.9492207123	0.99292716539033
6550.9742432454	0.99128629934281
6550.999265874	0.98981332740337
6551.0242885982	0.98207620442789
6551.049311418	0.9709984017426
6551.0743343334	0.96632032940209
6551.0993573443	0.96523318550524
6551.1243804509	0.96615689091009
6551.149403653	0.96945752280137
6551.1744269507	0.97167093238333
6551.199450344	0.97283290877064
6551.2244738343	0.97024949502395
6551.2494974188	0.96787301221306
6551.2745210988	0.96226954069625
6551.2995448744	0.95906877229017
6551.3245687456	0.96120772134172
6551.3495927124	0.96387487334489
6551.3746167747	0.96562116163377
6551.3996409327	0.96570354230214
6551.4246651862	0.96372938204898
6551.4496895353	0.95724839263554
6551.47471398	0.95105665639891
6551.4997385203	0.94647209391081
6551.5247631561	0.9438956988205
6551.5497878876	0.95021338201236
6551.5748127146	0.95720857728902
6551.5998376372	0.96373836567117
6551.6248626554	0.96562119399137
6551.6498877692	0.96281969994739
6551.6749129786	0.96189044747851
6551.6999382851	0.96311137212012
6551.7249636857	0.96247484229456
6551.7499891818	0.96254665058583
6551.7750147735	0.9634681561031
6551.8000404609	0.96379347176409
6551.8250662438	0.96614425929727
6551.8500921223	0.96793959604409
6551.8751180964	0.9726408691973
6551.9001441661	0.97550464055039
6551.9251703314	0.97446832204414
6551.9501965923	0.97350428191537
6551.9752229487	0.97422992213205
6552.0002494008	0.97365158330893
6552.0252759485	0.97126888607051
6552.0503025917	0.97009919502892
6552.0753293305	0.96756883070471
6552.100356165	0.96470269649672
6552.125383095	0.95997680905358
6552.1504101206	0.9575023257357
6552.1754372434	0.95503518943985
6552.2004644602	0.95522025267332
6552.2254917726	0.95516939469835
6552.2505191806	0.95280612315484
6552.2755466842	0.95292482524596
6552.3005742834	0.95206092675592
6552.3256019782	0.95148904920251
6552.3506297686	0.951261231275
6552.3756576546	0.95291359463134
6552.4006856362	0.95523576567644
6552.4257137134	0.95793682958776
6552.4507418862	0.96010149888533
6552.4757701546	0.96202374104389
6552.5007985186	0.96193204315078
6552.5258269782	0.96220735168287
6552.5508555334	0.96274088378836
6552.5758841841	0.96032227151861
6552.6009129305	0.95847808145644
6552.6259417725	0.95351630930446
6552.6509707101	0.9476952505233
6552.6759997449	0.94530149867857
6552.7010288737	0.94656154740114
6552.7260580981	0.94881963221306
6552.7510874181	0.9510027274057
6552.7761168337	0.95263790870716
6552.8011463449	0.95891064688725
6552.8261759517	0.96569079504672
6552.8512056542	0.96499099310499
6552.8762354522	0.96185259508448
6552.9012653458	0.95552699763141
6552.9262953351	0.94798133271013
6552.9513254199	0.93602155710827
6552.9763556004	0.9263668174504
6553.0013858765	0.91478378277563
6553.0264162482	0.90514029766034
6553.0514467154	0.89690279189749
6553.0764772783	0.8997745457547
6553.1015079368	0.91041728796509
6553.1265386909	0.93190016655214
6553.1515695422	0.95396768293425
6553.1766004875	0.97572281049962
6553.2016315284	0.98680219810087
6553.226662665	0.99741682020635
6553.2516938971	1.0006590776412
6553.2767252249	0.99738874137676
6553.3017566483	0.99195733110959
6553.3267881673	0.98260943370559
6553.3518197819	0.97710962597498
6553.3768514921	0.97333480119044
6553.401883298	0.97112308025694
6553.4269151994	0.96773489519596
6553.4519471965	0.96467167252632
6553.4769792892	0.96416356592591
6553.5020114775	0.95995993070249
6553.5270437614	0.9552108331137
6553.5520761409	0.95201431336693
6553.577108616	0.94964621905418
6553.6021411868	0.94536343467275
6553.6271738546	0.94277163127693
6553.6522066166	0.94394850395093
6553.6772394742	0.94437230019015
6553.7022724275	0.94247400809438
6553.7273054763	0.94405652777364
6553.7523386208	0.95079923473762
6553.7773718608	0.9563609115176
6553.8024051965	0.95723175029076
6553.8274386278	0.95393058108429
6553.8524721548	0.9513970934869
6553.8775057773	0.95011759802015
6553.9025394955	0.94850747844832
6553.9275733093	0.94419835454703
6553.9526072187	0.94102393584603
6553.9776412237	0.93705373510289
6554.0026753244	0.93663487061921
6554.0277095207	0.93996785815305
6554.0527438126	0.94467942489989
6554.0777782001	0.94890375523733
6554.1028126833	0.95049849849771
6554.1278472636	0.95150684340065
6554.152881938	0.94794643584306
6554.177916708	0.94322572728077
6554.2029515736	0.93219722011707
6554.2279865349	0.92281592885442
6554.2530215918	0.91101362974673
6554.2780567443	0.90308621146644
6554.3030919925	0.89667917144529
6554.3281273363	0.89804572742279
6554.3531627757	0.9065176375826
6554.3781983107	0.92131193810006
6554.4032339413	0.9410083712301
6554.4282696676	0.96053249236466
6554.4533054896	0.97768550380742
6554.4783414071	0.9832192769166
6554.5033774203	0.98232729358766
6554.5284135291	0.97893431904417
6554.5534497335	0.97520258593897
6554.5784860336	0.96348633342024
6554.6035224308	0.95453800032742
6554.6285589221	0.94576738024501
6554.6535955091	0.9401403801023
6554.6786321917	0.93511369202562
6554.7036689699	0.93226384711622
6554.7287058437	0.93022438297962
6554.7537428132	0.92941028664128
6554.7787798783	0.92849906968298
6554.8038170391	0.92216152413849
6554.8288542955	0.9152084791303
6554.8538916475	0.89607960125486
6554.8789290951	0.88138333406633
6554.9039666384	0.87783076969539
6554.9290042774	0.88141819065
6554.9540420119	0.89329130764463
6554.9790798421	0.91131348417137
6555.004117768	0.94127123539079
6555.0291557894	0.96467741138682
6555.0541939065	0.98231209265141
6555.0792321208	0.98630032729061
6555.1042704292	0.98239613263247
6555.1293088332	0.97121418002075
6555.1543473329	0.96105265366627
6555.1793859282	0.94844149736016
6555.2044246191	0.94099648008983
6555.2294634057	0.93410305008081
6555.2545022879	0.92901203114429
6555.2795412658	0.92093949727488
6555.3045803393	0.91860731961319
6555.3296195084	0.92355736193066
6555.3546587732	0.92486912900607
6555.3796981336	0.92444854729625
6555.4047375897	0.92634857452947
6555.4297771414	0.92917547637513
6555.4548167888	0.93144403380626
6555.4798565318	0.93244397118593
6555.5048963704	0.92669676240201
6555.5299363047	0.91881252051272
6555.5549763361	0.90683788790539
6555.5800164617	0.89544640794361
6555.6050566829	0.88418240166093
6555.6300969998	0.87989105083443
6555.6551374123	0.88544053839822
6555.6801779205	0.89511445177507
6555.7052185243	0.90574775019663
6555.7302592237	0.92152630986619
6555.7553000188	0.93551456031737
6555.7803409096	0.94440022318759
6555.805381896	0.94860578776152
6555.830422978	0.94432139593419
6555.8554641557	0.93888733566008
6555.8805054291	0.93145624561395
6555.9055467981	0.9260196568278
6555.9305882627	0.92358251248687
6555.955629823	0.92267098190436
6555.9806714789	0.91761709175192
6556.0057132305	0.91442378615513
6556.0307550778	0.91564699543875
6556.0557970222	0.91901073471928
6556.0808390607	0.92267567739884
6556.1058811949	0.92126434541208
6556.1309234248	0.91968908743064
6556.1559657503	0.92078715633014
6556.1810081715	0.92223522165244
6556.2060506883	0.92491218383678
6556.2310933008	0.92628139449022
6556.2561360089	0.92766978329128
6556.2811788127	0.92892149252322
6556.3062217121	0.92774128563892
6556.3312647072	0.93080474853798
6556.3563077979	0.93584393187516
6556.3813509844	0.93595343113005
6556.4063942664	0.93663319132509
6556.4314376441	0.94319627973156
6556.4564811175	0.94836920882398
6556.4815246865	0.95381480158053
6556.5065683512	0.95460616179984
6556.5316121131	0.94706536231698
6556.5566559691	0.93935988411697
6556.5816999208	0.93443546929013
6556.6067439681	0.93013626495968
6556.6317881111	0.92623485682844
6556.6568323498	0.92411507469248
6556.6818766841	0.9232111012627
6556.7069211141	0.92435056821801
6556.7319656397	0.92526647596033
6556.757010261	0.92594519694248
6556.782054978	0.92668076513713
6556.8070997906	0.92472003562515
6556.8321446989	0.9237716577195
6556.8571897028	0.92221308822013
6556.8822348024	0.91943272109584
6556.9072799977	0.91512220438305
6556.9323252887	0.91527889921256
6556.9573706753	0.9172441197756
6556.9824161575	0.91756408066732
6557.007461737	0.91746809800658
6557.0325074106	0.92226385128303
6557.0575531799	0.92769112704739
6557.0825990448	0.93672015471111
6557.1076450054	0.94198447211089
6557.1326910617	0.94567335186536
6557.1577372136	0.94836689458905
6557.1827834612	0.94979460220526
6557.2078298045	0.94725748712296
6557.2328762435	0.94166051191665
6557.2579227781	0.93830099831568
6557.2829694084	0.93704810794634
6557.3080161343	0.93179880003712
6557.333062956	0.92671370864019
6557.3581098733	0.92483590350817
6557.3831568862	0.9245303190601
6557.4082039949	0.92563852308612
6557.4332511992	0.92720689319999
6557.4582984992	0.93428649454406
6557.4833458948	0.93963216582712
6557.5083933877	0.94237222744402
6557.5334409747	0.94135798315407
6557.5584886573	0.93732905905647
6557.5835364357	0.93230817636401
6557.6085843097	0.92760393819579
6557.6336322794	0.92240558691393
6557.6586803448	0.91872955789875
6557.6837285059	0.91651470846573
6557.7087767626	0.91747970747835
6557.733825115	0.92375011040112
6557.7588735631	0.92793724074773
6557.7839221068	0.93012826728529
6557.8089707463	0.9327545315327
6557.8340194814	0.93734227379964
6557.8590683122	0.94136145770753
6557.8841172387	0.94450300363166
6557.9091662608	0.94373998006393
6557.9342153786	0.94143219660976
6557.9592645921	0.93641828654505
6557.9843139028	0.93215767836635
6558.0093633077	0.92914102186066
6558.0344128083	0.92596106169928
6558.0594624045	0.92313227846713
6558.0845120964	0.92249844818295
6558.109561884	0.92364188914245
6558.1346117673	0.92326839735887
6558.1596617462	0.92249792655526
6558.1847118209	0.92191637063987
6558.2097619912	0.91967976682371
6558.2348122572	0.91717364479304
6558.2598626189	0.91552197304542
6558.2849130763	0.90966560009877
6558.3099636293	0.90423680345622
6558.3350142781	0.89367435176103
6558.3600650225	0.88540689524727
6558.3851158626	0.87413895440029
6558.4101667984	0.87272796669346
6558.4352178299	0.88350310432227
6558.4602689586	0.89724895360677
6558.4853201815	0.91090527912442
6558.5103715	0.92891528066117
6558.5354229143	0.94476465457098
6558.5604744242	0.95339819710689
6558.5855260298	0.95527433351248
6558.6105777311	0.94989503775237
6558.6356295281	0.94543340533666
6558.6606814208	0.9396098009319
6558.6857334092	0.93552129574756
6558.7107854933	0.93088554712344
6558.735837673	0.93213046002746
6558.7608899485	0.93844089469718
6558.7859423196	0.93954923935261
6558.8109947864	0.93595602258828
6558.836047349	0.93114463209686
6558.8611000072	0.92542922702126
6558.8861527611	0.91848998844554
6558.9112056107	0.91231396459653
6558.9362585575	0.90504330966773
6558.9613115985	0.89990466160825
6558.9863647352	0.89741488464703
6559.0114179676	0.89433946562055
6559.0364712957	0.88962161280193
6559.0615247194	0.88818629057823
6559.0865782389	0.88714705463681
6559.1116318541	0.88937516986255
6559.1366855649	0.89260482019708
6559.1617393715	0.89545360297469
6559.1867932738	0.89689912540615
6559.2118472717	0.9012494053481
6559.2369013654	0.90213484360755
6559.2619555547	0.90204245474883
6559.2870098398	0.89774638280419
6559.3120642205	0.88845095057366
6559.337118697	0.87864018632773
6559.3621732691	0.86766325232214
6559.387227937	0.86213847964862
6559.4122827005	0.86014788786058
6559.4373375613	0.85935662947761
6559.4623925163	0.85885761787956
6559.4874475669	0.87348749386178
6559.5125027133	0.88462564244239
6559.5375579553	0.89199404142986
6559.5626132931	0.89458825480447
6559.5876687266	0.89763735078547
6559.6127242557	0.90123278530517
6559.6377798806	0.90464027245396
6559.6628356012	0.90358002692945
6559.6878914175	0.90154367894145
6559.7129473295	0.89905700753878
6559.7380033372	0.89773384337429
6559.7630594406	0.89385096064026
6559.7881156397	0.88976975485158
6559.8131719345	0.88117441244504
6559.838228325	0.87508347523831
6559.8632848113	0.87606147312029
6559.8883413932	0.877244023437
6559.9133980723	0.87642473216382
6559.9384548457	0.87655085345478
6559.9635117148	0.87772108382114
6559.9885686795	0.875474878867
6560.01362574	0.8720058757116
6560.0386828962	0.8659315457252
6560.0637401481	0.86089747147755
6560.0887974957	0.85913617120363
6560.113854939	0.8576395397736
6560.1389124781	0.85744621368835
6560.1639701128	0.85865994010558
6560.1890278433	0.86275618616359
6560.2140856695	0.86377560732059
6560.2391435913	0.86170584917309
6560.2642016089	0.8629169927291
6560.2892597223	0.86495261529737
6560.3143179313	0.86567419309958
6560.339376236	0.86726286625333
6560.3644346365	0.86803027467224
6560.3894931342	0.86877625576992
6560.414551726	0.86911706878106
6560.4396104136	0.86903920647939
6560.464669197	0.86764044911987
6560.489728076	0.86585671854873
6560.5147870508	0.86273134663394
6560.5398461212	0.8607661381725
6560.5649052874	0.85939097754673
6560.5899645493	0.85534482792265
6560.6150239069	0.85145299275962
6560.6400833603	0.84728279886782
6560.6651429093	0.84376158820652
6560.6902025541	0.84129038142129
6560.7152622946	0.8385188932605
6560.7403221308	0.83470290266373
6560.7653820628	0.83376849647284
6560.7904420904	0.83371883754792
6560.8155022138	0.83153753309209
6560.8405624329	0.82838399928191
6560.8656227477	0.82615580523103
6560.8906831598	0.82454106630957
6560.9157436661	0.82099625323879
6560.9408042681	0.81791817486311
6560.9658649658	0.81228265243734
6560.9909257592	0.80734806199308
6561.0159866484	0.80258295696584
6561.0410476333	0.79993369856802
6561.0661087139	0.79939439876793
6561.0911698902	0.7986423100374
6561.1162311623	0.79665647712498
6561.1412925301	0.79686255611676
6561.1663539936	0.79763098247611
6561.1914155529	0.79647249430788
6561.2164772078	0.79446583772223
6561.2415389585	0.79836226967666
6561.266600805	0.80132291430723
6561.2916627471	0.80118324076459
6561.316724785	0.80103746673153
6561.3417869186	0.80143277353633
6561.3668491495	0.80006308132611
6561.3919114745	0.79940435404211
6561.4169738954	0.79926459438143
6561.4420364119	0.79683034662427
6561.4670990241	0.79399297401728
6561.4921617321	0.79212663099239
6561.5172245359	0.79036557578417
6561.5422874353	0.78805468386436
6561.5673504305	0.78589879062183
6561.5924135214	0.78333347329552
6561.6174767081	0.78102185672104
6561.6425399905	0.77771839183657
6561.6676033686	0.77437501062233
6561.6926668425	0.77069049412619
6561.7177304121	0.7665039222129
6561.7427940774	0.76491185068436
6561.7678578385	0.76413111234479
6561.7929216953	0.76312457539188
6561.8179856478	0.76054947083327
6561.8430496976	0.75316120541651
6561.8681138416	0.74613924005589
6561.8931780813	0.7414409132574
6561.9182424168	0.73710561883042
6561.943306848	0.73249400824834
6561.968371375	0.72901072327436
6561.9934359977	0.72702183850008
6562.0185007161	0.72476051853137
6562.0435655303	0.721706970316
6562.0686304402	0.71949934559919
6562.0936954459	0.71719036611091
6562.1187605472	0.71522802798545
6562.1438257444	0.7122374816536
6562.1688910373	0.70787382670828
6562.1939564259	0.70325379322947
6562.2190219102	0.69894377920653
6562.2440874903	0.69656487350149
6562.2691531662	0.69505170392969
6562.2942189378	0.69579302096239
6562.3192848051	0.69607997609637
6562.3443507697	0.69570709954852
6562.3694168285	0.69410931070019
6562.3944829831	0.69575381281729
6562.4195492334	0.69629709966071
6562.4446155794	0.69569903581389
6562.4696820212	0.69531241509116
6562.4947485587	0.69462585401616
6562.519815192	0.69166091768999
6562.5448819211	0.6873203406943
6562.5699487459	0.67692974362662
6562.5950156664	0.66643604135487
6562.6200826827	0.65743475568578
6562.6451497947	0.65055301226164
6562.6702170025	0.64737548424507
6562.695284306	0.64375414292854
6562.7203517053	0.63923982688516
6562.7454192003	0.63655707875766
6562.770486791	0.63395061073268
6562.7955544776	0.62948660908384
6562.8206222613	0.62431606082973
6562.8456901394	0.62127269730253
6562.8707581131	0.62039196727243
6562.8958261827	0.62234510381255
6562.9208943479	0.62353801302686
6562.945962609	0.62370101298777
6562.9710309658	0.62509390645394
6562.9960994183	0.63030027527131
6563.0211679666	0.63333936927008
6563.0462366106	0.63547447304857
6563.0713053504	0.63620229327946
6563.096374186	0.63479334076874
6563.1214431173	0.63580725362768
6563.1465121443	0.63893504229234
6563.1715812672	0.64199293886207
6563.1966504857	0.64285325627454
6563.2217198001	0.63924358164479
6563.2467892101	0.63880546918735
6563.271858716	0.64220596321658
6563.2969283191	0.64416681460687
6563.3219980165	0.64311285528104
6563.3470678096	0.6461134112435
6563.3721376985	0.65181514396543
6563.3972076831	0.65380193281951
6563.4222777635	0.65535213707929
6563.4473479396	0.65802670099778
6563.4724182116	0.66156974269921
6563.4974885792	0.66711304247448
6563.5225590427	0.67113044229215
6563.5476296019	0.67188957602568
6563.5727002568	0.67334564483425
6563.5977710075	0.67521126148558
6563.622841854	0.67710009805313
6563.6479127963	0.67941186010867
6563.6729838343	0.6822265990534
6563.698054968	0.68561282006527
6563.7231261976	0.68749322927816
6563.7481975229	0.69026052771642
6563.7732689454	0.69436026078912
6563.7983404623	0.70036100485422
6563.8234120749	0.70864001584653
6563.8484837832	0.71430702734311
6563.8735555874	0.71880495909682
6563.8986274872	0.72168083831817
6563.9236994829	0.7224603769853
6563.9487715743	0.72718590086526
6563.9738437615	0.73451899728967
6563.9989160445	0.74114830898872
6564.0239884232	0.7453517344162
6564.0490608977	0.75003046139264
6564.074133468	0.75458585397425
6564.099206134	0.75782719175525
6564.1242788958	0.75991351748971
6564.1493517534	0.76252752074524
6564.1744247067	0.76406217517987
6564.1994977558	0.76501416113647
6564.2245709007	0.76794931843013
6564.2496441414	0.7708627234403
6564.2747174793	0.76918963988676
6564.2997909115	0.77105763467368
6564.3248644395	0.77532288251228
6564.3499380632	0.77988550881236
6564.3750117828	0.78596775116913
6564.4000855981	0.79395448231833
6564.4251595091	0.80206700503779
6564.450233516	0.81475500405135
6564.4753076186	0.82719563101951
6564.500381817	0.83777918567367
6564.5254561111	0.84361416564357
6564.5505305011	0.84374106808012
6564.5756049868	0.84341047595549
6564.6006795683	0.84123964578456
6564.6257542456	0.8396147538204
6564.6508290186	0.84043239090599
6564.6759038874	0.84008440106884
6564.700978852	0.83986731981188
6564.7260539124	0.84082152949222
6564.7511290701	0.84296562023176
6564.776204322	0.8485683706666
6564.8012796698	0.8547264133623
6564.8263551133	0.85942937223681
6564.8514306525	0.86311568325177
6564.8765062876	0.86807104984169
6564.9015820185	0.87156496333672
6564.9266578451	0.87216276329597
6564.9517337675	0.87204338834131
6564.9768097857	0.87192724273412
6565.0018858996	0.87198483074539
6565.0269621094	0.87207180685196
6565.0520384149	0.8733253182947
6565.0771148162	0.87745624883058
6565.1021913133	0.88178732060908
6565.1272679062	0.88298366143634
6565.1523445949	0.88347802186972
6565.1774213794	0.88278738578305
6565.2024982596	0.88217953161224
6565.2275752371	0.88541288602253
6565.252652309	0.89025971309769
6565.2777294766	0.89318465336364
6565.3028067399	0.89528788232143
6565.3278840991	0.89552094732718
6565.3529615541	0.89360009318356
6565.3780391048	0.8926674518966
6565.4031167514	0.89322055483755
6565.4281944937	0.89404392820584
6565.4532723318	0.89531636235092
6565.4783502657	0.89645660380293
6565.5034282954	0.89675957366562
6565.5285064209	0.89765410609592
6565.5535846422	0.89898593816851
6565.5786629592	0.90029516653284
6565.6037413721	0.90256142933834
6565.6288198807	0.90521803229105
6565.6538984852	0.9069429211752
6565.6789771854	0.90750748101783
6565.7040559814	0.90832679133724
6565.7291348748	0.91070665742929
6565.7542138624	0.91351502125692
6565.7792929458	0.9138555248934
6565.804372125	0.91179330236051
6565.8294514	0.91122938668259
6565.8545307708	0.91273337973776
6565.8796102373	0.91309253038217
6565.9046897997	0.91076775779634
6565.9297694579	0.91008661789365
6565.9548492119	0.91269025433196
6565.9799290616	0.91359462274739
6566.0050090072	0.91252009247069
6566.0300890486	0.91314393492692
6566.0551691857	0.91660970093001
6566.0802494187	0.91906907858926
6566.1053297474	0.91940301018195
6566.130410172	0.92056317610811
6566.1554906923	0.92240235293244
6566.1805713085	0.92345209896829
6566.205652022	0.92253886734197
6566.2307328297	0.92176668975444
6566.2558137333	0.92606838380119
6566.2808947326	0.93180611689866
6566.3059758278	0.92938846078619
6566.3310570187	0.92519536363508
6566.3561383055	0.9257890181147
6566.3812196881	0.92678579536196
6566.4063011664	0.92968068608018
6566.4313827406	0.93204770514504
6566.4564644106	0.93613507567471
6566.4815461763	0.9388722001157
6566.5066280379	0.94048812125525
6566.5317099953	0.94314422053906
6566.5567920485	0.94096311718194
6566.5818741975	0.938213114138
6566.6069564423	0.9324802626876
6566.6320387829	0.92601455284446
6566.6571212193	0.92882290308843
6566.6822037531	0.93444507312046
6566.7072863811	0.93490610776683
6566.7323691049	0.93411509613761
6566.7574519246	0.93865548047958
6566.78253484	0.94457302217484
6566.8076178513	0.94388361672817
6566.8327009584	0.94153236690656
6566.8577841612	0.93765045618671
6566.8828674599	0.93301849545773
6566.9079508544	0.93586468209488
6566.9330343447	0.9412420530714
6566.9581179309	0.94341727450456
6566.9832016128	0.94362362115926
6567.0082853905	0.94677586017126
6567.0333692641	0.9528594948329
6567.0584532335	0.95429878334384
6567.0835372987	0.95273693230637
6567.1086214597	0.95307838197695
6567.1337057165	0.95421093139977
6567.1587900706	0.95399105629475
6567.183874519	0.95253125419399
6567.2089590633	0.94629244524125
6567.2340437034	0.93696488272972
6567.2591284392	0.93456762146329
6567.2842132709	0.93878398315414
6567.3092981984	0.94353792563119
6567.3343832218	0.94658322878856
6567.3594683409	0.94667285154972
6567.3845535559	0.94666141256883
6567.4096388667	0.94750399435995
6567.4347242733	0.94691446961155
6567.4598097757	0.94654462052388
6567.4848953739	0.94769575093972
6567.509981068	0.94677056501428
6567.5350668578	0.944965051719
6567.5601527435	0.94514105079292
6567.5852387251	0.94462413350047
6567.6103248024	0.9427922388006
6567.6354109756	0.94107983198364
6567.660497246	0.93735551462566
6567.6855836108	0.92958882725444
6567.7106700715	0.9272166059697
6567.7357566279	0.93407374128491
6567.7608432802	0.93841828376781
6567.7859300283	0.93548911774172
6567.8110168722	0.93211874798285
6567.8361038119	0.92925815635536
6567.8611908475	0.92977116418304
6567.8862779788	0.93575103833421
6567.911365206	0.93747510393194
6567.9364525291	0.93025066270527
6567.9615399479	0.92169285254471
6567.9866274626	0.91179588547205
6568.0117150731	0.90574300302607
6568.0368027795	0.89922593386757
6568.0618905816	0.90000185638131
6568.0869784796	0.9075352147582
6568.1120664735	0.92181329803302
6568.1371545646	0.95533107922681
6568.1622427501	0.98052231305519
6568.1873310314	1.0084872037567
6568.2124194085	1.0231069872181
6568.2375078815	1.0322999160235
6568.2625964503	1.0336919473709
6568.2876851149	1.0164774777931
6568.3127738754	1.0002936489978
6568.3378627317	0.99158869850313
6568.3629516838	0.98706794840221
6568.3880407317	0.97377162224789
6568.4131298755	0.96526022011133
6568.4382191151	0.95943488538076
6568.4633084506	0.95647637709661
6568.4883978818	0.95326797734831
6568.513487409	0.95048248954521
6568.5385770319	0.94873275611997
6568.5636667507	0.94767386804715
6568.5887565653	0.95124482862665
6568.6138464773	0.95630147765989
6568.6389364836	0.94812084502292
6568.6640265857	0.93860627144703
6568.6891167836	0.92872068361805
6568.7142070774	0.92120713124992
6568.7392974671	0.9201552307392
6568.7643879525	0.91942616800799
6568.7894785339	0.91866180303204
6568.814569211	0.91808475026431
6568.839659984	0.92827579177421
6568.8647508528	0.93978386622501
6568.8898418175	0.94404965967613
6568.914932878	0.94562931431467
6568.9400240343	0.94755005525041
6568.9651152865	0.94766565489748
6568.9902066345	0.94285490102433
6569.0152980784	0.93833779442455
6569.0403896181	0.93767295966148
6569.0654812536	0.93675024785924
6569.090572985	0.93122997460805
6569.1156648138	0.92624207478584
6569.1407567368	0.92861365857538
6569.1658487557	0.93190146278014
6569.1909408705	0.92959680148228
6569.2160330811	0.92538607403637
6569.2411253876	0.92419025139506
6569.2662177899	0.92449423981008
6569.291310288	0.92109705014303
6569.316402882	0.91569684085614
6569.3414955718	0.90897974067979
6569.3665883575	0.90114885334926
6569.391681239	0.90239809815828
6569.4167742164	0.9097643488058
6569.4418672896	0.91443270372493
6569.4669604586	0.9192602658412
6569.4920537236	0.92240345016293
6569.5171470843	0.92453296293119
6569.5422405409	0.92608155819725
6569.5673340934	0.9263219919116
6569.5924277432	0.92556901254198
6569.6175214874	0.92458260676235
6569.6426153274	0.9277785938813
6569.6677092632	0.93313541124043
6569.6928032949	0.93889909308959
6569.7178974225	0.94364027337865
6569.7429916459	0.94737704537025
6569.7680859652	0.95103568901175
6569.7931803803	0.95143924059978
6569.8182748912	0.94901709713166
6569.8433694981	0.94475878005511
6569.8684642007	0.94043623523109
6569.8935589992	0.93514560580995
6569.9186538936	0.9289493758654
6569.9437488839	0.93120834631975
6569.96884397	0.94004127959632
6569.9939391519	0.9490695616803
6570.0190344297	0.95808001628315
6570.0441298034	0.96573116018468
6570.0692252744	0.9713556606404
6570.0943208398	0.9773454414107
6570.119416501	0.98488732404824
6570.1445122581	0.98713186054682
6570.169608111	0.9864286449625
6570.1947040598	0.98427279328003
6570.2198001045	0.97798605357554
6570.244896245	0.97278497986102
6570.2699924814	0.96939296244431
6570.2950888136	0.9693953151832
6570.3201852417	0.9711686624369
6570.3452817656	0.97469825795008
6570.3703783855	0.97940848698806
6570.3954751011	0.98243014619712
6570.4205719127	0.98406968033423
6570.4456688201	0.98071600284301
6570.4707658233	0.97092380931547
6570.4958629225	0.96343350079131
6570.5209601175	0.96092400258634
6570.5460574083	0.95831935118016
6570.5711547965	0.95857320223047
6570.5962522791	0.95926927480623
6570.6213498576	0.95842961546902
6570.6464475319	0.96001400032765
6570.6715453021	0.96294792361494
6570.6966431681	0.96613172222487
6570.72174113	0.96776841435112
6570.7468391878	0.96736136787454
6570.7719373414	0.96297777020348
6570.7970355909	0.9592223631326
6570.8221339363	0.95935457628193
6570.8472323775	0.96160135739556
6570.8723309146	0.97229056912303
6570.8974295476	0.97908536004006
6570.9225282765	0.96398939663169
6570.9476271012	0.94971403066643
6570.9727260218	0.94805076746952
6570.9978250382	0.94792997168302
6571.0229241505	0.95280668923918
6571.0480233602	0.95719068002586
6571.0731226643	0.95665985472371
6571.0982220642	0.95695125698307
6571.1233215601	0.95415293072737
6571.1484211517	0.9514992469946
6571.1735208393	0.96308545558111
6571.1986206227	0.97505667057097
6571.223720502	0.98036714405997
6571.2488204772	0.9849995644022
6571.2739205482	0.98702114540709
6571.2990207151	0.98663027261371
6571.3241209779	0.98534467469859
6571.3492213366	0.98574388609603
6571.3743217912	0.98508960674232
6571.3994223416	0.9847103889
6571.4245229879	0.98188730497691
6571.4496237301	0.9783035655983
6571.4747245681	0.9644073629112
6571.499825502	0.95198512304212
6571.5249265334	0.93366517128969
6571.550027659	0.91602565190349
6571.5751288806	0.89825601171577
6571.600230198	0.88933205412257
6571.6253316114	0.89382186393212
6571.6504331206	0.90469954130927
6571.6755347256	0.92552992269408
6571.7006364266	0.94398370771964
6571.7257382234	0.98240090017421
6571.7508401161	1.0123799884505
6571.7759421048	1.0424184966845
6571.8010441892	1.0629879346983
6571.8261463696	1.0660140437957
6571.8512486458	1.0607508498217
6571.876351018	1.0477354321944
6571.901453486	1.0355540376361
6571.9265560499	1.0236702812699
6571.9516587097	1.0150265522676
6571.9767614653	1.0077936257226
6572.0018643184	1.006516928529
6572.0269672658	0.99364037207762
6572.0520703091	0.97782643024378
6572.0771734483	0.97077551268254
6572.1022766834	0.96734791612246
6572.1273800144	0.9690975732185
6572.1524834413	0.96977538567383
6572.177586964	0.97971118071625
6572.2026905827	0.99424702692668
6572.2277942972	0.99555607043671
6572.2528981076	0.99358727852839
6572.2780020139	0.9872722581437
6572.3031060161	0.98008783687241
6572.3282101142	0.97569812978289
6572.3533143081	0.97190399203831
6572.378418598	0.97043095781518
6572.4035229838	0.96915736317725
6572.4286274654	0.96905398344683
6572.4537320429	0.97190749920454
6572.4788367164	0.97176883480768
6572.5039414872	0.96824337862623
6572.5290463524	0.96583915247258
6572.5541513135	0.96486284695955
6572.5792563705	0.96160675819017
6572.6043615234	0.95617023480666
6572.6294667722	0.96041060027723
6572.6545721168	0.96956582888959
6572.6796775574	0.97426036891228
6572.7047830939	0.97889999534319
6572.7298887262	0.9775337200433
6572.7549944545	0.96932172547066
6572.7801002786	0.96678945894005
6572.8052061987	0.9689899248738
6572.8303122146	0.97327347084702
6572.8554183264	0.97769521319646
6572.8805245342	0.97736390700377
6572.9056308378	0.97480053078701
6572.9307372374	0.96410736692969
6572.9558437328	0.94988297134393
6572.9809503256	0.93223312243354
6573.0060570129	0.91414752190976
6573.031163796	0.90160766114473
6573.056270675	0.89808286842921
6573.0813776499	0.91221027406969
6573.1064847208	0.93592215043215
6573.1315918875	0.97489458284127
6573.1566991501	1.0183685420665
6573.1818065087	1.0505298987719
6573.2069139631	1.0684468186177
6573.2320215134	1.0689940823959
6573.2571291597	1.0595503585937
6573.2822369018	1.0463125237955
6573.3073447399	1.032756833495
6573.3324526738	1.0189484582286
6573.3575607037	1.0078976430492
6573.3826688294	1.0013639644613
6573.4077770511	0.99974408249639
6573.4328853687	0.99960918717849
6573.4579937837	0.99849964288467
6573.4831022931	0.99718393701363
6573.5082108983	0.99386867753001
6573.5333195995	0.99134476685171
6573.5584283966	0.98939959826147
6573.5835372896	0.98739835767045
6573.6086462786	0.98529885613812
6573.6337553634	0.98314602629936
6573.6588645441	0.97938472081619
6573.6839738208	0.97004430916031
6573.7090831933	0.95651386630719
6573.7341926618	0.9443433967487
6573.7593022262	0.9364178787595
6573.7844118865	0.92492701779979
6573.8095216426	0.90794133180773
6573.8346314948	0.9004384818178
6573.8597414428	0.90097131611042
6573.8848514867	0.91228151973169
6573.9099616265	0.93261238988514
6573.9350718623	0.96292253809154
6573.9601821955	1.0046419950711
6573.9852926231	1.0340901646049
6574.0104031466	1.0562034264768
6574.035513766	1.0686943745999
6574.0606244813	1.0720676915504
6574.0857352925	1.0661071060577
6574.1108461997	1.0528389444607
6574.1359572028	1.0398095801497
6574.1610683017	1.0260354793767
6574.1861794966	1.0171289369768
6574.2112907875	1.0112799020876
6574.2364021742	1.0088085130306
6574.2615136569	1.0083310817311
6574.2866252354	1.0055890331625
6574.3117369099	0.99836525201155
6574.3368486803	0.98875437066973
6574.3619605467	0.97487031683184
6574.3870725089	0.96286823464652
6574.4121845671	0.95863358052538
6574.4372967227	0.95629127239587
6574.4624089727	0.95285129209692
6574.4875213186	0.95247141808306
6574.5126337605	0.95614818725478
6574.5377462982	0.95875693032622
6574.5628589319	0.95924102129478
6574.5879716615	0.95816101719964
6574.6130844871	0.9543839142206
6574.6381974085	0.95331498655604
6574.6633104259	0.95486405747931
6574.6884235392	0.95433358842559
6574.7135367485	0.950440232749
6574.7386500536	0.95014251761071
6574.7637634547	0.95639163900415
6574.7888769517	0.96087456818024
6574.8139905446	0.9618376361221
6574.8391042335	0.96392827976962
6574.8642180183	0.96837297800473
6574.889331899	0.96894159114565
6574.9144458771	0.96636493794328
6574.9395599497	0.96414632486064
6574.9646741182	0.95904042364519
6574.9897883826	0.95359090685717
6575.014902743	0.94770292938673
6575.0400171992	0.94480827976616
6575.0651317514	0.94729551065942
6575.0902463996	0.95259009564503
6575.1153611436	0.9635669636769
6575.1404759836	0.97088341375689
6575.1655909196	0.96734429056198
6575.1907059514	0.96610502148783
6575.2158210792	0.97780547468599
6575.2409363029	0.98670619658622
6575.2660516226	0.98727320717196
6575.2911670382	0.98874719140412
6575.3162825497	0.99185254426972
6575.3413981571	0.99310801306429
6575.3665138605	0.99341104034615
6575.3916296614	0.993911136374
6575.4167455566	0.98943115783408
6575.4418615478	0.98423888726637
6575.4669776349	0.98167109721531
6575.492093818	0.98081108516082
6575.517210097	0.97525615755373
6575.5423264719	0.96820771955501
6575.5674429428	0.96624257569978
6575.5925595096	0.96609660734096
6575.6176761723	0.97104464626692
6575.642792931	0.97357364663495
6575.6679097856	0.96836417620633
6575.6930267362	0.96614577043389
6575.7181437827	0.97251101327923
6575.7432609251	0.98067324275746
6575.7683781635	0.98685980358301
6575.7934954978	0.99492245647976
6575.818612928	1.0085361115431
6575.8437304542	1.0181459217693
6575.8688480764	1.0249381773484
6575.893965796	1.0296922426728
6575.91908361	1.030760216519
6575.9442015199	1.0305527093431
6575.9693195258	1.0261422785559
6575.9944376277	1.0228255050423
6576.0195558255	1.0219613023863
6576.0446741192	1.0214752910179
6576.0697925089	1.0180058318243
6576.0949109945	1.0168711847743
6576.1200295761	1.0203328473909
6576.1451482536	1.0230398988026
6576.170267027	1.0216044727843
6576.1953858964	1.0186773449505
6576.2205048618	1.01726330492
6576.2456239231	1.0162219763985
6576.2707430803	1.0104523320019
6576.2958623335	1.0060126829533
6576.3209816826	1.0097071475098
6576.3461011277	1.0116258199334
6576.3712206703	1.0093601887511
6576.3963403072	1.0095682438701
6576.4214600402	1.0084653371351
6576.446579869	1.0085415904562
6576.4716997939	1.016924930453
6576.4968198146	1.0230312252814
6576.5219399314	1.0208551938486
6576.547060144	1.020833319966
6576.5721804527	1.0275469894771
6576.5973008573	1.0300336596758
6576.6224213578	1.0303462482267
6576.6475419543	1.0310659920137
6576.6726626467	1.0268768503959
6576.6977834351	1.0228659529487
6576.7229043194	1.0200630232733
6576.7480252997	1.0190090076026
6576.773146376	1.0253509636053
6576.7982675482	1.0320251813739
6576.8233888164	1.0314246493133
6576.848510182	1.0301338050064
6576.8736316421	1.0268806785169
6576.8987531981	1.0223473816734
6576.9238748501	1.0165930524765
6576.948996598	1.0117671676097
6576.9741184419	1.0125697637533
6576.9992403818	1.0148536488444
6577.0243624176	1.0217961109264
6577.0494845494	1.0265336526041
6577.0746067771	1.0261380795715
6577.0997291008	1.0275767706857
6577.1248515204	1.0287032482729
6577.149974036	1.0289772611893
6577.1750966476	1.022871363253
6577.2002193551	1.0165585385719
6577.2253421586	1.0182957780805
6577.2504650581	1.0198351443474
6577.2755880535	1.0214263591565
6577.3007111449	1.0239082443379
6577.3258343322	1.0235333111399
6577.350957617	1.022916288278
6577.3760809963	1.0225258704261
6577.4012044715	1.022176977684
6577.4263280427	1.0232700324257
6577.4514517098	1.0254935487722
6577.4765754729	1.0298148132946
6577.501699332	1.032749244142
6577.5268232871	1.0321109742856
6577.5519473381	1.0304826535135
6577.5770714851	1.0271093204789
6577.602195728	1.026102127046
6577.6273200669	1.0304326759352
6577.6524445018	1.0318170160378
6577.6775690326	1.022477710761
6577.7026936594	1.0182508780496
6577.7278183822	1.0297927524759
6577.752943201	1.0373034170125
6577.7780681157	1.0315574305942
6577.8031931264	1.026741824958
6577.8283182345	1.0310622818062
6577.8534434372	1.035086295734
6577.8785687358	1.0349060545072
6577.9036941303	1.0359103265298
6577.9288196209	1.0447615779533
6577.9539452074	1.0504145227992
6577.9790708899	1.0424073975364
6578.0041966683	1.0352503857017
6578.0293225427	1.0369871064337
6578.0544485131	1.0390365401024
6578.0795745795	1.041737723542
6578.1047007419	1.0444739509491
6578.1298270002	1.0432801902545
6578.1549533545	1.0438758728537
6578.1800798047	1.043308149801
6578.205206351	1.0419465326031
6578.2303329932	1.0412761497976
6578.2554597314	1.0414023869865
6578.2805865656	1.0430491987234
6578.3057134972	1.0456823156718
6578.3308405233	1.0590555670982
6578.3559676454	1.0698233744363
6578.3810948635	1.0674507213356
6578.4062221776	1.0658914404962
6578.4313495876	1.0729229415323
6578.4564770936	1.0734701236248
6578.4816046956	1.0463804704836
6578.5067323936	1.0292828071974
6578.5318601875	1.0548881215499
6578.5569880775	1.0724931171926
6578.5821160634	1.0526035775602
6578.6072441453	1.0363316868829
6578.6323723231	1.0350994745636
6578.657500597	1.0354721928576
6578.6826289668	1.0407832768673
6578.7077574327	1.0442024301967
6578.7328859945	1.042589833176
6578.7580146522	1.0428501971557
6578.783143406	1.0411557151358
6578.8082722573	1.0393485306443
6578.833401203	1.0420261275233
6578.8585302447	1.0425698379888
6578.8836593825	1.0392707924524
6578.9087886161	1.0375540698399
6578.9339179458	1.0376003288956
6578.9590473715	1.0380880271498
6578.9841768931	1.0405004647207
6579.0093065108	1.0430225086658
6579.0344362244	1.041871619032
6579.059566034	1.0440239348042
6579.0846959396	1.0467588652747
6579.1098259412	1.0492342400359
6579.1349560388	1.0608468652147
6579.1600862323	1.0700369062982
6579.1852165219	1.0771214352938
6579.2103469074	1.0770509432276
6579.235477389	1.0690461986711
6579.2606079665	1.0614655116983
6579.2857386415	1.0580477422578
6579.310869411	1.0569490735217
6579.3360002765	1.061937229477
6579.361131238	1.0656536340275
6579.3862622955	1.061301528184
6579.411393449	1.057659244845
6579.4365246984	1.053213258081
6579.4616560439	1.0494593976891
6579.4867874854	1.0461088420854
6579.5119190228	1.0446237467621
6579.5370506562	1.0494105752362
6579.5621823857	1.0518303338399
6579.5873142111	1.0514849543037
6579.6124461325	1.0536562859299
6579.63757815	1.0593807565872
6579.6627102634	1.061515757978
6579.6878424728	1.0550108899628
6579.7129747782	1.0468640237625
6579.7381071796	1.0349463381006
6579.7632396785	1.0265477629346
6579.788372272	1.0241520856898
6579.8135049614	1.0220072692613
6579.8386377468	1.0211008823499
6579.8637706282	1.0203082184552
6579.8889036056	1.0194013287775
6579.914036679	1.0207857886121
6579.9391698484	1.0273628120706
6579.9643031138	1.0289510438728
6579.9894364752	1.0176272574862
6580.0145699326	1.0095819916537
6580.039703486	1.0073548242205
6580.0648371354	1.0150287919185
6580.0899708808	1.0304975643573
6580.1151047223	1.0478032926499
6580.1402386597	1.0707814516728
6580.1653726931	1.0899833924927
6580.1905068225	1.1101353776132
6580.215641048	1.1198632988877
6580.2407753709	1.1245325179822
6580.2659097883	1.1189706268724
6580.2910443018	1.1009688707726
6580.3161789112	1.0808856145894
6580.3413136167	1.0583090227685
6580.3664484182	1.0458835244588
6580.3915833156	1.0414106525094
6580.4167183091	1.0393470408596
6580.4418533986	1.0353450658998
6580.4669885841	1.0342145870864
6580.4921238656	1.0383915449426
6580.5172592431	1.0460756084403
6580.5423947166	1.0525098485538
6580.5675302862	1.0462717489375
6580.5926659517	1.0413915576933
6580.6178017133	1.0406783883848
6580.6429375708	1.0444788080784
6580.6680735244	1.0393779964286
6580.693209574	1.0354187242024
6580.7183457196	1.0361480985943
6580.7434819627	1.0356929599274
6580.7686183003	1.0329786466316
6580.7937547339	1.0289526848558
6580.8188912636	1.0266116713385
6580.8440278893	1.0249745767374
6580.8691646109	1.0241290471238
6580.8943014286	1.0256705480538
6580.9194383423	1.0264479188775
6580.944575352	1.0252580139765
6580.9697124578	1.020812537647
6580.9948496595	1.0122375800056
6581.0199869573	1.0031625886019
6581.0451243511	1.0054925141022
6581.0702618409	1.0124020327077
6581.0953994267	1.0184043701859
6581.1205371085	1.0210220514861
6581.1456748864	1.0211195612735
6581.1708127602	1.0198481014224
6581.1959507301	1.0171736441166
6581.2210887975	1.0161070463283
6581.2462269595	1.0245164124262
6581.2713652174	0.99521370763728
6581.2965035714	1.0661106078294
6581.3216420214	1.0262130650297
6581.3467805674	1.0530041970404
6581.3719192094	1.0878214657116
6581.3970579474	1.0861659675156
6581.4221967815	1.0829220352822
6581.4473357116	1.0679860568026
6581.4724747377	1.0762820371519
6581.4976138599	1.0298628534039
6581.522753078	1.001281618509
6581.5478923922	0.99710128090186
6581.5730318024	1.001355095203
6581.5981713087	1.0093589734318
6581.6233109109	1.0508596343564
6581.6484506092	1.0759971254798
6581.6735904035	1.0745562497128
6581.6987302954	1.0699671909144
6581.7238702817	1.069350925823
6581.7490103641	1.0647783177335
6581.7741505425	1.0652341243996
6581.799290817	1.0676789778201
6581.8244311875	1.0876321652914
6581.8495716539	1.1139083834951
6581.8747122165	1.1148715802293
6581.899852875	1.1030970927714
6581.9249936296	1.0766204327133
6581.9501344802	1.0407269353987
6581.9752754269	1.0437698864676
6582.0004164696	1.0520773292384
6582.0255576083	1.0556946225671
6582.050698843	1.0581937643886
6582.0758401738	1.066654599916
6582.1009816006	1.0684888565637
6582.1261231234	1.0795578430298
6582.1512647423	1.0881602346034
6582.1764064572	1.0912157716832
6582.2015482696	1.036821320097
6582.2266901766	1.0307819342233
6582.2518321796	1.0956746452367
6582.2769742786	1.121335427004
