6545.862475837	0.92356513326388
6545.8874789404	0.91942678247719
6545.9124821392	0.91149720020038
6545.9374854335	0.90045810388005
6545.9624888234	0.90135739977417
6545.9874923087	0.90772446710709
6546.0124958895	0.91619452497555
6546.0374995659	0.92581282742933
6546.0625033377	0.92901259795185
6546.0875072051	0.92995423965714
6546.112511168	0.93668183755897
6546.1375152279	0.94349357048389
6546.1625193817	0.94244287438736
6546.1875236311	0.94042787354195
6546.212527976	0.93911593610832
6546.2375324164	0.94061414010533
6546.2625369524	0.94589224823421
6546.2875415838	0.9491941464422
6546.3125463107	0.94976511080557
6546.3375511332	0.95069441719095
6546.3625560511	0.95199870771952
6546.3875610646	0.95586852267535
6546.4125661736	0.9595986196413
6546.4375713781	0.96735764743347
6546.4625766781	0.97435779532192
6546.4875820736	0.97452683711627
6546.5125875646	0.97375545985091
6546.5375931511	0.97824251994097
6546.5625988332	0.98186613129671
6546.5876046108	0.98333557306443
6546.6126104838	0.9849633725298
6546.6376164539	0.98433151518077
6546.662622518	0.98454370743323
6546.6876286777	0.98413416312377
6546.7126349328	0.98276138716369
6546.7376412835	0.98224120276517
6546.7626477296	0.98386885228129
6546.7876542713	0.98677358742224
6546.8126609085	0.98494355599585
6546.8376676413	0.98459411243798
6546.8626744695	0.98100567326117
6546.8876813933	0.98214385104408
6546.9126884125	0.98121100692787
6546.9376955273	0.98273812849009
6546.9627027377	0.98241329682215
6546.9877100435	0.98019332296007
6547.0127174449	0.9843831097801
6547.0377249417	0.9835269459507
6547.0627325341	0.98898223366879
6547.087740222	0.99217028149557
6547.112748007	1.0001549964551
6547.1377558859	1.002411875671
6547.1627638604	1.0048439033569
6547.1877719304	0.99672871012049
6547.212780096	0.98492355079741
6547.237788357	0.97492962369063
6547.2627967136	0.97250898861647
6547.2878051657	0.97588618877627
6547.3128137133	0.98320467663712
6547.3378223565	0.9826254195405
6547.3628310951	0.9835449810209
6547.3878399293	0.9839975817621
6547.4128488591	0.98481359746376
6547.4378578843	0.98401920722711
6547.4628670051	0.98415947704423
6547.4878762214	0.98470490814257
6547.5128855332	0.98337244660726
6547.5378949406	0.98143075521384
6547.5629044435	0.97956492392835
6547.5879140434	0.97726931661314
6547.6129237373	0.97675902106485
6547.6379335268	0.97662892191546
6547.6629434118	0.97534177131756
6547.6879533923	0.97542550452949
6547.7129634684	0.9661385146694
6547.73797364	0.95614989432944
6547.7629839071	0.94003047400957
6547.7879942698	0.92587421909678
6547.813004728	0.92046967117477
6547.8380152817	0.91760840623592
6547.8630259309	0.92096766875208
6547.8880366757	0.92608781327937
6547.913047516	0.93798892899418
6547.9380584519	0.94689712296218
6547.9630694833	0.95586221168283
6547.9880806102	0.96548900820444
6548.0130918326	0.97558312641195
6548.0381031506	0.98332657407667
6548.0631145641	0.9900406693582
6548.0881260747	0.99371025273957
6548.1131376793	0.99438709551391
6548.1381493794	0.99455050884723
6548.1631611751	0.9937769187718
6548.1881730663	0.99152280237559
6548.213185053	0.99005087854793
6548.2381971353	0.990160185266
6548.2632093131	0.99137824375565
6548.2882215865	0.99189420746
6548.3132339554	0.99359788142651
6548.3382464198	0.99645834666089
6548.3632589798	0.99695358627394
6548.3882716353	0.99482077671028
6548.4132843863	0.99333042541099
6548.4382972329	0.99222711361994
6548.4633101751	0.98891051176304
6548.4883232128	0.98639845668928
6548.513336346	0.98741038325073
6548.5383495747	0.98761856450301
6548.5633629005	0.98473180364075
6548.5883763204	0.97969764613472
6548.6133898358	0.96590365620334
6548.6384034467	0.95176957185375
6548.6634171532	0.93534521558108
6548.6884309552	0.91194229643089
6548.7134448528	0.88106150608832
6548.7384588459	0.86064618398621
6548.7634729345	0.84551188717881
6548.7884871187	0.85561240074913
6548.8135013985	0.87359039133752
6548.8385157738	0.90338539305378
6548.8635302446	0.93570836647219
6548.888544811	0.95667721479582
6548.913559473	0.97392092175446
6548.9385742304	0.9790058778411
6548.9635890835	0.98412504789726
6548.9886040321	0.98842031672614
6549.0136190762	0.99019291372699
6549.0386342174	0.98532227695918
6549.0636494526	0.98347849661674
6549.0886647834	0.98493945061106
6549.1136802097	0.98375426906097
6549.1386957316	0.98043717173207
6549.163711349	0.97983493504523
6549.188727062	0.97957785631872
6549.2137428706	0.97377812899689
6549.2387587747	0.96761613604117
6549.2637747743	0.96453051764203
6549.2887908695	0.96276006855385
6549.3138070602	0.96596305974413
6549.3388233466	0.96940260030273
6549.3638397284	0.97131237935322
6549.3888562058	0.97227671743803
6549.4138727788	0.97142368408542
6549.4388894473	0.97274956328041
6549.4639062114	0.97543122523258
6549.488923071	0.97452934620788
6549.5139400277	0.97197479224066
6549.5389570785	0.97451097245366
6549.5639742248	0.97885921212891
6549.5889914666	0.98118395582716
6549.6140088041	0.98445319910332
6549.639026237	0.98764451243218
6549.6640437656	0.99047561772078
6549.6890613897	0.98955603289828
6549.7140791093	0.98849534866552
6549.7390969245	0.99126789335928
6549.7641148353	0.99238210848691
6549.7891328416	0.99531564477503
6549.8141509435	0.99227652660713
6549.839169141	0.98449302991562
6549.864187434	0.98057602954427
6549.8892058226	0.97779638720379
6549.9142243067	0.97596986980936
6549.9392428864	0.97633320774016
6549.9642615617	0.97145616383049
6549.9892803325	0.96607376383222
6550.0142992004	0.96648035537592
6550.0393181624	0.96872330481729
6550.0643372199	0.97183059970054
6550.089356373	0.97381030766442
6550.1143756217	0.97362467422357
6550.1393949659	0.97487032044937
6550.1644144057	0.97723425540704
6550.189433941	0.9781540735491
6550.2144535719	0.97825693308751
6550.2394732984	0.97927489850581
6550.2644931205	0.97991320791761
6550.2895130381	0.97643752167634
6550.3145330513	0.97130430674778
6550.33955316	0.9753568676873
6550.3645733644	0.98299945642321
6550.3895936643	0.98366440638761
6550.4146140597	0.98132684285809
6550.4396345508	0.98469837042526
6550.4646551374	0.98863185991302
6550.4896758211	0.99020290742832
6550.5146965988	0.99025249981163
6550.5397174721	0.98766586420967
6550.564738441	0.98655593271967
6550.5897595055	0.9871695093704
6550.6147806655	0.98674483190542
6550.6398019211	0.98547120800587
6550.6648232723	0.98788383608842
6550.689844719	0.99161302985298
6550.7148662614	0.9878218543916
6550.7398878993	0.98145913657246
6550.7649096328	0.98112643812278
6550.7899314618	0.98060117121866
6550.8149533864	0.97510360591436
6550.8399754066	0.97225251833914
6550.8649975224	0.9710424361707
6550.8900197338	0.97183415422789
6550.9150420407	0.97735348199103
6550.9400644432	0.98188732019058
6550.9650869428	0.98119789403992
6550.9901095365	0.9812816609059
6551.0151322257	0.9832918293723
6551.0401550105	0.98458126687417
6551.0651778909	0.98318994864761
6551.0902008669	0.97900016242381
6551.1152239385	0.97125730503614
6551.1402471056	0.97311176830527
6551.1652703683	0.97599221713721
6551.1902937266	0.98389928553275
6551.2153171805	0.99103533873362
6551.24034073	0.98565404491512
6551.265364375	0.9801039147114
6551.2903881157	0.97282335347044
6551.3154119519	0.96796704280277
6551.3404358837	0.96558131916629
6551.365459911	0.967490246397
6551.390484034	0.97293628483335
6551.4155082525	0.97225314089533
6551.4405325667	0.96876078296596
6551.4655569779	0.96784954653332
6551.4905814832	0.96856915737531
6551.5156060841	0.96965321324358
6551.5406307806	0.97106658203943
6551.5656555726	0.97618303085645
6551.5906804603	0.98066638053257
6551.6157054435	0.97747320600751
6551.6407305223	0.97469237161456
6551.6657556967	0.97345684201865
6551.6907809667	0.97268570592959
6551.7158063323	0.97216516389447
6551.7408317935	0.97095090631189
6551.7658573502	0.9694785239483
6551.7908830026	0.97106320710663
6551.8159087505	0.9747111990054
6551.8409345941	0.97932203666922
6551.8659605332	0.98215385275312
6551.8909865679	0.97715073708586
6551.9160126982	0.97207969805568
6551.9410389256	0.96464525475078
6551.9660652471	0.95931794026321
6551.9910916642	0.96417021755164
6552.0161181769	0.96856584129631
6552.0411447851	0.96809167951152
6552.066171489	0.96574176481876
6552.0911982884	0.96117839532848
6552.1162251835	0.95571644483071
6552.1412521741	0.94988583731912
6552.1662792604	0.95154916171161
6552.1913064422	0.95338590397593
6552.2163337196	0.9537478977318
6552.2413610927	0.95412279857243
6552.2663885613	0.9598136167821
6552.2914161255	0.96397037305988
6552.3164437853	0.9603483156853
6552.3414715408	0.95844054646487
6552.3664993918	0.95509987780851
6552.3915273384	0.95598106569665
6552.4165553821	0.959650284529
6552.4415835199	0.96421127332458
6552.4666117533	0.96907113716064
6552.4916400823	0.97596020775524
6552.5166685069	0.97923113561814
6552.5416970272	0.97979891368201
6552.566725643	0.97974314932276
6552.5917543544	0.96459935593783
6552.6167831614	0.95089789659054
6552.641812064	0.93622140860434
6552.6668410622	0.92109276351858
6552.6918701561	0.88439105960663
6552.7168993455	0.85105514112983
6552.7419286305	0.81768944930185
6552.7669580111	0.80003670061041
6552.7919874874	0.80041396361106
6552.8170170592	0.82000529991205
6552.8420467267	0.8507388794557
6552.8670764897	0.88352176948039
6552.8921063484	0.91739010676229
6552.9171363041	0.93651072752542
6552.942166354	0.95477041419363
6552.9671964995	0.96479645274652
6552.9922267406	0.97658643949777
6553.0172570773	0.9894251558259
6553.0422875096	0.99698443680904
6553.0673180375	0.99045219488785
6553.092348661	0.98526647422381
6553.1173793801	0.98050502628955
6553.1424101948	0.97722427868028
6553.1674411052	0.97643069723876
6553.1924721111	0.97495090180634
6553.2175032127	0.97185663681491
6553.2425344099	0.97050757968818
6553.2675657027	0.96842205622807
6553.2925970911	0.96460439480052
6553.3176285751	0.9619171128325
6553.3426601547	0.95961194229571
6553.3676918299	0.95907824383098
6553.3927236023	0.96131428622823
6553.4177554688	0.96447390815635
6553.4427874308	0.96793638364239
6553.4678194885	0.96794049544741
6553.4928516418	0.96542482926554
6553.5178838907	0.96539719875963
6553.5429162353	0.96741862095732
6553.5679486754	0.96989011799994
6553.5929812112	0.97455880714963
6553.6180138426	0.97351593651329
6553.6430465696	0.97114450660447
6553.6680793922	0.97474257969257
6553.6931123104	0.97726772945256
6553.7181453243	0.97539038393566
6553.7431784337	0.97276365830815
6553.7682116388	0.97041615808643
6553.7932449395	0.9664729876087
6553.8182783358	0.9610314405357
6553.8433118278	0.94626938167042
6553.8683454169	0.92362900212607
6553.8933791	0.91283949936784
6553.9184128789	0.9061636217176
6553.9434467533	0.90678964087667
6553.9684807233	0.90748322133374
6553.993514789	0.91192222944848
6554.0185489503	0.91685345023555
6554.0435832072	0.93200708621765
6554.0686175597	0.94431422227112
6554.0936520079	0.94678689606847
6554.1186865517	0.95020914098341
6554.1437211911	0.95156767771719
6554.1687559261	0.95120186159105
6554.1937907568	0.94919550682663
6554.2188256831	0.95003466436153
6554.243860705	0.95205441329434
6554.2688958225	0.95372325142975
6554.2939310357	0.95448561063441
6554.3189663445	0.95864980148427
6554.3440017504	0.9611476856774
6554.3690372504	0.95558729470854
6554.3940728461	0.95109574780831
6554.4191085374	0.95041987746855
6554.4441443243	0.95073679835457
6554.4691802069	0.95055541961271
6554.494216185	0.95097222616551
6554.5192522588	0.9555009438645
6554.5442884283	0.95402124109978
6554.5693246934	0.94687380326496
6554.5943610541	0.94487372051247
6554.6193975104	0.94425451193755
6554.6444340624	0.94746283781285
6554.66947071	0.94987255991469
6554.6945074532	0.9464904189929
6554.719544292	0.94189618273319
6554.7445812265	0.93825696573357
6554.7696182567	0.93312207700685
6554.7946553824	0.92527424764032
6554.8196926038	0.920427703062
6554.8447299223	0.917386567208
6554.869767335	0.91689140394394
6554.8948048433	0.91984609131531
6554.9198424472	0.92198638578015
6554.9448801468	0.92400350489353
6554.969917942	0.92784619314365
6554.9949558328	0.92682079846962
6555.0199938193	0.93916649918377
6555.0450319014	0.94165794607122
6555.0700700792	0.94339451818396
6555.0951083526	0.94057278783806
6555.1201467216	0.93950733280597
6555.1451851863	0.93455248876707
6555.1702237466	0.92555313924485
6555.1952624025	0.92226686422026
6555.2203011541	0.92324433235234
6555.2453400013	0.9264022149685
6555.2703789442	0.92976215740871
6555.2954179827	0.93012668649285
6555.3204571183	0.93205842704951
6555.3454963481	0.93098153616325
6555.3705356736	0.93048267879796
6555.3955750946	0.93220385022627
6555.4206146113	0.9337440464185
6555.4456542237	0.93180207359343
6555.4706939317	0.93019658079536
6555.4957337353	0.92885025221589
6555.5207736346	0.92745481482064
6555.5458136296	0.92518682775899
6555.5708537201	0.92786857580148
6555.5958939064	0.93441278687004
6555.6209341882	0.93469165308549
6555.6459745657	0.92974578440911
6555.6710150389	0.93233374567179
6555.6960556077	0.93641969531366
6555.7210962722	0.93987931161538
6555.7461370323	0.94267755096906
6555.771177888	0.94317027961103
6555.7962188409	0.94337928997952
6555.821259888	0.94158938640024
6555.8463010307	0.94234321062229
6555.871342269	0.94459570777904
6555.896383603	0.94686861636477
6555.9214250326	0.94737396606405
6555.9464665579	0.94576552172841
6555.9715081789	0.94342304200622
6555.9965498955	0.9421595302533
6556.0215917077	0.94128007342229
6556.0466336156	0.94480332961998
6556.0716756192	0.94784629419444
6556.0967177184	0.94064641589701
6556.1217599132	0.93582036324273
6556.1468022037	0.9314949665668
6556.1718445899	0.93206950006212
6556.1968870717	0.93448927119197
6556.2219296492	0.93845627759581
6556.2469723223	0.94070844226261
6556.2720150911	0.9487038294243
6556.297057957	0.95378708845189
6556.3221009171	0.95565857200179
6556.3471439729	0.95393496648199
6556.3721871243	0.96049258967609
6556.3972303713	0.96687771570248
6556.422273714	0.9706634488436
6556.4473171524	0.97124876619547
6556.4723606865	0.96231654382444
6556.4974043161	0.95723378567896
6556.5224480415	0.95465076433696
6556.5474918625	0.95444486819156
6556.5725357792	0.95521000742104
6556.5975797915	0.95482923646082
6556.6226238995	0.95359252595011
6556.6476681031	0.95138356154807
6556.6727124024	0.94985330166872
6556.6977567974	0.94417625191289
6556.722801288	0.94183192865688
6556.7478458743	0.93811643430306
6556.7728905578	0.93800407298692
6556.7979353354	0.93790384686445
6556.8229802087	0.94051132602366
6556.8480251777	0.94419334005144
6556.8730702423	0.95238336073849
6556.8981154025	0.95882735104704
6556.9231606585	0.96293733627019
6556.9482060101	0.96381016168444
6556.9732514573	0.96133731691658
6556.9982970003	0.96082216899946
6557.0233426389	0.95469117506793
6557.0483883731	0.95286580700986
6557.0734342031	0.95052033580674
6557.0984801287	0.9480208244986
6557.1235261499	0.94185970202735
6557.1485722669	0.93712415980326
6557.1736184795	0.93302030188399
6557.1986647878	0.92423292920089
6557.2237111917	0.91442829974933
6557.2487576928	0.89478791869608
6557.2738042881	0.87293639418342
6557.298850979	0.85843474971175
6557.3238977657	0.84573351742748
6557.348944648	0.85794227567308
6557.3739916259	0.87159289650416
6557.3990386996	0.89299194192106
6557.4240858689	0.91387238923146
6557.4491331338	0.93388334365734
6557.4741804945	0.94204398407608
6557.4992279508	0.94021311431862
6557.5242755028	0.94105766377147
6557.5493231505	0.9411254337591
6557.5743708938	0.94896369381546
6557.5994187328	0.95343146535973
6557.6244666675	0.95807065189608
6557.6495146979	0.95852098259854
6557.6745628239	0.9600021455688
6557.6996110457	0.95867372205799
6557.7246593646	0.95087401815879
6557.7497077776	0.94818209583491
6557.7747562864	0.95311807806364
6557.7998048908	0.95312314592154
6557.8248535909	0.94590747901757
6557.8499023867	0.94138554590099
6557.8749512781	0.9407104125975
6557.9000002653	0.94110367581394
6557.9250493481	0.94106568401365
6557.9500985266	0.93710085064302
6557.9751478008	0.93360462940408
6558.0001971706	0.93073671673758
6558.0252466362	0.92809320788102
6558.0502961974	0.92558393882686
6558.0753458543	0.92396481967173
6558.1003956069	0.92500716480299
6558.1254454551	0.92798813636338
6558.1504953991	0.93188219193437
6558.1755454387	0.92935582322296
6558.200595574	0.92397323594038
6558.2256458065	0.9164905194141
6558.2506961332	0.91014951013532
6558.2757465556	0.91120770040625
6558.3007970736	0.91171881195104
6558.3258476874	0.9163498314072
6558.3508983968	0.92059487236005
6558.3759492019	0.92805651971533
6558.4010001027	0.9326493186416
6558.4260510992	0.93593085966611
6558.4511021913	0.93591361111365
6558.4761533792	0.93431573841179
6558.5012046627	0.93496952269121
6558.5262560419	0.93695165242815
6558.5513075169	0.93098195031135
6558.5763590875	0.92411546061731
6558.6014107538	0.92079231898574
6558.6264625157	0.91781500309574
6558.6515143734	0.91487579865615
6558.6765663268	0.91342187850026
6558.7016183773	0.9132226007766
6558.7266705221	0.90787913291938
6558.7517227625	0.89824982339621
6558.7767750986	0.89619356214153
6558.8018275305	0.8969310296064
6558.826880058	0.89930589288923
6558.8519326812	0.90185053685132
6558.8769854001	0.90829933522246
6558.9020382146	0.9129487149331
6558.9270911249	0.90946738873004
6558.9521441309	0.90587712525255
6558.9771972326	0.90949801679829
6559.0022504299	0.91084167677706
6559.027303723	0.90855176694707
6559.0523571118	0.90625402772533
6559.0774105962	0.90517748135646
6559.1024641764	0.90720070778164
6559.1275178522	0.91163646327332
6559.1525716238	0.91201827612892
6559.1776254925	0.91373915804656
6559.2026794554	0.91349492119173
6559.2277335141	0.91475138145834
6559.2527876684	0.91740750496089
6559.2778419184	0.9189723689857
6559.3028962642	0.91953629575851
6559.3279507056	0.91566580162119
6559.3530052427	0.90641507111161
6559.3780598756	0.89804432377733
6559.4031146041	0.89061730100549
6559.4281694283	0.88852115445532
6559.4532243483	0.88913690705244
6559.4782793639	0.88854773336646
6559.5033344753	0.88942470123609
6559.5283896823	0.88898377693816
6559.5534449851	0.89145255050062
6559.5785003835	0.89658884185528
6559.6035558776	0.89787942579162
6559.6286114675	0.89468229876836
6559.6536671531	0.89419662380792
6559.6787229358	0.8966222365734
6559.7037788128	0.90316167836675
6559.7288347855	0.91032469834464
6559.7538908539	0.91494576869352
6559.778947018	0.91875858205523
6559.8040032778	0.90597038652273
6559.8290596333	0.89611170988624
6559.8541160845	0.89827586746962
6559.8791726314	0.89768105648715
6559.904229274	0.89077322651879
6559.9292860123	0.88756604393587
6559.9543428464	0.88788850789112
6559.9793997761	0.88778715498539
6560.0044568016	0.88816938801577
6560.0295139228	0.88835630012277
6560.0545711396	0.88743851247216
6560.0796284522	0.88765829588401
6560.1046858605	0.88886540871097
6560.1297433645	0.88660775461306
6560.1548009658	0.88529916052205
6560.1798586612	0.88427192504549
6560.2049164524	0.88299144408326
6560.2299743392	0.87794937047549
6560.2550323218	0.87597089753925
6560.2800904001	0.87633045930376
6560.3051485741	0.87744372663841
6560.3302068438	0.87569208954835
6560.3552652092	0.88016091150076
6560.3803236704	0.8799584881826
6560.4053822272	0.88411827503683
6560.4304408798	0.88189651493683
6560.4554996281	0.87417974118598
6560.4805584721	0.86919752895075
6560.5056174118	0.86909876300178
6560.5306764473	0.86501933422232
6560.5557355784	0.85496185725424
6560.5807948053	0.84401346368207
6560.6058541279	0.83222984607217
6560.6309135477	0.82886666358867
6560.6559730618	0.8265782959244
6560.6810326715	0.83544571963801
6560.706092377	0.84428006661237
6560.7311521782	0.84752115587114
6560.7562120751	0.8510134446396
6560.7812720678	0.85315636088344
6560.8063321561	0.85534225573726
6560.8313923402	0.85640375403535
6560.85645262	0.85433833328977
6560.8815129955	0.85011999535295
6560.9065734668	0.8485096164247
6560.9316340337	0.84698926516128
6560.9566946964	0.83923097990082
6560.9817554548	0.83001228433521
6561.006816309	0.82980546029723
6561.0318772588	0.82868646593758
6561.0569383044	0.82993319460739
6561.0819994457	0.82721612748919
6561.1070606828	0.82116555340038
6561.132122017	0.81538921496978
6561.1571834455	0.81169935683981
6561.1822449697	0.80186535008968
6561.2073065897	0.79022925633911
6561.2323683054	0.78027556316288
6561.2574301168	0.77226814566588
6561.2824920239	0.77234691713352
6561.3075540267	0.77381569834236
6561.3326161253	0.78345875683616
6561.3576783196	0.78782841085449
6561.3827406097	0.78414771526304
6561.4078029955	0.77905772443667
6561.432865477	0.77681169718223
6561.4579280542	0.77484242912997
6561.4829907272	0.77176608559105
6561.5080534959	0.76773958217804
6561.5331163603	0.76477838819676
6561.5581793205	0.75940891813196
6561.5832423763	0.75512000486887
6561.6083055295	0.75418890711498
6561.6333687768	0.75275495909906
6561.6584321199	0.74688100017918
6561.6834955588	0.74137680093523
6561.7085590933	0.73673967305687
6561.7336227236	0.73132113845733
6561.7586864497	0.72389921847513
6561.7837502714	0.7174697007326
6561.8088141889	0.71172233863247
6561.8338782022	0.70798828355362
6561.8589423111	0.70486822147612
6561.8840065158	0.69962938407629
6561.9090708163	0.69521466702908
6561.9341352125	0.68956602241337
6561.9591997044	0.68538950195319
6561.9842642921	0.68413170472884
6562.0093289755	0.68408361356915
6562.0343937546	0.68573582428314
6562.0594586295	0.68050385577349
6562.0845236016	0.67114265657639
6562.109588668	0.66840524826148
6562.1346538301	0.66670083988529
6562.1597190879	0.66328795324632
6562.1847844415	0.6609874664801
6562.2098498908	0.66103233679167
6562.2349154359	0.6620748322753
6562.2599810767	0.66563530441338
6562.2850468133	0.66491536679158
6562.3101126456	0.65845956535369
6562.3351785736	0.65198272307903
6562.3602445974	0.6451395302209
6562.3853107169	0.64356523210556
6562.4103769322	0.64349512299197
6562.4354432432	0.63970094445743
6562.4605096499	0.63629117895164
6562.4855761525	0.63143854884347
6562.5106427507	0.6275522549543
6562.5357094447	0.62554008881123
6562.560776236	0.62347187694475
6562.5858431215	0.62136639498863
6562.6109101027	0.62180178471461
6562.6359771797	0.62262093872003
6562.6610443524	0.62629580985681
6562.6861116209	0.63136548159796
6562.7111789851	0.63555832468584
6562.7362464451	0.63998399913197
6562.7613140009	0.64107980583453
6562.7863816523	0.64228480375128
6562.8114493996	0.64114667611238
6562.8365172426	0.64160158823359
6562.8615851813	0.64433077638961
6562.8866532158	0.64784006869642
6562.911721346	0.65193449907138
6562.936789572	0.65394957933569
6562.9618578938	0.65439366520129
6562.9869263113	0.6555987907546
6563.0119948245	0.65669834147161
6563.0370634335	0.65687945759167
6563.0621321398	0.65730202124609
6563.0872009403	0.66202496080169
6563.1122698366	0.6671354668194
6563.1373388286	0.67289944865279
6563.1624079164	0.67617308930835
6563.1874770999	0.67668262197706
6563.2125463792	0.67980976812124
6563.2376157542	0.68531337552515
6563.262685225	0.68822209283628
6563.2877547916	0.68845681602023
6563.3128244539	0.68901529044497
6563.337894212	0.69094622961153
6563.3629640658	0.69651193574275
6563.3880340154	0.70202752105974
6563.4131040608	0.70855901347857
6563.4381742019	0.71524886434871
6563.4632444388	0.72234700225786
6563.4883147714	0.72415791981863
6563.5133851998	0.72336669759926
6563.5384557255	0.72498479221188
6563.5635263454	0.72709321041493
6563.5885970611	0.72481280423048
6563.6136678725	0.72384592674167
6563.6387387797	0.72837404948415
6563.6638097827	0.73323737870912
6563.6888808814	0.73951818316238
6563.7139520759	0.74578777774141
6563.7390233661	0.75278581632617
6563.7640947522	0.75963399067728
6563.7891662339	0.76599776896933
6563.8142378115	0.77279647471138
6563.8393094848	0.78021951261617
6563.8643812539	0.78336423126919
6563.8894531187	0.78597828478093
6563.9145250794	0.79017292583682
6563.9395971357	0.79453264299049
6563.9646692879	0.79947490500406
6563.9897415358	0.80440978475719
6564.014813881	0.80945421301819
6564.0398863204	0.81298843861326
6564.0649588557	0.81580010834035
6564.0900314867	0.81436307733914
6564.1151042134	0.81163814011331
6564.140177036	0.80670587806323
6564.1652499543	0.80228977727427
6564.1903229683	0.80604470242238
6564.2153960782	0.80835887000491
6564.2404692838	0.81087177622742
6564.2655425852	0.80526623301348
6564.2906159823	0.79029306070995
6564.3156894752	0.7820955544911
6564.3407630639	0.77734259859341
6564.3658367484	0.78113473761442
6564.3909105287	0.78684249188047
6564.4159844047	0.80617554443333
6564.4410583765	0.8266496669734
6564.4661324441	0.84493114958611
6564.4912066074	0.86047368983955
6564.516280868	0.86724202614165
6564.5413552229	0.87392928281541
6564.5664296736	0.88088571863306
6564.59150422	0.88515731803807
6564.6165788623	0.88758588567797
6564.6416536003	0.8856036976907
6564.6667284341	0.88336298592837
6564.6918033636	0.88631142152888
6564.716878389	0.89057123605438
6564.7419535101	0.89191168442054
6564.767028727	0.89120433163125
6564.7921040396	0.88675137646557
6564.8171794481	0.88646641568382
6564.8422549523	0.89089771454817
6564.8673305523	0.89315518664753
6564.8924062481	0.89405347578068
6564.9174820397	0.89913294575932
6564.9425579271	0.90406023503748
6564.9676339102	0.90334380798953
6564.9927099906	0.90436825835447
6565.0177861653	0.90943027372682
6565.0428624358	0.91094947549136
6565.0679388021	0.90685651879542
6565.0930152641	0.90615276796421
6565.118091822	0.90842881453059
6565.1431684756	0.91381504947911
6565.168245225	0.92039594096695
6565.1933220702	0.91873575542659
6565.2183990112	0.91583813229524
6565.2434760479	0.92026381505533
6565.2685531805	0.92560672661188
6565.2936304088	0.93400724660266
6565.3187077329	0.93701437987703
6565.3437851529	0.92763132011195
6565.3688626685	0.92404180387002
6565.39394028	0.92624358576276
6565.4190179873	0.92722060506442
6565.4440957904	0.92721914034257
6565.4691736907	0.92611089259347
6565.4942516854	0.92501397704513
6565.5193297758	0.92723936166667
6565.544407962	0.92961684445458
6565.569486244	0.9288230739302
6565.5945646219	0.92801236283984
6565.6196430955	0.92666993724198
6565.6447216648	0.92785781173637
6565.66980033	0.93090313758727
6565.694879091	0.92805133656018
6565.7199579478	0.92304414487083
6565.7450369003	0.92705784123241
6565.7701159487	0.93165535448921
6565.7951950928	0.93393977717697
6565.8202743327	0.93657450603647
6565.8453536685	0.93406895080498
6565.8704331	0.93488156204349
6565.8955126273	0.94493021235858
6565.9205922505	0.95009926606428
6565.9456719709	0.95095898918589
6565.9707517856	0.94953038466292
6565.9958316961	0.94810168537907
6566.0209117024	0.94804066725213
6566.0459918045	0.94830183021747
6566.0710720024	0.94602707520869
6566.0961522961	0.94283913025892
6566.1212326856	0.93585023567557
6566.1463131709	0.9333233207646
6566.171393752	0.93434730764229
6566.1964744289	0.93616411391024
6566.2215552016	0.93869065835812
6566.2466360701	0.9373786327292
6566.2717170344	0.93339899139313
6566.2967980945	0.93764069590379
6566.3218792504	0.94139057302284
6566.3469605021	0.95296839305237
6566.3720418496	0.95931430746443
6566.3971232929	0.96016213195011
6566.4222048321	0.96160260963476
6566.4472864685	0.96337479495948
6566.4723681992	0.96149098534301
6566.4974500257	0.95862127109575
6566.5225319481	0.95531856226049
6566.5476139662	0.95508469279636
6566.5726960801	0.95094840335378
6566.5977782899	0.94785649656547
6566.6228605954	0.94714048693256
6566.6479429968	0.94689395731615
6566.673025494	0.94962404571917
6566.6981080869	0.95092533437682
6566.7231907757	0.95543823392523
6566.7482735603	0.95874845687409
6566.7733564407	0.95936925428877
6566.7984394169	0.95936740776127
6566.8235224889	0.95741226209948
6566.8486056567	0.95541233625856
6566.8736889204	0.95814646724782
6566.8987722798	0.96282349519175
6566.9238557366	0.96576811179881
6566.9489392876	0.96780222602044
6566.9740229345	0.9678112915777
6566.9991066772	0.96763382171078
6567.0241905157	0.96890105002353
6567.04927445	0.97124060637373
6567.0743584801	0.97234373372832
6567.0994426061	0.97275495582945
6567.1245268278	0.97326065830744
6567.1496111454	0.97387849536674
6567.1746955587	0.97338440716536
6567.1997800679	0.97162976786815
6567.2248646729	0.96835022224868
6567.2499493738	0.96478785327413
6567.2750341704	0.96379990828128
6567.3001190628	0.96474275788901
6567.3252040511	0.96642380113388
6567.3502891352	0.96826130456541
6567.3753743151	0.96983517634819
6567.4004595923	0.9710651641208
6567.4255449639	0.96930198284839
6567.4506304312	0.965332991431
6567.4757159944	0.96428931373295
6567.5008016534	0.96534018100038
6567.5258874082	0.9665929346485
6567.5509732588	0.96939853783226
6567.5760592053	0.97111976510066
6567.6011452476	0.96990203653919
6567.6262313857	0.96842081410126
6567.6513176196	0.96802044739944
6567.6764039493	0.96777224046598
6567.7014903749	0.96704777084835
6567.7265768962	0.96655422494669
6567.7516635134	0.96657579682554
6567.7767502265	0.96764344279925
6567.8018370353	0.97018371941018
6567.82692394	0.97225555054698
6567.8520109405	0.97537100662239
6567.8770980368	0.97756316311929
6567.9021852305	0.9747972937303
6567.9272725184	0.97231927965792
6567.9523599022	0.97208464364564
6567.9774473818	0.97302069496212
6568.0025349573	0.97653120213325
6568.0276226286	0.97891232324671
6568.0527103957	0.97785918741114
6568.0777982586	0.97605430404984
6568.1028862173	0.97154970222603
6568.1279742719	0.96919989374471
6568.1530624223	0.97078127598476
6568.1781506686	0.97022422289879
6568.2032390106	0.96512733503164
6568.2283274485	0.96075666290926
6568.2534159823	0.96357622483963
6568.2785046118	0.96561815734619
6568.3035933372	0.96262366149006
6568.3286821584	0.95862585131687
6568.3537710755	0.95724752110588
6568.3788600899	0.95682341911979
6568.4039491986	0.95393201154063
6568.4290384031	0.95090220125367
6568.4541277035	0.94893360627615
6568.4792170997	0.94681587919578
6568.5043065918	0.94884809224866
6568.5293961797	0.95259629351452
6568.5544858634	0.95101697921481
6568.5795756429	0.94851790281498
6568.6046655183	0.94435993100411
6568.6297554895	0.9401541684449
6568.6548455566	0.9393433386325
6568.6799357195	0.93896459146691
6568.7050259782	0.94002471726278
6568.7301163328	0.94116390018125
6568.7552067832	0.94290037993497
6568.7802973294	0.94491901843129
6568.8053879715	0.93885061100673
6568.8304787094	0.9299767160407
6568.8555695447	0.92195276869353
6568.8806604743	0.915587566206
6568.9057514997	0.91219272054742
6568.930842621	0.90923289082913
6568.9559338381	0.90966532183941
6568.981025151	0.91128013202881
6569.0061165598	0.91460028493845
6569.0312080645	0.91827608811391
6569.0562996649	0.92690915954802
6569.0813913612	0.93816650662761
6569.1064831534	0.94208487136097
6569.1315750414	0.94292948785692
6569.1566670252	0.94497014730641
6569.1817591049	0.94625384659015
6569.2068512805	0.94493446212034
6569.2319435518	0.94351362277372
6569.2570359191	0.94754840717398
6569.2821283821	0.95426396157101
6569.307220941	0.95734489800536
6569.3323135958	0.95811992642252
6569.3574063479	0.95656643257163
6569.3824991944	0.95388195872727
6569.4075921367	0.95342573427269
6569.4326851748	0.95314128316487
6569.4577783088	0.95163021626626
6569.4828715386	0.95011055954555
6569.5079648643	0.95130718945278
6569.5330582859	0.95545937469991
6569.5581518032	0.95934189428765
6569.5832454165	0.96280937470372
6569.6083391256	0.96872607318662
6569.6334329305	0.97690759935188
6569.6585268313	0.98218836042983
6569.6836208279	0.98337595632066
6569.7087149204	0.98564916582686
6569.7338091087	0.98832487992625
6569.7589033929	0.98814239923791
6569.7839977729	0.9834442349416
6569.8090922488	0.97745216946547
6569.8341868221	0.96974407322968
6569.8592814897	0.96713394358484
6569.8843762531	0.96886843481844
6569.9094711124	0.97382534295387
6569.9345660676	0.97479994226268
6569.9596611186	0.97756785299597
6569.9847562655	0.98154765165759
6570.0098515082	0.98070727461888
6570.0349468468	0.99293035202504
6570.0600422812	0.99569575245759
6570.0851378115	1.004296298474
6570.1102334377	1.0070749878
6570.1353291597	1.0022269890834
6570.1604249776	0.99750474668617
6570.1855208913	0.98919385822305
6570.2106169009	0.98519597140583
6570.2357130063	0.98028342315388
6570.2608092076	0.97970694091114
6570.2859055048	0.98049605891378
6570.3110018993	0.98347098996411
6570.3360983882	0.98334563966163
6570.3611949729	0.98390549230761
6570.3862916535	0.98758597764744
6570.41138843	0.99166985288652
6570.4364853023	0.98901438920567
6570.4615822705	0.98739716416993
6570.4866793345	0.98617279660154
6570.5117764944	0.98480148303772
6570.5368737502	0.98660992420991
6570.5619711018	0.99050437605427
6570.5870685494	0.98597169445073
6570.6121660927	0.98093579041723
6570.6372637319	0.97632431219872
6570.662361467	0.97190506605843
6570.687459298	0.97327779742044
6570.7125572248	0.97455387181503
6570.7376552475	0.97260085816118
6570.7627533661	0.96863611213852
6570.787851582	0.97126753651866
6570.8129498923	0.97311693859602
6570.8380482985	0.97380830494203
6570.8631468005	0.97558701597043
6570.8882453984	0.9815984772628
6570.9133440922	0.98766241697644
6570.9384428818	0.99174140646098
6570.9635417673	0.99686428905834
6570.9886407487	1.0003667072574
6571.0137398259	1.002180919069
6571.038838999	0.99924453607874
6571.063938268	0.99504493602526
6571.0890376329	0.99935729307835
6571.1141370936	1.006722634546
6571.1392366502	1.0058986188575
6571.1643363027	1.0022597530403
6571.189436051	1.0025741846607
6571.2145358952	1.0044473966191
6571.2396358353	1.0069162579709
6571.2647358713	1.0107362069062
6571.2898360046	1.0120333453814
6571.3149362323	1.0132690841771
6571.3400365559	1.010564185494
6571.3651369754	1.0056938361735
6571.3902374907	1.0046491485852
6571.4153381019	1.00499686797
6571.440438809	1.0039042958466
6571.465539612	1.0022918899009
6571.4906405108	0.99953742018703
6571.5157415056	0.99502585255727
6571.5408425962	0.99649595999927
6571.5659437826	1.000866239636
6571.591045065	1.0046401266117
6571.6161464432	1.0082352719299
6571.6412479173	1.0089483293774
6571.6663494873	1.007512957073
6571.6914511532	1.0061137322823
6571.716552915	1.0063678180516
6571.7416547726	1.006105600208
6571.7667567276	1.0059507007473
6571.791858777	1.0043857467407
6571.8169609223	0.99897826077423
6571.8420631635	0.99892575312376
6571.8671655005	1.0044204842762
6571.8922679334	1.0069823944764
6571.9173704623	1.0057017449758
6571.9424730869	1.0043206914059
6571.9675758075	1.0032111993967
6571.992678624	1.0008505393361
6572.0177815363	1.0007081804475
6572.0428845446	0.99751904276808
6572.0679876487	0.98895972906632
6572.0930908487	0.97561701109429
6572.1181941446	0.95469052658185
6572.1432975364	0.9331428892816
6572.168401024	0.90704146599369
6572.1935046076	0.88708198213343
6572.218608287	0.87642467678678
6572.2437120638	0.87381766575977
6572.2688159351	0.88890680544589
6572.2939199022	0.90508281578691
6572.3190239652	0.92810576253794
6572.344128124	0.94970965288563
6572.3692323788	0.96693555264928
6572.3943367295	0.98108979597657
6572.419441176	0.98950033675819
6572.4445457185	0.99629506112415
6572.4696503568	0.99670260883706
6572.494755091	0.99876344400035
6572.5198599211	1.0005556491778
6572.5449648472	1.0040375563656
6572.5700698691	1.0114564805768
6572.5951749869	1.0154742762914
6572.6202802005	1.0111043935256
6572.6453855101	1.0072496299577
6572.6704909156	1.0055982980067
6572.695596417	1.0046121086613
6572.7207020143	1.0039471552856
6572.7458077089	1.002953047163
6572.770913498	1.0035984853233
6572.7960193829	1.0037851277759
6572.8211253638	1.0042231435915
6572.8462314405	1.0048756126282
6572.8713376132	1.0018167165484
6572.8964438817	0.9997197338681
6572.9215502462	1.0037712369592
6572.9466567065	1.007970473859
6572.9717632628	1.0066551959449
6572.9968699149	1.0054027988153
6573.0219766629	1.0092625426832
6573.0470835069	1.0136205220877
6573.0721904467	1.0201039006457
6573.0972974824	1.0256745197193
6573.1224046141	1.027548725808
6573.1475118416	1.0275805139398
6573.1726191651	1.0272550738678
6573.1977265844	1.0284584590671
6573.2228341012	1.0331550250916
6573.2479417123	1.0379311213301
6573.2730494194	1.0345519021604
6573.2981572223	1.0309083450552
6573.3232651212	1.0216709207601
6573.3483731159	1.0144389174865
6573.3734812066	1.0005244487969
6573.3985893932	0.98867994560712
6573.4236976756	0.97500275950232
6573.448806054	0.96960912627338
6573.4739145283	0.96461555603782
6573.4990230985	0.96367227626871
6573.5241317646	0.96916986739288
6573.5492405266	0.97051657501266
6573.5743493845	0.98429725488921
6573.5994583384	0.98761687560773
6573.6245673881	1.0005158123804
6573.6496765337	1.004591338963
6573.6747857753	1.0120968150442
6573.6998951143	1.0152514485347
6573.7250045476	1.0142779414665
6573.7501140769	1.0153870020855
6573.7752237021	1.0117308540762
6573.8003334232	1.0111737208132
6573.8254432402	1.0040258955989
6573.8505531531	1.0010170936301
6573.875663162	1.0029968219958
6573.9007732667	1.0062409367079
6573.9258834674	1.0075255133634
6573.9509937639	1.0098981452618
6573.9761041564	1.0117574745537
6574.0012146448	1.01183770283
6574.0263252291	1.0132150557622
6574.0514359094	1.0160720395664
6574.0765466855	1.0165536092945
6574.1016575576	1.0166272758422
6574.1267685255	1.0098217347812
6574.1518795894	1.0013859157603
6574.1769907507	0.99002227374888
6574.2021020065	0.97776495218584
6574.2272133581	0.97744479740397
6574.2523248057	0.9805915886205
6574.2774363491	0.98082284938936
6574.3025479885	0.98213236276452
6574.3276597238	0.98409876639499
6574.3527715551	0.98473746089768
6574.3778834822	0.98423250514963
6574.4029955053	0.98400224396282
6574.4281076243	0.98845857948414
6574.4532198392	0.99398448123493
6574.47833215	0.99313500218749
6574.5034445568	0.98966978445019
6574.5285570594	0.99034751927152
6574.553669658	0.99449192622793
6574.5787823525	0.99817376318292
6574.603895143	0.99887858192179
6574.6290080293	1.0021908971512
6574.6541210116	1.007828566196
6574.6792340913	1.0056218459617
6574.7043472655	0.99869156112151
6574.7294605355	0.99666680930593
6574.7545739015	0.99802987878713
6574.7796873634	0.99412545039361
6574.8048009212	0.98943887953944
6574.829914575	0.9767257774382
6574.8550283247	0.96219016435549
6574.8801421703	0.94097719628907
6574.9052561118	0.92054907383713
6574.9303701493	0.89863513705172
6574.9554842827	0.87239566632323
6574.980598512	0.86585525836202
6575.0057128372	0.86439137790326
6575.0308272584	0.88579783907982
6575.0559417755	0.91698284821852
6575.0810563885	0.94411778311221
6575.1061710975	0.97093838415327
6575.1312859024	0.9902006988661
6575.1564008047	1.0064957991689
6575.1815158015	1.0159929570593
6575.2066308942	1.0234007190258
6575.2317460828	1.0273579022262
6575.2568613673	1.0296723297409
6575.2819767478	1.032239316651
6575.3070922242	1.0336647039852
6575.3322077966	1.0349981606706
6575.3573234649	1.035153047255
6575.3824392291	1.0355949307793
6575.4075550892	1.0361344525041
6575.4326710453	1.0391204586408
6575.4577870973	1.0444560564931
6575.4829032453	1.0442613563368
6575.5080194892	1.0375285847708
6575.533135829	1.0314464399672
6575.5582522648	1.0281088933428
6575.5833687965	1.0237828873363
6575.6084854241	1.0207347548428
6575.6336021492	1.017818469355
6575.6587189687	1.0153523074521
6575.6838358842	1.014551284357
6575.7089528955	1.0126385524001
6575.7340700029	1.0151371178172
6575.7591872061	1.0179913247051
6575.7843045053	1.0257955126297
6575.8094219005	1.0361105166624
6575.8345393916	1.0430579038686
6575.8596569786	1.052484966189
6575.8847746616	1.0610911454869
6575.9098924405	1.0723354344428
6575.9350103153	1.0731996312257
6575.9601282861	1.0657014516178
6575.9852463529	1.0596351709724
6576.0103645155	1.055148314641
6576.0354827742	1.0537084035107
6576.0606011287	1.0531304292274
6576.0857195792	1.0522944134426
6576.1108381257	1.0483602903288
6576.1359567696	1.0432490498364
6576.161075508	1.0361960918837
6576.1861943422	1.0312262835371
6576.2113132725	1.0297468972527
6576.2364322987	1.0270540044859
6576.2615514208	1.025171151562
6576.2866706389	1.0251700889369
6576.3117899529	1.0250285755141
6576.3369093629	1.0271533613477
6576.3620288688	1.0315658636614
6576.3871484707	1.0353626798989
6576.4122681685	1.0382097438856
6576.4373879623	1.0378380317674
6576.462507852	1.0321658134666
6576.4876278376	1.0291305216218
6576.5127479193	1.0286168486347
6576.5378680968	1.026544068209
6576.5629883703	1.0225120286394
6576.5881087398	1.0212277065982
6576.6132292067	1.0238437884752
6576.6383497681	1.0294103419914
6576.6634704254	1.0417039231112
6576.6885911787	1.0507752013562
6576.713712028	1.0527062441253
6576.7388329731	1.0521482766578
6576.7639540143	1.0510587832543
6576.7890751514	1.0516694110397
6576.8141963844	1.0535118372077
6576.8393177134	1.0555625317125
6576.8644391384	1.0583010866992
6576.8895606593	1.0595746305622
6576.9146822762	1.0550730724183
6576.939803989	1.0515819013778
6576.9649257978	1.0486658194505
6576.9900477025	1.0476018410263
6577.0151697032	1.0517306694648
6577.0402917999	1.0539447599754
6577.0654139925	1.0548827236977
6577.0905362826	1.0567879335758
6577.1156586671	1.0618490106482
6577.1407811476	1.0659218206806
6577.1659037241	1.0665532882181
6577.1910263965	1.0652100091316
6577.2161491649	1.0618756262644
6577.2412720292	1.0598356013817
6577.2663949895	1.0578452605087
6577.2915180458	1.0584044018832
6577.316641198	1.0693657481418
6577.3417644462	1.0780470776172
6577.3668877903	1.0732744430151
6577.3920112304	1.0676671020347
6577.4171347665	1.0663985411758
6577.4422583985	1.0663399373883
6577.4673821265	1.0685428534459
6577.4925059505	1.0691670222528
6577.5176298704	1.0661909795973
6577.5427538863	1.0629785719918
6577.5678779982	1.0559083044979
6577.5930022075	1.0514060139599
6577.6181265113	1.049322848867
6577.6432509111	1.0480666519938
6577.6683754068	1.0483211556332
6577.6934999985	1.0468388444594
6577.7186246862	1.0493458826433
6577.7437494698	1.0510893755507
6577.7688743494	1.0540063607653
6577.793999325	1.0565789842458
6577.8191243965	1.0588292031067
6577.844249564	1.0601957587728
6577.8693748275	1.0563460092422
6577.8945001869	1.0536435842532
6577.9196256424	1.0519564924725
6577.9447511937	1.0525909442298
6577.9698768411	1.057528586489
6577.9950025844	1.0606422775517
6578.0201284238	1.0569878736979
6578.045254359	1.0533822764909
6578.0703803918	1.0551270181891
6578.095506519	1.0579629086218
6578.1206327422	1.0614922799036
6578.1457590614	1.064158206546
6578.1708854765	1.0634710947936
6578.1960119877	1.0610984410839
6578.2211385948	1.0550508177143
6578.2462652978	1.0525959252353
6578.2713920969	1.0558175966192
6578.2965189919	1.0582853769013
6578.3216459829	1.0584507247857
6578.3467730699	1.0578972226805
6578.3719002529	1.0577626419068
6578.3970275318	1.0591035418549
6578.4221549067	1.0635252655601
6578.4472823776	1.0635928461727
6578.4724099445	1.0585928472009
6578.4975376073	1.0550475421491
6578.5226653662	1.053627297173
6578.5477932225	1.0522389050357
6578.5729211733	1.0505833252117
6578.59804922	1.0503054487671
6578.6231773628	1.0537872805248
6578.6483056015	1.0572072479284
6578.6734339362	1.055135615362
6578.6985623669	1.0543893781552
6578.7236908936	1.0611776188894
6578.7488195163	1.0657060674545
6578.7739482349	1.0639888801668
6578.7990770496	1.0622363182846
6578.8242059602	1.0599274341678
6578.8493349668	1.0581410447269
6578.8744640694	1.0560090508727
6578.8995932679	1.053847975663
6578.9247225625	1.0566723984065
6578.949851953	1.0600789102772
6578.9749814395	1.0593899338832
6579.0001110221	1.059109733601
6579.0252407021	1.060144405779
6579.0503704766	1.0595734128493
6579.075500347	1.0568392473881
6579.1006303135	1.0537455749884
6579.1257603759	1.0497961283929
6579.1508905344	1.0477153462747
6579.1760207888	1.0491821559289
6579.2011511392	1.0504848280837
6579.2262815856	1.0520917053488
6579.251412128	1.0541480895782
6579.2765427664	1.0588224452982
6579.3016735008	1.0632587337479
6579.3268043312	1.0637784516431
6579.3519352576	1.063534850847
6579.3770662799	1.0629542626399
6579.4021973983	1.062181377745
6579.4273286126	1.0631174010051
6579.4524599229	1.0638999668325
6579.4775913293	1.0580077758358
6579.5027228316	1.0528876979526
6579.5278544314	1.055784032817
6579.5529861257	1.0595406455924
6579.578117916	1.0575057848726
6579.6032498023	1.0547584260878
6579.6283817846	1.0564288254723
6579.6535138629	1.0577898626217
6579.6786460372	1.0596839331876
6579.7037783075	1.0615909000205
6579.7289106738	1.0623547310305
6579.7540431361	1.0630880496102
6579.7791756943	1.0642095079598
6579.8043083486	1.064456876308
6579.8294410989	1.0644026935895
6579.8545739452	1.0639674907879
6579.8797068875	1.0638706879855
6579.9048399257	1.0640114650873
6579.92997306	1.0641805650208
6579.9551062903	1.0638252236602
6579.9802396166	1.0583533163304
6580.0053730403	1.0548806370303
6580.0305065586	1.0532191037879
6580.0556401729	1.0512233277338
6580.0807738832	1.0508746973849
6580.1059076895	1.0519180845008
6580.1310415918	1.0571354883663
6580.1561755901	1.0602675506937
6580.1813096844	1.058463062843
6580.2064438747	1.058005709083
6580.231578161	1.0635462738191
6580.2567125433	1.067472929905
6580.2818470216	1.0678045846862
6580.3069815959	1.0659627632453
6580.3321162662	1.0592059887254
6580.3572510326	1.0547615388059
6580.3823858949	1.0540992679082
6580.4075208533	1.0533677107662
6580.4326559076	1.0536318660702
6580.457791058	1.054566426522
6580.4829263059	1.0562354713757
6580.5080616483	1.0573933394904
6580.5331970866	1.0552610570263
6580.558332621	1.053596208436
6580.5834682515	1.0553543835458
6580.6086039779	1.0580440373891
6580.6337398003	1.0576790543325
6580.6588757187	1.0571014637437
6580.6840117332	1.0590018563784
6580.7091478437	1.0580608932107
6580.7342840501	1.051246563073
6580.7594203526	1.0462670215708
6580.7845567511	1.0439270645616
6580.8096932456	1.040701921454
6580.8348298362	1.0345325227628
6580.8599665227	1.0264271511759
6580.8851033052	1.0098017118419
6580.9102401838	0.99953484403757
6580.9353771584	1.0005208053751
6580.960514229	1.0031135040031
6580.9856513971	1.0167903227014
6581.0107886598	1.0292419291493
6581.0359260184	1.0430545563624
6581.0610634731	1.0517072231495
6581.0862010237	1.0574615388165
6581.1113386704	1.0607942591023
6581.1364764132	1.0592826139527
6581.1616142519	1.0586676547722
6581.1867521866	1.059240491893
6581.2118902174	1.0595975706259
6581.2370283442	1.0568232155302
6581.262166567	1.0570117756682
6581.2873048858	1.0623607139576
6581.3124433007	1.066742947367
6581.3375818116	1.0676335442247
6581.3627204185	1.0675959510126
6581.3878591214	1.065851693482
6581.4129979203	1.0638341362544
6581.4381368153	1.0637412762022
6581.4632758077	1.0651256189876
6581.4884148948	1.0675530149842
6581.5135540778	1.0695252307869
6581.5386933568	1.0712039284725
6581.5638327319	1.072502149003
6581.588972203	1.0733693123782
6581.6141117701	1.0758691955506
6581.6392514333	1.0797135244834
6581.6643911924	1.0820131930806
6581.6895310476	1.0816871553275
6581.7146709989	1.081625838488
6581.7398110461	1.0818291940047
6581.7649511894	1.0821421305078
6581.7900914287	1.0825980006629
6581.815231764	1.0817008870724
6581.8403721954	1.0773251337828
6581.8655127228	1.0740333602292
6581.8906533462	1.0718116378568
6581.9157940657	1.0751174992323
6581.9409348826	1.079011025298
6581.9660757942	1.0813890437871
6581.9912168017	1.082153569906
6582.0163579053	1.084528470058
6582.0414991049	1.0946499268936
6582.0666404005	1.0972466043741
6582.0917817922	1.0979501927431
6582.1169232798	1.0957023839474
6582.1420648636	1.093604678289
6582.1672065433	1.0912806534422
6582.1923483191	1.0898603345694
6582.217490191	1.0895511463823
6582.2426321588	1.084610936466
6582.2677742227	1.0833938623991
6582.2929163826	1.0834169184406
6582.3180586386	1.0851267343589
6582.3432009906	1.0895294544659
6582.3683434386	1.0926164482754
6582.3934859827	1.0892243020007
6582.4186286243	1.0824973111695
6582.4437713605	1.0855483289668
6582.4689141927	1.0870756874021
6582.4940571209	1.0854073019143
6582.5192001451	1.076758603643
6582.5443432654	1.069540845143
6582.5694864818	1.0684003152199
6582.5946297941	1.0689927562255
6582.6197732026	1.0698048107387
6582.644916707	1.0720787689736
6582.6700603075	1.0714267231564
6582.695204004	1.066869058679
6582.7203477966	1.0680407916292
6582.7454916852	1.0761009652642
6582.7706356699	1.080280778253
6582.7957797506	1.0799012750053
6582.8209239273	1.0773274127112
6582.8460682001	1.07213902463
6582.8712125689	1.0617380735417
6582.8963570338	1.0549073582498
6582.9215015962	1.0590686636606
6582.9466462532	1.0684206504624
6582.9717910062	1.0714672226297
6582.9969358552	1.0696918760004
6583.0220808003	1.0695489536242
6583.0472258415	1.0708454166169
6583.0723709787	1.0688563763772
6583.0975162119	1.0699602923101
6583.1226615412	1.0512457331336
6583.1478069665	1.1108759401482
6583.1729524879	1.0830615843171
6583.1980981053	1.1066735990843
6583.2232438188	1.1286976685245
6583.2483896283	1.1182171510412
6583.2735355339	1.1156878709381
6583.2986815355	1.1108624640602
6583.3238276331	1.1109417171286
6583.3489738269	1.062221100102
6583.3741201166	1.0293804976578
6583.399266504	1.0167049355972
6583.4244129858	1.0172285206788
6583.4495595637	1.0252037237912
6583.4747062377	1.057538859323
6583.4998530077	1.0740793375088
6583.5249998738	1.0757056263381
6583.5501468359	1.0788085070295
6583.5752938941	1.0729468815918
6583.6004410484	1.0584969394336
6583.6255882987	1.0576125466575
6583.650735645	1.0621048607436
6583.6758830874	1.0602633343149
6583.7010306259	1.0523481389274
6583.7261782604	1.0540328304439
6583.7513259909	1.0603890213086
6583.7764738176	1.0617263820134
6583.8016217402	1.0610096336108
6583.826769759	1.0744070334112
6583.8519178738	1.0839003852489
6583.8770660861	1.0878534428651
6583.902214393	1.090241854605
6583.927362796	1.0914248587067
6583.952511295	1.0856859889579
6583.9776598901	1.0902601148155
6584.0028085813	1.0928885267732
6584.0279573685	1.0926360866919
