6543.9754842687	0.99256890224051
6544.0004801643	0.99293128100224
6544.0254761569	0.98966135581122
6544.0504722435	0.98799099460336
6544.0754684255	0.98832216492948
6544.100464703	0.987662697548
6544.125461076	0.98661866324387
6544.1504575445	0.98619601257993
6544.1754541085	0.98590838955458
6544.2004507679	0.98446661590731
6544.2254475228	0.98202673633635
6544.2504443732	0.98131215922733
6544.2754413191	0.98143780468035
6544.3004383604	0.98105395745805
6544.3254354973	0.98075214244598
6544.3504327296	0.98293446775106
6544.3754300574	0.98494073456425
6544.4004274807	0.98342834781908
6544.4254249994	0.98253715038419
6544.4504226137	0.98168393655833
6544.4754203234	0.98085723132264
6544.5004181301	0.97979944532426
6544.5254160308	0.97659329541816
6544.550414027	0.97086702467387
6544.5754121187	0.97461896634948
6544.6004103058	0.98135239261478
6544.6254085885	0.98302848559293
6544.6504069666	0.98344024541061
6544.6754054402	0.98207620825589
6544.7004040093	0.98128113404584
6544.7254026738	0.98287784045081
6544.7504014339	0.98653575757613
6544.7754002895	0.98803367235969
6544.8003992405	0.98817690193449
6544.825398287	0.98565274587426
6544.850397429	0.98564798935914
6544.8753966665	0.98912060630092
6544.9003959995	0.99140369035848
6544.925395428	0.99434067946484
6544.950394952	0.99630038141406
6544.975394573	1.0008511583897
6545.0003942879	1.0000845943799
6545.0253940984	0.9993264905743
6545.0503940043	0.99789798166942
6545.0753940057	0.99326709494481
6545.1003941027	0.98962910330423
6545.1253942951	0.97706445689339
6545.150394583	0.97583683524583
6545.1753949664	0.96598158869292
6545.2003954453	0.9642018151351
6545.2253960196	0.95796241047339
6545.2503966895	0.95985247949611
6545.2753974549	0.96019450016977
6545.3003983158	0.96064198876578
6545.3253992721	0.95876967181568
6545.350400324	0.95881752757074
6545.3754014713	0.96314168555299
6545.4004027142	0.97163725675223
6545.4254040525	0.97314099096188
6545.4504054864	0.97405540342171
6545.4754070172	0.97290742057712
6545.5004086421	0.97275741300899
6545.5254103624	0.97212450985848
6545.5504121783	0.97190544903665
6545.5754140896	0.97048347142631
6545.6004160964	0.96832704312944
6545.6254181988	0.96463773824743
6545.6504203966	0.96194928511815
6545.6754226899	0.95974325480459
6545.7004250788	0.95699933745086
6545.7254275631	0.95465739314269
6545.750430143	0.95255205372808
6545.7754328183	0.95067386283596
6545.8004355891	0.9480967084279
6545.8254384555	0.94640737621777
6545.8504414173	0.9479140321508
6545.8754444747	0.94999866685175
6545.9004476275	0.95554923389471
6545.9254508759	0.95999533516201
6545.9504542213	0.96359275668311
6545.9754576607	0.96260021944421
6546.0004611955	0.95223349468676
6546.0254648259	0.94183093928814
6546.0504685518	0.93567807730968
6546.0754723732	0.92977920748253
6546.1004762901	0.92388850287839
6546.1254803025	0.920999821667
6546.1504844104	0.9187652379247
6546.1754886138	0.91885409477954
6546.2004929128	0.91953570947832
6546.2254973072	0.92135498368967
6546.2505017971	0.92147393242961
6546.2755063826	0.92302817794161
6546.3005110636	0.92529747146725
6546.32551584	0.92443123189803
6546.350520712	0.92482689888561
6546.3755256795	0.9235410965021
6546.4005307425	0.9229877926434
6546.4255359026	0.92230996907549
6546.4505411566	0.92168122566399
6546.4755465061	0.92044836333627
6546.5005519512	0.92094465796137
6546.5255574917	0.9234489320706
6546.5505631278	0.92403252558573
6546.5755688594	0.92291361388232
6546.6005746865	0.92494338341968
6546.6255806092	0.92956826445989
6546.6505866273	0.93013069906251
6546.6755927409	0.92891587795984
6546.7005989501	0.92968846303325
6546.7256052548	0.93126198922641
6546.750611655	0.9372300477938
6546.7756181507	0.94632650490353
6546.8006247419	0.95930059299876
6546.8256314287	0.97308509413684
6546.850638211	0.98371960008777
6546.8756450887	0.9921430405953
6546.900652062	0.9971688758686
6546.9256591324	0.99329304282286
6546.9506662967	0.98377300637245
6546.9756735566	0.97398351023108
6547.000680912	0.96296413219739
6547.0256883629	0.96126663340219
6547.0506959093	0.96095642127176
6547.0757035512	0.96285786573823
6547.1007112887	0.96426010287461
6547.1257191217	0.96670389363371
6547.1507270502	0.96908028709526
6547.1757350742	0.9695118233377
6547.2007431938	0.96956234106764
6547.2257514088	0.96982115244507
6547.2507597194	0.97197234217439
6547.2757681255	0.97562998199736
6547.3007766272	0.97516862306521
6547.3257852244	0.97194369637695
6547.3507939171	0.97054762159493
6547.3758027053	0.97043685101425
6547.4008115905	0.96993321798779
6547.4258205698	0.96949798996839
6547.4508296446	0.97080007215367
6547.4758388149	0.97205585530467
6547.5008480808	0.96907693633405
6547.5258574422	0.96810892575251
6547.5508668991	0.9710930383632
6547.5758764515	0.97336285592674
6547.6008860995	0.97538756136667
6547.625895843	0.9758012979605
6547.650905682	0.97298688627085
6547.6759156165	0.97331361458236
6547.7009256466	0.97685506687302
6547.7259357722	0.98022735163604
6547.7509459934	0.98438944380986
6547.77595631	0.98508162599219
6547.8009667222	0.98409382814396
6547.82597723	0.98593939819725
6547.8509878332	0.9865880501889
6547.8759985336	0.98549309843917
6547.9010093279	0.98187971188224
6547.9260202178	0.97724521695587
6547.9510312032	0.97340485430697
6547.9760422841	0.97324493275578
6548.0010534606	0.97142706547383
6548.0260647326	0.96861576372046
6548.0510761001	0.96613640819608
6548.0760875632	0.96399992733788
6548.1010991218	0.96083594881562
6548.1261107759	0.95850652485057
6548.1511225256	0.9611055908544
6548.1761343708	0.96451279370987
6548.2011463116	0.96490075455915
6548.2261583479	0.96562214323239
6548.2511704797	0.96502455823407
6548.2761827071	0.96472164149486
6548.30119503	0.96642325803687
6548.3262074485	0.96759583207998
6548.351219964	0.96835613139459
6548.3762325735	0.96826312973041
6548.4012452785	0.96773704166952
6548.4262580792	0.96904642679227
6548.4512709753	0.97181355891016
6548.476283967	0.97485796417675
6548.5012970542	0.97726986359469
6548.526310237	0.97540366512048
6548.5513235153	0.9727574707637
6548.5763368892	0.97254466359619
6548.6013503586	0.97211195290346
6548.6263639235	0.97115617868081
6548.651377584	0.97131530684273
6548.6763913401	0.97243486489651
6548.7014051916	0.97375633498348
6548.7264191388	0.97392922189557
6548.7514331814	0.97357872567305
6548.7764473196	0.9721666021024
6548.8014615534	0.97110587778933
6548.8264758827	0.97055628964143
6548.8514903091	0.97036837177495
6548.8765048295	0.97045022822661
6548.9015194454	0.96913620389114
6548.9265341569	0.96781256208607
6548.951548964	0.96840988411844
6548.9765638665	0.97111421088565
6549.0015788647	0.9708827509583
6549.0265939584	0.97225360586811
6549.0516091476	0.97388589315079
6549.0766244324	0.97350671656629
6549.1016398128	0.96966276832377
6549.1266552886	0.96887929334091
6549.1516708601	0.97088310006138
6549.1766865271	0.97121745453537
6549.2017022896	0.9689347161968
6549.2267181477	0.96634524717885
6549.2517341014	0.96400318907
6549.2767501506	0.96389018528445
6549.3017662953	0.96550947813475
6549.3267825372	0.96443727221327
6549.351798873	0.96421557956537
6549.3768153044	0.96641278625314
6549.4018318314	0.96969483641612
6549.426848454	0.97122255579968
6549.451865172	0.97170863900407
6549.4768819857	0.97134843686426
6549.5018988949	0.97151556363809
6549.5269158996	0.9706049339503
6549.5519329999	0.96966453711354
6549.5769501958	0.97028366564029
6549.6019674872	0.97087670886395
6549.6269848742	0.97141251161841
6549.6520023568	0.97055408386797
6549.6770199349	0.97053135650235
6549.7020376085	0.97044206126519
6549.7270553777	0.96987433465709
6549.7520732425	0.97044598000171
6549.7770912029	0.97035785317082
6549.8021092603	0.96927217958196
6549.8271274117	0.96929616982052
6549.8521456588	0.97387942630332
6549.8771640013	0.97848949908971
6549.9021824395	0.98554795083235
6549.9272009732	0.98861208305711
6549.9522196025	0.98609380588222
6549.9772383273	0.98560454668876
6550.0022571477	0.9852067681407
6550.0272760637	0.98297848514278
6550.0522950752	0.98043335025919
6550.0773141823	0.97315991634046
6550.1023333849	0.96878597877086
6550.1273526832	0.96641399377216
6550.152372077	0.96480146765654
6550.1773915663	0.96480839554604
6550.2024111512	0.96628442541576
6550.2274308317	0.96910956852817
6550.2524506078	0.97151295118968
6550.2774704794	0.97278375201327
6550.3024904481	0.97172927911293
6550.3275105108	0.96901976078194
6550.3525306692	0.96834650259953
6550.3775509231	0.96848270800127
6550.4025712725	0.96473581572536
6550.4275917176	0.96227868211565
6550.4526122582	0.96315472804396
6550.4776328943	0.96685261326283
6550.5026536261	0.96921811715648
6550.5276744534	0.96953602077635
6550.5526953763	0.96358401932387
6550.5777163948	0.95947257377972
6550.6027375088	0.95632510777628
6550.6277587184	0.9536102789514
6550.6527800236	0.95323227464853
6550.6778014243	0.95356338655174
6550.7028229207	0.95555719522648
6550.7278445126	0.95814611969177
6550.7528662	0.96542632098258
6550.7778879846	0.96938813577649
6550.8029098632	0.97824581885397
6550.8279318374	0.98977634223197
6550.8529539072	0.99959204111519
6550.8779760725	1.0022433148534
6550.9029983335	1.0007709601565
6550.92802069	0.99479493435397
6550.9530431421	0.98602170912799
6550.9780656897	0.97585670438907
6551.003088333	0.96844547275078
6551.0281110718	0.96458514499333
6551.0531339062	0.96392002555197
6551.0781568361	0.96438982439219
6551.1031798617	0.96720748111529
6551.1282029828	0.97049976126035
6551.1532261996	0.97062407086715
6551.1782495119	0.97093253607417
6551.2032729197	0.97302092905665
6551.2282964232	0.97458851514043
6551.2533200237	0.97450236745374
6551.2783437184	0.97353388788797
6551.3033675086	0.96989520687625
6551.3283913944	0.96849814337382
6551.3534153757	0.96865250526648
6551.3784394527	0.96659743477754
6551.4034636252	0.96438306199036
6551.4284878933	0.9607448850477
6551.4535122571	0.95817184450812
6551.4785367164	0.95754903573333
6551.5035612712	0.9570888364634
6551.5285859217	0.95597824003377
6551.5536106677	0.95390489998841
6551.5786355094	0.95184381456317
6551.6036604466	0.95107154723516
6551.6286854794	0.9558199435358
6551.6537106078	0.95898024639191
6551.6787358318	0.96152202206513
6551.7037611514	0.9643297942082
6551.7287865681	0.9663673394068
6551.7538120788	0.96778259229288
6551.7788376851	0.97044740672945
6551.8038633871	0.97139597268295
6551.8288891846	0.97112237729671
6551.8539150777	0.9720701840741
6551.8789410664	0.97234156247741
6551.9039671507	0.97346339610822
6551.9289933306	0.97422632885451
6551.9540196061	0.97338087196966
6551.9790459772	0.97221730810991
6552.0040724438	0.97147045553341
6552.0290990061	0.97022592444775
6552.0541256639	0.96851504423705
6552.0791524174	0.96418721360269
6552.1041792664	0.95797078931563
6552.129206211	0.95092758913267
6552.1542332513	0.94426794321138
6552.1792603871	0.94282177410032
6552.2042876185	0.94302085087435
6552.229314947	0.94939048650871
6552.2543423697	0.95515396629671
6552.2793698879	0.95720766392515
6552.3043975017	0.96000927869284
6552.3294252111	0.9640174929409
6552.3544530161	0.96656538987127
6552.3794809167	0.96718833405663
6552.4045089129	0.96529123626922
6552.4295370047	0.96181102901859
6552.4545651921	0.96215985089105
6552.4795934751	0.96337769075545
6552.5046218537	0.96333777893188
6552.5296503279	0.96336611661871
6552.5546788976	0.96176058660225
6552.579707563	0.95950380630725
6552.604736324	0.95776301081709
6552.6297651806	0.95817852273426
6552.6547941329	0.95947046879737
6552.6798231807	0.95846394207219
6552.7048523256	0.95482041480013
6552.7298815646	0.95588706217583
6552.7549108992	0.95901587565217
6552.7799403294	0.96069551389178
6552.8049698553	0.96011237650476
6552.8299994767	0.95991445621269
6552.8550291937	0.96004773373737
6552.8800590064	0.96158814960605
6552.9050889146	0.96426362386433
6552.9301189185	0.96362961972042
6552.9551490179	0.96429242806991
6552.980179213	0.96417630668572
6553.0052095037	0.96497565772213
6553.0302398899	0.9647495747752
6553.0552703718	0.96581389282037
6553.0803009493	0.96319558131981
6553.1053316224	0.96095700368208
6553.1303623911	0.95105094699921
6553.1553932555	0.95142460086299
6553.1804242169	0.9465822449245
6553.2054552725	0.94792565541876
6553.2304864236	0.94794317084026
6553.2555176704	0.9494603678049
6553.2805490128	0.95165998469046
6553.3055804508	0.95087969536722
6553.3306119844	0.9519676667169
6553.3556436136	0.95391368653619
6553.3806753384	0.95566403014423
6553.4057071588	0.95809123207484
6553.4307390749	0.95803596568628
6553.4557710866	0.95747129065221
6553.4808031938	0.95468884956211
6553.5058353967	0.95234698639013
6553.5308676953	0.95341628456535
6553.5559000894	0.9545226961042
6553.5809325791	0.9542626694024
6553.6059651645	0.95459482555232
6553.6309978455	0.95373114482645
6553.656030622	0.95272897239178
6553.6810634958	0.95248234682419
6553.7060964636	0.95414409215676
6553.731129527	0.95550996949444
6553.7561626861	0.95251647219875
6553.7811959408	0.94715907437991
6553.8062292911	0.94706806042223
6553.831262737	0.94857389195188
6553.8562962785	0.94783555648766
6553.8813299157	0.94764018762386
6553.9063636485	0.94656256706636
6553.9313974769	0.94674226484169
6553.9564314009	0.94672065828085
6553.9814654206	0.94681510184648
6554.0064995358	0.94606420439144
6554.0315337467	0.94402062685651
6554.0565680532	0.94032738499104
6554.0816024554	0.94084179701971
6554.1066369531	0.94251118329588
6554.1316715465	0.94188281725709
6554.156706237	0.94357433853588
6554.1817410217	0.94417252361908
6554.2067759019	0.94732795553344
6554.2318108778	0.94974487749847
6554.2568459493	0.95294684262411
6554.2818811164	0.94902093291835
6554.3069163792	0.94567792858334
6554.3319517376	0.94104081655287
6554.3569871916	0.93970283017072
6554.3820227412	0.93706344209956
6554.4070583865	0.93803857852627
6554.4320941274	0.93739327654017
6554.4571299639	0.93941827758577
6554.4821658961	0.94290732738412
6554.5072019239	0.94343763410067
6554.5322380473	0.94467039458007
6554.5572742663	0.94306110089182
6554.582310581	0.94321895569451
6554.6073469913	0.9421861691745
6554.6323834987	0.94177384482752
6554.6574201003	0.94042970358024
6554.6824567975	0.93881019632643
6554.7074935903	0.93660026055589
6554.7325304788	0.93692939205014
6554.7575674629	0.93878010249687
6554.7826045426	0.93938833599231
6554.807641718	0.94293830698962
6554.832678989	0.939612565695
6554.8577163556	0.93944790173287
6554.8827538179	0.93369936553604
6554.9077913758	0.92955373525847
6554.9328290293	0.92523920153631
6554.9578667785	0.92283987406893
6554.9829046233	0.92141195942626
6555.0079425637	0.91899265164592
6555.0329805998	0.91572059753157
6555.0580187315	0.91569239628967
6555.0830569589	0.91909111874989
6555.1080952819	0.9184928759469
6555.133133702	0.92189854508406
6555.1581722163	0.92219876886061
6555.1832108262	0.92539194682643
6555.2082495317	0.9254181612844
6555.2332883329	0.92612371556091
6555.2583272298	0.92581621529059
6555.2833662222	0.92583205094885
6555.3084053104	0.92544640384667
6555.3334444941	0.92735198447501
6555.3584837735	0.93170719929288
6555.3835231485	0.93700814323214
6555.4085626192	0.9419550759853
6555.4336021855	0.94296683491873
6555.4586418475	0.94250249400725
6555.4836816051	0.93754118149816
6555.5087214584	0.93156452613056
6555.5337614073	0.92525257169392
6555.5588014518	0.92108291849767
6555.583841592	0.91868509284034
6555.6088818293	0.91884311645943
6555.6339221608	0.91871717335055
6555.6589625879	0.91862487732947
6555.6840031107	0.9155623686955
6555.7090437291	0.91665096118703
6555.7340844432	0.91373341378665
6555.7591252529	0.91246637973439
6555.7841661583	0.91070807878589
6555.8092071593	0.91283529269959
6555.8342482559	0.91539241761937
6555.8592894482	0.91484245319294
6555.8843307362	0.91533709841407
6555.9093721198	0.91344578621773
6555.934413599	0.91195541383362
6555.9594551739	0.91286316581178
6555.9844968445	0.91493412381989
6556.0095386107	0.91564424528102
6556.0345804726	0.91798761441562
6556.0596224301	0.92088831672226
6556.0846644847	0.92451580741872
6556.1097066336	0.92872012083267
6556.134748878	0.92756050085151
6556.1597912182	0.92728837791396
6556.1848336539	0.93138858608289
6556.2098761854	0.93522118178185
6556.2349188124	0.93955425648851
6556.2599615352	0.94221489850556
6556.2850043536	0.94306847630205
6556.3100472676	0.9439284877621
6556.3350902773	0.94328379011855
6556.3601333827	0.94449660757162
6556.3851765837	0.94628585639339
6556.4102198804	0.95007131466541
6556.4352632727	0.95046286909794
6556.4603067607	0.94706026998428
6556.4853503444	0.94207501191858
6556.5103940237	0.93720799670024
6556.5354377986	0.93386979347113
6556.5604816708	0.9320991796055
6556.5855256371	0.9297190189285
6556.610569699	0.92737555357968
6556.6356138566	0.92775972462628
6556.6606581099	0.92942137669561
6556.6857024588	0.92952220998173
6556.7107469034	0.92938930963418
6556.7357914436	0.92895625596713
6556.7608360795	0.92893966243283
6556.7858808111	0.93164238459601
6556.8109256384	0.93450891660818
6556.8359705613	0.9358131055222
6556.8610155798	0.93559301862507
6556.8860606941	0.93404837660775
6556.9111059039	0.9344270407531
6556.9361512095	0.93509769013479
6556.9611966107	0.93391099424418
6556.9862421076	0.9306661238195
6557.0112877002	0.93241713569671
6557.0363333884	0.93408301483128
6557.0613791738	0.9353248280675
6557.0864250533	0.93443383011415
6557.1114710286	0.93331666133677
6557.1365170994	0.93068948838701
6557.161563266	0.9292075607738
6557.1866095282	0.9285304114551
6557.2116558861	0.929885235209
6557.2367023397	0.93045072085457
6557.2617488889	0.93192592476172
6557.2867955338	0.93332987172892
6557.3118422744	0.93621086123338
6557.3368891106	0.93702176050826
6557.3619360425	0.93700143305122
6557.3869830701	0.93556842446249
6557.4120301934	0.93346051285797
6557.4370774123	0.93021287673268
6557.4621247269	0.92712597748721
6557.4871721372	0.9262665935384
6557.5122196431	0.92673142444703
6557.5372672463	0.92931796219823
6557.5623149436	0.93048511323246
6557.5873627365	0.93214049711512
6557.6124106252	0.93328194388412
6557.6374586095	0.9357223294158
6557.6625066895	0.93425177856892
6557.6875548652	0.93280905413742
6557.7126031365	0.93089107922773
6557.7376515035	0.93040339512796
6557.7626999662	0.93353731406348
6557.7877485246	0.93551370030732
6557.8127971786	0.93449420328278
6557.8378459284	0.93371593099236
6557.8628947738	0.93250747270012
6557.8879437149	0.9327650092299
6557.9129927516	0.93403633124251
6557.9380418841	0.93323458669051
6557.9630911122	0.93322922909831
6557.988140436	0.93225400975482
6558.013189857	0.93076743005718
6558.0382393722	0.92982840902698
6558.063288983	0.92953765737696
6558.0883386895	0.92850636560433
6558.1133884918	0.92668149428218
6558.1384383896	0.9243560548248
6558.1634883832	0.92264381876643
6558.1885384725	0.92260745688301
6558.2135886574	0.9250753868532
6558.238638938	0.92740418222489
6558.2636893144	0.92496539914951
6558.2887397864	0.92499699533038
6558.313790354	0.92672666490545
6558.3388410174	0.92882928437212
6558.3638917764	0.92831439834319
6558.3889426312	0.92701935464928
6558.4139935816	0.92058291569438
6558.4390446277	0.91974890923065
6558.4640957695	0.91700792507513
6558.489147007	0.92035259420203
6558.5141983417	0.91977139214522
6558.5392497705	0.91906304256217
6558.5643012951	0.91763804222053
6558.5893529153	0.91982108915908
6558.6144046312	0.92253309547196
6558.6394564429	0.92049298396805
6558.6645083502	0.92065370519215
6558.6895603531	0.92313158483235
6558.7146124518	0.92375869793195
6558.7396646462	0.92178193890606
6558.7647169363	0.92307474209213
6558.789769322	0.92558615990882
6558.8148218035	0.92470086637538
6558.8398743806	0.92357423128181
6558.8649270535	0.91836550154012
6558.889979822	0.915111856913
6558.9150326862	0.91375947148819
6558.9400856461	0.91269669758619
6558.9651387018	0.91137341683249
6558.9901918546	0.9115240385042
6559.0152451016	0.91282697014554
6559.0402984443	0.91191587419395
6559.0653518827	0.90932807624752
6559.0904054168	0.90579913487013
6559.1154590465	0.90040920738748
6559.140512772	0.90150195156738
6559.1655665932	0.90090216561894
6559.1906205101	0.90064415543643
6559.2156745227	0.89908989275044
6559.2407286309	0.89774903917018
6559.2657828349	0.89667725130285
6559.2908371346	0.89837447484234
6559.3158915299	0.90029861796121
6559.340946021	0.90295290882617
6559.3660006078	0.90053562933107
6559.3910552903	0.89676472912671
6559.4161100684	0.8949662759189
6559.4411649423	0.89218866142709
6559.4662199134	0.889629289072
6559.4912749787	0.8837873524801
6559.5163301396	0.87940651485073
6559.5413853963	0.87733414835229
6559.5664407487	0.8799538795598
6559.5914961968	0.88101867520621
6559.6165517406	0.8821063994021
6559.6416073801	0.88163351432928
6559.6666631153	0.8805731277604
6559.6917189462	0.88276835589857
6559.7167748728	0.88716033802353
6559.7418308951	0.8856912135507
6559.7668870131	0.88366746291965
6559.7919432269	0.88162472265432
6559.8169995363	0.88091575452435
6559.8420559414	0.87985297676937
6559.8671124423	0.87908892363844
6559.8921690389	0.87916233784135
6559.9172257311	0.87665251710584
6559.9422825206	0.87315876996858
6559.9673394043	0.87188643111235
6559.9923963837	0.87146043211871
6560.0174534588	0.86827419941063
6560.0425106296	0.86620220848595
6560.0675678961	0.86882220083209
6560.0926252583	0.87077221700207
6560.1176827163	0.87199472660371
6560.14274027	0.87284439216324
6560.1677979193	0.87182148120448
6560.1928556644	0.87071579452334
6560.2179135052	0.87011296535691
6560.2429714417	0.86963346481554
6560.2680294739	0.86918595301789
6560.2930876019	0.87032364916186
6560.3181458255	0.87175323439131
6560.3432041449	0.87186894428283
6560.3682625599	0.87263861715464
6560.3933210707	0.87414313231493
6560.4183796772	0.87415735806123
6560.443438381	0.87348209943699
6560.4684971789	0.87157332216571
6560.4935560726	0.86857584615442
6560.5186150619	0.8673825347239
6560.543674147	0.86724125660282
6560.5687333278	0.86364225690714
6560.5937926044	0.86033481694369
6560.6188519766	0.86021178366491
6560.6439114446	0.86070093300662
6560.6689710083	0.86022925336236
6560.6940306677	0.8595323366305
6560.7190904228	0.85856107047751
6560.7441502736	0.85652604489652
6560.7692102202	0.85372218147262
6560.7942702625	0.85248925230324
6560.8193304005	0.85273784284128
6560.8443906342	0.85165911288234
6560.8694509636	0.85054723849383
6560.8945113888	0.84981143346369
6560.9195719112	0.84950236622283
6560.9446325278	0.85038158109288
6560.9696932402	0.84993117388912
6560.9947540482	0.84568418802584
6561.019814952	0.84315871686305
6561.0448759515	0.84149276602235
6561.0699370468	0.83942046915938
6561.0949982377	0.83756879941197
6561.1200595244	0.83486635750737
6561.1451209069	0.83148825008581
6561.170182385	0.83018430944447
6561.1952439589	0.82839570679864
6561.2203056285	0.82730082008472
6561.2453673938	0.82505208824987
6561.2704292548	0.82112027407805
6561.2954912116	0.81686880681126
6561.3205532641	0.81293787057248
6561.3456154124	0.81127501445887
6561.3706776563	0.80971544604326
6561.3957399975	0.80632617005591
6561.420802433	0.80220266866287
6561.4458649641	0.79881762859038
6561.470927591	0.79569321788825
6561.4959903136	0.79435227351216
6561.521053132	0.7923750224128
6561.5461160461	0.78826328768416
6561.5711790559	0.7845132469949
6561.5962421614	0.78055192217266
6561.6213053627	0.77518235945522
6561.6463686597	0.76989431480511
6561.6714320525	0.76584056862579
6561.696495541	0.76249312650101
6561.7215591252	0.76123656738345
6561.7466228051	0.75898109721909
6561.7716865808	0.754634933634
6561.7967504522	0.74959954119
6561.8218144194	0.74457818847426
6561.8468784823	0.73969781895175
6561.8719426409	0.73503068253119
6561.8970068968	0.73014129737552
6561.9220712469	0.72490250515729
6561.9471356927	0.72087655896236
6561.9722002343	0.71666555113932
6561.9972648716	0.71249892423058
6562.0223296047	0.70835162574924
6562.0473944335	0.70556591198666
6562.072459358	0.70211168296859
6562.0975243783	0.69783535951433
6562.1225894943	0.69335739361491
6562.1476547061	0.68877110196382
6562.1727200136	0.68478534446403
6562.1977854168	0.68095119700477
6562.2228509158	0.67660748545081
6562.2479165106	0.67220690683562
6562.272982201	0.66923038528534
6562.2980479872	0.66509489492392
6562.3231138692	0.66318720760098
6562.3481798469	0.66160883394411
6562.3732459218	0.66060228960406
6562.398312091	0.65966346261205
6562.423378356	0.65966557340079
6562.4484447166	0.65834058749993
6562.4735111731	0.65605771342449
6562.4985777252	0.65004461215849
6562.5236443731	0.64318007707657
6562.5487111168	0.63860534010849
6562.5737779562	0.63569800151691
6562.5988448914	0.6340281955289
6562.6239119223	0.63331555248027
6562.6489790489	0.6312299182557
6562.6740462713	0.63080079907883
6562.6991135895	0.63305550644978
6562.7241810034	0.63506297203991
6562.749248513	0.63783932811722
6562.7743161184	0.63802844270335
6562.7993838196	0.63884335566746
6562.8244516165	0.63701203343865
6562.8495195106	0.63545996476145
6562.874587499	0.63242224215645
6562.8996555832	0.62973862054917
6562.9247237631	0.62831790918578
6562.9497920387	0.62773219845889
6562.9748604101	0.62772793770357
6562.9999288773	0.62759091313394
6563.0249974402	0.62745425679806
6563.0500660989	0.62676106605727
6563.0751348533	0.62662589690142
6563.1002037035	0.6286104029027
6563.1252726494	0.63117850540509
6563.1503416911	0.63435378692884
6563.1754108286	0.63695329200758
6563.2004800618	0.63844710309141
6563.2255493907	0.64143240506256
6563.2506188154	0.64612428697144
6563.2756883359	0.64811776588501
6563.3007579521	0.64910092324068
6563.3258276641	0.65222364908641
6563.3508974734	0.65552384004812
6563.3759673769	0.66014218416736
6563.4010373761	0.66378633956939
6563.4261074712	0.66492277674894
6563.451177662	0.66647924988602
6563.4762479485	0.6692882744037
6563.5013183308	0.6716504627938
6563.5263888089	0.67354546549618
6563.5514593827	0.67488901944488
6563.5765300523	0.67560323063466
6563.6016008176	0.67757232735227
6563.6266716787	0.68091138014474
6563.6517426356	0.68313802426286
6563.6768136882	0.68596052584938
6563.7018848366	0.69283397051305
6563.7269560808	0.69944317456197
6563.7520274207	0.70391991910981
6563.7770988564	0.70632020983368
6563.8021703879	0.70688006563749
6563.8272420166	0.71109982981834
6563.8523137396	0.71685803901836
6563.8773855584	0.72177074792756
6563.9024574729	0.72670310363775
6563.9275294832	0.73265095739793
6563.9526015892	0.73788985323315
6563.977673791	0.74045958885725
6564.0027460886	0.74285415230613
6564.027818482	0.74708699988586
6564.0528909711	0.75120714535488
6564.077963556	0.75409583475118
6564.1030362367	0.75804395707913
6564.1281090131	0.76321728693208
6564.1531818853	0.76647572136571
6564.1782548533	0.7704089927835
6564.203327917	0.77312226494471
6564.2284010765	0.77766416002958
6564.2534743318	0.78428396055151
6564.2785476829	0.78972261139798
6564.3036211312	0.7925812769729
6564.3286946738	0.79550695866233
6564.3537683122	0.79861180893438
6564.3788420464	0.79944656430053
6564.4039158763	0.79752973059089
6564.428989802	0.80350112273818
6564.4540638235	0.80678516366778
6564.4791379407	0.80883691706624
6564.5042121537	0.8115364156012
6564.5292864625	0.81706302292648
6564.5543608671	0.82161613628675
6564.5794353674	0.82621313080974
6564.6045099636	0.82907407291015
6564.6295846555	0.83303095922588
6564.6546594432	0.83913588273827
6564.6797343266	0.84619712583321
6564.7048093059	0.84844700800777
6564.7298843809	0.85099510165452
6564.7549595517	0.85444655808664
6564.7800348197	0.85711336585826
6564.8051101821	0.85793525518815
6564.8301856402	0.86154052810038
6564.8552611941	0.86328750629648
6564.8803368438	0.86362833344279
6564.9054125893	0.8643664446511
6564.9304884306	0.86478004189122
6564.9555643676	0.86517683237295
6564.9806404004	0.86633179237566
6565.005716529	0.86684167873415
6565.0307927534	0.86757534318893
6565.0558690736	0.86901049038829
6565.0809454895	0.87088743538726
6565.1060220013	0.87302303698365
6565.1310986088	0.87509760183115
6565.1561753121	0.87878582241178
6565.1812521112	0.88352258872261
6565.206329006	0.88609595384328
6565.2314059967	0.88809978325681
6565.2564830831	0.88718471749508
6565.2815602669	0.88554249315436
6565.3066375449	0.88694074813303
6565.3317149187	0.88933541345031
6565.3567923883	0.89185619058951
6565.3818699537	0.89409445014614
6565.4069476149	0.89495704555831
6565.4320253718	0.89617162178251
6565.4571032246	0.89769333069282
6565.4821811731	0.90006196549887
6565.5072592174	0.90048324186737
6565.5323373575	0.8997571670444
6565.5574155934	0.89803160245297
6565.5824939252	0.8965065792247
6565.6075723526	0.89987046696428
6565.6326508759	0.90353076418913
6565.657729495	0.90358686978349
6565.6828082099	0.90289559345745
6565.7078870205	0.90467872614381
6565.732965927	0.90708927367541
6565.7580449307	0.9067851977923
6565.7831240288	0.90569489926276
6565.8082032226	0.90469166984898
6565.8332825122	0.90341874326397
6565.8583618976	0.90261862956935
6565.8834413789	0.90251905362587
6565.9085209559	0.90958489908154
6565.9336006287	0.91984103555965
6565.9586803973	0.91757365133808
6565.9837602617	0.90846905772195
6566.0088402219	0.90815283064382
6566.0339202779	0.91385400164477
6566.0590004297	0.91724888919636
6566.0840806773	0.91810067858577
6566.1091610207	0.91736509689708
6566.1342414598	0.91572035821241
6566.1593219948	0.91724642216844
6566.1844026256	0.92162981619908
6566.2094833522	0.92443582637162
6566.2345641761	0.92605815904031
6566.2596450943	0.92580444103429
6566.2847261083	0.92269005859202
6566.3098072181	0.91977983041111
6566.3348884237	0.91751675895763
6566.3599697251	0.91843599434677
6566.3850511223	0.92376602872554
6566.4101326153	0.92648852666272
6566.4352142041	0.92644104958963
6566.4602958887	0.92423883713872
6566.4853776691	0.91840629262376
6566.5104595453	0.91457027639186
6566.5355415173	0.9138080421566
6566.5606235852	0.91610491350128
6566.5857057488	0.92396721614889
6566.6107880082	0.92903919726779
6566.6358703635	0.92693664258855
6566.6609528145	0.92585115642586
6566.6860353614	0.92558820685253
6566.7111180041	0.92625814518712
6566.736200744	0.93174327550688
6566.7612835783	0.9359203078495
6566.7863665084	0.93594433291181
6566.8114495343	0.93586867206005
6566.836532656	0.93665411864648
6566.8616158735	0.93749533133185
6566.8866991869	0.93642447508557
6566.911782596	0.93559945864406
6566.9368661009	0.9365947715287
6566.9619497017	0.93812556206754
6566.9870333983	0.9393698632101
6567.0121171906	0.9403218524583
6567.0372010788	0.9375622420313
6567.0622850629	0.9347273196685
6567.0873691427	0.93427297282212
6567.1124533183	0.93341295394176
6567.1375375897	0.93280190593078
6567.162621957	0.93148882787024
6567.1877064201	0.92842509777716
6567.2127909805	0.92573693250652
6567.2378756352	0.92288543744703
6567.2629603857	0.9201565539124
6567.288045232	0.93055367435561
6567.3131301742	0.94117900680396
6567.3382152121	0.94372209765658
6567.3633003459	0.94562578183117
6567.3883855755	0.9452177915129
6567.413470901	0.94449276729706
6567.4385563222	0.94545451699038
6567.4636418392	0.94638193276178
6567.4887274521	0.94919758953324
6567.5138131608	0.95273501237559
6567.5388989653	0.95025755364062
6567.5639848657	0.94750955395953
6567.5890708618	0.94639238054715
6567.6141569538	0.94571906268602
6567.6392431416	0.94494199248309
6567.6643294252	0.94450796575355
6567.6894158061	0.94677564285148
6567.7145022814	0.95091752906136
6567.7395888525	0.95231324082645
6567.7646755194	0.95330704096331
6567.7897622821	0.94638530529822
6567.8148491407	0.93684123160351
6567.839936095	0.93674094887271
6567.8650231452	0.93977196569691
6567.8901102912	0.94338530425077
6567.9151975331	0.94915263588853
6567.9402848708	0.95151501344092
6567.9653723043	0.95583154663578
6567.9904598336	0.9574295342117
6568.0155474587	0.95941408597127
6568.0406351797	0.95808779435795
6568.0657229965	0.95185298762655
6568.0908109091	0.94965516234343
6568.1158989176	0.94227873867266
6568.1409870219	0.94101529636388
6568.1660752235	0.94009692264075
6568.1911635195	0.94239324894146
6568.2162519112	0.94874187192582
6568.2413403988	0.94540475758406
6568.2664289823	0.93738212098352
6568.2915176615	0.93539735767099
6568.3166064366	0.93950590336612
6568.3416953076	0.94141105943995
6568.3667842743	0.9421555520265
6568.3918733369	0.9431951809411
6568.4169624953	0.94267940821274
6568.4420517496	0.94265634979255
6568.4671410997	0.94352537707823
6568.4922305456	0.94563095377829
6568.5173200873	0.94773008347161
6568.5424097249	0.94979216356398
6568.5674994583	0.95201493068831
6568.5925892876	0.94784319424848
6568.6176792127	0.93748534801636
6568.6427692336	0.93285133377169
6568.6678593519	0.93262935077209
6568.6929495645	0.93100435570832
6568.7180398729	0.92837362281524
6568.7431302772	0.92730152323058
6568.7682207773	0.92832236345207
6568.7933113733	0.93045927989162
6568.8184020651	0.9332502035276
6568.8434928527	0.93538714662932
6568.8685837361	0.93968309049574
6568.8936747154	0.94016069263486
6568.9187657906	0.9351450839208
6568.9438569616	0.93080133478901
6568.9689482284	0.93019589267656
6568.9940395911	0.93033090150131
6569.0191310496	0.92849784431219
6569.0442226039	0.92693179025842
6569.0693142541	0.92520190685892
6569.0944060001	0.92292327446345
6569.119497842	0.91834017080676
6569.1445897812	0.91462338135474
6569.1696818148	0.91707176939045
6569.1947739442	0.91913900746691
6569.2198661694	0.91879635341647
6569.2449584905	0.91862454582426
6569.2700509074	0.91628106320331
6569.2951434202	0.91569208290995
6569.3202360288	0.91504735510371
6569.3453287333	0.91578560212175
6569.3704215336	0.91574051889329
6569.3955144298	0.91658797511847
6569.4206074218	0.92755068100982
6569.4457005097	0.93588509578049
6569.4707936934	0.93071049599891
6569.4958869729	0.92564244240005
6569.5209803483	0.92906982553124
6569.5460738196	0.93233990473493
6569.5711673867	0.92965916351324
6569.5962610496	0.9268653737873
6569.6213548099	0.92725111813092
6569.6464486646	0.92662115347521
6569.6715426151	0.92895212797087
6569.6966366614	0.92940900009373
6569.7217308036	0.932068592978
6569.7468250417	0.93278931545044
6569.7719193756	0.93213873824651
6569.7970138053	0.93224679144622
6569.8221083309	0.93437215531587
6569.8472029524	0.93880246156562
6569.8722976697	0.94488517991808
6569.8973924829	0.95466306653561
6569.9224873919	0.96076332211266
6569.9475823968	0.9675440740946
6569.9726774975	0.96537443778433
6569.9977726941	0.96008640082594
6570.0228679865	0.96026672556304
6570.0479633749	0.95823682829248
6570.073058859	0.96013385132995
6570.098154439	0.95981859623732
6570.1232501164	0.96266509096062
6570.1483458881	0.9668735991981
6570.1734417557	0.96053690347654
6570.1985377192	0.95480280766104
6570.2236337785	0.958616834526
6570.2487299336	0.96660519139843
6570.2738261846	0.97324153380546
6570.2989225315	0.98025708573524
6570.3240189743	0.98574581798821
6570.3491155129	0.98841420803153
6570.3742121473	0.9844083586709
6570.3993088776	0.97700240372428
6570.4244057038	0.97099865339845
6570.4495026259	0.96620534803719
6570.4745996438	0.95587013437121
6570.4996967575	0.94409448362642
6570.5247939672	0.94419799283472
6570.5498912727	0.948265990184
6570.574988674	0.9513726554015
6570.6000861728	0.95589326192148
6570.6251837659	0.95815847401812
6570.6502814548	0.95933139764429
6570.6753792396	0.9588612927461
6570.7004771203	0.95682462073036
6570.7255750969	0.95425413257903
6570.7506731693	0.95184038264616
6570.7757713376	0.95069397276391
6570.8008696017	0.95063852249109
6570.8259679617	0.9501426032041
6570.8510664176	0.9481851603752
6570.8761649694	0.94381217332847
6570.901263617	0.93901805753049
6570.9263623605	0.94045358262552
6570.9514611998	0.94508998864024
6570.9765601351	0.9444448349826
6571.0016591662	0.94146233339713
6571.0267582931	0.94257227317751
6571.051857516	0.94596337181708
6571.0769568362	0.94776907186732
6571.1020562508	0.94825742668689
6571.1271557612	0.95394122209634
6571.1522553676	0.96272033574724
6571.1773550698	0.96756060213501
6571.2024548678	0.96991579330161
6571.2275547618	0.97140293223958
6571.2526547516	0.97230712220781
6571.2777548373	0.97662925781537
6571.3028550189	0.98391205332923
6571.3279552963	0.98507668074386
6571.3530556696	0.98087013298596
6571.3781561388	0.97395951651652
6571.4032567039	0.96489707725176
6571.4283573648	0.96111691946011
6571.4534581216	0.96264814022945
6571.4785589743	0.95967312656222
6571.5036599229	0.95356970770878
6571.5287609674	0.95097344248178
6571.5538621077	0.95185283073798
6571.5789633454	0.95345333153206
6571.6040646775	0.95229981748892
6571.6291661055	0.95491326383093
6571.6542676293	0.95887439236254
6571.679369249	0.96173032673012
6571.7044709646	0.96347207091688
6571.7295727761	0.96425294430457
6571.7546746835	0.97084822671097
6571.7797766867	0.97290544067641
6571.8048787859	0.97637901849073
6571.8299809809	0.97818491047423
6571.8550832718	0.97841001506586
6571.8801856586	0.97811950030832
6571.9052881412	0.97457805001509
6571.9303907198	0.9724720676465
6571.9554933942	0.96765274690692
6571.9805961645	0.96337933858903
6572.0056990307	0.95897279730138
6572.0308019928	0.96225188669173
6572.0559050523	0.97543412197307
6572.0810082061	0.98238127690919
6572.1061114558	0.97489432001802
6572.1312148015	0.97059865202118
6572.156318243	0.97000029989602
6572.1814217804	0.96892345803526
6572.2065254137	0.97194406245443
6572.2316291428	0.97405967553069
6572.2567329679	0.97902624163455
6572.2818368888	0.98003297504676
6572.3069409057	0.97370370114764
6572.3320450184	0.96991151963859
6572.357149227	0.96707400448716
6572.3822535315	0.96561502774571
6572.4073579319	0.96616452117077
6572.4324624282	0.96691548375232
6572.4575670204	0.96692601739099
6572.4826717085	0.96767681012864
6572.5077764924	0.97060802431531
6572.5328813738	0.97075974386001
6572.5579863496	0.9618063578391
6572.5830914212	0.95426328870356
6572.6081965887	0.94928053708018
6572.6333018522	0.94584352609321
6572.6584072115	0.95094151238306
6572.6835126667	0.95608586135959
6572.7086182178	0.96007660672074
6572.7337238648	0.96216957215601
6572.7588296077	0.96259686996203
6572.7839354465	0.96460160708653
6572.8090413812	0.96658288302947
6572.8341474118	0.96755175998809
6572.8592535383	0.96643239980817
6572.8843597607	0.96598233925473
6572.909466079	0.9651917076493
6572.9345724932	0.96726473527124
6572.9596790032	0.96581312987862
6572.9847856092	0.97114164380083
6573.0098923126	0.97262596516763
6573.0349991104	0.98001811998959
6573.0601060041	0.99267212523398
6573.0852129936	0.99981019857835
6573.1103200791	1.0031650573106
6573.1354272605	0.99338997792588
6573.1605345378	0.99427791159828
6573.185641911	0.98356853100679
6573.2107493801	0.98006833545464
6573.235856945	0.97547961641625
6573.2609646059	0.97566082588398
6573.2860723627	0.98090944276843
6573.3111802154	0.98634543262597
6573.336288164	0.99687745485318
6573.3613962085	0.99393622555231
6573.3865043489	0.99372375434722
6573.4116125853	0.98158718191906
6573.4367209175	0.97199055511299
6573.4618293456	0.97620364017302
6573.4869378696	0.98060260620553
6573.5120464911	0.9798616559177
6573.5371552069	0.97932756448947
6573.5622640187	0.98017614426703
6573.5873729264	0.98143208112616
6573.6124819299	0.97850639429925
6573.6375910294	0.97496384898037
6573.6627002248	0.96738933751937
6573.6878095161	0.96218126059521
6573.7129189033	0.96205707610572
6573.7380283864	0.96742437806108
6573.7631379654	0.96464018008948
6573.7882476404	0.9691725065308
6573.8133574112	0.97177506146387
6573.838467278	0.9759060686533
6573.8635772406	0.97842757340099
6573.8886872992	0.97363371763843
6573.9137974537	0.97799849459425
6573.9389077041	0.96906808108248
6573.9640180505	0.97920998553529
6573.9891284942	0.98166377966095
6574.0142390323	0.98970781841693
6574.0393496664	0.99598339344546
6574.0644603964	0.99446736800572
6574.0895712223	0.99658465361535
6574.1146821441	0.98972395833035
6574.1397931618	0.98704377768164
6574.1649042754	0.98076002291675
6574.190015485	0.97524796375284
6574.2151267905	0.96992612094015
6574.2402381919	0.96513570540039
6574.2653496892	0.96397607108214
6574.2904612824	0.96336926443572
6574.3155729715	0.96351016016256
6574.3406847566	0.96327353400694
6574.3657966376	0.95661444863782
6574.3909086145	0.95236914151162
6574.4160206873	0.9601619988274
6574.441132856	0.9698636670731
6574.4662451222	0.96615662917337
6574.4913574828	0.96105547511928
6574.5164699393	0.95398691867061
6574.5415824917	0.94664856401413
6574.5666951401	0.94970418829079
6574.5918078843	0.95518597310411
6574.6169207245	0.95470422110723
6574.6420336606	0.95366657605212
6574.6671466927	0.95519070763902
6574.6922598206	0.957354448115
6574.7173730445	0.95629145614052
6574.7424863643	0.95379522937648
6574.76759978	0.95575652599676
6574.7927132917	0.95794689686066
6574.8178268993	0.95100750726825
6574.8429406028	0.94055537125322
6574.8680544022	0.94301027997071
6574.8931682976	0.94904506967388
6574.9182822889	0.94082084863251
6574.9433963761	0.93115127292631
6574.9685105608	0.93337129821692
6574.9936248399	0.93879957981173
6575.0187392149	0.94846439037422
6575.0438536858	0.95930860669805
6575.0689682526	0.95867863911909
6575.0940829154	0.9544331697555
6575.1191976742	0.95075679473574
6575.1443125288	0.94589965049544
6575.1694274794	0.95177746908512
6575.1945425259	0.96030170217837
6575.2196576683	0.96590772103152
6575.2447729067	0.97025714657791
6575.269888241	0.97211462275214
6575.2950036713	0.97331778023766
6575.3201191974	0.97230166628053
6575.3452348195	0.97135712141936
6575.3703505376	0.97017391644232
6575.3954663516	0.96907425619731
6575.4205822615	0.97465003900484
6575.4456982688	0.98239711193019
6575.4708143706	0.97464952272339
6575.4959305683	0.96131733891862
6575.521046862	0.96144096946232
6575.5461632516	0.96591317174305
6575.5712797371	0.97305305726788
6575.5963963185	0.98038874156145
6575.6215129959	0.97641812906211
6575.6466297693	0.97146408888185
6575.6717466386	0.97908223794311
6575.6968636038	0.99096826981512
6575.7219806649	0.99081388221544
6575.747097822	0.98631066800985
6575.772215075	0.99161139992435
6575.797332424	0.99740646557747
6575.8224498689	1.0020668769811
6575.8475674098	1.005414429999
6575.8726850465	1.0056218883296
6575.8978027793	1.0057107276773
6575.9229206095	1.0051927708169
6575.9480385341	1.0048910455595
6575.9731565546	1.0060470878226
6575.9982746711	1.0086076875855
6576.0233928836	1.003713123748
6576.048511192	0.99691620560557
6576.0736295963	0.99565859699419
6576.0987480966	0.99538825703634
6576.1238666928	0.99766730841087
6576.148985385	1.0015066636869
6576.1741041731	1.0187003285928
6576.1992230571	1.0395602614375
6576.2243420371	1.0290110287008
6576.2494611131	1.0085623288758
6576.274580285	1.0023487240916
6576.2996995528	1.0004912272581
6576.3248189166	1.0012508444481
6576.3499383764	1.0044604600073
6576.375057932	1.0035003591551
6576.4001775837	1.0008350634227
6576.4252973328	1.0040853809076
6576.4504171763	1.008254550212
6576.4755371158	1.0100523276166
6576.5006571512	1.0116782750637
6576.5257772826	1.0135097271426
6576.55089751	1.0131912536395
6576.5760178332	1.0124550327703
6576.6011382525	1.0123086418887
6576.6262587677	1.0113315359311
6576.6513793788	1.0108389720269
6576.6765000859	1.0106431847676
6576.701620889	1.0106654264017
6576.726741788	1.0083348702966
6576.7518627829	1.0055214838488
6576.7769838738	1.0039962166862
6576.8021050607	1.0029111202884
6576.8272263435	1.0021058729117
6576.8523477223	1.0007277732426
6576.877469197	0.9995150678536
6576.9025907692	0.99856556286428
6576.9277124359	1.0002437840203
6576.9528341984	1.0029759744988
6576.977956057	1.0123567171776
6577.0030780115	1.0244049098352
6577.028200062	1.0176636055793
6577.0533222084	1.0033315182556
6577.0784444508	1.0044529766096
6577.1035667892	1.0129752174135
6577.1286892235	1.0201587694715
6577.1538117537	1.025510639027
6577.17893438	1.0262088823198
6577.2040571021	1.0246577849812
6577.2291799203	1.0169149943939
6577.2543028344	1.0080399982144
6577.2794258445	1.0069415541443
6577.3045489505	1.0084386617398
6577.3296721525	1.010005057363
6577.3547954505	1.0117963665752
6577.3799188459	1.0162939005176
6577.4050423358	1.0216850695472
6577.4301659216	1.0232495862738
6577.4552896034	1.0232918806133
6577.4804133812	1.0205879539803
6577.5055372549	1.0163458276242
6577.5306612247	1.0137106152935
6577.5557852903	1.012704896423
6577.580909452	1.0105456891583
6577.6060337096	1.0076725910976
6577.6311580631	1.0104784087564
6577.6562825127	1.016276498792
6577.6814070582	1.0075548868695
6577.7065316996	0.9917932736368
6577.7316564371	1.0008774278332
6577.7567812705	1.0194837566357
6577.7819061999	1.0187156311973
6577.8070312252	1.0107011972516
6577.8321563465	1.0208630219261
6577.8572815653	1.0376261794705
6577.8824068786	1.0376834073931
6577.9075322878	1.031169975323
6577.932657793	1.0238420930377
6577.9577833942	1.0160166007846
6577.9829090913	1.0202583306436
6578.0080348844	1.0292783218703
6578.0331607735	1.0304598943605
6578.0582867586	1.0299828350933
6578.0834128396	1.0313645139337
6578.1085390166	1.0333283690713
6578.1336652896	1.0313426613005
6578.1587916586	1.0278642871673
6578.1839181235	1.0278785138131
6578.2090446844	1.0287876686995
6578.2341713413	1.0305423194243
6578.2592980941	1.0321849882391
6578.284424943	1.0328045937011
6578.3095518878	1.0326032571713
6578.3346789286	1.0387481685124
6578.3598060668	1.0469554230216
6578.3849332996	1.0421357326627
6578.4100606283	1.0326482474184
6578.435188053	1.0306277499304
6578.4603155737	1.0320413287182
6578.4854431903	1.0357152103096
6578.5105709029	1.0395095449775
6578.5356987116	1.0339759858606
6578.5608266161	1.0263293272058
6578.5859546167	1.0314016124933
6578.6110827133	1.0402632343279
6578.6362109058	1.0344201037016
6578.6613391943	1.0246657318475
6578.6864675788	1.0206850260833
6578.7115960593	1.0190787511623
6578.7367246358	1.0264338791366
6578.7618533082	1.0355962888157
6578.7869820767	1.0371631743058
6578.8121109411	1.0358595774137
6578.837239903	1.0345928480314
6578.8623689594	1.0343226122858
6578.8874981117	1.0362213692407
6578.9126273601	1.0397103178148
6578.9377567044	1.0431394420057
6578.9628861448	1.0474849333679
6578.9880156811	1.0452851340235
6579.0131453134	1.0419308840973
6579.0382750417	1.0318133960846
6579.0634048659	1.018092214674
6579.0885347862	1.0188331359912
6579.1136648024	1.0200223948654
6579.1387949147	1.0170523528892
6579.1639251229	1.0098439737353
6579.1890554271	1.0089605126859
6579.2141858273	1.0106128957906
6579.2393163235	1.0137156433138
6579.2644469157	1.0174734307285
6579.2895776039	1.0183864431212
6579.3147083896	1.0197386094338
6579.3398392697	1.0154723972624
6579.3649702459	1.0115412664734
6579.390101318	1.0158050544587
6579.4152324862	1.0227151065999
6579.4403637503	1.031703662762
6579.4654951104	1.0408370131565
6579.4906265666	1.0425812450984
6579.5157581187	1.0426769728113
6579.5408897668	1.0380381073261
6579.5660215109	1.032460270074
6579.591153351	1.0322647275582
6579.6162852871	1.033637010311
6579.6414173192	1.0324774881872
6579.6665494472	1.0306525001499
6579.6916816713	1.0221951318326
6579.7168139914	1.0137328544908
6579.7419464075	1.0174233918524
6579.7670789196	1.0224584537577
6579.7922115276	1.0274008491661
6579.8173442332	1.0325381997056
6579.8424770333	1.026447008663
6579.8676099293	1.0193336007641
6579.8927429214	1.0212121229259
6579.9178760095	1.0267104980315
6579.9430091936	1.027920413793
6579.9681424736	1.030581248392
6579.9932758497	1.035056937624
6580.0184093218	1.0423506506805
6580.0435428898	1.046958808169
6580.0686765539	1.0452885306074
6580.093810314	1.0481279816651
6580.1189441701	1.0430856940927
6580.1440781222	1.0452676847271
6580.1692121703	1.041265252916
6580.1943463144	1.0486538977911
6580.2194805544	1.0572332616474
6580.2446148905	1.0555459798494
6580.2697493227	1.0569577161985
6580.2948838523	1.0546905133625
6580.3200184764	1.0573429105697
6580.3451531965	1.0517011820074
6580.3702880127	1.0483186063615
6580.3954229248	1.0323435578413
6580.4205579329	1.0170592627225
6580.4456930371	1.0473364169189
6580.4708282373	1.0792118447352
6580.4959635334	1.058707841322
6580.5210989256	1.0331561312239
6580.5462344138	1.047750651184
6580.571369998	1.0619472020418
6580.5965056782	1.0445180447093
6580.6216414544	1.0231331823607
6580.6467773266	1.0192386255121
6580.6719132949	1.0188554149077
6580.6970493591	1.018027284951
6580.7221855194	1.0170197222491
6580.7473217757	1.0190702110905
6580.7724581295	1.0220742517461
6580.7975945778	1.0232419290151
6580.8227311221	1.025594684346
6580.8478677624	1.0309088820277
6580.8730044987	1.0366270706737
6580.8981413311	1.0375907702182
6580.9232782595	1.0370229122125
6580.9484152839	1.0206026608766
6580.9735524043	1.001507724862
6580.9986896207	0.99098309097583
6581.0238269331	0.98194615903344
6581.0489643415	0.98929981187601
6581.074101846	0.99309779724962
6581.0992394465	0.99008910998896
6581.124377143	0.98789439571873
6581.1495149355	0.98728260737516
6581.1746528241	0.98767368621417
6581.1997908086	0.99297805396955
6581.2249288892	0.99161468684328
6581.2500670673	1.0342193255991
6581.2752053399	1.0243316419821
6581.3003437085	1.0407796471028
6581.3254821732	1.0553750051022
6581.3506207339	1.0602792124333
6581.3757593906	1.0692616135598
6581.4008981433	1.0639442325078
6581.426036992	1.056799851254
6581.4511759368	1.0180301752096
6581.4763149776	0.99605527986935
6581.5014541144	0.99194777251986
6581.5265933472	0.99539952234903
6581.5517326761	1.0094020150431
6581.5768721009	1.0351832234372
6581.6020116218	1.0489697240381
6581.6271512388	1.0501785038926
6581.6522909517	1.0492314229597
6581.6774307607	1.0464286538947
6581.7025706657	1.0336872649559
6581.7277106667	1.0284949402331
6581.7528507653	1.0294773584155
6581.7779909584	1.0238629994586
6581.8031312475	1.0181910161007
6581.8282716327	1.0148335159892
6581.8534121138	1.0162460974496
6581.878552691	1.0160587223288
6581.9036933643	1.0162990145939
6581.9288341335	1.0298304866755
6581.9539749988	1.0383229724841
6581.9791159601	1.0426218207154
6582.0042570175	1.0452650478255
6582.0293981708	1.0480361106831
6582.0545394203	1.0464814213821
6582.0796807657	1.0506896041373
6582.1048222072	1.0550476170013
6582.1299637447	1.0535447337114
6582.1551053782	1.0335436565484
6582.1802471078	1.0481852438601
6582.2053889334	1.0888554403333
6582.2305308565	1.1022379250005
