6545.8891852037	0.91287718541814
6545.914188409	0.91465020339948
6545.9391917099	0.91907814925531
6545.9641951062	0.92032013423118
6545.9891985981	0.92098381931788
6546.0142021854	0.92452644696696
6546.0392058683	0.92883037341206
6546.0642096467	0.93217549793355
6546.0892135206	0.93625371393915
6546.1142174899	0.93859062708655
6546.1392215548	0.93808623160261
6546.1642257152	0.93691553788194
6546.1892299711	0.93799113604411
6546.2142343226	0.93881473924711
6546.2392387695	0.93816235252191
6546.2642433119	0.93826440573085
6546.2892479499	0.94010779026666
6546.3142526833	0.94346078728095
6546.3392575123	0.94514873308547
6546.3642624368	0.94589137182368
6546.3892674583	0.94952617204908
6546.4142725737	0.95418290546479
6546.4392777848	0.95866870613846
6546.4642830913	0.96150201736319
6546.4892884933	0.96742593473081
6546.5142939909	0.97122568583782
6546.5392995839	0.97628524499313
6546.5643052725	0.98017230417355
6546.5893110566	0.98156836473993
6546.6143169362	0.98030289572113
6546.6393229113	0.97723680378971
6546.6643289819	0.98088348413013
6546.6893351481	0.98866960633792
6546.7143414097	0.98816257881835
6546.7393477669	0.98307398066886
6546.7643542196	0.98112251441162
6546.7893607678	0.98324881741198
6546.8143674115	0.97777428878073
6546.8393741508	0.97500957251421
6546.864380987	0.9638374774113
6546.8893879173	0.95850469611374
6546.9143949431	0.95294631060514
6546.9394020644	0.95179980423328
6546.9644092812	0.94842416087058
6546.9894165936	0.9510644353836
6547.0144240015	0.96224277685325
6547.0394315049	0.9729983391033
6547.0644391038	0.98258298777569
6547.0894467982	0.99823216432479
6547.1144545882	1.0154843869024
6547.1394624737	1.0202538037306
6547.1644704547	1.0185396346698
6547.1894785312	1.0136793925824
6547.2144867032	1.0101393102354
6547.2394949708	1.0016144768685
6547.2645033339	0.9991294388157
6547.2895117925	0.99120071438035
6547.3145203467	0.99054355384548
6547.3395289978	0.9933148057059
6547.364537743	0.99566560540663
6547.3895465837	0.9896355320446
6547.41455552	0.98685889184872
6547.4395645517	0.98803694557533
6547.464573679	0.98729577277275
6547.4895829019	0.98403339085671
6547.5145922202	0.98237516259925
6547.5396016341	0.9817117269271
6547.5646111435	0.97908412821836
6547.5896207484	0.97530552647419
6547.6146304489	0.97178102614091
6547.6396402449	0.96969213987239
6547.6646501364	0.97011424310018
6547.6896601235	0.96934977094463
6547.714670206	0.95655718738193
6547.7396803842	0.94517150811064
6547.7646906578	0.92907807807179
6547.789701027	0.91908498353861
6547.8147114932	0.92238956524574
6547.8397220534	0.93243268108216
6547.8647327092	0.95179908587966
6547.8897434605	0.97148061817101
6547.9147543073	0.98901996042405
6547.9397652497	0.99217622994106
6547.9647762876	0.98962955435721
6547.989787421	0.98188897472696
6548.01479865	0.97709138275606
6548.0398099745	0.98218812356351
6548.0648213946	0.98797486825596
6548.0898329101	0.98659893865927
6548.1148445212	0.98609221587642
6548.1398562279	0.98917988010804
6548.1648680301	0.99000356903487
6548.1898799278	0.99541002915711
6548.2148919211	0.99682030860055
6548.2399040099	0.99166799920982
6548.2649161942	0.98728707459656
6548.2899284741	0.9839603003622
6548.314940851	0.98335603817396
6548.3399533219	0.98389699799497
6548.3649658884	0.98707601573469
6548.3899785505	0.99013014645526
6548.414991308	0.9843262840679
6548.4400041612	0.97540367438496
6548.4650171098	0.97869209409638
6548.490030154	0.98016487289217
6548.5150432938	0.97768235784958
6548.540056529	0.97755207100173
6548.5650698599	0.97363977071331
6548.5900832862	0.96687352923971
6548.6150968081	0.95853488794993
6548.6401104256	0.94004387603901
6548.6651241386	0.91168219378183
6548.6901379471	0.88763898804622
6548.7151518512	0.86717245520356
6548.7401658508	0.86471289170173
6548.765179946	0.87067614367645
6548.7901941383	0.90016880324551
6548.8152084245	0.9331452971619
6548.8402228063	0.95454898569225
6548.8652372837	0.97324154025923
6548.8902518566	0.98898629394892
6548.9152665251	1.0004380007347
6548.9402812891	0.99524380583806
6548.9652961486	0.99044901924833
6548.9903111037	0.98992952728422
6549.0153261544	0.98969708539095
6549.0403413006	0.99221493992942
6549.0653565423	0.99297356175198
6549.0903718796	0.99196091620818
6549.1153873125	0.98835599003533
6549.1404028409	0.98451549176803
6549.1654184648	0.98430930591442
6549.1904341844	0.98447161641404
6549.2154499994	0.98163992507531
6549.24046591	0.97793466564007
6549.2654819177	0.97379440292338
6549.2904980194	0.97126184212695
6549.3155142167	0.97365861810027
6549.3405305095	0.97529951074165
6549.3655468979	0.97443095792609
6549.3905633818	0.96947701481515
6549.4155799613	0.95904255755171
6549.4405966363	0.95651734531536
6549.4656134069	0.96042828696521
6549.4906302731	0.96601143745669
6549.5156472348	0.97293157527985
6549.5406642921	0.97275200381671
6549.5656814449	0.97125332427026
6549.5906986933	0.96838893253964
6549.6157160372	0.96541709622604
6549.6407334767	0.96481512921081
6549.6657510118	0.96757695440053
6549.6907686424	0.97516689100356
6549.7157863686	0.98074038654361
6549.7408041903	0.98112496020256
6549.7658221091	0.98530879767745
6549.790840122	0.99377403301337
6549.8158582304	0.99689181900407
6549.8408764344	0.99423584360805
6549.8658947339	0.99178450149542
6549.890913129	0.99130956973347
6549.9159316197	0.98800401974307
6549.9409502059	0.98402276214174
6549.9659688877	0.97580609195165
6549.990987665	0.96807115671112
6550.016006538	0.96628137723838
6550.0410255064	0.96784665931089
6550.0660445705	0.97303399348978
6550.0910637301	0.97591367561043
6550.1160829853	0.97253275397021
6550.141102336	0.97213640322522
6550.1661217823	0.97654765838683
6550.1911413242	0.97708383476712
6550.2161609616	0.97236753332361
6550.2411806961	0.97096789377703
6550.2662005247	0.97215740972168
6550.2912204489	0.9715013271012
6550.3162404686	0.96995229862787
6550.3412605838	0.9690723042713
6550.3662807947	0.96822065367006
6550.3913011011	0.97384621682013
6550.4163215031	0.97951358436387
6550.4413420007	0.98512262313396
6550.4663625938	0.98738488586117
6550.4913832825	0.9811236810766
6550.5164040668	0.97631195380331
6550.5414249466	0.97494116503947
6550.566445922	0.97580036098641
6550.591466993	0.97861424141791
6550.6164881595	0.9804154851958
6550.6415094217	0.98102905691807
6550.6665307794	0.98378397692463
6550.6915522326	0.98695767842172
6550.716573783	0.98653251437737
6550.7415954274	0.98520290613709
6550.7666171674	0.98069649589149
6550.791639003	0.97679959152796
6550.8166609342	0.97598142526524
6550.8416829609	0.97374516777595
6550.8667050832	0.97285021392189
6550.8917273011	0.97387950515392
6550.9167496145	0.97444016853086
6550.9417720235	0.97424933752414
6550.9667945281	0.97327379199828
6550.9918171283	0.97512171343061
6551.0168398241	0.97800102771163
6551.0418626154	0.97585391072443
6551.0668855024	0.9707031930402
6551.0919084849	0.98028752670199
6551.116931563	0.98712907080679
6551.1419547366	0.98257670049308
6551.1669780059	0.97794151728645
6551.1920013722	0.98226151598483
6551.2170248326	0.98487060369366
6551.2420483886	0.98248455201102
6551.2670720402	0.98113248517498
6551.2920957873	0.98131847440108
6551.31711963	0.98035107060201
6551.3421435684	0.97664370082188
6551.3671676023	0.97077411036408
6551.3921917317	0.96549968392259
6551.4172159568	0.97450278060506
6551.4422402775	0.98508778587352
6551.4672646937	0.98436450199429
6551.4922892055	0.98430352497687
6551.5173138129	0.98152599161689
6551.5423385159	0.97958226671031
6551.5673633145	0.97976546724749
6551.5923882087	0.98031983884996
6551.6174131984	0.97933302606629
6551.6424382838	0.97755770310874
6551.6674634647	0.97497308977287
6551.6924887427	0.97585056088579
6551.7175141148	0.97804792253766
6551.7425395825	0.97924813016826
6551.7675651458	0.97938218491765
6551.7925908047	0.98311711442366
6551.8176165592	0.99124979750791
6551.8426424092	0.99818756926845
6551.8676683549	1.0017445608815
6551.8926943961	0.99736634166131
6551.9177205329	0.99095123739701
6551.9427467654	0.9853161439102
6551.9677730934	0.98112540921064
6551.992799517	0.98055106657322
6552.0178260362	0.97849067214759
6552.042852651	0.97366922831503
6552.0678793613	0.9680829418566
6552.0929061673	0.96330686594966
6552.1179330689	0.95969230928923
6552.1429600661	0.95706438941582
6552.1679871603	0.95735315061038
6552.1930143487	0.95827496652147
6552.2180416327	0.96584973884141
6552.2430690122	0.97005596740904
6552.2680964874	0.96596707095891
6552.2931240581	0.96402663356849
6552.3181517244	0.96803338650972
6552.3431794864	0.96589633861641
6552.3682073439	0.95698219262479
6552.3932352971	0.9570397816322
6552.4182633458	0.96367256832753
6552.4432914901	0.96752502526625
6552.4683197301	0.96576558549423
6552.4933480656	0.97695751297606
6552.5183764967	0.98408083703848
6552.5434050235	0.98323387569928
6552.5684336458	0.97742510617097
6552.5934623637	0.96753401912754
6552.6184911773	0.95367443324453
6552.6435200879	0.9251797841684
6552.6685490927	0.89789527119693
6552.693578193	0.86888120117455
6552.718607389	0.85215295647709
6552.7436366805	0.8461257308275
6552.7686660677	0.85416966130795
6552.7936955504	0.86929230819456
6552.8187251288	0.90426678373833
6552.8437548028	0.9461124103984
6552.8687845723	0.96127336549248
6552.8938144375	0.96979661034251
6552.9188443983	0.96997341460171
6552.9438744547	0.97256932922721
6552.9689046067	0.97925925489542
6552.9939348543	0.98598627094091
6553.0189651975	0.99368007571065
6553.0439956364	0.9981029464211
6553.0690261708	0.99539310661532
6553.0940568008	0.99329972781506
6553.1190875265	0.99343694993072
6553.1441183492	0.99126625668101
6553.1691492661	0.98771100969959
6553.1941802786	0.98617806675582
6553.2192113867	0.98455822263134
6553.2442425904	0.98229335822169
6553.2692738897	0.9785819200104
6553.2943052846	0.973045155775
6553.3193367752	0.96782955150172
6553.3443683613	0.96597237491607
6553.3694000431	0.96356566027514
6553.3944318204	0.95662871027244
6553.4194636934	0.95562162768777
6553.444495662	0.96143608105438
6553.4695277262	0.96661477034654
6553.4945598861	0.96887850484415
6553.5195921415	0.96782590121113
6553.5446244926	0.96696512902402
6553.5696569392	0.97089916198755
6553.5946894815	0.97774587703219
6553.6197221209	0.98092536217571
6553.6447548545	0.98340503949106
6553.6697876836	0.97887565140908
6553.6948206084	0.97732797588893
6553.7198536287	0.97652710877942
6553.7448867447	0.97498327899853
6553.7699199563	0.97294864082647
6553.7949532636	0.96514235937338
6553.8199866664	0.95301023903363
6553.8450201649	0.94305659623652
6553.870053759	0.93361694225564
6553.8950874487	0.92705615684415
6553.920121234	0.92276098435261
6553.945155115	0.92612773297764
6553.9701890916	0.93018661953907
6553.9952231637	0.93770587229341
6554.0202573316	0.94284053113273
6554.045291595	0.94593588402873
6554.0703259541	0.9494574072678
6554.0953604103	0.95308636422806
6554.1203949606	0.95395993933924
6554.1454296065	0.95399836535891
6554.1704643481	0.95623963214044
6554.1954991852	0.95957226082862
6554.220534118	0.95820266949003
6554.2455691465	0.95665350754082
6554.2706042705	0.95739537668494
6554.2956394902	0.95785197870177
6554.3206748055	0.95398597287757
6554.3457102165	0.95052613145708
6554.370745723	0.95077867856675
6554.3957813252	0.95201482659947
6554.4208170231	0.95736327086338
6554.4458528165	0.95828984655387
6554.4708887056	0.95361849767495
6554.4959246903	0.95070147357284
6554.5209607706	0.94978764397521
6554.5459969466	0.94578154604591
6554.5710332182	0.94183859992838
6554.5960695869	0.93927731682287
6554.6211060498	0.93688438689997
6554.6461426083	0.94144282493806
6554.6711792624	0.94535158371389
6554.6962160121	0.94696931522785
6554.7212528575	0.94534472236996
6554.7462897986	0.94178910784898
6554.7713268352	0.9397192513421
6554.7963639675	0.94091226407339
6554.8214011954	0.93632529863243
6554.846438519	0.92926587111203
6554.8714759382	0.92063349211611
6554.896513453	0.91485380306713
6554.9215510634	0.90690437829134
6554.9465887695	0.90247869304138
6554.9716265713	0.91113609667851
6554.9966644686	0.91890580284222
6555.0217024616	0.93443579978404
6555.0467405503	0.94209545861555
6555.0717787361	0.9459167134032
6555.096817016	0.94583798591202
6555.1218553915	0.95020095324915
6555.1468938627	0.94727346128778
6555.1719324295	0.94104127769437
6555.196971092	0.93577983531277
6555.2220098501	0.93381288481045
6555.2470487039	0.93690859136993
6555.2720876533	0.94338819516322
6555.2971266983	0.93610154412516
6555.322165839	0.92923292761478
6555.3472050753	0.93153558303971
6555.3722444072	0.93314342851249
6555.3972838348	0.92699983707351
6555.4223233581	0.92270614543086
6555.447362977	0.92101761441161
6555.4724026915	0.9204104044423
6555.4974425017	0.92181964940959
6555.5224824075	0.92326761174062
6555.5475224104	0.92361711300671
6555.5725625075	0.92199432364389
6555.5976027003	0.92000967358788
6555.6226429887	0.92839568031135
6555.6476833727	0.93665886914658
6555.6727238524	0.93681223588273
6555.6977644278	0.93534678555457
6555.7228050987	0.94126410727851
6555.7478458654	0.94552976620872
6555.7728867276	0.94459840921395
6555.7979276856	0.94412152245936
6555.8229687391	0.94545953129881
6555.8480098884	0.94355374079262
6555.8730511332	0.9398289890281
6555.8980924738	0.9411221639977
6555.9231339099	0.94332957149286
6555.9481754417	0.94461180597038
6555.9732170692	0.94348227430548
6555.9982587923	0.95354726641461
6556.0233006126	0.95836564756523
6556.048342527	0.9487003700547
6556.0733845371	0.94076953385906
6556.0984266428	0.93335645756069
6556.1234688442	0.92801732739958
6556.1485111413	0.92664713341328
6556.173553534	0.92600648321744
6556.1985960223	0.92614601260719
6556.2236386063	0.93690977351092
6556.2486812859	0.9490577090584
6556.2737240613	0.9571953938358
6556.2987669322	0.95702890460602
6556.3238098988	0.96643060209439
6556.3488529611	0.96953127485339
6556.373896119	0.97544475849681
6556.3989393726	0.97851527941719
6556.4239827219	0.97619983777588
6556.4490261668	0.97178756888527
6556.4740697073	0.96762584475668
6556.4991133436	0.96170701429426
6556.5241570769	0.95639795600722
6556.5492009045	0.95537444866496
6556.5742448277	0.95679452446241
6556.5992888465	0.95284422194477
6556.624332961	0.94847416859571
6556.6493771712	0.95142798874469
6556.6744214771	0.95182618885651
6556.6994658786	0.94390147697723
6556.7245103757	0.93703122032111
6556.7495549685	0.93134575303143
6556.774599657	0.92784187949434
6556.7996444412	0.92525272605373
6556.824689321	0.92971177022454
6556.8497342965	0.93368524952632
6556.8747793676	0.95045514547956
6556.8998245344	0.96033863589997
6556.9248697969	0.97625180760245
6556.949915155	0.98334596110166
6556.9749606088	0.97818866266654
6557.0000061598	0.97108045576279
6557.0250518049	0.9623502754225
6557.0500975457	0.95703670360789
6557.0751433821	0.95325000953554
6557.1001893143	0.95237285462676
6557.1252353421	0.95271293640343
6557.1502814655	0.95037722387966
6557.1753276847	0.94738244055973
6557.2003739995	0.92956443363125
6557.2254204099	0.90696215560686
6557.2504669161	0.88908549462565
6557.2755135179	0.87532357774711
6557.3005602154	0.87986545858671
6557.3256070085	0.88778850470377
6557.3506538973	0.90875935073524
6557.3757008818	0.92906007613402
6557.400747962	0.94854969214929
6557.4257951378	0.95296222304342
6557.4508424093	0.94545941542061
6557.475889778	0.94232490989193
6557.5009372409	0.94397005607756
6557.5259847994	0.94297988846616
6557.5510324536	0.94159512214415
6557.5760802035	0.94702420635479
6557.601128049	0.95019807557098
6557.6261759902	0.95785681816832
6557.6512240271	0.95812124496324
6557.6762721597	0.96027571949252
6557.7013203879	0.95930284232113
6557.7263687119	0.95658866359174
6557.7514171315	0.95376006209391
6557.7764656467	0.95217952209906
6557.8015142577	0.95211041478855
6557.8265629643	0.95366697125982
6557.8516117666	0.94531553690535
6557.8766606646	0.93682442232565
6557.9017096583	0.94185856883053
6557.9267587476	0.94562650734169
6557.9518079327	0.9418373357355
6557.9768572149	0.93820271915745
6558.0019065913	0.9369022596352
6558.0269560633	0.93649373487345
6558.0520056311	0.93499399053344
6558.0770552945	0.93387418632022
6558.1021050536	0.93253514578256
6558.1271549084	0.93164314843239
6558.1522048589	0.93377474199505
6558.1772549051	0.9259766960524
6558.2023050469	0.91773444309158
6558.2273552844	0.91883206942912
6558.2524056176	0.91760465458774
6558.2774560465	0.91959260125298
6558.3025065711	0.92462581935148
6558.3275571914	0.93072103401705
6558.3526079073	0.93677074598794
6558.377658719	0.94455421886232
6558.4027096263	0.94462426180868
6558.4277606293	0.9405344845493
6558.4528117295	0.93613841991112
6558.4778629239	0.93255505333922
6558.5029142139	0.93103527116964
6558.5279655997	0.93127677711181
6558.5530170812	0.9270170312215
6558.5780686583	0.92483850446163
6558.6031203311	0.92719363161753
6558.6281720996	0.92862285120806
6558.6532239638	0.92875747736863
6558.6782759237	0.92521307857065
6558.7033279793	0.9197250642037
6558.7283801306	0.91295589937283
6558.7534323775	0.90491147753385
6558.7784847202	0.89996222824022
6558.8035371585	0.89811879311857
6558.8285896926	0.90702851694391
6558.8536423223	0.91489819205462
6558.8786950477	0.91481423684733
6558.9037478689	0.91341198008851
6558.9288007872	0.91359533047737
6558.9538537997	0.91575528538848
6558.9789069079	0.91674212161691
6559.0039601118	0.91785388115934
6559.0290134114	0.91948891484408
6559.0540668067	0.91900637215244
6559.0791202976	0.91781102082094
6559.1041738843	0.91794463325905
6559.1292275667	0.92026979445695
6559.1542813448	0.91101415824617
6559.1793352185	0.90426834972689
6559.204389188	0.90172471886077
6559.2294432532	0.90400124055198
6559.254497414	0.91255435221702
6559.2795516706	0.91420850970283
6559.3046060229	0.9068988926387
6559.3296604708	0.90443296865125
6559.3547150145	0.90371553622765
6559.3797696539	0.90438060808511
6559.4048243904	0.90523288178274
6559.4298792212	0.89989316150643
6559.4549341477	0.8950212279737
6559.4799891698	0.89145603762538
6559.5050442877	0.88848671530971
6559.5300995013	0.88404078163384
6559.5551548106	0.88152608789932
6559.5802102155	0.88100612103971
6559.6052657162	0.88464707753576
6559.6303213126	0.89052238975066
6559.6553770047	0.88910564040785
6559.6804327925	0.88385720134916
6559.705488676	0.89181305688922
6559.7305446552	0.90034861777283
6559.7556007301	0.8978952544781
6559.7806569007	0.89374235076569
6559.8057131671	0.89729230712328
6559.8307695291	0.89932863690945
6559.8558259868	0.89751911086994
6559.8808825403	0.89901822651375
6559.905939191	0.90241175862518
6559.9309959358	0.90005567021485
6559.9560527764	0.89608947971927
6559.9811097127	0.89585708170354
6560.0061667447	0.89579654494865
6560.0312238724	0.89777768809717
6560.0562810958	0.9004122778872
6560.0813384149	0.89767026511371
6560.1063958297	0.89610481560251
6560.1314533403	0.89385260438135
6560.1565109465	0.88941111947938
6560.1815686485	0.8848000895835
6560.2066264462	0.88085457581497
6560.2316843396	0.87924331485848
6560.2567423287	0.87229834631367
6560.2818004135	0.86518635041776
6560.306858594	0.86487894791142
6560.3319168703	0.86403310217042
6560.3569752422	0.86850651552266
6560.3820337114	0.86781554580354
6560.4070922748	0.87862904663844
6560.4321509339	0.88144111153289
6560.4572096888	0.88030207139131
6560.4822685393	0.8765917577109
6560.5073274856	0.87524074642736
6560.5323865275	0.86478279355832
6560.5574456652	0.84775568046774
6560.5825048986	0.83977255404598
6560.6075642278	0.83692919557746
6560.6326236526	0.83644156697756
6560.6576831732	0.83565013613097
6560.6827427895	0.83726355704943
6560.7078025015	0.83972503408077
6560.7328623092	0.84747594318625
6560.7579222126	0.85191450550481
6560.7829822118	0.8517015393894
6560.8080423067	0.84822716902657
6560.8331024973	0.84130279021377
6560.8581627851	0.83695335866864
6560.8832231672	0.83533537870729
6560.908283645	0.83497820309315
6560.9333442185	0.83690516520872
6560.9584048877	0.83218213548269
6560.9834656526	0.82727744718897
6561.0085265133	0.8248081909041
6561.0335874697	0.82214866692146
6561.0586485218	0.82161057445995
6561.0837096697	0.82248640828112
6561.1087709132	0.82447941373018
6561.1338322525	0.81814165139032
6561.1588936876	0.80677739573299
6561.1839552183	0.7903835603635
6561.2090168448	0.77753643239316
6561.234078567	0.77089473775169
6561.2591403849	0.76841679886587
6561.2842022986	0.77028170420447
6561.309264308	0.77221168439803
6561.3343264131	0.76963805853085
6561.3593886155	0.76903884053267
6561.384450912	0.76752395356238
6561.4095133043	0.76725226064324
6561.4345757924	0.76748657367199
6561.4596383761	0.76678576084645
6561.4847010556	0.76483203787681
6561.5097638309	0.76616136889847
6561.5348267018	0.76755501669854
6561.5598896685	0.75978565928342
6561.584952731	0.75253001063968
6561.6100158891	0.74962406189265
6561.635079143	0.74878791232835
6561.6601424926	0.74641808301739
6561.685205938	0.74078277786552
6561.7102694791	0.73404807826491
6561.7353331159	0.72757041707435
6561.7603968485	0.72061802402587
6561.7854606768	0.71168713428452
6561.8105246008	0.70242808804061
6561.8355886221	0.6983552741462
6561.8606527376	0.69444790759922
6561.8857169488	0.68814404434572
6561.9107812558	0.68217040760973
6561.9358456585	0.67745056550005
6561.960910157	0.67389985861697
6561.9859747512	0.67104183444638
6562.0110394411	0.6687136395721
6562.0361042268	0.66761823803539
6562.0611691082	0.66754965585681
6562.0862340854	0.66640420552701
6562.1112991583	0.66672578728224
6562.1363643269	0.66712449045451
6562.1614295913	0.6613389807821
6562.1864949514	0.65561402610873
6562.2115604073	0.65242763066055
6562.2366259589	0.64984295229155
6562.2616916062	0.64750727723917
6562.2867573493	0.64616611671448
6562.3118231896	0.64478252976531
6562.3368891242	0.64115238943062
6562.3619551545	0.63792853894263
6562.3870212806	0.63913144566535
6562.4120875024	0.64049184374818
6562.4371538199	0.63980277880292
6562.4622202332	0.63875508471889
6562.4872867423	0.63590321187539
6562.5123533471	0.63180523946839
6562.5374200476	0.62575588049691
6562.5624868439	0.62200838181138
6562.5875537359	0.61941697747776
6562.6126207237	0.62077879170571
6562.6376878072	0.62521154476284
6562.6627549865	0.62547505243026
6562.6878222615	0.62456162885842
6562.7128896323	0.62602986847722
6562.7379570988	0.62873760307002
6562.763024661	0.63196822810931
6562.7880923191	0.63430855020108
6562.8131600743	0.63567148233145
6562.8382279239	0.63522882113159
6562.8632958691	0.63424654473033
6562.8883639101	0.63565415565554
6562.9134320469	0.63888116866783
6562.9385002794	0.63873372370304
6562.9635686077	0.63787743399343
6562.9886370318	0.64059996994901
6563.0137055515	0.64443664751142
6563.0387741671	0.65119170379239
6563.0638428784	0.65568289504566
6563.0889116854	0.65528331965501
6563.1139805882	0.65830243943442
6563.1390495868	0.66567394239432
6563.1641186811	0.67166203906177
6563.1891878712	0.6757244291786
6563.214257157	0.67770181435658
6563.2393265386	0.67832195750033
6563.2643960159	0.68470472042538
6563.2894655905	0.6903638313365
6563.3145352594	0.69131755146871
6563.339605024	0.69220829987341
6563.3646748843	0.69669815498701
6563.3897448405	0.70251164147243
6563.4148148924	0.7096899115359
6563.43988504	0.71412013180859
6563.4649552834	0.71578243903883
6563.4900256226	0.72185500336718
6563.5150960575	0.7275088059379
6563.5401665882	0.72635062620377
6563.5652372147	0.72564359369744
6563.5903079369	0.72542682166024
6563.6153787548	0.72820406998887
6563.6404496686	0.73733740877636
6563.6655206781	0.7440512850771
6563.6905917833	0.74779290132325
6563.7156629844	0.75503045058924
6563.7407342812	0.76475393411103
6563.7658056752	0.77096779693771
6563.7908771635	0.7763706476271
6563.8159487476	0.77953874191775
6563.8410204275	0.78220951481679
6563.8660922031	0.78785143366587
6563.8911640745	0.79293687370808
6563.9162360416	0.79676495123651
6563.9413081046	0.80062527578137
6563.9663802632	0.80450386320979
6563.9914525177	0.81160142385483
6564.0165248679	0.82071586908226
6564.0415973139	0.82345175520094
6564.0666698557	0.82357684869697
6564.0917424932	0.81746438012038
6564.1168152265	0.81146702736413
6564.1418880555	0.81711656092397
6564.1669609804	0.82242834004011
6564.192034001	0.82400266214746
6564.2171071174	0.82195475564389
6564.242180331	0.81609263772633
6564.2672536389	0.81255860401111
6564.2923270426	0.80947946320151
6564.3174005421	0.81401485998564
6564.3424741373	0.82134496459031
6564.3675478283	0.83707886368465
6564.3926216151	0.85253282072209
6564.4176954977	0.86265729196899
6564.442769476	0.87092687518354
6564.4678435501	0.87665578232357
6564.49291772	0.88145433684097
6564.5179919857	0.8844121344574
6564.5430663471	0.88948714254677
6564.5681408043	0.89480565567354
6564.5932153573	0.89126982184755
6564.618290006	0.88708806935171
6564.6433647506	0.89246149156654
6564.6684395909	0.89944587462983
6564.693514527	0.89560195591362
6564.7185895589	0.89343125076247
6564.743664688	0.89285182360949
6564.7687399115	0.89482059700538
6564.7938152307	0.89806435956898
6564.8188906456	0.90015251666347
6564.8439661564	0.90036711418931
6564.869041763	0.901771832696
6564.8941174653	0.90120836504114
6564.9191932634	0.9071171427206
6564.9442691573	0.91277917189088
6564.969345147	0.91446613496468
6564.9944212324	0.91602766446049
6565.0194974137	0.91784248491123
6565.0445736907	0.91726883293907
6565.0696500635	0.91145701810913
6565.0947265321	0.91141309021801
6565.1198030965	0.91685975486622
6565.1448797566	0.92295736060208
6565.1699565126	0.93062471121337
6565.1950333643	0.93021947356963
6565.2201103133	0.92956296993749
6565.2451873566	0.92726583947554
6565.2702644957	0.92735753479231
6565.2953417306	0.93472522172648
6565.3204190612	0.93682261031314
6565.3454964877	0.93321271565056
6565.3705740099	0.93233760739904
6565.3956516279	0.93345495199729
6565.4207293418	0.9377587650649
6565.4458071514	0.942778672859
6565.4708850567	0.93600525407102
6565.4959630579	0.92851470772488
6565.5210411549	0.92958663107743
6565.5461193477	0.92992818537421
6565.5711976362	0.92493611070416
6565.5962760205	0.92315398191198
6565.6213545007	0.92698714681645
6565.6464330766	0.92728128688517
6565.6715117483	0.92481791751901
6565.6965905173	0.93138255662417
6565.7216693806	0.93985722810054
6565.7467483397	0.93939583745702
6565.7718273946	0.93975354620433
6565.7969065453	0.94419438900812
6565.8219857918	0.94703977193465
6565.8470651341	0.94849687134973
6565.8721445721	0.94939536107484
6565.897224106	0.94699124815836
6565.9223037356	0.94338605805426
6565.9473834611	0.94160818709783
6565.9724632824	0.94529812137393
6565.9975431994	0.94901142432123
6566.0226232122	0.94508149115021
6566.0477033209	0.94130189628424
6566.0727835253	0.9323942672575
6566.0978638256	0.92877179953181
6566.1229442216	0.93402105492227
6566.1480247134	0.93639542329717
6566.1731053011	0.9365185821125
6566.198185986	0.93820012952503
6566.2232667653	0.93900564551895
6566.2483476403	0.94121373648012
6566.2734286111	0.94399316623143
6566.2985096778	0.95043039839987
6566.3235908402	0.95428327840886
6566.3486720985	0.95469793001984
6566.3737534525	0.95516924204009
6566.3988349024	0.95938483517251
6566.423916448	0.96233016993544
6566.4489980895	0.96462097519434
6566.4740798267	0.96599382281514
6566.4991616598	0.96671026717299
6566.5242435886	0.9604254238034
6566.5493256133	0.95825568542481
6566.5744077338	0.95706687349659
6566.5994899501	0.95693876322779
6566.6245722622	0.95443370389317
6566.6496546701	0.95243683942293
6566.6747371753	0.95498219162643
6566.6998197748	0.9573183165471
6566.7249024701	0.9591847278057
6566.7499852612	0.96009357821384
6566.7750681482	0.96633654249421
6566.8001511309	0.97080726432452
6566.8252342095	0.96663912259445
6566.8503173838	0.96112275122196
6566.875400654	0.96283166505561
6566.90048402	0.96655672078723
6566.9255674818	0.96896952866807
6566.9506510394	0.97117177586484
6566.9757346928	0.96800585381231
6567.000818442	0.96430097899084
6567.025902287	0.96732701154174
6567.0509862279	0.97147993487051
6567.0760702645	0.96906319348019
6567.101154397	0.96609249835399
6567.1262386253	0.96863914199075
6567.1513229509	0.97236591097343
6567.1764073708	0.97219639046604
6567.2014918866	0.96960499253954
6567.2265764981	0.96862535819101
6567.2516612055	0.96997488029163
6567.2767460086	0.97258930120848
6567.3018309076	0.97478758053594
6567.3269159024	0.97602917759556
6567.3520009931	0.97731583682982
6567.3770861795	0.97501836821905
6567.4021714618	0.97133188467244
6567.4272568398	0.97076863188214
6567.4523423137	0.97089860206784
6567.4774278834	0.9703540113803
6567.502513549	0.97032154399322
6567.5275993103	0.97346414077071
6567.5526851675	0.97860541068322
6567.5777711205	0.97917764639136
6567.6028571693	0.97561317063576
6567.6279433154	0.97223427876565
6567.6530295559	0.96927119934206
6567.6781158922	0.9690133545128
6567.7032023243	0.97254333673462
6567.7282888522	0.97434748657073
6567.7533754759	0.97277305436149
6567.7784621955	0.97193193919594
6567.8035490109	0.9739441705528
6567.8286359221	0.97503333579716
6567.8537229291	0.97259575571907
6567.878810032	0.9705160118992
6567.9038972307	0.97099724143261
6567.9289845252	0.97145172647179
6567.9540719155	0.97103628979688
6567.9791594017	0.97381982817885
6568.0042469836	0.98175221404983
6568.0293346615	0.98598689054144
6568.0544224351	0.98052264533514
6568.0795103046	0.97537823642064
6568.1045982699	0.97101005460599
6568.1296863325	0.96757226252375
6568.1547744894	0.96849204097992
6568.1798627422	0.96870522474658
6568.2049510908	0.9637383480168
6568.2300395353	0.95931935324069
6568.2551280755	0.96326368618737
6568.2802167116	0.9663785782338
6568.3053054436	0.96498405095677
6568.3303942713	0.96202361892582
6568.3554831949	0.95723660847782
6568.3805722143	0.95291757745091
6568.4056613296	0.95429409795763
6568.4307505407	0.95620076008226
6568.4558398476	0.95676515964942
6568.4809292503	0.95792385363395
6568.5060187489	0.95500218420325
6568.5311083434	0.9525898416758
6568.5561980336	0.94838564554554
6568.5812878197	0.94504670639
6568.6063777031	0.94325772118205
6568.6314676809	0.94062859998744
6568.6565577545	0.94298155363769
6568.6816479239	0.94575539387974
6568.7067381892	0.94921427504911
6568.7318285503	0.95229989414051
6568.7569190072	0.944634815946
6568.78200956	0.93579306389375
6568.8071002086	0.93152714819996
6568.8321909531	0.92802962439737
6568.8572817934	0.92362318340347
6568.8823727295	0.91977289024269
6568.9074637615	0.92204045983574
6568.9325548893	0.92599626919402
6568.9576461129	0.92672177675654
6568.9827374324	0.92624591376633
6569.0078288478	0.9298252984805
6569.0329203589	0.93472432329513
6569.058011966	0.94162977019609
6569.0831036703	0.94879463892048
6569.108195469	0.95060156871162
6569.1332873636	0.95019935891878
6569.158379354	0.95382518446872
6569.1834714402	0.95938410776626
6569.2085636223	0.95885314678202
6569.2336559002	0.95517812774142
6569.2587482739	0.95828164791321
6569.2838407436	0.96480245271796
6569.308933309	0.96699797848213
6569.3340259703	0.96677452877915
6569.3591187274	0.96543537535339
6569.3842115804	0.96226628208113
6569.4093045293	0.96274601447934
6569.4343975739	0.96699503820769
6569.4594907145	0.96806896443242
6569.4845839509	0.96729247067583
6569.5096772831	0.96659506090415
6569.5347707112	0.96459418296489
6569.5598642351	0.96557544248813
6569.5849578564	0.97036826939017
6569.610051572	0.97381838274926
6569.6351453835	0.97676106059942
6569.6602392908	0.978937889686
6569.685333294	0.9788739905858
6569.710427393	0.98352204093007
6569.7355215879	0.99352347121472
6569.7606158786	0.99819812985313
6569.7857102652	0.99426136704976
6569.8108047476	0.98833063090889
6569.8358993259	0.97989539487784
6569.860994	0.97338205972156
6569.88608877	0.96753551045732
6569.9111836359	0.96459283165444
6569.9362785976	0.96092031416455
6569.9613736551	0.96334650459669
6569.9864688085	0.97460980174038
6570.0115640578	0.98579745430816
6570.0366594029	1.0039587601676
6570.0617548454	1.0129876499144
6570.0868503822	1.024823400741
6570.1119460149	1.027281334515
6570.1370417435	1.0271813504487
6570.1621375679	1.0239122509919
6570.1872334882	1.0135914036881
6570.2123295043	1.0061659310465
6570.2374256163	0.99656818776347
6570.2625218241	0.9912323567664
6570.2876181278	0.99063204991196
6570.3127145274	0.99425213660472
6570.3378110228	0.99351675502358
6570.3629076141	0.9928951177287
6570.3880043012	0.99118060830178
6570.4131010842	0.99150894035715
6570.4381979631	0.98892898620786
6570.4632949378	0.98688714159363
6570.4883920084	0.99268002407538
6570.5134891749	0.99618010850027
6570.5385864387	0.9856588911744
6570.5636837969	0.97982399397586
6570.5887812509	0.98386031659336
6570.6138788008	0.98674033913455
6570.6389764466	0.98560539266441
6570.6640741882	0.98489083959955
6570.6891720257	0.98013351494371
6570.7142699591	0.97601105592249
6570.7393679883	0.98199501422842
6570.7644661134	0.98548182907726
6570.7895643344	0.9897120394566
6570.8146626512	0.99196614687833
6570.8397610639	0.99400663970684
6570.8648595725	0.99503523582706
6570.8899581769	0.9944625159364
6570.9150568772	0.99571225356438
6570.9401556734	0.99874574849006
6570.9652545655	1.0027465866836
6570.9903535534	1.0042367201806
6571.0154526372	1.0051918578674
6571.0405518183	1.0045540008285
6571.0656510939	1.0024446965825
6571.0907504653	1.00003042913
6571.1158499325	0.99791461586861
6571.1409494957	1.0001695669144
6571.1660491547	1.0043616818829
6571.1911489096	1.0036148217202
6571.2162487603	1.003590348276
6571.241348707	1.0023594982216
6571.2664487495	1.0024774101664
6571.2915488879	1.0076851783437
6571.3166491221	1.0131060459645
6571.3417494522	1.013818609113
6571.3668498783	1.0111212905247
6571.3919504001	1.0114301717223
6571.4170510179	1.0124639924355
6571.4421517315	1.0095796361058
6571.467252541	1.0058474329711
6571.4923534464	1.006405693368
6571.5174544492	1.0089542058515
6571.5425555463	1.0105645579053
6571.5676567394	1.0113413262739
6571.5927580283	1.0122089938397
6571.617859413	1.0122338937357
6571.6429608937	1.0156613176241
6571.6680624702	1.0199395855728
6571.6931641426	1.0195563905935
6571.7182659109	1.0172110968388
6571.7433677751	1.0128723416482
6571.7684697352	1.0074412158449
6571.7935717911	1.0014893190398
6571.8186739429	0.99756617594556
6571.8437761906	0.99521147801457
6571.8688785342	0.99361633911385
6571.8939809737	0.99786871969025
6571.9190835091	1.0043680983221
6571.9441861403	1.007946446505
6571.9692888674	1.0089134571495
6571.9943916919	1.0064793178358
6572.0194946108	0.999805663919
6572.0445976256	0.99305152047954
6572.0697007363	0.98893047556316
6572.0948039428	0.97619568305237
6572.1199072452	0.95338365505531
6572.1450106436	0.93394289536174
6572.1701141378	0.91872175879469
6572.1952177279	0.91056710675416
6572.2203214138	0.9110371109617
6572.2454251957	0.92200941239424
6572.2705290735	0.94634086158028
6572.2956330471	0.96571198666588
6572.3207371167	0.97826168102777
6572.3458412821	0.98813770423714
6572.3709455434	0.99753349309638
6572.3960499006	1.0029260078072
6572.4211543537	0.99903413350463
6572.4462589027	0.99827568584653
6572.4713635491	1.001912437074
6572.4964682898	1.0034652026629
6572.5215731265	1.0027978659254
6572.5466780591	1.0049634290193
6572.5717830875	1.0109119735735
6572.5968882119	1.0156502628093
6572.6219934321	1.0159766208717
6572.6470987482	1.0148484490962
6572.6722041602	1.0124448899235
6572.6973096682	1.0096729455376
6572.722415272	1.0059021557756
6572.7475209717	1.0043445771282
6572.7726267673	1.0059497760248
6572.7977326588	1.0057160250657
6572.8228386462	1.0056536387077
6572.8479447295	1.0067214595743
6572.8730509087	1.0056904444474
6572.8981571837	1.0042072208752
6572.9232635547	1.0047846890029
6572.9483700216	1.006760835464
6572.9734765859	1.0069268609713
6572.9985832446	1.0074024750835
6573.0236899992	1.0088054796988
6573.0487968497	1.0118671259109
6573.073903796	1.0228988252591
6573.0990108383	1.0310108069598
6573.1241179765	1.0323985040086
6573.1492252106	1.0324535165807
6573.1743325406	1.0331996881526
6573.1994399665	1.0346076663696
6573.2245474883	1.0298410915241
6573.2496551059	1.0251736336393
6573.2747628195	1.0207544598065
6573.299870629	1.0161286642384
6573.3249785344	1.0118499273138
6573.3500865357	1.0093588442766
6573.375194633	1.0019268635888
6573.4003028261	0.99523202606219
6573.4254111151	0.98312324043277
6573.4505195015	0.97796615207934
6573.4756279824	0.96582049807007
6573.5007365591	0.96020060904436
6573.5258452318	0.96212278576121
6573.5509540003	0.96392922435528
6573.5760628648	0.98256165207339
6573.6011718251	0.99367977184358
6573.6262808814	1.0155137693425
6573.6513900336	1.0247130146373
6573.6764992817	1.0359736350647
6573.7016086257	1.03763968573
6573.7267180656	1.038481622388
6573.7518276014	1.0402727903183
6573.7769372332	1.0326087101312
6573.8020469608	1.0280826688621
6573.8271567844	1.023675438954
6573.8522667038	1.0253674977626
6573.8773767192	1.016311704142
6573.9024868305	1.0064260677759
6573.9275970392	1.0030678702858
6573.9527073423	1.0047518364926
6573.9778177414	1.009009391924
6574.0029282363	1.0145612411628
6574.0280388272	1.0114215940065
6574.053149514	1.0094169407491
6574.0782602966	1.0088262758802
6574.1033711752	1.004548299987
6574.1284821498	1.0066166764213
6574.1535932202	1.0069183259501
6574.1787043865	1.0018179170767
6574.2038156488	0.99406402368984
6574.228927007	0.99157216742471
6574.2540384611	0.99382523750805
6574.2791500111	0.98891153096976
6574.3042616571	0.98301131749547
6574.3293733989	0.9849627140285
6574.3544852367	0.98904509121959
6574.3795971704	0.99127211701185
6574.4047092	0.99346812345156
6574.429821327	0.99451067392294
6574.4549335485	0.99480941448386
6574.4800458659	0.99661449368843
6574.5051582792	1.0002849929774
6574.5302707884	0.99821685149802
6574.5553833935	0.99279786419983
6574.5804960946	0.99527580571514
6574.6056088916	1.001019737972
6574.6307217845	1.0006814095588
6574.6558347733	0.99652176765398
6574.680947858	0.99291293142199
6574.7060610387	0.99192130441166
6574.7311743153	0.99592312336969
6574.7562876878	1.0009824192709
6574.7814011563	0.99729051613144
6574.8065147207	0.98960636868021
6574.831628381	0.97288073668095
6574.8567421372	0.95398504443624
6574.8818559894	0.92116074800659
6574.9069699389	0.88740636058809
6574.932083983	0.86772256333812
6574.9571981229	0.85822300656724
6574.9823123588	0.86988163569197
6575.0074266906	0.88904782752515
6575.0325411183	0.93083527154271
6575.0576556419	0.97613622304881
6575.0827702615	1.0086071548234
6575.107884977	1.0277809813423
6575.1329997885	1.0380699302653
6575.1581146958	1.045492159426
6575.1832296991	1.0429669054238
6575.2083447984	1.0384074046447
6575.2334599935	1.0332225808432
6575.2585752846	1.0293483067056
6575.2836906716	1.032801132736
6575.3088061546	1.0408817180544
6575.3339217335	1.0427180807909
6575.3590374083	1.0402262070824
6575.3841531806	1.0418161103059
6575.4092690473	1.0464613811814
6575.4343850099	1.0454306764313
6575.4595010685	1.0394993559949
6575.484617223	1.035622761733
6575.5097334734	1.0343060410693
6575.5348498198	1.0344679686409
6575.5599662621	1.0347263519155
6575.5850828004	1.0302498671744
6575.6101994346	1.0220744146794
6575.6353161647	1.0122351572876
6575.6604329907	1.0022058558825
6575.6855499127	0.99396688807333
6575.7106669307	0.99027033216461
6575.7357840445	0.99099395367109
6575.7609012544	0.99308431629012
6575.7860185601	1.0047742491859
6575.8111359618	1.0216944766313
6575.8362534594	1.0389879129513
6575.8613710545	1.0527319190259
6575.886488744	1.0622549843167
6575.9116065295	1.0712986355059
6575.9367244109	1.0746393761237
6575.9618423882	1.077926085552
6575.9869604615	1.0762720280571
6576.0120786307	1.072207751381
6576.0371968959	1.0671076929622
6576.062315257	1.0603757302419
6576.0874337141	1.05700156485
6576.1125522671	1.0535715109012
6576.137670916	1.049173549651
6576.1627896609	1.0442656518036
6576.1879085018	1.0388982790895
6576.2130274386	1.0322589234191
6576.2381464713	1.0291463855506
6576.2632656	1.0286914925795
6576.2883848246	1.0265351834864
6576.3135041452	1.0246774954873
6576.3386235617	1.0260331453838
6576.3637430757	1.0289897309016
6576.3888626841	1.0308198807945
6576.4139823885	1.0305300235616
6576.4391021888	1.0317090371512
6576.464222085	1.0343711930016
6576.4893420772	1.0352180185851
6576.5144621654	1.0343131306208
6576.5395823495	1.0330781629331
6576.5647026296	1.030826632585
6576.5898230056	1.0315506606254
6576.6149434776	1.0360649688188
6576.6400640455	1.041477160295
6576.6651847094	1.0476043058855
6576.6903054692	1.0513347746168
6576.715426325	1.0526933845656
6576.7405472767	1.0538800618002
6576.7656683244	1.0537573332617
6576.790789468	1.0524541189481
6576.8159107076	1.053204716041
6576.8410320447	1.0512908068872
6576.8661534762	1.0444361159876
6576.8912750037	1.0412952481695
6576.9163966271	1.0419046408376
6576.9415183465	1.0430520666388
6576.9666401618	1.0437057839455
6576.9917620731	1.0437312964358
6577.0168840804	1.04071087065
6577.0420061836	1.0388083549471
6577.0671283827	1.0415297628489
6577.0922506778	1.044187290357
6577.1173730689	1.05025443391
6577.142495556	1.0548737943766
6577.167618139	1.0545762326775
6577.1927408179	1.0539573182241
6577.2178635929	1.0556107775678
6577.2429864637	1.0578912966657
6577.2681094306	1.0604780699244
6577.2932324934	1.0623476988752
6577.3183556537	1.0624871079407
6577.3434789084	1.0629090230706
6577.3686022591	1.0609750433979
6577.3937257058	1.0588856248786
6577.4188492484	1.0574331391571
6577.443972887	1.0569654291917
6577.4690966215	1.0618336660041
6577.494220452	1.0647016520012
6577.5193443785	1.0594914753733
6577.544468401	1.052062124065
6577.5695925194	1.0437392475628
6577.5947167337	1.041070138691
6577.6198410441	1.0460642437159
6577.6449654504	1.0511354423075
6577.6700899527	1.054547829736
6577.6952145509	1.0570050750545
6577.7203392451	1.0574554335007
6577.7454640353	1.0574267171076
6577.7705889215	1.0610823542119
6577.7957139036	1.0618109629715
6577.8208389832	1.0611154195701
6577.8459641572	1.0613123896109
6577.8710894273	1.0609221901658
6577.8962147933	1.0595422180079
6577.9213402552	1.0542324184225
6577.9464658132	1.0517149899419
6577.9715914671	1.0552563373817
6577.996717217	1.0590477080959
6578.0218430628	1.0606447259508
6578.0469690047	1.0592351676219
6578.0720950425	1.0550653462988
6578.0972211762	1.0551324421095
6578.122347406	1.058498534132
6578.1474737317	1.0581732403066
6578.1726001534	1.0553027401298
6578.1977266711	1.0540575402283
6578.2228532847	1.0511949544057
6578.2479799943	1.0494816789859
6578.2731067999	1.0536715689941
6578.298233703	1.0578246780233
6578.3233607006	1.0600746184682
6578.3484877941	1.0625187285915
6578.3736149836	1.0619002103726
6578.3987422691	1.0599836334727
6578.4238696506	1.0614355515465
6578.448997128	1.0629183009699
6578.4741247014	1.0612990816451
6578.4992523708	1.0586848862891
6578.5243801362	1.0571060271145
6578.5495079976	1.055537833491
6578.5746359549	1.0571749955358
6578.5997640082	1.059758793159
6578.6248921575	1.0601426224007
6578.6500204028	1.0607057745541
6578.6751487441	1.0609512124038
6578.7002771813	1.0601239981849
6578.7254057146	1.0566486352018
6578.7505343438	1.0554136578062
6578.7756630705	1.0604423232072
6578.8007918917	1.0641219845234
6578.8259208088	1.0635816937603
6578.851049822	1.0638559942651
6578.8761789311	1.0664400765352
6578.9013081362	1.0675019625648
6578.9264374373	1.0655388688323
6578.9515668344	1.0656189037239
6578.9766963275	1.0685640633254
6579.0018259166	1.0694594636768
6579.0269556016	1.0721268030989
6579.0520853827	1.0741710702693
6579.0772152597	1.0645489340618
6579.1023452327	1.0569119342299
6579.1274753017	1.0561182735722
6579.1526054667	1.0537737716886
6579.1777357277	1.0518942005783
6579.2028660846	1.052244048907
6579.2279965376	1.056237815041
6579.2531270866	1.0591876456111
6579.278257733	1.05922868801
6579.3033884739	1.0607172137636
6579.3285193109	1.0653365823931
6579.3536502438	1.0666411511634
6579.3787812727	1.0593427677638
6579.4039123976	1.052042067465
6579.4290436185	1.0422007065717
6579.4541749354	1.0364745650678
6579.4793063482	1.0485913768587
6579.5044378571	1.058747267882
6579.529569462	1.0590938111401
6579.5547011628	1.0596174922125
6579.5798329597	1.0580061823529
6579.6049648526	1.0579762334429
6579.6300968414	1.0628755824668
6579.6552289262	1.0660884914767
6579.6803611071	1.0661293525126
6579.7054933839	1.0658772196374
6579.7306257568	1.067671628142
6579.7557582271	1.0694704382915
6579.7808907919	1.0710507710795
6579.8060234528	1.0714873367749
6579.8311562096	1.0711571077384
6579.8562890624	1.070782890105
6579.8814220112	1.0690231219589
6579.9065550561	1.0671464991188
6579.9316881969	1.0636404358808
6579.9568214337	1.061819031072
6579.9819547666	1.0670826697742
6580.0070881954	1.0715673297548
6580.0322217202	1.065341181369
6580.0573553411	1.059667326804
6580.0824890579	1.0594404105391
6580.1076228707	1.0605804467909
6580.1327567796	1.0645854169528
6580.1578907844	1.0648410583308
6580.1830248853	1.0559531134086
6580.2081590821	1.0509500654829
6580.2332933765	1.0594099004253
6580.2584277653	1.0642404145956
6580.2835622502	1.0607067342556
6580.3086968311	1.0576933026561
6580.333831508	1.0559070183639
6580.3589662809	1.0549473027926
6580.3841011497	1.0556860944522
6580.4092361146	1.0575754014
6580.4343711756	1.0594766184507
6580.4595063325	1.0592463919146
6580.4846415854	1.0563161861012
6580.5097769343	1.0561688161511
6580.5349123793	1.0599689380285
6580.5600479202	1.0598801428233
6580.5851835572	1.0521006915514
6580.6103192901	1.0486031815594
6580.6354551191	1.0525301155714
6580.6605910441	1.0563749034582
6580.6857270651	1.0588764141778
6580.7108631837	1.0589441917602
6580.7359993967	1.0532935408786
6580.7611357057	1.0477933879037
6580.7862721108	1.0452871895658
6580.8114086118	1.0398496336116
6580.8365452089	1.0268114474129
6580.861681902	1.0174054594191
6580.8868186911	1.0131394248196
6580.9119555762	1.0136552922469
6580.9370925574	1.0237580193545
6580.9622296345	1.031257096358
6580.9873668077	1.0324407885542
6581.0125040769	1.0428610327762
6581.0376414421	1.0721316929496
6581.0627789033	1.0881340513762
6581.0879164605	1.0786665177515
6581.1130541138	1.0697981646485
6581.138191863	1.0703674458034
6581.1633297083	1.0715486927015
6581.1884676496	1.0709104621934
6581.2136056885	1.0682826459505
6581.2387438218	1.0618618756459
6581.2638820512	1.0573611041349
6581.2890203765	1.0573558991696
6581.3141587979	1.0586455906559
6581.3392973154	1.0589922919458
6581.3644359288	1.0611562548797
6581.3895746383	1.0627768439583
6581.4147134438	1.0651895796214
6581.4398523453	1.0680404116738
6581.4649913428	1.070974494883
6581.4901304364	1.0718516031996
6581.5152696259	1.0719579766937
6581.5404089115	1.0731003964726
6581.5655482932	1.0742023459668
6581.5906877708	1.0725979290878
6581.6158273445	1.0712021198347
6581.6409670142	1.0719713735902
6581.6661067799	1.0752166616516
6581.6912466432	1.0801040241265
6581.716386601	1.0819247763117
6581.7415266548	1.080117716743
6581.7666668046	1.0778510328752
6581.7918070505	1.07538605197
6581.8169473924	1.0726617334345
6581.8420878303	1.0709521026704
6581.8672283642	1.0689841509725
6581.8923689942	1.0638922916627
6581.9175097202	1.0599293823198
6581.9426505422	1.0584837659601
6581.9677914603	1.0647358420659
6581.9929324744	1.0764871312081
6582.0180735845	1.0862067542305
6582.0432147906	1.0945047693887
6582.0683560928	1.1005886710478
6582.093497491	1.1072659198579
6582.1186389853	1.1089645730559
6582.1437805756	1.1097148332034
6582.1689222634	1.10593642207
6582.1940640457	1.0969983090432
6582.2192059241	1.0892163186633
6582.2443478985	1.0818832762756
6582.269489969	1.0789502258656
6582.2946321355	1.0811648753656
6582.319774398	1.0836083014414
6582.3449167565	1.086496804116
6582.3700592111	1.0902858254436
6582.3952017618	1.0926929864009
6582.4203444084	1.0942069638191
6582.4454871511	1.0931635709717
6582.4706299898	1.0948048190704
6582.4957729246	1.0906404960762
6582.5209159554	1.0860791162056
6582.5460590823	1.0777974127458
6582.5712023052	1.0740130310791
6582.5963456241	1.0767018318665
6582.6214890391	1.0785201776287
6582.6466325501	1.0787871294211
6582.6717761586	1.0772579964303
6582.6969198617	1.0746527313672
6582.7220636609	1.0742628027458
6582.747207556	1.0766059035555
6582.7723515472	1.0761525163818
6582.7974956345	1.0723608148204
6582.8226398178	1.0688479744715
6582.8477840971	1.0647339988213
6582.8729284725	1.0623948836822
6582.8980729439	1.0569867670258
6582.9232175114	1.0598888862468
6582.9483621749	1.0682657701631
6582.9735069345	1.0701632916867
6582.9986517901	1.0652497508574
6583.0237967417	1.0649944870148
6583.0489417894	1.0708581975141
6583.0740869332	1.0738183738386
6583.0992321729	1.0743606376317
6583.1243775088	1.0746598445705
6583.1495229422	1.0456363192141
6583.1746684701	1.1049887886263
6583.1998140941	1.0779058482895
6583.2249598141	1.0985456743804
6583.2501056302	1.1184537111883
6583.2752515423	1.1055818657576
6583.3003975505	1.1013491359687
6583.3255436547	1.0932243853291
6583.350689855	1.0927532060352
6583.3758361513	1.0455917563856
6583.4009825436	1.0171821169197
6583.4261290321	1.0128758368841
6583.4512756165	1.0170085717536
6583.4764222971	1.0270562429352
6583.5015690736	1.0617106560557
6583.5267159463	1.0840335403229
6583.551862915	1.0905657365209
6583.5770099797	1.0854625373459
6583.6021571405	1.0756036772307
6583.6273043989	1.0657928083268
6583.6524517518	1.0672495943647
6583.6775992007	1.076500268664
6583.7027467457	1.077720775065
6583.7278943868	1.0772112577321
6583.7530421239	1.0803961789165
6583.7781899571	1.0810188303084
6583.8033378863	1.0770620575259
6583.8284859116	1.0678817446037
6583.853634033	1.079758476125
6583.8787822504	1.0892672571374
6583.9039305638	1.0929340943202
6583.9290789734	1.0911432340065
6583.9542274789	1.0901992577609
6583.9793760806	1.086769242097
6584.0045247783	1.0927014206149
6584.029673572	1.0980773428979
