6544.3849480382	0.97656960814962
6544.4099454979	0.96963658080826
6544.434943053	0.96222262785881
6544.4599407051	0.95701140242419
6544.4849384512	0.95306486914573
6544.5099362928	0.95573698587496
6544.5349342298	0.96061832688243
6544.5599322623	0.96788508268417
6544.5849303904	0.97578598682463
6544.6099286139	0.97798426603169
6544.6349269329	0.9781753159369
6544.6599253473	0.97846667061425
6544.6849238573	0.98112258475434
6544.7099224628	0.98565919034559
6544.7349211637	0.98603603010943
6544.7599199601	0.9815165579238
6544.784918852	0.97778460314934
6544.8099178394	0.97458839252208
6544.8349169223	0.97445381020218
6544.8599161007	0.9760317318781
6544.8849153745	0.97360705326664
6544.9099147439	0.96962197450732
6544.9349142102	0.97530299519517
6544.9599137706	0.98148106568805
6544.9849134264	0.98569552662047
6545.0099131777	0.9875461947994
6545.0349130245	0.98769691470673
6545.0599129668	0.987964019107
6545.0849130046	0.99053109687342
6545.1099131379	0.99060979797362
6545.1349133666	0.98598410652338
6545.1599136909	0.98561964625901
6545.1849141107	0.98773560745593
6545.2099146259	0.98540583753914
6545.2349152367	0.97954566163031
6545.2599159429	0.97504984567199
6545.2849167446	0.97366104389485
6545.3099176419	0.97422700749706
6545.3349186346	0.97920571349835
6545.3599197228	0.96857298841403
6545.3849209065	0.96108009993856
6545.4099221872	0.95771550263537
6545.434923562	0.95878666851978
6545.4599250322	0.95498297709098
6545.4849265979	0.9524402956177
6545.5099282591	0.95339829156646
6545.5349300158	0.95236812446608
6545.559931868	0.95594644620289
6545.5849338157	0.95784494395733
6545.6099358589	0.96140692843528
6545.6349379976	0.95639832518975
6545.6599402318	0.94840375785682
6545.6849425615	0.9423121968013
6545.7099449867	0.93965184423687
6545.7349475074	0.93481781418875
6545.7599501236	0.93562598798197
6545.7849528353	0.92863093201883
6545.8099556425	0.92662101787804
6545.8349585452	0.92484234491024
6545.8599615434	0.92518274132978
6545.8849646371	0.9233845404893
6545.9099678278	0.92305008299584
6545.9349711126	0.92332270121507
6545.9599744928	0.92395305629878
6545.9849779685	0.92430526128459
6546.0099815398	0.92403582405243
6546.0349852065	0.9231921736156
6546.0599889688	0.92085431053238
6546.0849928265	0.91692924058362
6546.1099967798	0.91552798194271
6546.1350008286	0.91645086400408
6546.1600049729	0.91508050646361
6546.1850092126	0.91298771320679
6546.2100135479	0.90964469262386
6546.2350179787	0.90829310756633
6546.260022505	0.90505644780758
6546.2850271269	0.90061088557485
6546.3100318442	0.88947671275507
6546.335036657	0.87854454750156
6546.3600415654	0.86896629365088
6546.3850465708	0.86376935009837
6546.4100516701	0.86422038620255
6546.435056865	0.86966515178662
6546.4600621554	0.88204849654483
6546.4850675413	0.88950943874118
6546.5100730227	0.89780359278424
6546.5350785997	0.90645837830775
6546.5600842721	0.91432156484959
6546.5850900401	0.92221515450564
6546.6100959036	0.92987895301228
6546.6351018626	0.93725358944772
6546.6601079171	0.94064712662981
6546.6851140671	0.941199875209
6546.7101203126	0.94243454312161
6546.7351266537	0.9454122287663
6546.7601330902	0.94866397613175
6546.7851396223	0.9513170501677
6546.8101462499	0.95246296529833
6546.8351529731	0.95107097285248
6546.8601597932	0.95313790639205
6546.8851667073	0.95627318639098
6546.910173717	0.96463055139619
6546.9351808222	0.97382617205006
6546.9601880229	0.97115059881718
6546.9851953192	0.9650118277882
6547.0102027109	0.95966387822911
6547.0352101982	0.95809024047606
6547.060217781	0.96566252478899
6547.0852254593	0.96894646294464
6547.1102332331	0.96321405160169
6547.1352411025	0.9555970780833
6547.1602490673	0.94665059357007
6547.1852571277	0.93607760483947
6547.2102652837	0.92265627266511
6547.2352735351	0.90194630640057
6547.2602818821	0.87490123758037
6547.2852903246	0.85615777650768
6547.3102988626	0.83916892453543
6547.3353074976	0.84446972676668
6547.3603162267	0.85370460586736
6547.3853250513	0.88180296403653
6547.4103339714	0.9096681070384
6547.4353429871	0.93298461561516
6547.4603520982	0.95185907924739
6547.4853613049	0.95642545947556
6547.5103706072	0.95902517593325
6547.5353800049	0.9601468316223
6547.5603894982	0.96263964727447
6547.585399087	0.96647547038397
6547.6104087713	0.96713193175605
6547.6354185512	0.96627605589935
6547.6604284266	0.96413091368096
6547.6854383975	0.96056970358185
6547.710448464	0.96153169181591
6547.735458626	0.96349637252098
6547.7604688835	0.96028612524997
6547.7854792365	0.95725220225583
6547.8104896851	0.95147945826328
6547.8355002307	0.94764869746321
6547.8605108704	0.95268819714991
6547.8855216055	0.95474582946961
6547.9105324362	0.95003953986984
6547.9355433625	0.94985239404819
6547.9605543843	0.95454349166268
6547.9855655016	0.95879976168977
6548.0105767144	0.96339052011809
6548.0355880228	0.96342722230009
6548.0605994267	0.96144251092221
6548.0856109262	0.96602844328491
6548.1106225212	0.97277556130582
6548.1356342117	0.97129441697806
6548.1606459977	0.97108955494544
6548.1856578793	0.97498483924663
6548.2106698565	0.97757890620116
6548.2356819291	0.97503902740575
6548.2606940974	0.9746545146091
6548.2857063611	0.98004072516263
6548.3107187219	0.98418510358165
6548.3357311767	0.98783666000197
6548.3607437271	0.98297483414974
6548.385756373	0.97187928914721
6548.4107691144	0.96308609187195
6548.4357819514	0.95623763243778
6548.460794884	0.95702189391854
6548.485807912	0.9610280602051
6548.5108210356	0.95778790391249
6548.5358342548	0.95626582425749
6548.5608475695	0.95716551272217
6548.5858609797	0.95807606923215
6548.6108744855	0.96116672789597
6548.6358880868	0.96404479354088
6548.6609017837	0.96519643269027
6548.6859155761	0.96708158377458
6548.7109294641	0.96894171386796
6548.7359434476	0.96577215994336
6548.7609575266	0.95844225615029
6548.7859717027	0.95755281764237
6548.8109859729	0.96035480604419
6548.8360003386	0.96275918011252
6548.8610147998	0.96492780903522
6548.8860293566	0.9610754321544
6548.9110440089	0.95611469632005
6548.9360587568	0.95884536784175
6548.9610736002	0.9613953865201
6548.9860885392	0.96426339310516
6549.0111035737	0.96611639739395
6549.0361187038	0.96690948889547
6549.0611339294	0.96702637605164
6549.0861492506	0.96516334466058
6549.1111646673	0.96646920008212
6549.1361801796	0.96989772844376
6549.1611957874	0.97189387854452
6549.1862114908	0.97278293091034
6549.2112272897	0.96873431010848
6549.2362431842	0.96295864805111
6549.2612591742	0.96066625537457
6549.2862752613	0.95895016497858
6549.3112914424	0.96364760538999
6549.3363077191	0.96647062820001
6549.3613240914	0.96439709420526
6549.3863405592	0.96337662277515
6549.4113571225	0.95908932766213
6549.4363737815	0.95667967679363
6549.4613905359	0.955663060193
6549.486407386	0.95615074011503
6549.5114243315	0.95781253377105
6549.5364413727	0.95937197903564
6549.5614585094	0.9592021289598
6549.5864757416	0.96251620775186
6549.6114930694	0.96329132156515
6549.6365104928	0.96311243393925
6549.6615280117	0.96179567072928
6549.6865456262	0.96411026837124
6549.7115633363	0.96643184966715
6549.7365811419	0.96523424385453
6549.7615990445	0.96320886303296
6549.7866170413	0.95825223024053
6549.8116351335	0.9579997853801
6549.8366533214	0.96152846427489
6549.8616716048	0.96178374530599
6549.8866899838	0.96105848968936
6549.9117084583	0.96655557624265
6549.9367270284	0.9729300081512
6549.9617456941	0.96554857673706
6549.9867644553	0.95676470050233
6550.0117833121	0.96145651886308
6550.0368022644	0.96686893497169
6550.0618213123	0.96601199972913
6550.0868404558	0.96531070468914
6550.1118596949	0.9601961203599
6550.1368790295	0.95701545237418
6550.1618984596	0.95848485626284
6550.1869179854	0.96099364262248
6550.2119376067	0.96378692681995
6550.2369573251	0.96477868422566
6550.2619771375	0.96459719626455
6550.2869970455	0.96746538870504
6550.3120170491	0.97497352524116
6550.3370371482	0.97729450656454
6550.362057343	0.97567422918576
6550.3870776333	0.97384666327063
6550.4120980191	0.97016481055977
6550.4371185005	0.96687059583978
6550.4621390775	0.96306933416238
6550.4871597501	0.95900130102569
6550.5121805182	0.95788031520528
6550.5372013819	0.95860549869374
6550.5622223412	0.9585184740802
6550.5872433961	0.95861742678153
6550.6122645465	0.95671130556061
6550.6372857925	0.95380876185343
6550.662307134	0.94744903651705
6550.6873285712	0.93984193182857
6550.7123501039	0.94027848034305
6550.7373717337	0.94007284448876
6550.7623934576	0.93766455703326
6550.787415277	0.93587060729814
6550.812437192	0.9373425686397
6550.8374592026	0.93926288933534
6550.8624813088	0.94335444361708
6550.8875035105	0.94749922585687
6550.9125258079	0.94784003646182
6550.9375482007	0.95253701904637
6550.9625706892	0.95693437038912
6550.9875932733	0.96058520746592
6551.0126159529	0.95751640905358
6551.0376387281	0.95872236696931
6551.0626615989	0.95859336724047
6551.0876845653	0.95535642062584
6551.1127076272	0.95150675570809
6551.1377307848	0.93978972953997
6551.1627540379	0.93086926083284
6551.1877773866	0.91907468011541
6551.2128008323	0.904293525583
6551.2378243722	0.87430155126026
6551.2628480076	0.84485485985403
6551.2878717386	0.81295427473223
6551.3128955652	0.80053820697505
6551.3379194874	0.80091393592466
6551.3629435052	0.81862606102115
6551.3879676185	0.84190953882035
6551.4129918275	0.87098059755853
6551.438016132	0.9032759179543
6551.4630405321	0.91745070880158
6551.4880650278	0.93091144915881
6551.5130896191	0.93908643793407
6551.5381143059	0.94696184815521
6551.5631390884	0.95173437608811
6551.5881639664	0.95380421643034
6551.61318894	0.95329068371056
6551.6382140092	0.9524230451317
6551.663239174	0.95109622018341
6551.6882644359	0.95164396501943
6551.7132897919	0.95219162281224
6551.7383152434	0.95002087513484
6551.7633407906	0.9460733440593
6551.7883664333	0.94447604239637
6551.8133921717	0.94315542218105
6551.8384180056	0.94238938705329
6551.8634439351	0.9431148739314
6551.8884699602	0.94311997903479
6551.9134960809	0.94393104749942
6551.9385222972	0.94546646267796
6551.963548609	0.9482531809363
6551.9885750165	0.95098256129103
6552.0136015196	0.94972841972045
6552.0386281182	0.94787609129972
6552.0636548125	0.94898943682453
6552.0886816023	0.95303034041637
6552.1137084878	0.95371514586408
6552.1387354688	0.95377572408793
6552.1637625469	0.95355332493042
6552.1887897192	0.95617604845019
6552.213816987	0.96213068054225
6552.2388443504	0.96507385157035
6552.2638718094	0.96213098741289
6552.288899364	0.9593259743962
6552.3139270142	0.95816687592939
6552.33895476	0.95402318213984
6552.3639826014	0.94672321737107
6552.3890105384	0.92863285455648
6552.414038571	0.90683360221502
6552.4390666992	0.89388459993771
6552.464094923	0.8826812316745
6552.4891232424	0.88568661823708
6552.5141516574	0.88882844656595
6552.539180168	0.90399742666685
6552.5642087742	0.91733199415497
6552.589237476	0.92304911112383
6552.6142662734	0.92731261097803
6552.6392951664	0.93038982232922
6552.6643241565	0.93482851903942
6552.6893532407	0.9400104893974
6552.7143824205	0.94208002441133
6552.7394116959	0.94344510498903
6552.764441067	0.94560942862354
6552.7894705336	0.94741824592402
6552.8145000958	0.94574771513111
6552.8395297536	0.94331446201736
6552.8645595071	0.94335974604546
6552.8895893561	0.94227597928615
6552.9146193008	0.93876541292869
6552.939649341	0.93596949270746
6552.9646794769	0.93447802820715
6552.9897097084	0.93290194728719
6553.0147400354	0.93252378588691
6553.0397704581	0.93230118264533
6553.0648009764	0.93249163336372
6553.0898315903	0.93455355437098
6553.1148622998	0.93711969441378
6553.1398931065	0.9398107170426
6553.1649240072	0.94185474261739
6553.1899550035	0.94403182215221
6553.2149860955	0.94362774536257
6553.240017283	0.94354207709656
6553.2650485662	0.94199664712131
6553.290079945	0.93798205940244
6553.3151114194	0.93225847919423
6553.3401429894	0.92525071376551
6553.365174655	0.92234908257409
6553.3902064162	0.92495164835467
6553.4152382731	0.92548251253244
6553.4402702256	0.92751326813704
6553.4653022736	0.92756384695031
6553.4903344173	0.92361440975706
6553.5153666566	0.93488031455742
6553.5403989915	0.93858171963452
6553.5654314221	0.94739010520212
6553.5904639482	0.9476597674529
6553.6154965715	0.94514015829121
6553.6405292889	0.9400319658204
6553.6655621019	0.93585841603665
6553.6905950105	0.93410029657875
6553.7156280147	0.93577627281318
6553.7406611146	0.93435886597992
6553.7656943101	0.93255271226096
6553.7907276012	0.93196854242805
6553.8157609879	0.93271788084141
6553.8407944702	0.9289567445034
6553.8658280481	0.92665067945639
6553.8908617217	0.92900730159957
6553.9158954909	0.93073975854726
6553.9409293557	0.92813575982164
6553.9659633161	0.92492997221345
6553.9909973722	0.92130146402399
6554.0160315239	0.92249153121122
6554.0410657712	0.92674124806516
6554.0661001141	0.92842121995202
6554.0911345526	0.92917099142445
6554.1161690883	0.93029182199819
6554.1412037181	0.93020298614759
6554.1662384435	0.93132356195867
6554.1912732646	0.92975901060124
6554.2163081812	0.92541863745371
6554.2413431935	0.92240497298043
6554.2663783014	0.92112556839762
6554.291413505	0.92170695298831
6554.3164488041	0.92630183766751
6554.3414841989	0.92583520205021
6554.3665196894	0.91964460889925
6554.3915552754	0.92038860936468
6554.4165909571	0.9241424049006
6554.4416267344	0.92769325785309
6554.4666626073	0.92898458098297
6554.4916985759	0.93071639477065
6554.5167346401	0.93019663941229
6554.5417707999	0.92152151105888
6554.5668070554	0.91632138492538
6554.591843408	0.91640459871028
6554.6168798547	0.91645329237974
6554.641916397	0.91555603075923
6554.666953035	0.91654713763938
6554.6919897686	0.9176331294849
6554.7170265979	0.92115109103798
6554.7420635227	0.92360412722942
6554.7671005432	0.92542204096869
6554.7921376594	0.91965514434969
6554.8171748712	0.92155868487019
6554.8422121786	0.91841823678214
6554.8672495816	0.92660628752595
6554.8922870803	0.93284269446469
6554.9173246746	0.93185807381029
6554.9423623646	0.92733493402915
6554.9674001502	0.91772301827189
6554.9924380314	0.91179545454576
6555.0174760082	0.90993651782105
6555.0425140807	0.91168138084389
6555.0675522504	0.91578241178706
6555.0925905141	0.91208140943672
6555.1176288736	0.90598442984741
6555.1426673286	0.90600207367802
6555.1677058793	0.90599935320501
6555.1927445256	0.90235502762894
6555.2177832676	0.90002593486203
6555.2428221052	0.89587409334174
6555.2678610384	0.89359540127052
6555.2929000673	0.88925571038604
6555.3179391919	0.88992102886146
6555.342978412	0.89017511536431
6555.3680177278	0.89752089537855
6555.3930571393	0.89969801885241
6555.4180966464	0.90882882449898
6555.4431362491	0.91321014491288
6555.4681759475	0.91126649351154
6555.4932157415	0.90824852000442
6555.5182556312	0.90143578492248
6555.5432956165	0.89927288585878
6555.568335699	0.89976851874862
6555.5933758756	0.90126167090652
6555.6184161478	0.89977298763799
6555.6434565157	0.89656297678153
6555.6684969793	0.89188795951887
6555.6935375385	0.89015646246398
6555.7185781933	0.88960436047659
6555.7436189438	0.88202756435691
6555.7686597899	0.87478999346
6555.7937007317	0.85497731775194
6555.8187417691	0.83525435084946
6555.8437829022	0.82682864866264
6555.8688241309	0.82148307250458
6555.8938654553	0.82812342149623
6555.9189068753	0.83659521339953
6555.943948391	0.85213064768173
6555.9689900023	0.86809477851885
6555.9940317093	0.8856848613949
6556.0190735119	0.89613483181864
6556.0441154117	0.90228371281132
6556.0691574056	0.90941137759684
6556.0941994952	0.91311727171891
6556.1192416805	0.91753588577156
6556.1442839613	0.91456543680277
6556.1693263379	0.91645634269505
6556.1943688101	0.9166956355956
6556.2194113779	0.91772307387298
6556.2444540414	0.91947332486937
6556.2694968006	0.92275028509935
6556.2945396554	0.92199449363376
6556.3195826059	0.91751295829767
6556.344625652	0.9132176648653
6556.3696687938	0.9112133119142
6556.3947120312	0.91560945767722
6556.4197553643	0.91976173310235
6556.4447987931	0.91537415206603
6556.4698423175	0.91048853739039
6556.4948859376	0.90541293079544
6556.5199296548	0.90300964038447
6556.5449734662	0.90360973385173
6556.5700173733	0.90535986568647
6556.595061376	0.90850524231371
6556.6201054743	0.90536004854464
6556.6451496684	0.90022575677318
6556.6701939581	0.89800425052217
6556.6952383434	0.89772305814427
6556.7202828244	0.90144051982033
6556.7453274011	0.9028587008323
6556.7703720734	0.89150585684302
6556.7954168414	0.88356459627449
6556.8204617051	0.88318442329307
6556.8455066644	0.88432361656835
6556.8705517194	0.89331294312991
6556.8955968701	0.90272198061578
6556.9206421164	0.91471410957134
6556.9456874584	0.918631172264
6556.970732896	0.91825279260573
6556.9957784308	0.91265940350546
6557.0208240598	0.90693021899383
6557.0458697845	0.90466420988728
6557.0709156048	0.90385863540839
6557.0959615207	0.90818013828406
6557.1210075324	0.91171399336912
6557.1460536397	0.9131182245144
6557.1710998427	0.91023975710848
6557.1961461413	0.90197801708596
6557.2211925357	0.90007489849047
6557.2462390257	0.90318631030359
6557.2712856113	0.90119293833968
6557.2963322926	0.89846527493283
6557.3213790696	0.89928120466855
6557.3464259423	0.89976463863529
6557.3714729106	0.90587395955907
6557.3965199747	0.91073447525291
6557.4215671343	0.91854795023391
6557.4466143897	0.92525360735145
6557.4716617407	0.92537378441733
6557.4967091889	0.92243943585469
6557.5217567313	0.91706057931235
6557.5468043694	0.91468563185674
6557.5718521031	0.91584086411805
6557.5968999325	0.91645357249993
6557.6219478576	0.91869633990324
6557.6469958783	0.91624939580277
6557.6720439947	0.91520994510351
6557.6970922068	0.91594441957926
6557.7221405146	0.91813544792465
6557.747188918	0.9163371292851
6557.7722374172	0.91294180016954
6557.797286012	0.90658104579931
6557.8223347025	0.90439990590348
6557.8473834886	0.90554478254078
6557.8724323705	0.90654062620043
6557.897481348	0.90784361956377
6557.9225304212	0.90930873284827
6557.9475795901	0.91207779980181
6557.9726288561	0.90659832147808
6557.9976782164	0.90166623995464
6558.0227276723	0.89603493226459
6558.0477772239	0.89469117495028
6558.0728268712	0.90270567733457
6558.0978766141	0.90969902037674
6558.1229264528	0.91333516993549
6558.1479763871	0.91409928238408
6558.1730264171	0.91264123075091
6558.1980765428	0.91163303068956
6558.2231267642	0.90834500998138
6558.2481770812	0.91164517629888
6558.2732274939	0.91433671202442
6558.2982780024	0.90926563509925
6558.3233286065	0.90524411821472
6558.3483793063	0.90606651292058
6558.3734301018	0.90715495977457
6558.3984809929	0.90517052318354
6558.4235319798	0.90153456602287
6558.4485830638	0.89864360251137
6558.4736342421	0.89929704232521
6558.498685516	0.90078015415439
6558.5237368856	0.90032281861628
6558.5487883509	0.89967254413934
6558.5738399119	0.90046871111955
6558.5988915685	0.90273712861029
6558.6239433209	0.9029621213177
6558.648995169	0.90143165673573
6558.6740471127	0.89889543650561
6558.6990991521	0.89636172803709
6558.7241512872	0.89367592569839
6558.7492035181	0.89295495529125
6558.7742558446	0.89517109325949
6558.7993082668	0.89584573176658
6558.8243607846	0.89271379934823
6558.8494133982	0.89548395210076
6558.8744661075	0.89223837281824
6558.8995189125	0.89956151157459
6558.9245718131	0.89932700389512
6558.949624811	0.89755020805613
6558.974677903	0.89165528992993
6558.9997310908	0.88374594401542
6559.0247843742	0.87950379225054
6559.0498377533	0.87821458443021
6559.0748912282	0.87378352453618
6559.0999447987	0.86854871137529
6559.1249984649	0.8572879607383
6559.1500522268	0.84327229022428
6559.1751060845	0.84440731997266
6559.2001600378	0.84656135760451
6559.2252140868	0.85131273947474
6559.2502682315	0.85596504383908
6559.2753224719	0.86143265452731
6559.300376808	0.86618972265428
6559.3254312398	0.86851264340982
6559.3504857673	0.86861341070164
6559.3755403905	0.86784896388548
6559.4005951095	0.86586691009318
6559.4256499256	0.86472248272991
6559.4507048359	0.86458676831235
6559.4757598419	0.86407066642019
6559.5008149436	0.86314513930813
6559.525870141	0.86030584132533
6559.5509254342	0.8551696343204
6559.575980823	0.85164589960856
6559.6010363075	0.85265267069874
6559.6260918877	0.85465188000842
6559.6511475637	0.85904564909169
6559.6762033353	0.85692502308458
6559.7012592027	0.85587133749509
6559.7263151657	0.84790936469048
6559.7513712245	0.84084717696477
6559.7764273789	0.83496897087168
6559.8014836291	0.83069550128377
6559.826539975	0.82952369535397
6559.8515964166	0.83280939934188
6559.8766529539	0.84500826825707
6559.9017095884	0.85135037843807
6559.9267663171	0.85229705089534
6559.9518231415	0.8563343970773
6559.9768800616	0.86220543672103
6560.0019370775	0.86209312727265
6560.026994189	0.86024463483953
6560.0520513963	0.86117075927451
6560.0771086992	0.86219774430646
6560.1021660979	0.86328197462311
6560.1272235923	0.86656624689188
6560.1522811824	0.86816860655901
6560.1773388682	0.86666028721507
6560.2023966497	0.86261762403147
6560.227454527	0.86053785344116
6560.2525124999	0.85882813017028
6560.2775705686	0.85643791507067
6560.302628733	0.85404590821508
6560.327686993	0.85162362750125
6560.3527453489	0.84961583228287
6560.3778038019	0.85056236707557
6560.4028623491	0.85024992010716
6560.4279209921	0.84348252471555
6560.4529797307	0.83937909632816
6560.4780385651	0.83955233068315
6560.5030974952	0.83955107222352
6560.528156521	0.84028550542182
6560.5532156426	0.84208501589604
6560.5782748598	0.8429533793227
6560.6033341728	0.8444729428037
6560.6283935815	0.84667602465469
6560.6534530859	0.84592594702597
6560.678512686	0.84480257452571
6560.7035723819	0.84481152844355
6560.7286321734	0.8449489929156
6560.7536920607	0.84432954414326
6560.7787520437	0.8430914568342
6560.8038121225	0.84018157401172
6560.8288722969	0.83543732608697
6560.8539325671	0.83087268682541
6560.8789929345	0.82688784340834
6560.9040533961	0.82275678627547
6560.9291139535	0.82031173405592
6560.9541746065	0.81816851951171
6560.9792353553	0.81496729461881
6561.0042961998	0.81146445566828
6561.0293571401	0.80677904793077
6561.054418176	0.80362408587969
6561.0794793077	0.80119236543314
6561.1045405351	0.79677472922697
6561.1296018583	0.79187010132724
6561.1546632771	0.79112108841063
6561.1797247917	0.79153444602814
6561.204786402	0.79140516944199
6561.2298481081	0.79221269701496
6561.2549099099	0.79098954275712
6561.2799718074	0.78942729835986
6561.3050338006	0.78722564111956
6561.3300958895	0.78422043980699
6561.3551580757	0.78102526845781
6561.3802203562	0.77712753138585
6561.4052827323	0.77263759131535
6561.4303452042	0.76755219414629
6561.4554077718	0.76200854842447
6561.4804704351	0.75928610444787
6561.5055331942	0.75746008151523
6561.530596049	0.75465313468927
6561.5556589995	0.75139409397415
6561.5807220458	0.74763595482931
6561.6057851878	0.74381084777432
6561.6308484255	0.74079930023257
6561.655911759	0.73816654705898
6561.6809751882	0.73512128685959
6561.7060387131	0.73289084527946
6561.7311023338	0.73068427214388
6561.7561660502	0.72629937122366
6561.7812298623	0.72076899172076
6561.8062937702	0.71701815454497
6561.8313577753	0.71246060572398
6561.8564218747	0.70975859983727
6561.8814860698	0.70676692446521
6561.9065503606	0.70307517155529
6561.9316147472	0.69926287085682
6561.9566792295	0.69427505316888
6561.9817438075	0.69065121001213
6562.0068084813	0.68630817009038
6562.0318732508	0.68127041953739
6562.056938116	0.67697594347651
6562.082003077	0.67326861701756
6562.1070681338	0.66982712695683
6562.1321332862	0.66428372362579
6562.1571985344	0.65830793461523
6562.1822638784	0.65227022871292
6562.2073293181	0.64750753157783
6562.2323948535	0.64461646481087
6562.2574604847	0.64339267300535
6562.2825262116	0.64328549108488
6562.3075920343	0.64168640459092
6562.3326579542	0.63928771617119
6562.3577239684	0.64133360407352
6562.3827900783	0.64242222165101
6562.4078562839	0.63909098246925
6562.4329225853	0.63584544151052
6562.4579889824	0.63296356741678
6562.4830554753	0.62994041299482
6562.5081220639	0.62672729586996
6562.5331887483	0.62577300017039
6562.5582555284	0.62577459574927
6562.5833224043	0.62472965499866
6562.6083893759	0.62312328914918
6562.6334564433	0.6204686163006
6562.6585236064	0.6182804460547
6562.6835908652	0.61557930504879
6562.7086582198	0.61168901057774
6562.7337256702	0.60811825123126
6562.7587932163	0.60546717755677
6562.7838608582	0.60279243064526
6562.8089285973	0.59792815889883
6562.8339964306	0.5922446750055
6562.8590643597	0.58689137368582
6562.8841323846	0.58108219996406
6562.9092005052	0.57852760873956
6562.9342687216	0.57715866626517
6562.9593370337	0.58671324294982
6562.9844054416	0.59730820262167
6563.0094739452	0.60828629096416
6563.0345425446	0.6168659828154
6563.0596112397	0.62076299341926
6563.0846800306	0.62269645547718
6563.1097489172	0.62550966606061
6563.1348178996	0.62695270169617
6563.1598869777	0.62954270012784
6563.1849561516	0.63127068324771
6563.2100254213	0.63385363370515
6563.2350947867	0.63329494660761
6563.2601642479	0.63501464588282
6563.2852338063	0.63900207537841
6563.310303459	0.64146385088766
6563.3353732075	0.64149713093328
6563.3604430517	0.64549918612363
6563.3855129917	0.64992574627519
6563.4105830274	0.65456184571245
6563.4356531589	0.65889501389905
6563.4607233861	0.65753878581594
6563.4857937091	0.65720657526813
6563.5108641279	0.66271728358048
6563.5359346424	0.66955917815915
6563.5610052527	0.67716467549087
6563.5860759587	0.68268115265319
6563.6111467605	0.68716208690376
6563.6362176581	0.68990536192844
6563.6612886515	0.69272878807435
6563.6863597406	0.69808713212605
6563.7114309254	0.70456883736121
6563.736502206	0.71004695698748
6563.7615735824	0.71475265017231
6563.7866450561	0.71648022190402
6563.811716624	0.71794879327743
6563.8367882877	0.72035567168867
6563.8618600472	0.72543750534384
6563.8869319024	0.73348891405633
6563.9120038534	0.73687319492215
6563.9370759001	0.73776228603618
6563.9621480426	0.73653679687663
6563.9872202809	0.7340960916146
6564.012292615	0.74018140845758
6564.0373650448	0.74717883209604
6564.0624375704	0.75198779159419
6564.0875101917	0.75565465714754
6564.1125829089	0.75901649182993
6564.1376557218	0.76333935015489
6564.1627286304	0.76755901442893
6564.1878016349	0.77020242943377
6564.2128747351	0.77181930799566
6564.2379479311	0.77456347214627
6564.2630212243	0.77786835583227
6564.2880946119	0.78471818615939
6564.3131680952	0.78980238565072
6564.3382416742	0.78988799195576
6564.3633153491	0.79250500855285
6564.3883891197	0.7972444404459
6564.4134629861	0.80200862923522
6564.4385369482	0.80934185429254
6564.4636110062	0.81293734502818
6564.4886851599	0.81375516578831
6564.5137594094	0.81345915008869
6564.5388337546	0.81433604300777
6564.5639081957	0.81850172630533
6564.5889827325	0.82335888175154
6564.6140573651	0.82725737233394
6564.6391320935	0.82707002580681
6564.6642069176	0.82013879875288
6564.6892818375	0.82153311590046
6564.7143568532	0.82771489531427
6564.7394319662	0.83356443037222
6564.7645071735	0.83951931199769
6564.7895824766	0.84364854432264
6564.8146578754	0.84586470919935
6564.83973337	0.85147197776892
6564.8648089604	0.85371185853982
6564.8898846465	0.85443428662208
6564.9149604285	0.85581638043831
6564.9400363062	0.85876557734303
6564.9651122797	0.8588839619761
6564.990188349	0.85812805239983
6565.0152645141	0.85679044385287
6565.0403407749	0.85873848823443
6565.0654171315	0.86407351408525
6565.090493584	0.86936474915903
6565.1155701322	0.86693373367475
6565.1406467762	0.86970461597139
6565.1657235159	0.87072648919906
6565.1908003515	0.8673162299514
6565.2158772843	0.86969627100454
6565.2409543115	0.87366000383629
6565.2660314344	0.87722169561951
6565.2911086531	0.87925724588671
6565.3161859676	0.88348565040152
6565.3412633779	0.88852562034474
6565.3663408839	0.88986513008308
6565.3914184858	0.89012578873798
6565.4164961834	0.89063123797434
6565.4415739769	0.89077771939655
6565.4666518661	0.89149512739932
6565.4917298511	0.89336958570989
6565.5168079319	0.89527107944395
6565.5418861085	0.89642504594708
6565.5669643809	0.89535850851152
6565.592042749	0.89336444083765
6565.617121213	0.8923498449883
6565.6421997728	0.89132703141866
6565.6672784283	0.89253863204769
6565.6923571796	0.89570528001319
6565.7174360283	0.89812653228153
6565.7425149712	0.90181119349214
6565.7675940099	0.90549723155807
6565.7926731444	0.90725263580669
6565.8177523747	0.90916061307014
6565.8428317008	0.91192769861052
6565.8679111227	0.91088570619466
6565.8929906404	0.90391928841102
6565.9180702539	0.90114407355903
6565.9431499632	0.9044367735926
6565.9682297683	0.90672924494863
6565.9933096692	0.90805999500465
6566.0183896658	0.90938228495303
6566.0434697583	0.9101980043552
6566.0685499466	0.91065580794539
6566.0936302306	0.911386403737
6566.1187106105	0.911441567456
6566.1437910862	0.91093926344706
6566.1688716576	0.91104778250563
6566.1939523264	0.9125312312846
6566.2190330895	0.91421422376967
6566.2441139483	0.91580014465372
6566.269194903	0.91676518533681
6566.2942759535	0.91733334455808
6566.3193570998	0.91839075959747
6566.3444383418	0.92081340716046
6566.3695196797	0.92254462042709
6566.3946011134	0.92009254301273
6566.4196826429	0.91795543554766
6566.4447642681	0.91573669254342
6566.4698459892	0.91496484801385
6566.4949278061	0.91498831192198
6566.5200097188	0.91402316166397
6566.5450917273	0.91845594984599
6566.5701738316	0.92296646272388
6566.5952560317	0.92409857433728
6566.6203383276	0.92557703321389
6566.6454207194	0.92563337854161
6566.6705032084	0.92526408297837
6566.6955857917	0.92794527712402
6566.7206684709	0.93059578173698
6566.7457512458	0.93328794261
6566.7708341166	0.93546620298393
6566.7959170832	0.93881091778428
6566.8210001456	0.94102032390744
6566.8460833037	0.93548788448654
6566.8711665577	0.92902943390577
6566.8962499075	0.92819090787336
6566.9213333532	0.92891037767308
6566.9464168946	0.92400519474697
6566.9715005318	0.91817208734234
6566.9965842649	0.91880174976199
6567.0216680937	0.92210804679365
6567.0467520184	0.92515867565821
6567.0718360389	0.92850914092504
6567.0969201552	0.93644205035638
6567.1220043673	0.94545355912834
6567.1470886752	0.94433327467359
6567.1721730805	0.93845067529183
6567.1972575801	0.93465159015965
6567.2223421754	0.93155596201482
6567.2474268666	0.92975320501378
6567.2725116536	0.92946908511728
6567.2975965364	0.92568814973097
6567.3226815151	0.91937608249292
6567.3477665895	0.91751857931964
6567.3728517598	0.91979627360022
6567.3979370259	0.91752239197309
6567.4230223878	0.91082654126277
6567.4481078455	0.90648379070176
6567.473193399	0.90431843890498
6567.4982790484	0.90576587107588
6567.5233647936	0.9105880702145
6567.5484506346	0.912592337557
6567.5735365714	0.91149667529053
6567.598622604	0.91512032550962
6567.6237087325	0.92488606373222
6567.6487949583	0.93306681408715
6567.6738812784	0.93799105870537
6567.6989676943	0.94125648223177
6567.724054206	0.94368004662089
6567.7491408136	0.94623162574819
6567.774227517	0.94653851377816
6567.7993143162	0.94553110040268
6567.8244012112	0.94459378352112
6567.8494882021	0.94388664543771
6567.8745752888	0.94238362849562
6567.8996624713	0.94134668489828
6567.9247497496	0.94081655140695
6567.9498371238	0.93896883585004
6567.9749245937	0.93662992014439
6568.0000121596	0.9364802955615
6568.0250998212	0.93842119022283
6568.0501875786	0.93885414051245
6568.0752754319	0.93490061611131
6568.1003633811	0.93157394414466
6568.1254514275	0.93060237585546
6568.1505395683	0.93111188616598
6568.1756278049	0.93403718944347
6568.2007161373	0.93836889480363
6568.2258045656	0.94263074388488
6568.2508930897	0.94627689263049
6568.2759817096	0.95071074675426
6568.3010704254	0.95399430509927
6568.3261592369	0.95103578863731
6568.3512481444	0.95087350625719
6568.3763371476	0.94504190618618
6568.4014262467	0.94356849424177
6568.4265154416	0.93803268052089
6568.4516047323	0.93532899002463
6568.4766941189	0.93996320164221
6568.5017836013	0.93904672800652
6568.5268731796	0.94884910748554
6568.5519628536	0.94606367652869
6568.5770526236	0.95991344530371
6568.6021424908	0.96451244996946
6568.6272324524	0.95863374836317
6568.6523225098	0.95177177600816
6568.6774126631	0.94156038127108
6568.7025029122	0.93553610375539
6568.7275932571	0.93118237172561
6568.7526836978	0.9309690599876
6568.7777742344	0.92367392355053
6568.8028648669	0.92038411618102
6568.8279555952	0.92332003642087
6568.8530464193	0.92695027684732
6568.8781373392	0.92206050756974
6568.903228355	0.91824160653919
6568.9283194667	0.91964367887354
6568.9534106741	0.92192062069684
6568.9785019774	0.92972841964973
6569.0035933766	0.93668267086413
6569.0286848716	0.92938377294326
6569.0537764624	0.9235490983748
6569.0788681491	0.92416753571519
6569.1039599332	0.92477467318883
6569.1290518115	0.91981363451362
6569.1541437857	0.91390558372427
6569.1792358558	0.91908443179686
6569.2043280217	0.92805294754974
6569.2294202834	0.93066875531596
6569.254512641	0.9283753212625
6569.2796050944	0.92470456222541
6569.3046976437	0.91913397578511
6569.3297902888	0.91536764150267
6569.3548830298	0.91209925635197
6569.3799758666	0.91082911355294
6569.4050687992	0.91193364017254
6569.4301618277	0.91162117280788
6569.4552549521	0.9113931896073
6569.4803481723	0.91674568984721
6569.5054414883	0.92440978568028
6569.5305349002	0.92622152407663
6569.555628408	0.9240862646216
6569.5807220131	0.92406217803362
6569.6058157125	0.92585308598388
6569.6309095078	0.92548467174724
6569.656003399	0.92413749243962
6569.681097386	0.92697523041056
6569.7061914688	0.93484674658709
6569.7312856475	0.94162589716201
6569.7563799221	0.94873952091703
6569.7814742925	0.95736901470172
6569.8065687587	0.96488084087383
6569.8316633208	0.96794855002744
6569.8567579788	0.96530968204943
6569.8818527326	0.96512284062269
6569.9069475823	0.96712692847446
6569.9320425278	0.9669058568238
6569.9571375691	0.96599230634762
6569.9822327064	0.96275241593731
6570.0073279395	0.95602798030055
6570.0324232684	0.95476596170791
6570.0575186947	0.96068237630874
6570.0826142154	0.96544159636108
6570.1077098319	0.9691656765796
6570.1328055443	0.9710876050054
6570.1579013525	0.97008596749646
6570.1829972566	0.96945515806261
6570.2080932565	0.97226784979292
6570.2331893523	0.97483149171458
6570.258285544	0.97595393676828
6570.2833818315	0.97168191458463
6570.3084782149	0.9572301653338
6570.3335746941	0.95050426962875
6570.3586712692	0.95603087021759
6570.3837679402	0.96077931865519
6570.408864707	0.95937250494458
6570.4339615697	0.95814200137914
6570.4590585282	0.96168571441566
6570.4841555826	0.96514095369977
6570.5092527329	0.9727005924047
6570.534349979	0.97561937304697
6570.5594473225	0.97016246112539
6570.5845447604	0.96391068141153
6570.6096422941	0.95607167550932
6570.6347399237	0.94767111653913
6570.6598376492	0.93111061586495
6570.6849354705	0.91622155990341
6570.7100333877	0.89994283983787
6570.7351314007	0.88672186798365
6570.7602295096	0.88013103949511
6570.7853277144	0.8767534238934
6570.8104260151	0.89757875359169
6570.8355244116	0.91488058619652
6570.860622904	0.92442444101341
6570.8857214922	0.93394578792733
6570.9108201764	0.94163028478525
6570.9359189564	0.9510491897328
6570.9610178322	0.96314339281508
6570.986116804	0.97291796190122
6571.0112158716	0.96796917001557
6571.0363150365	0.96500103709891
6571.0614142959	0.96715779674114
6571.0865136511	0.96930671824904
6571.1116131022	0.97267176560568
6571.1367126491	0.97471538605245
6571.161812292	0.97181632926486
6571.1869120307	0.96925739290268
6571.2120118653	0.96974506646591
6571.2371117957	0.97120368144957
6571.262211822	0.97343920673462
6571.2873119442	0.97399964853568
6571.3124121623	0.97588026178384
6571.3375124762	0.97931897567879
6571.3626128861	0.97912565973937
6571.3877133918	0.97829195935157
6571.4128139933	0.97865138238719
6571.4379146908	0.98073674570836
6571.4630154841	0.97662462293596
6571.4881163733	0.97244351268581
6571.5132173599	0.97508654406833
6571.5383184409	0.97852118979442
6571.5634196177	0.98778101164345
6571.5885208904	0.99521891913925
6571.613622259	0.99684630618437
6571.6387237235	0.99664956859078
6571.6638252838	0.99589433249579
6571.6889269401	0.99642852644389
6571.7140286922	0.99720178868804
6571.7391305402	0.9979743888584
6571.7642324841	0.99669400863663
6571.7893345238	0.99499053777351
6571.8144366594	0.98684850369894
6571.839538891	0.97980917494257
6571.8646412184	0.97047053710116
6571.8897436416	0.96159789879777
6571.9148461608	0.960777466133
6571.9399487759	0.96789536010278
6571.9650514868	0.9643948199287
6571.9901542936	0.96329627594951
6572.0152571978	0.96493805198034
6572.0403601964	0.96554857423401
6572.0654632909	0.97240386808607
6572.0905664813	0.97330775738106
6572.1156697675	0.98306724108741
6572.1407731497	0.98485525578992
6572.1658766277	0.98985803731589
6572.1909802016	0.98901738918813
6572.2160838714	0.98523285684243
6572.2411876371	0.98296092483592
6572.2662914986	0.97846341662072
6572.2913954561	0.97667906559755
6572.3164995094	0.97489718482368
6572.3416036587	0.97793876471339
6572.3667079038	0.97575771272982
6572.3918122448	0.97087221859342
6572.4169166817	0.96743069664735
6572.4420212145	0.96817399099024
6572.4671258432	0.96524505796841
6572.4922305693	0.96101101411092
6572.5173353898	0.96299322258087
6572.5424403062	0.97041338539288
6572.5675453184	0.9801986911734
6572.5926504266	0.987055104785
6572.6177556306	0.99057851558053
6572.6428609306	0.98985955209865
6572.6679663264	0.98666589198561
6572.6930718181	0.98118636369533
6572.7181774058	0.97219136542551
6572.7432830893	0.96449931576603
6572.7683888687	0.96430022331115
6572.793494744	0.96910399881731
6572.8186007152	0.97288121172829
6572.8437067823	0.97513196837651
6572.8688129453	0.97765199660861
6572.8939192042	0.98127627627474
6572.919025559	0.98398104832749
6572.9441320097	0.98550069091776
6572.9692385578	0.97916838742149
6572.9943452003	0.96880253014812
6573.0194519387	0.96382192893447
6573.044558773	0.96161380810261
6573.0696657032	0.96378877725152
6573.0947727293	0.96884884747315
6573.1198798513	0.9767050962437
6573.1449870692	0.98665078064651
6573.170094383	0.98760112043695
6573.1952017927	0.98312068686426
6573.2203092983	0.98115848794051
6573.2454168998	0.98021377656605
6573.2705245972	0.97981629706951
6573.2956323905	0.98024898941189
6573.3207402797	0.97763685658749
6573.3458482648	0.97362134737729
6573.3709563459	0.96642848818524
6573.3960645228	0.9599297875951
6573.4211727956	0.94737836787247
6573.4462811659	0.92564528637256
6573.4713896305	0.91134893016639
6573.4964981911	0.89923800751356
6573.5216068475	0.89489478280422
6573.5467155999	0.89486528365074
6573.5718244482	0.90289203240767
6573.5969333923	0.92475148818347
6573.6220424324	0.94533944060745
6573.6471515684	0.97202300228915
6573.6722608003	0.98781105994182
6573.6973701281	0.99423876610102
6573.7224795519	0.9984515803808
6573.7475890715	0.99733961634187
6573.7726986871	0.99568984560287
6573.7978083985	0.98853011250276
6573.8229182059	0.98719941265399
6573.8480281091	0.99303036364992
6573.8731381083	0.99634313419242
6573.8982482034	0.99521038116565
6573.9233583945	0.9942080537549
6573.9484686829	0.9931036397003
6573.9735790657	0.99183255393694
6573.9986895445	0.99081894830937
6574.0238001192	0.98891704006789
6574.0489107897	0.98481436236964
6574.0740215562	0.98240777162965
6574.0991324186	0.98310941509479
6574.124243377	0.9822067070932
6574.1493544312	0.97685692365689
6574.1744655814	0.97227494715532
6574.1995768275	0.9665134175781
6574.2246881694	0.96456832457852
6574.2497996074	0.96119140006652
6574.2749111412	0.96365036707201
6574.3000227709	0.97333952608006
6574.3251344966	0.98233803739444
6574.3502463182	0.99612706315701
6574.3753582357	1.0030899686309
6574.4004702491	1.0112552342736
6574.42558236	1.0120074624605
6574.4506945652	1.0114015799071
6574.4758068664	1.0082718937511
6574.5009192635	1.0022922350186
6574.5260317565	0.99864084313437
6574.5511443455	0.99477527419274
6574.5762570303	0.99312171923115
6574.6013698111	0.98785762648053
6574.6264826878	0.98060775308237
6574.6515956605	0.96929929800602
6574.676708729	0.96145620926209
6574.7018218935	0.96114584794632
6574.7269351539	0.96217405230763
6574.7520485103	0.96404428101458
6574.7771619625	0.96503087400521
6574.8022755107	0.96477601455429
6574.8273891548	0.96709265055453
6574.8525028949	0.97009526923783
6574.8776167308	0.97229455636685
6574.9027306642	0.97139491810907
6574.927844692	0.97119961048962
6574.9529588158	0.97187582776197
6574.9780730355	0.9716435886608
6575.0031873511	0.96918321061169
6575.0283017626	0.96739614632022
6575.05341627	0.96692137978526
6575.0785308734	0.96801532386872
6575.1036455727	0.97114475692999
6575.128760368	0.97584705168084
6575.1538752592	0.98547787023585
6575.1789902463	0.99042651546298
6575.2041053293	0.98256964938087
6575.2292205083	0.9763308595553
6575.2543357832	0.97763808831372
6575.279451154	0.97719953267379
6575.3045666208	0.97628288755147
6575.3296821835	0.97620035236993
6575.3547978421	0.978815867348
6575.3799135967	0.98379870368968
6575.4050294487	0.98974695208876
6575.4301453951	0.99643612831872
6575.4552614375	1.0022458158861
6575.4803775758	1.0071047654046
6575.5054938101	1.0060161444356
6575.5306101403	1.0047879223019
6575.5557265664	1.0095351224565
6575.5808430884	1.0122898706714
6575.6059597064	1.0124417408788
6575.6310764203	1.0140959363556
6575.6561932302	1.02046052137
6575.681310136	1.0237195509158
6575.7064271377	1.0184243126475
6575.7315442354	1.0145825870726
6575.756661429	1.014230498343
6575.7817787186	1.0155612288231
6575.8068961041	1.0263720403852
6575.8320135855	1.0346964441487
6575.8571311629	1.0209184589745
6575.8822488377	1.008248418664
6575.907366607	1.0075840448352
6575.9324844722	1.006766048946
6575.9576024334	1.0094650582079
6575.9827204905	1.0125899511277
6576.0078386435	1.0139601891099
6576.0329568925	1.0160773941002
6576.0580752374	1.0298807274909
6576.0831936782	1.044188698844
6576.108312215	1.0417901494952
6576.1334308478	1.039628427239
6576.1585495765	1.0354970176949
6576.1836684011	1.0310717547849
6576.2087873217	1.0324195826682
6576.2339063383	1.0316178634738
6576.2590254507	1.029787811292
6576.2841446592	1.0264864533567
6576.3092639636	1.0281294607588
6576.3343833639	1.0304224787044
6576.3595028617	1.0288987630916
6576.3846224539	1.0274254374696
6576.409742142	1.0221372167525
6576.4348619262	1.0178737073152
6576.4599818062	1.0129095789404
6576.4851017823	1.0090612627057
6576.5102218542	1.0087936663461
6576.5353420221	1.0057627036969
6576.560462286	0.99676186038524
6576.5855826458	0.99296921446568
6576.6107031016	1.0080355812079
6576.6358236533	1.0192345885767
6576.660944301	1.0189893014825
6576.6860650446	1.0212869744958
6576.7111858842	1.0306223502237
6576.7363068198	1.0385905387637
6576.7614278513	1.034089308553
6576.7865489787	1.030296171792
6576.8116702021	1.0289163981691
6576.836791523	1.0287902229916
6576.8619129383	1.0343175352924
6576.8870344495	1.037097742415
6576.9121560568	1.0316745333881
6576.9372777599	1.0271106037546
6576.9623995591	1.0305018576161
6576.9875214542	1.0332352442319
6577.0126434452	1.0390259966564
6577.0377655322	1.0429460932591
6577.0628877152	1.0347632708537
6577.0880099941	1.0294481942666
6577.113132369	1.0373470815018
6577.1382548399	1.0446172087189
6577.1633774067	1.040855659113
6577.1885000694	1.0364468810829
6577.2136228281	1.0294292630051
6577.2387456828	1.0237080217988
6577.2638686335	1.0280189336617
6577.2889916801	1.0318394912507
6577.3141148227	1.0324189122828
6577.3392380627	1.033563416653
6577.3643613972	1.037865175705
6577.3894848277	1.0409261763127
6577.4146083541	1.0394349658289
6577.4397319765	1.0394802585294
6577.4648556948	1.0414325920073
6577.4899795091	1.0412679407645
6577.5151034194	1.0411216365047
6577.5402274257	1.0425209770941
6577.5653515279	1.0400374877349
6577.590475726	1.0378811651367
6577.6156000202	1.0382072008469
6577.6407244103	1.0373648698929
6577.6658488964	1.0368423213197
6577.6909734784	1.037226312437
6577.7160981564	1.035684682464
6577.7412229304	1.0346833943984
6577.7663478004	1.0417185808224
6577.7914727663	1.0484084090583
6577.8165978297	1.0452264904553
6577.8417229875	1.0409869786056
6577.8668482414	1.0369939255842
6577.8919735912	1.0346697290582
6577.9170990369	1.0442300110927
6577.9422245787	1.0527246007673
6577.9673502164	1.0529700475973
6577.9924759501	1.0529506576275
6578.0176017797	1.0459671509824
6578.0427277054	1.0410789671844
6578.067853727	1.0457253056888
6578.0929798445	1.0498418126164
6578.1181060581	1.0508028857991
6578.1432323676	1.0509671627708
6578.1683587731	1.0519132971125
6578.1934852746	1.052093735606
6578.218611872	1.0518267582934
6578.2437385654	1.0511305309825
6578.2688653548	1.0469811587313
6578.2939922417	1.0427564258294
6578.3191192231	1.0465359265035
6578.3442463004	1.0505126672716
6578.3693734737	1.0541168835303
6578.394500743	1.0573960939646
6578.4196281083	1.0548345203347
6578.4447555695	1.0528678513013
6578.4698831267	1.0556806031502
6578.4950107799	1.0603422867439
6578.5201385291	1.0609299689585
6578.5452663743	1.0603720904053
6578.5703943154	1.059314030595
6578.5955223525	1.0587963633896
6578.6206504856	1.0589824999421
6578.6457787147	1.0579810347467
6578.6709070398	1.0562713463945
6578.6960354608	1.0542374566948
6578.7211639778	1.0524999417339
6578.7462925909	1.0501887441815
6578.7714212998	1.0512708414706
6578.7965501063	1.0524576997433
6578.8216790073	1.0544135329617
6578.8468080042	1.0571228470096
6578.8719370972	1.0608769251786
6578.8970662861	1.0643297785961
6578.922195571	1.0601799842894
6578.9473249519	1.0554473725834
6578.9724544288	1.0526580228927
6578.9975840016	1.0517497184929
6579.0227136705	1.0542270441854
6579.0478434353	1.0555799071367
6579.0729732961	1.0564494047367
6579.0981032529	1.058919643616
6579.1232333057	1.0597379742601
6579.1483634545	1.0599566184307
6579.1734936993	1.0564939029744
6579.1986240401	1.0532754526504
6579.2237544768	1.0542838380233
6579.2488850096	1.0541052336731
6579.2740156398	1.0510291847665
6579.2991463645	1.0471655562488
6579.3242771853	1.038443516468
6579.349408102	1.033099380647
6579.3745391147	1.0351792824686
6579.3996702234	1.0364401601248
6579.4248014281	1.0277400205465
6579.4499327287	1.0178497475819
6579.4750641254	1.0052647805756
6579.5001956181	0.99817578246795
6579.5253272068	1.0134165535582
6579.5504588914	1.0248821304852
6579.5755906721	1.0347805299971
6579.6007225487	1.0422315106384
6579.6258545214	1.0526426932936
6579.65098659	1.0613562212769
6579.6761187546	1.0577549169378
6579.7012510153	1.0547645347282
6579.7263833719	1.0536693059803
6579.751515826	1.0536643523855
6579.7766483747	1.0566532113458
6579.8017810193	1.0594225746417
6579.8269137599	1.0546152871944
6579.8520465965	1.0531155238968
6579.8771795292	1.0565931390245
6579.9023125578	1.0582685428683
6579.9274456824	1.0526920949241
6579.952578903	1.0507690840645
6579.9777122196	1.0568163381072
6580.0028456323	1.0577331388579
6580.0279791409	1.0462090889115
6580.0531127455	1.0386405278766
6580.0782464462	1.039196610825
6580.1033802428	1.0401515996521
6580.1285141354	1.0437513893181
6580.1536481241	1.0472846430659
6580.1787822087	1.0472663039781
6580.2039163894	1.0464954155657
6580.229050666	1.0458126643313
6580.2541850402	1.0463025597579
6580.2793195088	1.050406857801
6580.3044540735	1.0535419662105
6580.3295887342	1.0546612492313
6580.3547234909	1.056352485281
6580.3798583436	1.054016734972
6580.4049932922	1.0537700169158
6580.4301283369	1.0559466901541
6580.4552634777	1.0604690991301
6580.4803987144	1.0656421373477
6580.5055340471	1.0705869412293
6580.5306694758	1.0830122763408
6580.5558050006	1.0881661041082
6580.5809406213	1.0892144317278
6580.6060763381	1.0846971273728
6580.6312121509	1.0777749602881
6580.6563480597	1.0774279467982
6580.6814840645	1.0890632875655
6580.7066201653	1.0955924148018
6580.7317563636	1.0869397476374
6580.7568926564	1.0731697605206
6580.7820290453	1.0475253248177
6580.8071655301	1.0351703043919
6580.832302111	1.0458053666882
6580.8574387879	1.0593406336294
6580.8825755608	1.0740636795859
6580.9077124297	1.0765869376056
6580.9328493946	1.0603177000053
6580.9579864556	1.0557481093307
6580.9831236125	1.0586160705283
6581.0082608655	1.0566534949279
6581.0333982145	1.046232628391
6581.0585356595	1.0407315366588
6581.0836732005	1.0426853229586
6581.1088108376	1.0460612778407
6581.1339485706	1.0508546331912
6581.1590863997	1.0519806933119
6581.1842243248	1.0482554218107
6581.2093623474	1.0464092046616
6581.2345004646	1.0476338461573
6581.2596386777	1.0457438455869
6581.2847769869	1.0380782461737
6581.3099153921	1.0315966167979
6581.3350538933	1.0257456198705
6581.3601924905	1.0378285725048
6581.3853311838	1.0680340591892
6581.4104699731	1.0825744627138
6581.4356088584	1.0769472163642
6581.4607478397	1.071602841492
6581.485886917	1.0657848407246
6581.5110260904	1.0531694454097
6581.5361653598	1.0369173702375
6581.5613047252	1.0359270023321
6581.5864441867	1.0498825673002
6581.6115837441	1.0580948304628
6581.6367233976	1.0360582972553
6581.6618631471	1.0864294859005
6581.6870029942	1.0613295320054
6581.7121429358	1.0816928725811
6581.7372829734	1.100521438006
6581.762423107	1.0954285008386
6581.7875633366	1.1017955337759
6581.8127036623	1.0988449227138
6581.837844084	1.0954644282708
6581.8629846017	1.051870843257
6581.8881252155	1.0275478062582
6581.9132659253	1.0203407050047
6581.9384067311	1.017962168959
6581.963547633	1.0167589539199
6581.9886886309	1.0331716398231
6582.0138297248	1.0476448523264
6582.0389709147	1.0559707129883
6582.0641122007	1.0674981641899
6582.0892535827	1.0811669629589
6582.1143950607	1.0796192539542
6582.1395366348	1.0792120890427
6582.1646783049	1.0671926477223
6582.1898200725	1.0377290439812
6582.2149619347	1.0244150531174
6582.2401038929	1.0255028780957
6582.2652459472	1.0353521327317
6582.2903880974	1.0467075596352
6582.3155303437	1.0555724292644
6582.3406726861	1.0830892089103
6582.3658151245	1.0935111688238
6582.3909576589	1.0913859371616
6582.4161002893	1.0849660478347
6582.4412430158	1.0787155571122
6582.4663858383	1.0750992145888
6582.4915287569	1.0820453472993
6582.5166717715	1.0855219554031
