6544.4161469181	0.98269462573675
6544.4411444969	0.98309408342291
6544.4661421711	0.98483945982402
6544.4911399409	0.98753731124062
6544.5161378062	0.99016785644715
6544.5411357669	0.99221233406221
6544.5661338231	0.99453668447694
6544.5911319749	0.99540343319442
6544.6161302235	0.99862957700419
6544.6411285662	1.0050837641484
6544.6661270044	1.006341212568
6544.691125538	1.0046108015626
6544.7161241672	1.0025817704375
6544.7411228918	1.0000542873503
6544.7661217119	0.99400973977226
6544.7911206275	0.98932065104993
6544.8161196386	0.99063620142586
6544.8411187452	0.99323506387671
6544.8661179472	0.9908930247368
6544.8911172448	0.98786705734637
6544.9161166378	0.98048196969731
6544.9411161264	0.97451279934414
6544.9661157104	0.96273045601156
6544.9911153899	0.9508922512272
6545.0161151649	0.93506920789534
6545.0411150354	0.92001563569174
6545.0661150014	0.90422590642059
6545.0911150644	0.90191085027889
6545.1161152213	0.90880158283282
6545.1411154738	0.92299150844945
6545.1661158217	0.93517777605795
6545.1911162652	0.96903726297497
6545.2161168041	0.99677802519435
6545.2411174386	1.0266568554589
6545.2661181685	1.0423759587933
6545.2911189939	1.0529465292316
6545.3161199148	1.0550756651432
6545.3411209313	1.0485398739868
6545.3661220432	1.039775897059
6545.3911232506	1.0206476841107
6545.4161245535	1.0054130751031
6545.4411259519	0.99393650668776
6545.4661274458	0.99014454840502
6545.4911290352	0.99086894881549
6545.5161307201	0.98768140254051
6545.5411325005	0.98156317438291
6545.5661343779	0.97480346851813
6545.5911363492	0.96822143199419
6545.6161384161	0.9639032986834
6545.6411405785	0.96046457017824
6545.6661428364	0.95606363904433
6545.6911451898	0.95115804941405
6545.7161476387	0.94667184883234
6545.7411501831	0.94209347192949
6545.766152823	0.93590855385128
6545.7911555584	0.93393373255049
6545.8161583893	0.93977197444668
6545.8411613157	0.94297503368742
6545.8661643376	0.94435611098599
6545.891167455	0.94604947414876
6545.9161706679	0.94587204544648
6545.9411739763	0.9511627189881
6545.9661773803	0.95943985504859
6545.9911808797	0.97134743339189
6546.0161844746	0.98350647864457
6546.0411881651	0.97982861424629
6546.0661919525	0.9684806228114
6546.091195834	0.95759519419738
6546.1161998109	0.94676866128634
6546.1412038834	0.93425420475597
6546.1662080514	0.92852700310714
6546.1912123148	0.93099540883338
6546.2162166738	0.93272430552795
6546.2412211283	0.93262195689339
6546.2662256783	0.93527153375955
6546.2912303239	0.93880387321801
6546.3162350649	0.94068338808624
6546.3412399014	0.94392590638072
6546.3662448335	0.94106231910291
6546.391249861	0.93571704512199
6546.4162549841	0.92970410364112
6546.4412602027	0.92527711604177
6546.4662655168	0.92881533349131
6546.4912709264	0.93330817841268
6546.5162764315	0.93546499377611
6546.5412820336	0.93711562599388
6546.5662877298	0.9406503222567
6546.5912935214	0.94249003038942
6546.6162994086	0.94449919905678
6546.6413053913	0.94405273039911
6546.6663114695	0.94352651137974
6546.6913176432	0.94874880020854
6546.7163239124	0.95592943901907
6546.7413302772	0.96029447496208
6546.7663367374	0.96430180930133
6546.7913432932	0.96090027120112
6546.8163499445	0.9568917037611
6546.8413566913	0.96072019695899
6546.8663635337	0.96802103568266
6546.8913704715	0.98285147444474
6546.9163775049	0.99867560426873
6546.9413846338	0.9927221816552
6546.9663918582	0.98388277881
6546.9913991781	0.96765754034374
6547.0164065951	0.95213848125529
6547.041414106	0.94259515520111
6547.0664217125	0.93935978856785
6547.0914294145	0.94407187976197
6547.1164372121	0.95562014309498
6547.1414451051	0.97426388246041
6547.1664530937	0.98320861218836
6547.1914611778	0.9884099839684
6547.2164693574	0.98784195080645
6547.2414776325	0.98567805442879
6547.2664860032	0.98827113571762
6547.2914944694	0.9922884043204
6547.3165030311	0.99439560387431
6547.3415116884	0.9957289401913
6547.3665204411	0.99337267405115
6547.3915292894	0.98973748332286
6547.4165382332	0.98543189689695
6547.4415472726	0.98292198417792
6547.4665564074	0.9828825014867
6547.4915656393	0.982642794809
6547.5165749653	0.98232928659814
6547.5415843867	0.98284366572416
6547.5665939037	0.98444006747647
6547.5916035162	0.98147628451426
6547.6166132242	0.97692223197403
6547.6416230278	0.97733903707983
6547.6666329269	0.97861317301887
6547.6916429215	0.98011987414416
6547.7166530117	0.98234523065422
6547.7416631974	0.97763132539681
6547.7666734786	0.97175583090521
6547.7916838553	0.96329504126036
6547.8166943276	0.95756892848989
6547.8417048954	0.95186099533769
6547.8667155588	0.94240561183826
6547.8917263176	0.92815496808754
6547.916737172	0.91172103288239
6547.941748122	0.89081256600806
6547.9667591675	0.88217898569321
6547.99177031	0.87663810843211
6548.0167815465	0.89446132515211
6548.0417928786	0.91927113825423
6548.0668043062	0.93381457467564
6548.0918158294	0.94708420211118
6548.1168274481	0.95535097441492
6548.1418391623	0.96349707025147
6548.166850972	0.96674481691238
6548.1918628773	0.97058461610968
6548.2168748782	0.97006187217639
6548.2418869745	0.97228181037674
6548.2668991665	0.97811149382176
6548.2919114539	0.98186833512409
6548.3169238369	0.98441836748348
6548.3419363154	0.98400693095669
6548.3669488895	0.98070772664515
6548.3919615591	0.9742181566056
6548.4169743242	0.96735558478647
6548.4419871849	0.9668157101327
6548.4670001427	0.96636613983038
6548.4920131944	0.96709343695821
6548.5170263418	0.96839791029568
6548.5420395846	0.97384827685211
6548.567052923	0.97801093003977
6548.592066357	0.97700983882212
6548.6170798864	0.97752125991577
6548.6420935115	0.98151522481245
6548.667107232	0.98259854246789
6548.6921210481	0.98152138037057
6548.7171349598	0.97727676899812
6548.742148967	0.97160803834093
6548.7671630698	0.97056784176342
6548.7921772681	0.97058196368132
6548.8171915619	0.97386373392312
6548.8422059513	0.97732320542469
6548.8672204362	0.98048201646685
6548.8922350167	0.98268196528897
6548.9172496928	0.98174437350095
6548.9422644658	0.98022237098879
6548.967279333	0.97614106826837
6548.9922942957	0.97059371057694
6549.0173093539	0.96726417127181
6549.0423245077	0.96794110875248
6549.067339757	0.97060876758423
6549.0923551019	0.97363016334467
6549.1173705423	0.97766019964749
6549.1423860783	0.97739360409705
6549.1674017098	0.97499269965214
6549.1924174369	0.97576170598491
6549.2174332595	0.97569797281372
6549.2424491777	0.98879129360853
6549.2674651914	0.99643540278877
6549.2924813007	0.99418727409837
6549.3174975056	0.99231246358448
6549.342513806	0.99658796610405
6549.3675302019	0.99687030119084
6549.3925466934	0.99107257060593
6549.4175632805	0.98789171208095
6549.4425799646	0.98778452940621
6549.4675967428	0.98734860568264
6549.4926136165	0.98551687345213
6549.5176305858	0.98051904868318
6549.5426476507	0.9761224465331
6549.5676648111	0.97702947250492
6549.592682067	0.97657084857321
6549.6176994185	0.97078930531791
6549.6427168656	0.96733071150073
6549.6677344083	0.96885997259504
6549.6927520464	0.97080369823037
6549.7177697802	0.97292828855293
6549.7427876095	0.9761998203891
6549.7678055344	0.97992080075449
6549.7928235548	0.98193442301997
6549.8178416708	0.98234063376168
6549.8428598824	0.98464141448309
6549.8678781895	0.986608042281
6549.8928965922	0.99133729237408
6549.9179150919	0.99592228860895
6549.9429336857	0.99705741809736
6549.9679523751	1.0015039910921
6549.99297116	1.008785055073
6550.0179900405	1.0130167944897
6550.0430090166	1.0128244466782
6550.0680280882	1.0096908906416
6550.0930472554	1.0051079823373
6550.1180665181	0.99760223797089
6550.1430858764	0.98638742247605
6550.1681053303	0.97885042163633
6550.1931248798	0.97416103221415
6550.2181445248	0.96802283036893
6550.2431642654	0.96250342601102
6550.2681841015	0.96972565686369
6550.2932040332	0.98123005375121
6550.3182240605	0.98114568897504
6550.3432441834	0.98020450901006
6550.3682644018	0.97666005368129
6550.3932847173	0.97168094734822
6550.4183051269	0.97064679362776
6550.443325632	0.96736029013166
6550.4683462327	0.95848333990631
6550.493366929	0.95059298758155
6550.5183877208	0.94712449289769
6550.5434086082	0.94956164265851
6550.5684295912	0.95574022922472
6550.5934506698	0.96263026821327
6550.6184718439	0.96567932393935
6550.6434931136	0.98324597560349
6550.6685144789	0.9965278083978
6550.6935359397	1.0033743753974
6550.7185574962	1.0051595240292
6550.7435791482	1.0034763195688
6550.7686008958	0.99883550589174
6550.7936227389	0.98541442604064
6550.8186446776	0.97953995004947
6550.8436667119	0.9857550443727
6550.8686888418	0.99537518377024
6550.8937110688	1.004693239631
6550.9187333898	1.0123479179636
6550.9437558064	1.0155570504688
6550.9687783186	1.0199671211599
6550.9938009264	1.0237612254685
6551.0188236297	1.0169258776399
6551.0438464286	1.0062280849986
6551.0688693231	0.99560160969444
6551.0938923132	0.98829369644078
6551.1189153989	0.99150005472118
6551.1439385801	0.99355240101238
6551.1689618569	0.99265454824615
6551.1939852293	0.99004660723668
6551.2190086973	0.98243224629546
6551.2440322609	0.97624483355898
6551.26905592	0.97333733100948
6551.2940796748	0.96765587943542
6551.3191035251	0.96011863844615
6551.344127471	0.95823954478923
6551.369151514	0.95754842695489
6551.394175651	0.95867291486119
6551.4191998837	0.95868003343331
6551.4442242119	0.95549389040793
6551.4692486357	0.95211113205172
6551.4942731551	0.95000546257532
6551.5192977701	0.9514392062848
6551.5443224807	0.95793532442888
6551.5693472868	0.96291379212171
6551.5943721886	0.96499400876154
6551.6193971859	0.96755055089327
6551.6444222788	0.96812628325032
6551.6694474673	0.96860686856937
6551.6944727514	0.97086381461353
6551.7194981311	0.965499731491
6551.7445236064	0.96024772661783
6551.7695491773	0.95793485214092
6551.7945748437	0.95605354597409
6551.8196006058	0.9558769429693
6551.8446264649	0.9540767826425
6551.8696524181	0.93370633328465
6551.8946784669	0.91097999732396
6551.9197046114	0.88468269094313
6551.9447308513	0.86434966835106
6551.9697571869	0.85238584555847
6551.9947836181	0.85301408558661
6552.0198101449	0.86166135401144
6552.0448367673	0.88178990998253
6552.0698634852	0.90802837820739
6552.0948902988	0.92551295159849
6552.119917208	0.94141315312595
6552.1449442127	0.95567900091359
6552.169971313	0.96641524286895
6552.194998509	0.96625737968209
6552.2200258005	0.96763241661299
6552.2450531876	0.97233195889344
6552.2700806704	0.9738917361749
6552.2951082487	0.97262019566524
6552.3201359241	0.97033873160922
6552.3451636936	0.96646607633127
6552.3701915588	0.9659041259286
6552.3952195195	0.96847518916939
6552.4202475758	0.97389309132201
6552.4452757277	0.97951968324167
6552.4703039752	0.98204393091299
6552.4953323183	0.9838528357975
6552.520360757	0.98523191944939
6552.5453892914	0.98454870134431
6552.5704179213	0.97816966000874
6552.5954466468	0.97366019654334
6552.6204754679	0.97297195057116
6552.6455043846	0.96861706005102
6552.6705333969	0.96116660990732
6552.6955625049	0.95899674089336
6552.7205917084	0.96098168058949
6552.7456210075	0.96312237992617
6552.7706504023	0.96520934093204
6552.7956798926	0.96984710481084
6552.8207094801	0.97436829421617
6552.8457391616	0.98254153826868
6552.8707689388	0.98647662649366
6552.8957988115	0.98184014611157
6552.9208287799	0.97498295821747
6552.9458588439	0.96366337072726
6552.9708890034	0.95128080357766
6552.9959192586	0.93858909060798
6553.0209496094	0.92709398299228
6553.0459800558	0.91888304084569
6553.0710105979	0.90756563860858
6553.0960412355	0.89745656174381
6553.1210719687	0.90224374467598
6553.1461027975	0.90730679117149
6553.171133722	0.93625234412397
6553.196164742	0.95748971189998
6553.2211958577	0.97594242494026
6553.246227069	0.98621081277872
6553.2712583759	0.99812060346993
6553.2962897799	1.0029768354078
6553.321321278	1.0014218862868
6553.3463528717	0.99695676487528
6553.3713845611	0.99044631542993
6553.396416346	0.98410892433111
6553.4214482266	0.97881368158128
6553.4464802028	0.97459423508058
6553.4715122746	0.97162141643403
6553.496544442	0.97229554991093
6553.521576705	0.97413264018922
6553.5466090636	0.96355508579131
6553.5716415179	0.95592221891249
6553.5966740678	0.95872651894955
6553.6217067133	0.95895018500252
6553.6467394544	0.95415174613309
6553.6717722911	0.95206573380462
6553.6968052234	0.95112414379512
6553.7218382514	0.95034619685299
6553.746871375	0.95038702216823
6553.7719045957	0.95453448204765
6553.7969379105	0.95898023201658
6553.8219713209	0.9558849727373
6553.8470048269	0.94888424544853
6553.8720384286	0.95192715481369
6553.8970721259	0.95525199663041
6553.9221059188	0.9539933992285
6553.9471398074	0.95140973247637
6553.9721737915	0.9458692017831
6553.9972078713	0.94311301309695
6554.0222420467	0.94288997407201
6554.0472763177	0.94580498875189
6554.0723106843	0.95032290480566
6554.0973451466	0.95169497070182
6554.1223797045	0.9494930097296
6554.147414358	0.95462156476166
6554.1724491071	0.95921824308059
6554.1974839519	0.94975534766355
6554.2225188923	0.9421756540368
6554.2475539283	0.93365721273626
6554.2725890615	0.92415177927861
6554.2976242887	0.90782175804668
6554.3226596116	0.90137803489262
6554.3476950301	0.9060637632235
6554.3727305443	0.91132130710151
6554.3977661541	0.9145074588936
6554.4228018595	0.93097177549464
6554.4478376605	0.94713678616986
6554.4728735572	0.96303132171556
6554.4979095495	0.97254042005259
6554.5229456374	0.97719361623718
6554.5479818209	0.98056999062143
6554.5730181001	0.97076842818364
6554.5980544749	0.96055590209969
6554.6230909453	0.95018053075533
6554.6481275114	0.943188348951
6554.6731641731	0.94007052728603
6554.6982009305	0.93857089299044
6554.7232377834	0.93787947890152
6554.7482747335	0.93984596093857
6554.7733117778	0.94295612940512
6554.7983489176	0.93810323489929
6554.8233861531	0.93053451611065
6554.8484234843	0.91894208170967
6554.873460911	0.90950727919095
6554.8984984334	0.90148502665857
6554.9235360515	0.89764596691657
6554.9485737652	0.89274839169855
6554.9736115745	0.89827630918619
6554.9986494794	0.91535098242209
6555.02368748	0.93613879766404
6555.0487255762	0.95324670639887
6555.0737637681	0.96797831968772
6555.0988020556	0.97750585827264
6555.1238404387	0.97399727710831
6555.1488789175	0.96724704012306
6555.1739174919	0.95327177530275
6555.198956162	0.94372199033916
6555.2239949292	0.93780766052168
6555.2490337905	0.9361145917504
6555.2740727475	0.93578103070599
6555.2991118001	0.93460905232713
6555.3241509483	0.93019777769054
6555.3491901922	0.92872471565475
6555.3742295318	0.92907442588712
6555.399268967	0.92992573253175
6555.4243084978	0.93298342299001
6555.4493481242	0.94165813237515
6555.4743878464	0.95153090302564
6555.4994276641	0.95121957898053
6555.5244675775	0.94897646857648
6555.5495075865	0.94605353045061
6555.5745476912	0.93904574141449
6555.5995878916	0.9248314229644
6555.6246281875	0.91433946319998
6555.6496685792	0.90989596079647
6555.6747090664	0.9094728443464
6555.6997496509	0.91009090070439
6555.7247903294	0.92158269695246
6555.7498311036	0.93684104773306
6555.7748719735	0.94920125078679
6555.799912939	0.95277891576494
6555.8249540002	0.95429437636895
6555.849995157	0.95371680232432
6555.8750364094	0.95122590965205
6555.9000777575	0.94909166259322
6555.9251192013	0.94571522974744
6555.9501607407	0.94567563837195
6555.9752023757	0.94710813383306
6556.0002441064	0.94442544339301
6556.0252859328	0.94045380987807
6556.0503278548	0.94002168337006
6556.0753698725	0.93851249653347
6556.1004119858	0.94227380129251
6556.1254541947	0.94738759168211
6556.1504964994	0.9385569933596
6556.1755388996	0.93066695272041
6556.2005813971	0.93293156816638
6556.2256239886	0.93479979541834
6556.2506666759	0.93649467146317
6556.2757094588	0.93791791567741
6556.3007523373	0.94167477385178
6556.3257953115	0.94270755761503
6556.3508383814	0.94100368091696
6556.3758815469	0.93821441138447
6556.4009248081	0.93177028781102
6556.4259681649	0.92340069208387
6556.4510116174	0.91613725048846
6556.4760551655	0.90822675394958
6556.5010988093	0.89677982018322
6556.5261425488	0.88563562436568
6556.5511863839	0.87810813782404
6556.5762303147	0.89207104444066
6556.6012743411	0.90440707958699
6556.6263184632	0.91287939786182
6556.651362681	0.91756019035998
6556.6764069959	0.91930829350591
6556.701451405	0.92109071410778
6556.7264959097	0.92324822879623
6556.7515405102	0.92891495951119
6556.7765852062	0.93536386330583
6556.801629998	0.93739635792719
6556.8266748853	0.93806874194775
6556.8517198684	0.93446521965316
6556.8767649471	0.93078508466457
6556.9018101215	0.92275084927009
6556.9268553916	0.92077941170271
6556.9519007573	0.92972285850368
6556.9769462187	0.93596569576655
6557.0019917757	0.93851203155488
6557.0270374284	0.94285903405734
6557.0520831768	0.94606957131376
6557.0771290208	0.94738751330393
6557.1021749606	0.94900054366801
6557.1272209959	0.9538968595998
6557.1522671285	0.95634329253899
6557.1773133552	0.95890581253499
6557.2023596776	0.95816557921316
6557.2274060957	0.95695770014567
6557.2524526094	0.95561274873476
6557.2774992188	0.95590411228508
6557.3025459238	0.95107374462878
6557.3275927246	0.94331190490463
6557.352639621	0.93793934489075
6557.377686613	0.93539806881147
6557.4027337008	0.9295507679021
6557.4277808842	0.92249611304521
6557.4528281633	0.91776573247512
6557.4778755381	0.91468009085419
6557.5029230085	0.92053689699756
6557.5279705746	0.92418825566844
6557.5530182364	0.92789015520712
6557.5780659939	0.92999732340802
6557.603113847	0.93187531649523
6557.6281617958	0.93428985208282
6557.6532098418	0.93749958512642
6557.6782579819	0.9361993602563
6557.7033062178	0.93492947681753
6557.7283545493	0.93506669164268
6557.7534029765	0.93556658588025
6557.7784514993	0.93534901625578
6557.8035001179	0.9350520559568
6557.8285488321	0.93712901308261
6557.853597642	0.93932406303635
6557.8786465476	0.93837472562769
6557.9036955488	0.93761489698505
6557.9287446457	0.93689977242284
6557.9537938384	0.93412650609293
6557.9788431267	0.93100468558185
6558.0038925106	0.93484497185026
6558.0289419903	0.94184368982025
6558.0539915656	0.94181917751367
6558.0790412366	0.94014126963508
6558.1040910033	0.93813865505408
6558.1291408672	0.93808748393405
6558.1541908253	0.93841452464535
6558.179240879	0.93772482575526
6558.2042910285	0.9356008531852
6558.2293412736	0.93252217623722
6558.2543916144	0.93119323045182
6558.2794420508	0.92892852202853
6558.304492583	0.92425343685669
6558.3295432109	0.92173780059282
6558.3545939344	0.9217130586146
6558.3796447536	0.90994882528731
6558.4046956685	0.90205310983262
6558.4297466791	0.90016770146446
6558.4547977854	0.90371883771655
6558.4798489874	0.90885209326716
6558.504900285	0.91950399343129
6558.5299516784	0.93283399138032
6558.5550031674	0.9483909602851
6558.5800547521	0.9610698092738
6558.605106434	0.96155386882344
6558.6301582101	0.95722205976546
6558.6552100819	0.95061120817548
6558.6802620494	0.94681938544064
6558.7053141126	0.94067548587444
6558.7303662714	0.93685049307148
6558.755418526	0.93694248740832
6558.7804708762	0.94161304179622
6558.8055233221	0.95102903481297
6558.8305758638	0.94828032100116
6558.8556285011	0.93540572924504
6558.8806812341	0.92586882228255
6558.9057340628	0.9180601683236
6558.9307869872	0.91103978068077
6558.9558400073	0.90595414230476
6558.9808931231	0.90296880624529
6559.0059463346	0.90120994227769
6559.0309996418	0.9008581216637
6559.0560530446	0.90009116131899
6559.0811065432	0.89527283461211
6559.106160139	0.89427810396428
6559.1312138289	0.8976392871601
6559.1562676146	0.90000994962977
6559.181321496	0.90030907934858
6559.206375473	0.90413418360512
6559.2314295458	0.90755841636633
6559.2564837142	0.90954060904723
6559.2815379784	0.90922381455643
6559.3065923382	0.90336560109201
6559.3316467938	0.89689108307953
6559.356701345	0.89128535222
6559.381755992	0.88843363440264
6559.4068107346	0.88604325152732
6559.431865573	0.88423316322942
6559.456920507	0.88200089767818
6559.4819755368	0.88585298435649
6559.5070306622	0.89265289179952
6559.5320858834	0.89650222878734
6559.5571412003	0.894875874438
6559.5821966144	0.90253737710417
6559.6072521226	0.90855679817583
6559.6323077266	0.91403057588088
6559.6573634263	0.91496297257642
6559.6824192217	0.91071398563924
6559.7074751127	0.90493390491494
6559.7325310995	0.89543308336162
6559.757587182	0.88589278084211
6559.7826433602	0.87870833323871
6559.8076996342	0.86941992089605
6559.8327560038	0.85815841788268
6559.8578124691	0.85635339810789
6559.8828690301	0.85808115779208
6559.9079256869	0.86313701336845
6559.9329824393	0.86710455590809
6559.9580392875	0.87016197781634
6559.9830962314	0.87401132093022
6560.0081532709	0.8792502090009
6560.0332104062	0.879880250937
6560.0582676387	0.87638751408878
6560.0833249655	0.87724930027694
6560.1083823879	0.88005499538281
6560.133439906	0.8800774742977
6560.1584975199	0.87916117833917
6560.1835552294	0.87886850922146
6560.2086130347	0.88010377471133
6560.2336709357	0.88178796787891
6560.2587289324	0.88147274963484
6560.2837870248	0.87946999767164
6560.3088452129	0.87902576306398
6560.3339034967	0.88040556399903
6560.3589618763	0.87877892687246
6560.3840203515	0.87534926500381
6560.4090789225	0.8694530645039
6560.4341375892	0.86339195111515
6560.4591963516	0.86237075898587
6560.4842552098	0.86103393393243
6560.5093141636	0.86444214155344
6560.5343732147	0.86692347744526
6560.55943236	0.86567189611111
6560.584491601	0.86509780633347
6560.6095509377	0.86615536409299
6560.6346103701	0.86570459150757
6560.6596698983	0.86371662226056
6560.6847295221	0.85933302579296
6560.7097892417	0.85512705464052
6560.734849057	0.85169120116153
6560.7599089681	0.84881527774682
6560.7849689748	0.84869001565972
6560.8100290773	0.8473449514265
6560.8350892755	0.84243939382216
6560.8601495694	0.83893057822979
6560.8852099591	0.83906459420526
6560.9102704444	0.83743917709371
6560.9353310255	0.83345175727546
6560.9603917023	0.83379379521976
6560.9854524749	0.83580083673594
6561.0105133431	0.82648176031045
6561.0355743086	0.81653093320598
6561.0606353683	0.81509279442674
6561.0856965238	0.81422446114572
6561.1107577749	0.80915457801148
6561.1358191218	0.80554893882256
6561.1608805644	0.80721406262611
6561.1859421028	0.80597055012446
6561.2110037368	0.80102036131583
6561.2360654666	0.7999938181954
6561.2611272922	0.80104523698689
6561.2861892134	0.800237158595
6561.3112512304	0.79819308229736
6561.3363133431	0.79723736725301
6561.3613755515	0.79458319090772
6561.3864378557	0.79226392675792
6561.4115002556	0.79130027327473
6561.4365627512	0.79162071014259
6561.4616253426	0.78868671785833
6561.4866880297	0.78340020460762
6561.511750814	0.78030347124225
6561.5368136925	0.77817664038929
6561.5618766668	0.77573164278381
6561.5869397368	0.77378965628817
6561.6120029026	0.76910016015322
6561.6370661641	0.76401044500894
6561.6621295213	0.76058674480479
6561.6871929742	0.75638114224103
6561.7122565229	0.75343059794623
6561.7373201673	0.74962945087679
6561.7623839075	0.74515493733394
6561.7874477434	0.74257460433482
6561.812511675	0.74044954815432
6561.8375757024	0.73655263674597
6561.8626398255	0.73109298706791
6561.8877040443	0.72784553539149
6561.9127683589	0.72511059766845
6561.9378327692	0.72391701112585
6561.9628972752	0.72181034941939
6561.9879618785	0.71631643907685
6562.0130265761	0.71230514652303
6562.0380913693	0.70974719903154
6562.0631562583	0.70630168219744
6562.0882212431	0.70252474417736
6562.1132863236	0.70054029949151
6562.1383514998	0.69897412180912
6562.1634167717	0.69679811614181
6562.1884821395	0.69398950012544
6562.2135476029	0.69167474807359
6562.2386131621	0.68891687154999
6562.263678817	0.68475056817381
6562.2887445677	0.68284720475171
6562.3138104141	0.6868684112306
6562.3388763563	0.6892488025449
6562.3639423942	0.68869132650679
6562.3890085278	0.68810594377487
6562.4140747572	0.68834542581672
6562.4391410824	0.69324119322204
6562.4642075033	0.697919487138
6562.4892740214	0.69912273058936
6562.5143406338	0.69889625727591
6562.5394073419	0.69436116486701
6562.5644741458	0.68926272173662
6562.5895410454	0.68333583431067
6562.6146080408	0.67772886571916
6562.6396751319	0.67293976190075
6562.6647423187	0.66743328279049
6562.6898096013	0.66288970413136
6562.7148769797	0.6607676232991
6562.7399444538	0.65996967407207
6562.7650120237	0.6500012755162
6562.7900796893	0.6406168552202
6562.8151474506	0.63146275532093
6562.8402153078	0.62521645997354
6562.8652832606	0.62458764013895
6562.8903513092	0.62626916576548
6562.9154194536	0.62966744435047
6562.9404876937	0.63326558603684
6562.9655560311	0.63686417994056
6562.9906244627	0.64494500391516
6563.0156929901	0.65291015542584
6563.0407616132	0.65586812309492
6563.0658303321	0.6573381177148
6563.0908991467	0.66183382341362
6563.1159680571	0.66332796276691
6563.1410370633	0.66133356268625
6563.1661061652	0.66289129993506
6563.1911753628	0.66777133724787
6563.2162446563	0.66921713528333
6563.2413140454	0.66937885563297
6563.2663835304	0.6699574128711
6563.2914531111	0.67120276636156
6563.3165227875	0.66908365249669
6563.3415925597	0.66687205563508
6563.3666624277	0.66424422570959
6563.3917323914	0.66454616151753
6563.4168024509	0.67003843985777
6563.4418726076	0.6712876579753
6563.4669428586	0.66616068059258
6563.4920132054	0.65927949451437
6563.5170836479	0.65069824055049
6563.5421541862	0.6493476297027
6563.5672248202	0.64982930880889
6563.59229555	0.66187162377011
6563.6173663756	0.67432331374737
6563.6424372969	0.68660460162199
6563.667508314	0.69694135575513
6563.6925794269	0.70391380095901
6563.7176506355	0.71247365558119
6563.7427219399	0.72143787435716
6563.76779334	0.72718540276814
6563.7928648359	0.7316799057172
6563.8179364276	0.73867613430917
6563.8430081151	0.74594420283291
6563.8680798983	0.75127645097407
6563.8931517772	0.7572728381253
6563.9182237535	0.76636912743522
6563.943295824	0.77280312416296
6563.9683679903	0.7745581806783
6563.9934402523	0.77984653685774
6564.0185126101	0.78756928415177
6564.0435850637	0.7903061034994
6564.0686576131	0.79019250625481
6564.0937302582	0.79338910561184
6564.1188029991	0.79874314978375
6564.1438758357	0.80208277085637
6564.1689487682	0.80489052921134
6564.1940217964	0.80043895464949
6564.2190949203	0.79752950115541
6564.2441681401	0.79870599169082
6564.2692414556	0.80184902274449
6564.2943148669	0.80860675020495
6564.3193883739	0.81092898834229
6564.3444619768	0.80914813085654
6564.3695356754	0.81369091073179
6564.3946094697	0.81924343716743
6564.4196833614	0.82482302854768
6564.4447573473	0.83051083072712
6564.469831429	0.84288768549227
6564.4949056065	0.85417409466648
6564.5199798797	0.86464875214793
6564.5450542488	0.87127323629856
6564.5701287136	0.8772893656351
6564.5952032741	0.88242802342791
6564.6202779305	0.88629403639367
6564.6453526826	0.88459117573367
6564.6704275305	0.88339680223786
6564.6955024742	0.87840937925058
6564.7205775137	0.87619054599505
6564.7456526489	0.87318530574133
6564.77072788	0.87320394926461
6564.7958032068	0.87800468282955
6564.8208786293	0.88288046911486
6564.8459541477	0.88709048330363
6564.8710297618	0.89131792095781
6564.8961054733	0.89546642089371
6564.921181279	0.90068815724791
6564.9462571805	0.90423171674477
6564.9713331777	0.91018864189607
6564.9964092708	0.91360029864229
6565.0214854596	0.90697999473831
6565.0465617442	0.90406823377488
6565.0716381246	0.90774564836864
6565.0967146008	0.91370363418742
6565.1217911728	0.92116669062537
6565.1468678405	0.92033385241387
6565.1719446041	0.91581722896756
6565.1970214634	0.9129064670478
6565.2220984185	0.91081446375266
6565.2471754694	0.91330684016588
6565.2722526161	0.91598038845496
6565.2973298586	0.9165780139918
6565.3224071968	0.91809012563617
6565.3474846309	0.92067810738544
6565.3725621622	0.92136471453255
6565.3976397878	0.92250693816193
6565.4227175092	0.92397879795491
6565.4477953264	0.92458052607957
6565.4728732394	0.93154712943516
6565.4979512482	0.93908465990053
6565.5230293527	0.92639779129348
6565.5481075531	0.91749259892337
6565.5731858492	0.91892338928347
6565.5982642412	0.92253221255661
6565.6233427289	0.9309216262048
6565.6484213124	0.93615486509907
6565.6734999917	0.9380714853531
6565.6985787668	0.93977390596091
6565.7236576377	0.94140710903927
6565.7487366044	0.94049399158652
6565.7738156669	0.93888639164837
6565.7988948252	0.94062884282413
6565.8239740792	0.94278987096571
6565.8490534291	0.94200873027611
6565.8741328763	0.94140629311483
6565.8992124177	0.94469791527844
6565.924292055	0.94757654868066
6565.949371788	0.95023121931522
6565.9744516169	0.95316463817334
6565.9995315415	0.95530447783604
6566.024611562	0.95707910360056
6566.0496916782	0.95331083686191
6566.0747718902	0.94883046270409
6566.0998521981	0.94879162490993
6566.1249326017	0.95132596276884
6566.1500131011	0.95736073654612
6566.1750936964	0.96305431575314
6566.2001743874	0.96283946906443
6566.2252551742	0.96109026273407
6566.2503360569	0.96023060747842
6566.2754170353	0.96015941802333
6566.3004981095	0.96078577168927
6566.3255792796	0.96086183472531
6566.3506605469	0.9618998876818
6566.3757419086	0.96374733594547
6566.400823366	0.96508334436903
6566.4259049192	0.96556148377194
6566.4509865683	0.96780338075752
6566.4760683131	0.9698879088278
6566.5011501538	0.96987138819729
6566.5262320903	0.96952038899903
6566.5513141225	0.96921897191606
6566.5763962506	0.96873898685134
6566.6014784745	0.96912374903629
6566.6265607942	0.97099266898116
6566.6516432097	0.97265853577939
6566.676725721	0.97494896847446
6566.7018083281	0.97398957659193
6566.726891031	0.96890841428744
6566.7519738297	0.96797997514955
6566.7770567242	0.97138829673443
6566.8021397146	0.97431291785514
6566.8272228022	0.97636165674307
6566.8523059842	0.97549641145776
6566.8773892619	0.96985682293179
6566.9024726355	0.96724399122075
6566.9275561049	0.97125799235546
6566.9526396701	0.97330175010682
6566.9777233311	0.97066258669261
6567.0028070879	0.96842116902254
6567.0278909406	0.96919912792253
6567.052974889	0.96975831376357
6567.0780589333	0.9657394478806
6567.1031430733	0.96299026267114
6567.1282273092	0.96534979768816
6567.1533116409	0.96856471475004
6567.1783960684	0.97556686992732
6567.2034805918	0.98073771607568
6567.2285652109	0.98018753113476
6567.2536499259	0.97979154556643
6567.2787347366	0.98289728752534
6567.3038196432	0.98661390166778
6567.3289046471	0.98565017686611
6567.3539897453	0.98352055949193
6567.3790749394	0.98263951187415
6567.4041602292	0.98361761488245
6567.4292456149	0.98488887118543
6567.4543310964	0.98419548378337
6567.4794166737	0.9810860264518
6567.5045023468	0.97848456366432
6567.5295881158	0.97493012366297
6567.5546739806	0.97210013148128
6567.5797599411	0.97258187439339
6567.6048459976	0.97180231768933
6567.6299321498	0.97210732487712
6567.6550183978	0.97419342019481
6567.6801047417	0.97303986691399
6567.7051911814	0.97171836476099
6567.7302777169	0.97304571559105
6567.7553643482	0.97480360629895
6567.7804510754	0.97373312289294
6567.8055378999	0.97319845522039
6567.8306248187	0.97078518997409
6567.8557118333	0.96980498568089
6567.8807989438	0.96965972855547
6567.9058861501	0.96855735797874
6567.9309734522	0.96765085194487
6567.9560608501	0.96665959728331
6567.9811483439	0.95636292518103
6568.0062359335	0.94761754409857
6568.0313236189	0.93301087004808
6568.0564114001	0.9206783450685
6568.0814992772	0.91568469197319
6568.1065872501	0.91431489714047
6568.1316753188	0.93285042565114
6568.1567634833	0.95302318564599
6568.1818517437	0.97915117173372
6568.2069400999	0.99901691180571
6568.2320285519	1.012816835399
6568.2571170998	1.0199202686421
6568.282205745	1.0224370775834
6568.3072944845	1.0236378739907
6568.3323833199	1.0165412564434
6568.3574722511	1.0079742926423
6568.3825612781	0.99429747080205
6568.407650401	0.97808250365557
6568.4327396196	0.97324961646621
6568.4578289342	0.97853066819464
6568.4829183445	0.9816672822467
6568.5080078507	0.98115422449344
6568.5330974527	0.98028400880927
6568.5581871506	0.98097981935472
6568.5832769442	0.97734698422669
6568.6083668338	0.96897642561792
6568.6334568191	0.96159883114216
6568.6585469003	0.95193965810538
6568.6836370773	0.94180677570426
6568.7087273502	0.93647081152712
6568.7338177189	0.93465261962256
6568.758908185	0.93316190042746
6568.7839987453	0.93294022774827
6568.8090894016	0.93550733685972
6568.8341801536	0.93903512970844
6568.8592710015	0.94466365876951
6568.8843619452	0.95077794309333
6568.9094529848	0.95511494191405
6568.9345441202	0.95947204680039
6568.9596353515	0.96559123583268
6568.9847266786	0.96763123996841
6569.0098181015	0.96401692619525
6569.0349096203	0.96090141260718
6569.0600012349	0.95867031206522
6569.0850929453	0.95623269154842
6569.1101847516	0.95504947236138
6569.1352766538	0.95535070502885
6569.1603686518	0.95506331711976
6569.1854607456	0.9538562171001
6569.2105529353	0.95240981205577
6569.2356452208	0.95152282234187
6569.2607376036	0.95466873380991
6569.2858300808	0.95734436650642
6569.3109226539	0.95659162033869
6569.3360153228	0.95599578649706
6569.3611080875	0.95763963296834
6569.3862009481	0.95969852501478
6569.4112939046	0.96091455345203
6569.4363869568	0.96362563792657
6569.461480105	0.95961116979238
6569.4865733489	0.95685521729194
6569.5116666888	0.95746451564299
6569.5367601244	0.95776220244287
6569.561853656	0.96233262812863
6569.5869472833	0.96524967295841
6569.6120410066	0.96364132872413
6569.6371348256	0.96287048249865
6569.6622287406	0.96714902692376
6569.6873227513	0.97039219044535
6569.7124168579	0.97503603779482
6569.7375110619	0.97770737788376
6569.7626053603	0.98394722063405
6569.7876997544	0.98897695530369
6569.8127942445	0.98938708394348
6569.8378888304	0.98768060460045
6569.8629835121	0.98432987989689
6569.8880782897	0.98263095257138
6569.9131731631	0.98063194389583
6569.9382681324	0.98088462785494
6569.9633631976	0.97709445311374
6569.9884583586	0.97467314240164
6570.0135536155	0.97812432791269
6570.0386489682	0.98376780688565
6570.0637444168	0.99113977109293
6570.0888399612	0.99603078348932
6570.1139356015	1.0048970250584
6570.1390313376	1.0118326661474
6570.1641271697	1.0136325053254
6570.1892230975	1.0135852564538
6570.2143191228	1.0137699235086
6570.2394152423	1.0138964634505
6570.2645114578	1.0075110352583
6570.2896077691	1.0016655065089
6570.3147041762	1.0040955095746
6570.3398006793	1.0107372754993
6570.3648972781	1.0138863416355
6570.3899939729	1.0164538192502
6570.4150907635	1.0227148320526
6570.4401876499	1.0284424861319
6570.4652846323	1.0233909391471
6570.4903817105	1.0127976282461
6570.5154788845	1.008161337304
6570.5405761544	1.0063677717225
6570.5656735202	1.0041109335789
6570.5907709819	1.0033158615388
6570.6158685394	1.0035705654997
6570.6409661927	1.0036853991125
6570.666063942	1.0022587191721
6570.6911617871	1.0000586871597
6570.7162597296	0.99982198513539
6570.7413577664	1.0004600079283
6570.7664558991	0.99908970922875
6570.7915541277	0.99614336181789
6570.8166524521	0.99425469425283
6570.8417508724	0.99336787953419
6570.8668493886	0.99427643551928
6570.8919480006	0.99716577018627
6570.9170467085	0.99883392733817
6570.9421455123	0.99831394467099
6570.9672444119	0.99899755247551
6570.9923434075	1.0029703767389
6571.0174424988	1.005243532894
6571.0425416861	1.0040360445643
6571.0676409692	1.0029951212495
6571.0927403482	1.0037853298271
6571.1178398231	1.0042717313406
6571.1429393938	1.0033790711084
6571.1680390605	1.0024123093387
6571.1931388245	1.0026715582351
6571.2182386828	1.0071224286419
6571.243338637	1.0147498194423
6571.2684386872	1.0146308107665
6571.2935388331	1.002266068305
6571.318639075	0.98814160983576
6571.3437394127	0.97568616204835
6571.3688398463	0.96103172839331
6571.3939403758	0.93995590159715
6571.4190410012	0.92508372492169
6571.4441417224	0.92116125753554
6571.4692425395	0.92258104027049
6571.4943434525	0.93771603810157
6571.5194444614	0.94881794916158
6571.5445455661	0.94728791283264
6571.5696467667	0.94219358937588
6571.5947480632	0.93150341569107
6571.6198494556	0.92817793489837
6571.6449509439	0.92783906794877
6571.6700525295	0.93591697410889
6571.6951542095	0.95403205114594
6571.7202559854	0.97295118776284
6571.7453578572	0.99876920581162
6571.7704598249	1.0183919521948
6571.7955618884	1.0432008858467
6571.8206640479	1.0577015659654
6571.8457663032	1.0642272759385
6571.8708686543	1.0636290762074
6571.8959711014	1.0603497348113
6571.9210736444	1.0562624723749
6571.9461762832	1.0415161400792
6571.9712790179	1.0311572801302
6571.9963818485	1.0285187956991
6572.021484775	1.0306819613652
6572.0465877974	1.0243134475735
6572.0716909157	1.0190575439606
6572.0967941298	1.0226050287165
6572.1218974399	1.0276710820499
6572.1470008473	1.027794600051
6572.1721043491	1.0262194123175
6572.1972079468	1.0271062311673
6572.2223116404	1.0296736516948
6572.2474154299	1.0241809978731
6572.2725193152	1.0187662720357
6572.2976232965	1.0179500637668
6572.3227273736	1.0161729306189
6572.3478315466	1.0076454429647
6572.3729358155	0.99843428582528
6572.3980401804	0.99393950926558
6572.423144641	0.99026538390262
6572.4482491976	0.98887265990122
6572.4733538501	0.99013342853495
6572.4984585985	0.99534556370577
6572.5235634428	0.99904256855377
6572.5486683829	1.001364261014
6572.573773419	1.0044978540224
6572.5988785509	1.0070143524135
6572.6239837787	1.0085994032164
6572.649089104	1.0105761103949
6572.6741945236	1.013013712111
6572.6993000391	1.0095192696126
6572.7244056505	1.0071977169918
6572.7495113579	1.0136902972147
6572.7746171611	1.018049914137
6572.7997230602	1.0175109852995
6572.8248290552	1.0166460186903
6572.8499351461	1.0169177964812
6572.8750413329	1.0175175573837
6572.9001476156	1.0103989181488
6572.9252539941	1.0026997192802
6572.9503604686	0.99423435960488
6572.975467039	0.98784567310952
6573.0005737053	0.97576317386525
6573.0256804675	0.96706359043265
6573.0507873256	0.95729406581794
6573.0758942795	0.9568339285514
6573.1010013294	0.96577944591823
6573.1261084767	0.97731380848584
6573.1512157184	1.0083399021737
6573.176323056	1.033617689756
6573.2014304895	1.064205172776
6573.2265380189	1.08135511676
6573.2516456442	1.0929729455217
6573.2767533654	1.0974886151017
6573.3018611825	1.0872165264099
6573.3269690955	1.0740593874305
6573.3520771044	1.0632931945406
6573.3771852092	1.0591737161276
6573.4022934099	1.049654212038
6573.4274017066	1.043630410404
6573.4525100991	1.0410221030147
6573.4776185875	1.0404271409863
6573.5027271719	1.0387646902868
6573.5278358521	1.0368913653736
6573.5529446283	1.0343001053789
6573.5780535003	1.0315695878509
6573.6031624698	1.0280304807546
6573.6282715337	1.024258585724
6573.6533806935	1.0241180431992
6573.6784899492	1.0248156856339
6573.7035993008	1.0217175684534
6573.7287087483	1.0182044384148
6573.7538182917	1.0063950603712
6573.7789279311	0.99401202227482
6573.8040376663	0.9733549740099
6573.8291474975	0.95222500972255
6573.8542574246	0.94595887282768
6573.8793674476	0.94987234304682
6573.9044775664	0.95835195550056
6573.9295877813	0.96710843063629
6573.954698092	0.98913797733158
6573.9798084986	1.0112729558467
6574.0049190012	1.0339184086126
6574.0300295996	1.0532276749119
6574.055140294	1.0585955396171
6574.0802510843	1.0520401914433
6574.105361972	1.029426236714
6574.1304729541	0.9993674221132
6574.1555840322	0.96749934564911
6574.1806952061	0.93683145113294
6574.205806476	0.92227242966931
6574.2309178418	0.91971765401075
6574.2560293035	0.93111622700332
6574.2811408611	0.9509876249924
6574.3062525147	0.97090081846245
6574.3313642641	0.99112981824438
6574.3564761095	1.0015077498538
6574.3815880508	1.0046994080611
6574.406700088	1.0025581023369
6574.4318122211	0.9978369560333
6574.4569244502	0.99655297102647
6574.4820367752	0.99797211752159
6574.5071491961	1.0005841450741
6574.5322617129	1.0035181830017
6574.5573743256	1.0043501350973
6574.5824870358	1.0035579852939
6574.6075998404	1.0024470101184
6574.6327127409	1.0014108221752
6574.6578257374	1.0023612843945
6574.6829388297	1.0040302728656
6574.708052018	1.003253216187
6574.7331653022	1.0012684853279
6574.7582786823	1.0012043945101
6574.7833921584	1.0022791322585
6574.8085057304	1.0063896770692
6574.8336193983	1.0135600712923
6574.8587331621	1.0161137265731
6574.8838470219	1.0126848412085
6574.9089609776	1.0099311516209
6574.9340750292	1.0099759712408
6574.9591891767	1.0095183051138
6574.9843034202	1.0070645614534
6575.0094177596	1.0040921684715
6575.0345321949	1.0019760895602
6575.0596467277	1.0006321456466
6575.0847613549	0.99952027761415
6575.109876078	0.99830957502541
6575.134990897	0.99604000443099
6575.160105812	0.99941630702889
6575.1852208229	1.0100153535703
6575.2103359297	1.0164279688591
6575.2354511325	1.018192804004
6575.2605664312	1.0196052880523
6575.2856818258	1.0212064101673
6575.3107973164	1.0228851432538
6575.3359129029	1.0232867968792
6575.3610285853	1.0228256360698
6575.3861443637	1.0236760992092
6575.411260238	1.0246900299973
6575.4363762083	1.0235907046151
6575.4614922744	1.0226268767739
6575.4866084365	1.0249066030133
6575.5117246946	1.0297235126505
6575.5368410486	1.0338515805812
6575.5619575	1.0356404248948
6575.5870740458	1.037284991394
6575.6121906876	1.0388394657737
6575.6373074254	1.0396512832563
6575.662424259	1.038403218399
6575.6875411886	1.0335522144751
6575.7126582142	1.0287491339572
6575.7377753356	1.0238823742989
6575.7628925531	1.0237043561591
6575.7880098664	1.0292558647077
6575.8131272757	1.0362176514954
6575.838244781	1.0444540418971
6575.8633623821	1.0497686214563
6575.8884800793	1.0544058056607
6575.9135978723	1.0568375756726
6575.9387157613	1.0558400757251
6575.9638337463	1.0531045874756
6575.9889518272	1.0477720569133
6576.014070004	1.0460003234031
6576.0391882783	1.0513904659394
6576.064306647	1.0554086311941
6576.0894251117	1.0546002652294
6576.1145436723	1.0544371855903
6576.1396623288	1.0530771662575
6576.1647810813	1.0535415997518
6576.1898999298	1.0575529423497
6576.2150188742	1.0584909413722
6576.2401379145	1.0568997648325
6576.2652570508	1.0571030618905
6576.290376283	1.0580279425073
6576.3154956112	1.0578908921736
6576.3406150353	1.0558768865582
6576.3657345554	1.0539678056039
6576.3908541714	1.054826455013
6576.4159738834	1.0555347628036
6576.4410936913	1.0491741031868
6576.4662135952	1.0455451895804
6576.491333595	1.0508107878883
6576.5164536923	1.0555942493518
6576.541573884	1.0606481223095
6576.5666941717	1.0655367649384
6576.5918145553	1.0672727428212
6576.6169350349	1.0646515526121
6576.6420556104	1.0588169624072
6576.6671762819	1.0547488250322
6576.6922970494	1.0526343067499
6576.7174179127	1.0509937380586
6576.7425388721	1.051376390374
6576.7676599274	1.052576354061
6576.7927810786	1.054822200264
6576.8179023258	1.0591569327958
6576.843023669	1.0661209231483
6576.8681451081	1.0697632941844
6576.8932666432	1.0631850947156
6576.9183882742	1.0589150820236
6576.9435100012	1.0662758746554
6576.9686318241	1.0708590386178
6576.9937537445	1.0651383717095
6577.0188757594	1.0622104790438
6577.0439978702	1.0668313391762
6577.069120077	1.0691993004317
6577.0942423797	1.0682334202482
6577.1193647784	1.0683397764646
6577.1444872731	1.0655569774128
6577.1696098637	1.063255566451
6577.1947325502	1.0630478517548
6577.2198553328	1.0628220511245
6577.2449782113	1.0675144754502
6577.2701011857	1.0702595071685
6577.2952242561	1.0654832012095
6577.3203474225	1.0630021894946
6577.3454706848	1.065394791815
6577.3705940432	1.0669034827914
6577.3957174974	1.0656736003543
6577.4208410476	1.0650581170573
6577.4459646938	1.0678014520627
6577.471088436	1.0705265706427
6577.4962122756	1.0699329747715
6577.5213362097	1.0683144416407
6577.5464602398	1.065636779885
6577.5715843658	1.061762482563
6577.5967085878	1.055317059143
6577.6218329057	1.0517430370946
6577.6469573196	1.0548070756756
6577.6720818295	1.0567566171065
6577.6972064354	1.0589253125902
6577.7223311372	1.0638365450064
6577.747455935	1.0704511972315
6577.7725808287	1.0737857999606
6577.7977058185	1.0702326272399
6577.8228309042	1.0681774287517
6577.8479560858	1.0751497893832
6577.8730813635	1.0815673184163
6577.8982067371	1.083927320423
6577.9233322067	1.0860744144156
6577.9484577722	1.0876007071192
6577.9735834352	1.0873159589407
6577.9987091927	1.0826052309175
6578.0238350462	1.0776917534562
6578.0489609956	1.0743011176687
6578.074087041	1.0707093966781
6578.0992131824	1.0650600109704
6578.1243394198	1.0618270385249
6578.1494657531	1.0668790936172
6578.1745921824	1.0723429917448
6578.1997187077	1.0714288983457
6578.224845329	1.0700073969254
6578.2499720462	1.0700441066365
6578.2750988594	1.0710110238303
6578.3002257686	1.0745580080334
6578.3253527738	1.0776029690074
6578.3504798749	1.0825584465801
6578.375607072	1.0859704621887
6578.4007343651	1.0829160374607
6578.4258617542	1.079906962833
6578.4509892407	1.0806680759637
6578.4761168218	1.0800043371508
6578.5012444988	1.0770169184944
6578.5263722718	1.0762920076165
6578.5515001407	1.0796434314947
6578.5766281057	1.0814762838339
6578.6017561666	1.0779597698016
6578.6268843235	1.0744899809116
6578.6520125764	1.068649608947
6578.6771409253	1.0634267711551
6578.7022693702	1.0590843378128
6578.727397911	1.055117960181
6578.7525265478	1.0554203076659
6578.7776552806	1.0580622589822
6578.8027841094	1.0621555556113
6578.8279130342	1.0655866165773
6578.853042055	1.0709896374426
6578.8781711717	1.0744686555244
6578.9033003844	1.0742745679084
6578.9284296931	1.0745569600596
6578.9535590994	1.0720940112655
6578.9786886	1.0699096638818
6579.0038181967	1.0680878827043
6579.0289478894	1.0672401156188
6579.054077678	1.0657602121414
6579.0792075627	1.0681103419842
6579.1043375433	1.0755639614211
6579.1294676199	1.0815056165653
6579.1545977925	1.091603461502
6579.1797280611	1.0990515308129
6579.2048584257	1.1045866596534
6579.2299888862	1.1046562507691
6579.2551194428	1.1017840877517
6579.2802500953	1.0992457521973
6579.3053808439	1.1001549411487
6579.3305116884	1.0998785042781
6579.3556426289	1.0926744822264
6579.3807736655	1.0859768931524
6579.405904798	1.0765654296015
6579.431036028	1.070212291202
6579.4561673525	1.0712951916356
6579.481298773	1.0729975125107
6579.5064302895	1.074064146826
6579.5315619019	1.0740439145395
6579.5566936104	1.0705336934222
6579.5818254149	1.0671293965599
6579.6069573153	1.068033207889
6579.6320893118	1.0695519135151
6579.6572214042	1.0699174640519
6579.6823535927	1.0698284215795
6579.7074858771	1.0686538195403
6579.7326182576	1.0674889903753
6579.757750734	1.0671168081858
6579.7828833065	1.0682388913054
6579.8080159749	1.0702293083454
6579.8331487394	1.0720668085762
6579.8582815998	1.0746565398442
6579.8834145562	1.0757659022972
6579.9085476102	1.0715719652385
6579.9336807586	1.066119902606
6579.9588140031	1.0561046885251
6579.9839473435	1.0475022300977
6580.0090807799	1.0393536690746
6580.0342143124	1.0323767568113
6580.0593479408	1.0253840117358
6580.0844816653	1.0256912276801
6580.1096154857	1.0308502730173
6580.1347494022	1.0389826093491
6580.1598834146	1.0630199265515
6580.1850175231	1.0808456721489
6580.2101517276	1.097941776056
6580.235286028	1.1055450535458
6580.2604204245	1.1097141998083
6580.285554917	1.1083167224665
6580.3106895055	1.0991246876029
6580.33582419	1.0910828790232
6580.3609589704	1.0837995899488
6580.3860938485	1.0827251055638
6580.411228821	1.0827851121383
6580.4363638895	1.0850469291921
6580.461499054	1.0840839216219
6580.4866343146	1.0843432034284
6580.5117696711	1.086459075971
6580.5369051237	1.0893875130156
6580.5620406722	1.08783509637
6580.5871763168	1.0796835462778
6580.6123120574	1.0790786298968
6580.637447894	1.0802338482471
6580.6625838266	1.0849729290789
6580.6877198552	1.0791880742619
6580.7128559798	1.0674155086343
6580.7379922005	1.0637955266549
6580.7631285171	1.0670286542397
6580.7882649298	1.0686217147328
6580.8134014384	1.0687841142281
6580.8385380431	1.0691317417964
6580.8636747438	1.0677281127576
6580.8888115421	1.0662610684934
6580.9139484348	1.0650264545997
6580.9390854235	1.064840543046
6580.9642225083	1.0649094759917
6580.9893596891	1.0659909365591
6581.0144969659	1.0690615614954
6581.0396343387	1.065768684252
6581.0647718075	1.0654365291319
6581.0899093724	1.0694801762154
6581.1150470332	1.0745234852648
6581.1401847901	1.0759279448588
6581.165322643	1.0750861402671
6581.1904605919	1.0722276847988
6581.2155986369	1.0655204187134
6581.2407367778	1.0617579271227
6581.2658750148	1.0693681272441
6581.2910133478	1.0469112142873
6581.3161517768	1.1077441894344
6581.3412903018	1.0719207929713
6581.3664289244	1.0937843976457
6581.3915676415	1.118143609705
6581.4167064546	1.1069924985635
6581.4418453637	1.1054709863274
6581.4669843688	1.1018591634652
6581.49212347	1.1074177793734
6581.5172626672	1.0583527804134
6581.5424019604	1.0283482192087
6581.5675413497	1.0229375728519
6581.5926808349	1.0279453202748
6581.6178204162	1.0406454972631
6581.6429600935	1.0765395009673
6581.6680998669	1.0920595938997
6581.6932397362	1.0904544970274
6581.7183797016	1.0912157690086
6581.743519763	1.0909917996947
6581.7686599205	1.0843649928485
6581.793800174	1.0894244057226
6581.8189405235	1.100656984803
6581.8440809705	1.1039885006611
6581.8692215121	1.1012121307998
6581.8943621496	1.1002833607496
6581.9195028833	1.1010455001747
6581.9446437129	1.094464791913
6581.9697846386	1.0816537833861
6581.9949256603	1.0897770913116
6582.020066778	1.0945793909288
6582.0452079918	1.0933814801237
6582.0703493016	1.0902775555539
6582.0954907074	1.0905546939752
6582.1206322093	1.0851787222191
6582.1457738072	1.0940180221385
6582.1709155011	1.1050240893484
6582.1960572911	1.1091987868105
6582.221199177	1.0637066478596
6582.2463411591	1.0633391748082
6582.2714832371	1.1238947464974
6582.2966254112	1.1482082399438
6582.3217676814	1.1444818415
6582.346910049	1.1582405199307
6582.3720525112	1.165410667667
6582.3971950695	1.1664713094383
6582.4223377238	1.1664424229617
6582.4474804741	1.1606695078468
6582.4726233204	1.1502217418822
6582.4977662628	1.1454505449542
6582.5229093012	1.1427822037331
6582.5480524357	1.1244020806518
6582.5731956662	1.1241362960098
6582.5983389927	1.1252345813167
6582.6234824153	1.0912465752027
6582.6486259339	1.1404718083409
6582.6737695486	1.2073929914819
6582.6989132593	1.2433298839646
6582.7240570661	1.2312983174958
6582.7492009688	1.2055269637698
6582.7743449677	1.1915254297217
6582.7994890625	1.1698094906228
6582.824633255	1.1705661002305
6582.8497775419	1.1851747570355
