6543.9997522838	0.98311955434025
6544.0247482721	0.9824970678073
6544.0497443559	0.98179168230605
6544.0747405367	0.98159549847812
6544.0997368114	0.98235097059496
6544.1247331817	0.98197480197367
6544.1497296474	0.98054787753823
6544.1747262085	0.97854757793083
6544.1997228652	0.97578375107297
6544.2247196173	0.97312353284846
6544.2497164649	0.97016333039725
6544.274713408	0.97056227065111
6544.2997104466	0.97226529348603
6544.3247075807	0.97389008608468
6544.3497048102	0.9755555806744
6544.3747021352	0.97801420707282
6544.3996995557	0.98156472656407
6544.4246970717	0.98470116885327
6544.4496946832	0.98681186361675
6544.4746923901	0.98385360217889
6544.4996901926	0.9817377921511
6544.5246880905	0.98080777181649
6544.5496860839	0.97862855917624
6544.5746841743	0.97461840877145
6544.5996823586	0.97225917141403
6544.6246806385	0.97060606717116
6544.6496790138	0.97095500769887
6544.6746774846	0.97218126586412
6544.6996760509	0.97386349240667
6544.7246747127	0.97639320570069
6544.74967347	0.9768875793286
6544.7746723228	0.97963138471709
6544.7996712711	0.983670810308
6544.8246703148	0.9865950283726
6544.849669454	0.98421575468109
6544.8746686888	0.98456394650286
6544.899668019	0.98882463626242
6544.9246674447	0.9937880441341
6544.9496669659	0.9998264819496
6544.9746665826	1.005541923223
6544.9996662947	1.0120859344711
6545.0246661024	1.0165678870108
6545.0496660071	1.0201800070566
6545.0746660057	1.0190206739665
6545.0996660998	1.0127632520898
6545.1246662895	1.003996759602
6545.1496665746	0.98460641385772
6545.1746669552	0.9729056445324
6545.1996674313	0.9503607291678
6545.2246680029	0.94089395420956
6545.24966867	0.92645670823822
6545.2746694326	0.92861139848956
6545.2996702907	0.93101022650025
6545.3246712443	0.93553668524899
6545.3496722934	0.93902106783777
6545.3746734379	0.94271489271488
6545.399674678	0.9499126917823
6545.4246760136	0.95933694854872
6545.4496774446	0.96295924879739
6545.4746789712	0.96411735254365
6545.4996805933	0.96287545882565
6545.5246823123	0.96189344193089
6545.5496841254	0.96017570611561
6545.5746860339	0.95888503497941
6545.599688038	0.95869570263889
6545.6246901376	0.95773882222718
6545.6496923326	0.95306396398156
6545.6746946232	0.94985078186517
6545.6996970092	0.94891154025431
6545.7246994908	0.94692043294926
6545.7497020678	0.9440031698208
6545.7747047404	0.9406276848973
6545.7997075085	0.93675091609061
6545.824710372	0.93578262991406
6545.8497133311	0.93747680193661
6545.8747163857	0.94049829692441
6545.8997195357	0.94393414865155
6545.9247227813	0.94638816104463
6545.9497261224	0.94735033279753
6545.974729559	0.94915740298234
6545.9997330911	0.94780266505922
6546.0247367202	0.94235525809912
6546.0497404433	0.93428019173456
6546.0747442619	0.92138229678009
6546.099748176	0.91001673711923
6546.1247521857	0.89855777710515
6546.1497562908	0.89161931904415
6546.1747604914	0.88810143470531
6546.1997647876	0.88924194146947
6546.2247691792	0.8939629426652
6546.2497736664	0.90054150667814
6546.2747782491	0.90677468562958
6546.2997829273	0.91018503664742
6546.324787701	0.91347840625362
6546.3497925702	0.91523765462438
6546.3747975349	0.91845397230069
6546.3998025951	0.92092423532971
6546.4248077508	0.92372639104876
6546.4498130021	0.92383366248259
6546.4748183488	0.92345344066721
6546.4998237926	0.92146523447589
6546.5248293304	0.91968797764243
6546.5498349637	0.91968647197003
6546.5748406925	0.91974716400049
6546.5998465169	0.91963221426018
6546.6248524367	0.92113118294182
6546.6498584521	0.92475348759415
6546.6748645629	0.92727140322453
6546.6998707693	0.92848323766815
6546.7248770712	0.92714496161289
6546.7498834686	0.92588700555013
6546.7748899616	0.93216536921694
6546.79989655	0.94146997250732
6546.824903234	0.95459584416575
6546.8499100135	0.96953821859519
6546.8749168885	0.98150383613636
6546.899923859	0.99039702985221
6546.924930925	0.99358353418746
6546.9499380866	0.98965856578526
6546.9749453452	0.97950293110948
6546.9999526978	0.96452006305567
6547.0249601459	0.9450988961727
6547.0499676895	0.92673055279783
6547.0749753287	0.90867610655657
6547.0999830634	0.90505749341496
6547.1249908936	0.90412240233362
6547.1499988193	0.91743635974256
6547.1750068406	0.93177205700404
6547.2000149573	0.94089676479874
6547.2250231696	0.94949051765223
6547.2500314774	0.95706465392557
6547.2750398808	0.96305771115275
6547.3000483796	0.96408626846048
6547.325056974	0.96385621375118
6547.3500656639	0.96293776252903
6547.3750744494	0.96141226230211
6547.4000833303	0.95945435200884
6547.4250923068	0.9593207208671
6547.4501013788	0.96008395101832
6547.4751105479	0.95954660481217
6547.500119811	0.95863498072608
6547.5251291696	0.95952716134021
6547.5501386237	0.96172031014089
6547.5751481733	0.96182132107131
6547.6001578185	0.96168193478382
6547.6251675592	0.96308096650233
6547.6501773955	0.96570639551168
6547.6751873272	0.96904587463961
6547.7001973545	0.97156545161245
6547.7252074774	0.97333265058131
6547.7502176957	0.97482710683598
6547.7752280096	0.97630041165298
6547.800238419	0.97895077530129
6547.825248924	0.98159555019567
6547.8502595245	0.98188037220242
6547.8752702205	0.98012548912848
6547.9002810121	0.97756203085582
6547.9252918991	0.97261810480243
6547.9503028833	0.97116023186288
6547.9753139614	0.96931088418638
6548.0003251351	0.96764092188217
6548.0253364043	0.96517536071322
6548.0503477691	0.96287210989006
6548.0753592294	0.96107869915916
6548.1003707852	0.9590893456737
6548.1253824366	0.95931579400812
6548.1503941835	0.96228599987014
6548.1754060259	0.96329886088168
6548.2004179639	0.96231836170507
6548.2254299974	0.9642627716445
6548.2504421264	0.9678996133827
6548.275454351	0.96826696573688
6548.3004666712	0.9678973052245
6548.3254790868	0.96906274814365
6548.350491598	0.96972488167584
6548.3755042048	0.96953553614411
6548.4005169071	0.96840551187688
6548.4255297064	0.96648613985864
6548.4505425998	0.96574799786143
6548.4755555887	0.96653080779333
6548.5005686731	0.96940576790013
6548.5255818531	0.97341640775879
6548.5505951287	0.97137055636872
6548.5756084997	0.96670233155487
6548.6006219664	0.96576935334591
6548.6256355285	0.96548639246402
6548.6506491862	0.96401612285028
6548.6756629395	0.96347884910603
6548.7006767883	0.96778578287623
6548.7256907326	0.97207683411827
6548.7507047725	0.97231397530665
6548.7757189079	0.97224938608704
6548.8007331389	0.97114197886147
6548.8257474654	0.96964303923817
6548.8507618875	0.96824486739032
6548.8757764051	0.96783448571015
6548.9007910198	0.968590761411
6548.9258057285	0.96649773257058
6548.9508205328	0.96333122310225
6548.9758354326	0.96447121554665
6549.000850428	0.96843730140711
6549.0258655189	0.97097129496047
6549.0508807053	0.97484930872818
6549.0758959873	0.97629459460982
6549.1009113649	0.97683915840579
6549.125926838	0.97681423963272
6549.1509424067	0.97602839417692
6549.1759580709	0.97242828787898
6549.2009738306	0.9687466142899
6549.225989686	0.96599531179686
6549.2510056368	0.96064666029157
6549.2760216832	0.95463698144217
6549.3010378252	0.95202165599957
6549.3260540627	0.95232342173043
6549.3510703958	0.95369496270832
6549.3760868245	0.95601068849766
6549.4011033502	0.95947685958351
6549.4261199699	0.96413223070289
6549.4511366852	0.96218867460199
6549.4761534961	0.96121415698987
6549.5011704025	0.96700864685535
6549.5261874045	0.97111061194802
6549.551204502	0.96895966232599
6549.5762216951	0.96821806575667
6549.6012389837	0.97098307859397
6549.6262563679	0.97204511170283
6549.6512738477	0.97122550822158
6549.676291423	0.96969278681653
6549.7013090939	0.96878782280843
6549.7263268603	0.96763700524084
6549.7513447223	0.96566523240579
6549.7763626799	0.96384253625801
6549.801380733	0.96147396157597
6549.8263988817	0.96132449024522
6549.8514171259	0.96016727290473
6549.8764354672	0.96148125694263
6549.9014539026	0.96348079314123
6549.9264724335	0.96914118965579
6549.95149106	0.97597089172824
6549.976509782	0.98088545312377
6550.0015285997	0.98169544528771
6550.0265475128	0.9796823563192
6550.0515665216	0.9760255331487
6550.0765856259	0.971622462082
6550.1016048258	0.9680135555681
6550.1266241212	0.96727493309615
6550.1516435122	0.96656247509457
6550.1766629988	0.96619369899728
6550.2016825809	0.96457201748485
6550.2267022586	0.96451931192252
6550.2517220319	0.96681337232436
6550.2767419007	0.9692599619186
6550.3017618651	0.97091522589351
6550.3267819251	0.97048579461954
6550.3518020822	0.96846872732321
6550.3768223333	0.96706962211705
6550.40184268	0.96629790095757
6550.4268631222	0.96212676871313
6550.45188366	0.95841145686344
6550.4769042934	0.9594296300892
6550.5019250224	0.96381942937546
6550.5269458469	0.96387077260755
6550.551966767	0.96320702275421
6550.5769877827	0.96174852677092
6550.602008894	0.95767130775663
6550.6270301008	0.95232293839587
6550.6520514032	0.94500001080578
6550.6770728011	0.94171578292351
6550.7020942947	0.94062226620463
6550.7271158838	0.94295221638669
6550.7521375685	0.94659977789517
6550.7771593488	0.95438263508745
6550.8021812246	0.96273415443113
6550.827203196	0.97485239466579
6550.8522252645	0.98457705130866
6550.8772474271	0.99325365381962
6550.9022696852	0.9955045182345
6550.927292039	0.99429919098552
6550.9523144883	0.98866060310902
6550.9773370331	0.97689310314834
6551.0023596736	0.95693815199019
6551.0273824096	0.93466415822393
6551.0524052412	0.91138705059801
6551.0774281684	0.89895178774345
6551.1024511912	0.89357637125619
6551.1274743096	0.89937687836907
6551.1524975235	0.90934174473418
6551.177520833	0.9243686720727
6551.2025442381	0.94032786782991
6551.2275677388	0.94661574683769
6551.252591335	0.95251305133389
6551.2776150269	0.95486630522521
6551.3026388143	0.9574122560918
6551.3276626988	0.95812788594975
6551.3526866774	0.95842060406579
6551.3777107516	0.95893031634967
6551.4027349213	0.95826410492136
6551.4277591867	0.95777938332081
6551.4527835476	0.9569882980244
6551.4778080041	0.95692046407325
6551.5028325562	0.95504051579981
6551.5278572039	0.95256820174362
6551.5528819471	0.94959414291859
6551.577906786	0.94534384153333
6551.6029317204	0.94710715113086
6551.6279567505	0.94747341016188
6551.6529818761	0.94871130467684
6551.6780070973	0.95064299580978
6551.7030324141	0.95371659530947
6551.7280578265	0.95845444342188
6551.7530833344	0.96303764536358
6551.778108938	0.96667857443875
6551.8031346387	0.97101652405684
6551.8281604334	0.97141643218537
6551.8531863237	0.9694181562948
6551.8782123096	0.9691872798523
6551.9032383912	0.96855227309575
6551.9282645683	0.97099940811021
6551.953290841	0.97323153600647
6551.9783172092	0.9722027670262
6552.0033436731	0.97095056086087
6552.0283702326	0.96995556886482
6552.0533968877	0.96777898688202
6552.0784236383	0.96436338767633
6552.1034504846	0.95752619148866
6552.1284774264	0.94765456574849
6552.1535044639	0.93864780332754
6552.1785315969	0.93068838784408
6552.2035588255	0.92262054405689
6552.2285861498	0.91546201500113
6552.2536135696	0.91746618251867
6552.2786410865	0.92144195670055
6552.3036686976	0.93336415172178
6552.3286964042	0.94415560854489
6552.3537242064	0.9496083254007
6552.3787521042	0.95344422617628
6552.4037800976	0.95360531181723
6552.4288081866	0.9546446934148
6552.4538363713	0.95671390417763
6552.4788646515	0.9553056730186
6552.5038930273	0.95230193527088
6552.5289214987	0.95287096422779
6552.5539500657	0.95477618034629
6552.5789787283	0.95494639784959
6552.6040074865	0.95419050165938
6552.6290363404	0.95113405779305
6552.6540652898	0.95031586867515
6552.6790943348	0.94929076252715
6552.7041234754	0.94865388049389
6552.7291527116	0.94844452088498
6552.7541820435	0.94936082176473
6552.7792114724	0.95151374855257
6552.8042409955	0.95260166317236
6552.8292706141	0.95183912164542
6552.8543003284	0.95147341774239
6552.8793301382	0.95182379968678
6552.9043600437	0.9528876131938
6552.9293900448	0.95686456787616
6552.9544201414	0.9598362837699
6552.9794503337	0.96586042166946
6553.0044806216	0.96947746514067
6553.0295110051	0.97442303953326
6553.0545414842	0.97347962243527
6553.0795720589	0.97199774727451
6553.1046027292	0.96507059942411
6553.1296334952	0.95757755080744
6553.1546643567	0.94522742302028
6553.1796953139	0.93803218364469
6553.2047263666	0.92970558771029
6553.229757515	0.92804102649395
6553.2547887605	0.92747437497679
6553.2798201001	0.93082158432484
6553.3048515353	0.93729092574918
6553.3298830661	0.94167916455568
6553.3549146925	0.94710800545795
6553.3799464146	0.94888492696943
6553.4049782322	0.95145400109552
6553.4300101455	0.95537333020525
6553.4550421544	0.95556518460561
6553.4800742589	0.95173116207441
6553.505106459	0.94993958590532
6553.5301387547	0.94968951634186
6553.5551711461	0.95046083130268
6553.580203633	0.95173513837183
6553.6052362156	0.94999744916846
6553.6302688938	0.9489750149319
6553.6553016676	0.94810162639804
6553.680334537	0.94713042412731
6553.7053675021	0.9482323658976
6553.7304005642	0.94868544035981
6553.7554337205	0.94600826004055
6553.7804669724	0.9421555617129
6553.8055003199	0.93839046551173
6553.8305337631	0.93692695313333
6553.8555673018	0.9370741900462
6553.8806009362	0.93891054097869
6553.9056346662	0.94209187262437
6553.9306684918	0.94627068766454
6553.9557024131	0.9514408816163
6553.9807364299	0.94890629253435
6554.0057705424	0.94633135636642
6554.0308047505	0.94278885130965
6554.0558390542	0.93888838297564
6554.0808734536	0.93601271134533
6554.1059079486	0.93429623723538
6554.1309425392	0.93371959871873
6554.1559772254	0.93518320308702
6554.1810120072	0.94021999081499
6554.2060468847	0.94369704867347
6554.2310818593	0.94923164698761
6554.256116928	0.95173951410707
6554.2811520924	0.9571899971866
6554.3061873523	0.95683508083044
6554.3312227079	0.95597218033481
6554.3562581592	0.95290628708592
6554.381293706	0.94788229530629
6554.4063293485	0.94096239991568
6554.4313650866	0.93364694079086
6554.4564009204	0.92701208877451
6554.4814368497	0.92469919315406
6554.5064728747	0.92711386635548
6554.5315089954	0.93007362282922
6554.5565452116	0.93460731487411
6554.5815815235	0.93774229869891
6554.606617931	0.94324573679215
6554.6316544342	0.9414718789534
6554.656691033	0.94112957262469
6554.6817277274	0.93887655316317
6554.7067645189	0.93690085372207
6554.7318014046	0.93458532482678
6554.7568383859	0.93480786598217
6554.7818754629	0.93832317055233
6554.8069126354	0.94140110741719
6554.8319499036	0.94660366986913
6554.8569872675	0.94649813570707
6554.882024727	0.94790134740368
6554.9070622821	0.94768190252006
6554.9320999328	0.94646244199001
6554.9571376792	0.93660181349904
6554.9821755212	0.92351348936613
6555.0072134589	0.91561326861119
6555.0322514922	0.90426925654207
6555.0572896211	0.8979923082149
6555.0823278457	0.89520211836608
6555.1073661659	0.90036856106694
6555.1324045818	0.90566238721066
6555.1574430933	0.91417786225882
6555.1824817019	0.9153839212721
6555.2075204047	0.91688009434104
6555.2325592031	0.91744263769413
6555.2575980971	0.91906061896872
6555.2826370868	0.91601602959195
6555.3076761721	0.9146603515081
6555.3327153531	0.91615509552684
6555.3577546297	0.92040002889908
6555.3827940019	0.92856655139335
6555.4078334698	0.93376809037323
6555.4328730334	0.93498191331986
6555.4579126926	0.93442581244157
6555.4829524474	0.93249888659397
6555.5079922979	0.92789386764535
6555.533032244	0.92237190830594
6555.5580722857	0.9128160593852
6555.5831124231	0.90512049356422
6555.6081526562	0.89392750198934
6555.6331929849	0.88745745476774
6555.6582334092	0.88746696465358
6555.6832739307	0.88967318474166
6555.7083145463	0.89510333442047
6555.7333552576	0.89818667938007
6555.7583960645	0.897544358831
6555.7834369671	0.89743972966945
6555.8084779653	0.8982439682745
6555.8335190592	0.89888198321683
6555.8585602487	0.90119625145442
6555.8836015339	0.90401129031246
6555.9086429147	0.90934224037565
6555.9336843912	0.91125333481335
6555.9587259633	0.91160760326008
6555.9837676311	0.90929731754605
6556.0088093945	0.910779462471
6556.0338512536	0.91397526249915
6556.0588932083	0.91587985774563
6556.0839352587	0.91711218646564
6556.1089774047	0.91776670258387
6556.1340196464	0.91882164901167
6556.1590619852	0.92266342258847
6556.1841044182	0.92659633698227
6556.2091469469	0.92671648661445
6556.2341895711	0.92743993590056
6556.2592322911	0.92903178169526
6556.2842751067	0.93168841199145
6556.309318018	0.93462782215547
6556.3343610249	0.93675758448775
6556.3594041275	0.93668748868397
6556.3844473257	0.93718958775573
6556.4094906196	0.93789318611676
6556.4345340091	0.93847452814328
6556.4595774943	0.9366109846758
6556.4846210752	0.93381864019096
6556.5096647517	0.92964100065458
6556.5347085239	0.92212920724334
6556.5597523918	0.91589541297267
6556.5847963553	0.91039014337854
6556.6098404144	0.90770726912002
6556.6348845707	0.90968060832538
6556.6599288212	0.9128492499306
6556.6849731674	0.91682288491834
6556.7100176092	0.91969890607601
6556.7350621466	0.92203959356012
6556.7601067798	0.92411354195748
6556.7851515085	0.92621426495311
6556.810196333	0.92811047208557
6556.8352412531	0.93085754551996
6556.8602862689	0.93288892898987
6556.8853313803	0.9347295941113
6556.9103765874	0.93383088711391
6556.9354218902	0.93340667577769
6556.9604672887	0.93312943564261
6556.9855127828	0.9311695553897
6557.0105583725	0.92668251605361
6557.035604058	0.92450445834673
6557.0606498391	0.92308424490743
6557.0856957158	0.92000972767858
6557.1107416898	0.91469095837788
6557.1357877579	0.91588290119608
6557.1608339216	0.91499115029727
6557.1858801811	0.91390952088981
6557.2109265362	0.91415616281684
6557.235972987	0.91785717935735
6557.2610195334	0.92203586767713
6557.2860661755	0.92627582501396
6557.3111129133	0.92785610879387
6557.3361597468	0.92761789566292
6557.3612066759	0.92876566062861
6557.3862537007	0.92956479306098
6557.4113008212	0.92786762221611
6557.4363480373	0.92499621839044
6557.4613953491	0.92366888859537
6557.4864427566	0.92034331833143
6557.5114902598	0.91626818559456
6557.5365378586	0.91306996264639
6557.5615855531	0.91256430131635
6557.5866333433	0.91446266810444
6557.6116812307	0.91891175628949
6557.6367292122	0.92225987545119
6557.6617772894	0.9255871126859
6557.6868254623	0.92775138327362
6557.7118737308	0.92898533109025
6557.7369220951	0.92646179762409
6557.761970555	0.92349693968276
6557.7870191106	0.92534867405961
6557.8120677618	0.92701009178543
6557.8371165088	0.92759818498768
6557.8621653514	0.92562193575891
6557.8872142897	0.92118710545539
6557.9122633237	0.91892589061046
6557.9373124533	0.91941473235439
6557.9623616787	0.91699946510506
6557.9874109997	0.91377437676372
6558.0124604164	0.91613151373655
6558.0375099288	0.91950047458567
6558.0625595368	0.91936182099625
6558.0876092421	0.92007047793403
6558.1126590415	0.92040124249837
6558.1377089366	0.920834558741
6558.1627589274	0.92107162220117
6558.1878090139	0.92109409135772
6558.212859196	0.92242690176683
6558.2379094739	0.92376736662497
6558.2629598474	0.92444066912634
6558.2880103166	0.92437568385746
6558.3130608815	0.92642294044765
6558.3381115421	0.92612112116035
6558.3631622983	0.92847972447741
6558.3882131503	0.93093526416385
6558.4132640979	0.93398730456337
6558.4383151413	0.93084109907943
6558.4633662803	0.92568418886331
6558.488417515	0.91794031014175
6558.5134688453	0.91226059688131
6558.5385202714	0.9077354194258
6558.5635717947	0.90455055569922
6558.5886234121	0.90301107317382
6558.6136751253	0.90525315535288
6558.6387269341	0.91090083138984
6558.6637788386	0.91185750404385
6558.6888308388	0.91404228383644
6558.7138829347	0.91475088293321
6558.7389351263	0.91592920686496
6558.7639874136	0.91600464701505
6558.7890397966	0.91454318598967
6558.8140922752	0.91232022148321
6558.8391448496	0.90776720687039
6558.8641975196	0.90228977811195
6558.8892502854	0.89722541592488
6558.9143031468	0.89372425783783
6558.939356104	0.89083750190808
6558.9644091568	0.88949529377073
6558.9894623053	0.89078648264748
6559.0145155495	0.89396843834212
6559.0395688894	0.89859351147464
6559.0646223265	0.90152875225866
6559.0896758578	0.90146831679305
6559.1147294848	0.89996361348511
6559.1397832075	0.89626168183389
6559.1648370259	0.89440221074057
6559.18989094	0.89186976262797
6559.2149449498	0.88964203561259
6559.2399990553	0.88666026093893
6559.2650532565	0.88652050675095
6559.2901075534	0.88749096487577
6559.315161946	0.88825418784505
6559.3402164342	0.8913063924151
6559.3652710182	0.89377421010328
6559.3903256979	0.89709427587016
6559.4153804733	0.90000654116137
6559.4404353444	0.89621842138621
6559.4654903112	0.88730761168583
6559.4905453737	0.8793223503279
6559.5156005318	0.86765514633117
6559.5406557872	0.86480074393388
6559.5657111369	0.86130814686869
6559.5907665822	0.86193025044365
6559.6158221232	0.86175863875336
6559.6408777599	0.86406482223612
6559.6659334923	0.86642073153981
6559.6909893204	0.86796409681002
6559.7160452442	0.86968310018005
6559.7411012638	0.87258365191315
6559.766157379	0.87451783436237
6559.7912135899	0.87581430004728
6559.8162698966	0.87440807596978
6559.8413262989	0.87411903502503
6559.866382797	0.87262358810129
6559.8914393908	0.87053395751411
6559.9164960802	0.86818167627628
6559.9415528654	0.86718333148507
6559.9666097463	0.8683873822709
6559.9916667229	0.86779070223544
6560.0167237968	0.86573784223219
6560.0417809648	0.86544573758483
6560.0668382285	0.86583597818624
6560.091895588	0.86544510776077
6560.1169530431	0.86485732430799
6560.142010594	0.86579838287024
6560.1670682406	0.86682701319998
6560.1921259829	0.8650588128933
6560.2171838209	0.86363966703432
6560.2422417546	0.86436156565395
6560.267299784	0.86407452420022
6560.2923579092	0.86298118277458
6560.31741613	0.86319756421113
6560.3424744466	0.86415373719053
6560.3675328589	0.8647325981676
6560.3925913669	0.86539864411543
6560.4176499706	0.86538968699775
6560.4427086701	0.86466957560856
6560.4677674652	0.86296507730776
6560.4928263576	0.86157177402768
6560.5178853442	0.86057181822232
6560.5429444265	0.85950015913244
6560.5680036045	0.85876513418813
6560.5930628782	0.85770343836221
6560.6181222477	0.85643309558133
6560.6431817129	0.85601787833683
6560.6682412738	0.85662366199167
6560.6933009304	0.85448486579615
6560.7183606827	0.85259022975598
6560.7434205308	0.85087832259629
6560.7684804745	0.84919861109517
6560.793540514	0.84848600504891
6560.8186006493	0.84737141699917
6560.8436608802	0.8460840086407
6560.8687212069	0.84645441572184
6560.8937816292	0.84789716015282
6560.9188421473	0.84671872769309
6560.9439027612	0.84482209199255
6560.9689634707	0.84380567192756
6560.9940242775	0.84443134456303
6561.0190851785	0.84724290407995
6561.0441461752	0.84937851021644
6561.0692072677	0.84608554439483
6561.0942684559	0.84216211550251
6561.1193297398	0.83799152795767
6561.1443911194	0.83649181908481
6561.1694525948	0.83687572942833
6561.1945141658	0.83447028885249
6561.2195758326	0.83047546559925
6561.2446375952	0.82693102986459
6561.2696994534	0.82251598112924
6561.2947614074	0.81908117643626
6561.3198234572	0.81469949164023
6561.3448856026	0.81220599839746
6561.3699478438	0.8099467879875
6561.3950101807	0.80707436665945
6561.4200726133	0.80361741643563
6561.4451351417	0.80058497305381
6561.4701977673	0.79584131145723
6561.4952604872	0.78995627503803
6561.5203233027	0.7861876978539
6561.545386214	0.782890864629
6561.570449221	0.7798409274331
6561.5955123238	0.77588487772675
6561.6205755223	0.76977685861773
6561.6456388165	0.7637061240902
6561.6707022065	0.75904726452685
6561.6957656922	0.75461665425721
6561.7208292736	0.75066018927478
6561.7458929508	0.74839638630463
6561.7709567237	0.74624628856074
6561.7960205923	0.74152906836959
6561.8210845567	0.73555353821124
6561.8461486168	0.73131894892154
6561.8712127726	0.72670294925547
6561.8962770242	0.71951751005458
6561.9213413715	0.7123714162808
6561.9464058161	0.70553266212481
6561.9714703549	0.69998485347306
6561.9965349894	0.69527123499014
6562.0215997197	0.69115664734309
6562.0466645457	0.687409203853
6562.0717294675	0.68510294475311
6562.0967944849	0.68264768778394
6562.1218595982	0.67883401920408
6562.1469248071	0.67470901263689
6562.1719901119	0.67201482511628
6562.1970555123	0.66854200729254
6562.2221210085	0.66355852624994
6562.2471866005	0.65888674998124
6562.2722522881	0.65484231334445
6562.2973180716	0.65157376588991
6562.3223839507	0.64766008068894
6562.3474499256	0.64445914850154
6562.3725159963	0.64128231152729
6562.3975821627	0.64080067956153
6562.4226484248	0.63930681980879
6562.4477147842	0.63722100860547
6562.4727812379	0.63444195177014
6562.4978477872	0.63107211119241
6562.5229144324	0.62706098343702
6562.5479811732	0.62265268229631
6562.5730480099	0.61644921126285
6562.5981149422	0.61012898921338
6562.6231819703	0.60220365945357
6562.6482490942	0.59524401764324
6562.6733163138	0.59397896662003
6562.6983836292	0.59515292006454
6562.7234510403	0.6048409073274
6562.7485185471	0.61430522829612
6562.7735861498	0.62151104005773
6562.7986538481	0.62631269352129
6562.8237216422	0.62822327725759
6562.8487895321	0.63056114485667
6562.8738575177	0.63282767779814
6562.8989255991	0.63237727347416
6562.9239937777	0.63046515011067
6562.9490620506	0.62917516443333
6562.9741304192	0.62656432375029
6562.9991988836	0.62519195703494
6563.0242674437	0.6224697917693
6563.0493360996	0.61924457787433
6563.0744048512	0.61809344976607
6563.0994736986	0.6207327950763
6563.1245426417	0.62413197919402
6563.1496116806	0.62772681026711
6563.1746808153	0.62908304451369
6563.1997500457	0.63065629683215
6563.2248193719	0.63395839860531
6563.2498887938	0.6382376877403
6563.2749583115	0.6429883014029
6563.3000279249	0.64804827516128
6563.3250976341	0.65339896556155
6563.3501674391	0.65791032186656
6563.3752373398	0.66075620731804
6563.4003073378	0.66388963843922
6563.42537743	0.6667703412773
6563.450447618	0.66802993258258
6563.4755179018	0.66860516118958
6563.5005882813	0.66874487812641
6563.5256587566	0.66918522317064
6563.5507293276	0.67302287892616
6563.5757999944	0.67570436136272
6563.6008707569	0.67639950655076
6563.6259416153	0.67840999204289
6563.6510125694	0.68262738508917
6563.6760836192	0.68532581789919
6563.7011547648	0.68688813730583
6563.7262260062	0.69217809728784
6563.7512973433	0.69900499179327
6563.7763687762	0.70456772944322
6563.8014403049	0.7095645997848
6563.8265119293	0.71311281929958
6563.8515836495	0.71705567176777
6563.8766554655	0.7212939237372
6563.9017273787	0.72441106726886
6563.9267993862	0.727086504196
6563.9518714895	0.73116318981758
6563.9769436885	0.73499175041408
6564.0020159833	0.73700914247588
6564.0270883739	0.7387165496297
6564.0521608602	0.74384149278776
6564.0772334423	0.7496236713919
6564.1023061202	0.75354688320942
6564.1273788939	0.75839753038893
6564.1524517633	0.76461916684205
6564.1775247285	0.7690582756358
6564.2025977894	0.7724380470575
6564.2276709461	0.77676228380109
6564.2527441986	0.78271980980731
6564.2778175469	0.78948147145187
6564.302890991	0.79572708558885
6564.3279645308	0.79869659528577
6564.3530381664	0.80047335885804
6564.3781118992	0.80092081125211
6564.4031857264	0.80197480632331
6564.4282596493	0.80409998276275
6564.453333668	0.80653571869394
6564.4784077824	0.80789506022336
6564.5034819926	0.80770306373489
6564.5285562987	0.80744835805892
6564.5536307004	0.81259178395883
6564.578705198	0.81808371005682
6564.6037797913	0.8222898623148
6564.6288544805	0.8276748832299
6564.6539292653	0.83252858532143
6564.679004146	0.83864031497377
6564.7040791225	0.84410374731006
6564.7291541947	0.85083712019422
6564.7542293627	0.85820812672566
6564.7793046265	0.85905420288944
6564.804379986	0.85724444376767
6564.8294554414	0.8562676315083
6564.854530994	0.85494521896498
6564.8796066409	0.85745271658241
6564.9046823836	0.85786690677357
6564.9297582221	0.85983639235472
6564.9548341563	0.86196551201365
6564.9799101864	0.86311665454086
6565.0049863122	0.86503373877861
6565.0300625338	0.86359202093082
6565.0551388511	0.86143739237448
6565.0802152643	0.86311110075046
6565.1052917732	0.86619445924514
6565.130368378	0.86992682005101
6565.1554450785	0.87364562080595
6565.1805218748	0.87673730820981
6565.2055987669	0.88048329774042
6565.2306757547	0.88278682210298
6565.2557528384	0.88391163993142
6565.2808300178	0.88640960778992
6565.3059072931	0.88899555655146
6565.3309846656	0.88981544477204
6565.3560621324	0.89084721050323
6565.381139695	0.89248474857169
6565.4062173534	0.89380122716229
6565.4312951075	0.893640454227
6565.4563729575	0.89291964733261
6565.4814509032	0.89595041825636
6565.5065289448	0.90242212250485
6565.5316070821	0.90517209314303
6565.5566853152	0.90374996611452
6565.5817636441	0.90011672990789
6565.6068420688	0.89488197519498
6565.6319205893	0.89502368230911
6565.6569992056	0.90037282109193
6565.6820779177	0.90478945147748
6565.7071567256	0.90851228283684
6565.7322356292	0.91041200824916
6565.7573146287	0.91030516028335
6565.7823937239	0.90869347080335
6565.807472915	0.90462575596311
6565.8325522033	0.90305567042286
6565.8576315859	0.90533317286463
6565.8827110644	0.90432576674014
6565.9077906386	0.8979325997334
6565.9328703086	0.89287748675805
6565.9579500744	0.89004810279328
6565.983029936	0.89028540874705
6566.0081098935	0.89876391979798
6566.0331899467	0.90561716099532
6566.0582700957	0.90725915011131
6566.0833503405	0.90957385319399
6566.1084306811	0.91072684807762
6566.1335111175	0.91289282146791
6566.1585916497	0.92166627375468
6566.1836722777	0.92857648861002
6566.2087530015	0.92668680905076
6566.2338338211	0.92581045008828
6566.2589147365	0.92855398486031
6566.2839957477	0.93049743232564
6566.3090768562	0.92916347528155
6566.334158059	0.92732811818479
6566.3592393576	0.92407972144982
6566.384320752	0.92056043725022
6566.4094022422	0.92026505664172
6566.4344838282	0.91890975569919
6566.45956551	0.91896280572329
6566.4846472877	0.91936431408316
6566.5097291611	0.9151479748382
6566.5348111303	0.91131999217816
6566.5598931954	0.90696284874687
6566.5849753562	0.90306060708026
6566.6100576129	0.90804768510639
6566.6351399653	0.91409107598846
6566.6602224136	0.91839528493179
6566.6853049576	0.92305975407164
6566.7103875975	0.92387710340771
6566.7354703332	0.92371407424279
6566.7605531647	0.93062114745298
6566.7856360935	0.9382528446548
6566.8107191166	0.94080753356947
6566.8358022355	0.94226331599756
6566.8608854502	0.9387320816809
6566.8859687608	0.93475030051373
6566.9110521671	0.93426316364545
6566.9361356693	0.93442753277351
6566.9612192672	0.93600900217298
6566.986302961	0.93876527515571
6567.0113867506	0.93835717422853
6567.036470636	0.93670067791204
6567.0615546172	0.93419882391603
6567.0866386943	0.931233398959
6567.1117228671	0.92819945929411
6567.1368071358	0.92483564883096
6567.1618915002	0.9256786496292
6567.1869759605	0.92809158171733
6567.2120605166	0.9262595331029
6567.2371451685	0.92275718725842
6567.2622299163	0.92244597566785
6567.2873147613	0.9235114878601
6567.3123997007	0.92484118714783
6567.3374847359	0.92696708263065
6567.3625698668	0.93131718004679
6567.3876550937	0.93615786910788
6567.4127404163	0.93883903303017
6567.4378258347	0.94055769597625
6567.462911349	0.94258859275693
6567.4879969591	0.9444958056614
6567.513082665	0.9434617749938
6567.5381684667	0.93966128405964
6567.5632543642	0.9319986534292
6567.5883403576	0.9214514462037
6567.6134264468	0.92364683978228
6567.6385126318	0.93923790246323
6567.6635989126	0.95029754777819
6567.6886852893	0.95591560483976
6567.7137717617	0.95487966632869
6567.73885833	0.94522221809416
6567.7639449956	0.93881186116568
6567.7890317556	0.93655878098536
6567.8141186113	0.93795136541693
6567.8392055629	0.94366145071251
6567.8642926103	0.94774869557187
6567.8893797536	0.94986818432028
6567.9144669926	0.9510723372552
6567.9395543275	0.95119444111865
6567.9646417582	0.95645360746655
6567.9897292847	0.96839895196571
6568.0148169071	0.98349824318271
6568.0399046253	0.99823616781235
6568.0649924393	1.0050987558859
6568.0900803491	0.98480238554383
6568.1151683548	0.96357848109701
6568.1402564563	0.95342950093763
6568.1653446536	0.93736347220483
6568.1904329468	0.93471213786368
6568.2155213358	0.92663127637114
6568.2406098221	0.92399238014253
6568.2656984027	0.9207107299591
6568.2907870792	0.91681444696649
6568.3158758515	0.91683917805534
6568.3409647196	0.91895032356566
6568.3660536836	0.92497196473922
6568.3911427434	0.93281739354306
6568.416231899	0.94381670386896
6568.4413211505	0.95005691415379
6568.4664104978	0.9557101704358
6568.4914999409	0.95018247906918
6568.5165894799	0.94649121671371
6568.5416791147	0.94567526834232
6568.5667688453	0.9453621195121
6568.5918586718	0.9511473843278
6568.6169485941	0.95546206492097
6568.6420386122	0.93178201614189
6568.6671287262	0.91151649827544
6568.692218936	0.91357539386667
6568.7173092432	0.91489587404856
6568.7423996446	0.92878633280772
6568.767490142	0.94331892064229
6568.7925807351	0.94996116262332
6568.8176714241	0.95631014241342
6568.842762209	0.94463466477926
6568.8678530896	0.92906311970689
6568.8929440661	0.92624604627461
6568.9180351385	0.92289334148467
6568.9431263067	0.92066865912156
6568.9682175707	0.91834999927222
6568.9933089306	0.91781429889849
6569.0184003863	0.91883005155555
6569.0434919378	0.91804794298858
6569.0685835852	0.91766403818105
6569.0936753285	0.91621118629265
6569.1187671676	0.91415345200189
6569.1438591025	0.91687634702587
6569.1689511333	0.92002418159944
6569.1940432599	0.91556797560532
6569.2191354838	0.90955738356673
6569.2442278021	0.90925136792945
6569.2693202163	0.91130026594027
6569.2944127263	0.91082279805069
6569.3195053321	0.91123001766763
6569.3445980338	0.9109480206137
6569.3696908313	0.91171913550476
6569.3947837247	0.9163846662812
6569.4198767139	0.92152094776926
6569.444969799	0.92214759585201
6569.4700629799	0.91976221525876
6569.4951562566	0.92231811565047
6569.5202496292	0.92671142661912
6569.5453430977	0.92935597919158
6569.570436662	0.93186096568964
6569.5955303222	0.93243981982592
6569.6206240782	0.93135674939591
6569.64571793	0.93227346693937
6569.6708118777	0.93386257848473
6569.6959059228	0.93184738984429
6569.7210000622	0.92677037281147
6569.7460942975	0.92060937460268
6569.7711886286	0.9128428531809
6569.7962830555	0.91396062417671
6569.8213775784	0.92347349203469
6569.846472197	0.93384230292183
6569.8715669116	0.94558232918392
6569.8966617219	0.94810814862649
6569.9217566282	0.94348855731037
6569.9468516303	0.94258503668114
6569.9719467282	0.94442392958312
6569.997041922	0.9476052115321
6570.0221372116	0.94959541280255
6570.0472325972	0.94961080082565
6570.0723280785	0.94793753996003
6570.0974236557	0.94603219029834
6570.1225193288	0.94463167801746
6570.1476150977	0.94292043796478
6570.1727109641	0.94259155775469
6570.1978069247	0.94193175398363
6570.2229029812	0.94180269822617
6570.2479991336	0.94236398272673
6570.2730953818	0.9425999468739
6570.2981917259	0.94460027696208
6570.3232881659	0.94716301032117
6570.3483847017	0.94960952296068
6570.3734813333	0.94952508971873
6570.3985780609	0.94511151170284
6570.4236748843	0.93529978529282
6570.4487718035	0.92553735486226
6570.4738688186	0.91881257899381
6570.4989659296	0.9108488897403
6570.5240631364	0.8998234649402
6570.5491604392	0.89598827165771
6570.5742578377	0.90668394254332
6570.5993553321	0.91775387974339
6570.6244529225	0.93050877745042
6570.6495506086	0.94208272297217
6570.6746483922	0.94764726094698
6570.69974627	0.95250504249891
6570.7248442438	0.95553666051631
6570.7499423134	0.95662876303577
6570.7750404789	0.95365212599563
6570.8001387403	0.94858229045526
6570.8252370975	0.93560077393729
6570.8503355506	0.92762894594347
6570.8754340996	0.93674233740871
6570.9005327444	0.9424724217759
6570.9256314851	0.93883318415065
6570.9507303217	0.9368097044955
6570.9758292541	0.93688603672338
6571.0009282824	0.9370079256558
6571.0260274066	0.93950748210775
6571.0511266266	0.94447752154364
6571.0762259425	0.95654955583557
6571.1013253543	0.9671845762652
6571.126424862	0.96760191219033
6571.151524467	0.96783961764756
6571.1766241664	0.96433604593666
6571.2017239617	0.96009744829118
6571.2268238529	0.96504806443869
6571.2519238399	0.96823451735548
6571.2770239228	0.96481380125059
6571.3021241016	0.96306280072943
6571.3272243762	0.97001017842627
6571.3523247468	0.97652234477191
6571.3774252132	0.97269706391052
6571.4025257754	0.96844384885304
6571.4276264336	0.95178324295425
6571.4527271876	0.93735658697512
6571.4778280375	0.93524817558936
6571.5029289833	0.93509281048171
6571.528030025	0.94457911039199
6571.5531311625	0.96102081104105
6571.5782323959	0.96519546388401
6571.6033337252	0.97410523483287
6571.6284351519	0.98617154826864
6571.6535366729	0.9959280013992
6571.6786382899	0.98586379234411
6571.7037400027	0.96586992164512
6571.7288418114	0.96578609414633
6571.753943716	0.95508312990593
6571.7790457164	0.95300478022937
6571.8041478128	0.94431811412928
6571.829250005	0.9434810241031
6571.8543522931	0.94506443094566
6571.8794546771	0.94123017546651
6571.9045571569	0.94099633015679
6571.9296597327	0.94219171390437
6571.9547624043	0.94879224038106
6571.9798651718	0.94601619072726
6572.0049680352	0.94281957634758
6572.0300709945	0.94110057089725
6572.0551740497	0.94269218728315
6572.0802772008	0.95430110756088
6572.1053804477	0.96798231561772
6572.130483792	0.96294407722906
6572.1555872308	0.95617975119845
6572.1806907654	0.9513162988545
6572.2057943959	0.94397109316425
6572.2308981223	0.94980935674946
6572.2560019445	0.95642255827993
6572.2811058627	0.95875472989413
6572.3062098767	0.95940967264816
6572.3313139867	0.95910739257917
6572.3564181925	0.96095744076759
6572.3815224942	0.95979940066422
6572.4066268918	0.95881277839941
6572.4317313853	0.9589807627917
6572.4568359747	0.95912578594385
6572.48194066	0.96325654428334
6572.5070454411	0.96912212741093
6572.5321503182	0.96301571582412
6572.5572552912	0.95256410930645
6572.58236036	0.95559952194221
6572.6074655263	0.96431366427587
6572.6325707869	0.96503067133427
6572.6576761434	0.96215781935613
6572.6827815959	0.96775628265104
6572.7078871442	0.9762380631935
6572.7329927884	0.97869869828646
6572.7580985285	0.97812080112071
6572.7832043645	0.97894200549311
6572.8083102964	0.9817732135715
6572.8334163242	0.98074330091443
6572.8585224479	0.97737939475035
6572.8836286675	0.97071240475905
6572.908734983	0.9634362922767
6572.9338413944	0.9626528919931
6572.9589479017	0.96818121300269
6572.9840545049	0.97302106323265
6573.0091612039	0.98283699241016
6573.0342679989	0.99124642899104
6573.0593748898	0.99884469705609
6573.0844818781	1.0034642244705
6573.1095889608	1.0002074933174
6573.1346961394	0.99242902439796
6573.1598034139	0.97329704833047
6573.1849107843	0.95869069574223
6573.2100182506	0.94456147436385
6573.2351258128	0.9250606759532
6573.2602334709	0.90507062425117
6573.2853412249	0.89332499162233
6573.3104490748	0.89158530472354
6573.3355570206	0.8972188053505
6573.3606650623	0.90964956744948
6573.3857731999	0.92429179749763
6573.4108814334	0.93977610190785
6573.4359897629	0.95514562302648
6573.4610981882	0.97053217849905
6573.4862067094	0.98110367400716
6573.5113153266	0.98746612167797
6573.5364240396	0.99141026092011
6573.5615328501	0.99321121717733
6573.586641755	0.98526747623825
6573.6117507558	0.96887955606748
6573.6368598524	0.95699795579384
6573.661969045	0.94907445116308
6573.6870783335	0.94523765963121
6573.712187718	0.94649600526241
6573.7372971983	0.94934180379031
6573.7624067745	0.95489627302278
6573.7875164466	0.96238505730589
6573.8126262147	0.97263283086266
6573.8377360787	0.98243354824345
6573.8628460385	0.98799452582
6573.8879560943	0.99240367330764
6573.913066246	0.99123693766051
6573.9381764936	0.98581475831589
6573.9632868372	0.97472081970206
6573.9883972766	0.9648724054155
6574.013507812	0.9609322274451
6574.0386184432	0.95839783279189
6574.0637291719	0.96356505417011
6574.088839995	0.96667864549204
6574.113950914	0.96942660556149
6574.139061929	0.97238061112285
6574.1641730398	0.97425332339024
6574.1892842466	0.97438379750113
6574.2143955493	0.96864161160413
6574.2395069479	0.96009955470818
6574.2646184424	0.94812152783262
6574.2897300328	0.94011028135192
6574.3148417192	0.93731468961297
6574.3399535014	0.93457305769867
6574.3650653796	0.93096111241137
6574.3901773537	0.9282457307741
6574.4152894237	0.92782744040166
6574.4404015897	0.93001134402942
6574.4655138516	0.9336924291785
6574.4906262093	0.93935032202839
6574.515738663	0.94794011195319
6574.5408512142	0.94936413376226
6574.5659638597	0.93840040405193
6574.5910766012	0.93593071631915
6574.6161894386	0.94834414197317
6574.6413023719	0.95705891125692
6574.6664154012	0.95899763072536
6574.6915285263	0.96189495282488
6574.7166417474	0.96522353896936
6574.7417550645	0.96611824505373
6574.7668684774	0.96215482811728
6574.7919819863	0.96088169005945
6574.817095591	0.96619217537364
6574.8422092918	0.96803126895839
6574.8673230884	0.96360865774211
6574.892436981	0.95701815824942
6574.9175509695	0.94847644882138
6574.9426650539	0.95235064607531
6574.9677792343	0.98198640283173
6574.9928935105	0.99480814566675
6575.0180078843	0.96835885077256
6575.0431223524	0.94965847191555
6575.0682369165	0.94639531256772
6575.0933515765	0.94584763648397
6575.1184663324	0.95068040373504
6575.1435811842	0.95412432777825
6575.168696132	0.95687915454767
6575.1938111758	0.95944481911918
6575.2189263154	0.96405244206447
6575.244041551	0.96816416788075
6575.2691568825	0.97011540654744
6575.29427231	0.97177138998905
6575.3193878333	0.97530776407122
6575.3445034526	0.97838081386423
6575.3696191679	0.9787324676497
6575.3947349791	0.97942674755724
6575.4198508862	0.98128466766998
6575.4449668892	0.98467280824577
6575.4700829882	0.98891998856822
6575.4951991831	0.99076573933624
6575.5203154755	0.98833130899171
6575.5454318623	0.9823515894046
6575.570548345	0.96791884419471
6575.5956649237	0.95814778157984
6575.6207815983	0.9603132876326
6575.6458983688	0.96262269119878
6575.6710152353	0.9675100428289
6575.6961321977	0.97401311979336
6575.7212492561	0.97825094477617
6575.7463664104	0.98217994834462
6575.7714836606	0.98402697611176
6575.7966010068	0.98468640109142
6575.8217184489	0.9848493199111
6575.846835987	0.98588403729281
6575.871953621	0.99466200221782
6575.8970713509	1.0004862989842
6575.9221891768	1.0017903261043
6575.9473070986	1.0030563903775
6575.9724251164	1.0012016324082
6575.9975432316	0.99970565550191
6576.0226614412	0.99776776708671
6576.0477797468	0.99758415462537
6576.0728981484	1.0003633026897
6576.0980166459	1.0032357716907
6576.1231352393	1.0049445822844
6576.1482539287	1.0033281997248
6576.173372714	0.99514186858097
6576.1984915952	0.99267952147657
6576.2236105724	1.003171333419
6576.2487296456	1.0086185721644
6576.2738488147	1.0021491914193
6576.2989680798	1.0007616475336
6576.3240874408	1.0136860768182
6576.3492068977	1.0211090852195
6576.3743264506	1.0070721623965
6576.3994460994	0.99666276889657
6576.4245658442	0.99894290190551
6576.449685685	1.0017412862513
6576.4748056232	1.0051690120188
6576.4999256558	1.0040664958429
6576.5250457844	0.99045454202558
6576.5501660089	0.98133089428262
6576.5752863294	0.99094404837159
6576.6004067459	0.99677404675876
6576.6255272583	0.99001897567309
6576.6506478666	0.9826735832514
6576.6757685709	0.97455043261923
6576.7008893712	0.97123902656999
6576.7260102674	0.98281869623769
6576.7511312595	0.99268723383295
6576.7762523477	0.99378866201051
6576.8013735317	0.99543993971918
6576.8264948118	1.000674167044
6576.8516161877	1.0058900245882
6576.8767376597	1.010325459383
6576.9018592276	1.0140043875119
6576.9269808914	1.0149457996843
6576.9521026527	1.015434847218
6576.9772245085	1.0131389618658
6577.0023464602	1.0105516482454
6577.0274685079	1.0093321892638
6577.0525906515	1.0104007514819
6577.0777128911	1.0169330455185
6577.1028352267	1.018327901913
6577.1279576582	1.0038536804911
6577.1530801857	0.99317647188502
6577.1782028091	0.99329446295174
6577.2033255285	0.99371745539285
6577.2284483438	0.99537725708584
6577.2535712551	0.99646128671236
6577.2786942624	0.99831294034916
6577.3038173657	1.0010591030386
6577.3289405649	1.0043344235242
6577.35406386	1.0069322408445
6577.3791872512	1.0072737695507
6577.4043107382	1.0087594371246
6577.4294343213	1.0132582883413
6577.4545580018	1.0167675766424
6577.4796817768	1.0195788829379
6577.5048056478	1.0217674300891
6577.5299296147	1.0199067817017
6577.5550536775	1.0181063849401
6577.5801778364	1.0167789238087
6577.6053020912	1.0157002650615
6577.630426442	1.0143222691823
6577.6555508887	1.0134831441112
6577.6806754314	1.0109450982989
6577.7058000701	1.0085436641224
6577.7309248047	1.0080770109569
6577.7560496354	1.006310020557
6577.7811745619	1.0020284557274
6577.8062995845	0.99776834031117
6577.831424703	0.99574094880176
6577.8565499175	0.99403537798979
6577.881675228	0.99402852268798
6577.9068006344	0.99317894711137
6577.9319261383	0.99208739619368
6577.9570517367	0.99187601102218
6577.982177431	0.99460249087116
6578.0073032214	1.0004336987064
6578.0324291076	1.0175264534263
6578.0575550899	1.032101784087
6578.0826811681	1.0359712962579
6578.1078073424	1.0406672037118
6578.1329336125	1.0415146369308
6578.1580599787	1.0410544672802
6578.1831864408	1.0387483121428
6578.2083129989	1.0377818151026
6578.233439653	1.040812859645
6578.2585664031	1.0414497648223
6578.2836932491	1.0363642333909
6578.3088201911	1.0302724527552
6578.3339472291	1.0216588217583
6578.3590743631	1.0158844215878
6578.384201593	1.0236319005482
6578.4093289205	1.029172876023
6578.4344563424	1.0268549560882
6578.4595838603	1.0220826015191
6578.4847114741	1.0065586434442
6578.509839184	0.99559445525557
6578.5349669898	0.99848411406672
6578.5600948916	1.0002166124295
6578.5852228894	0.99993473279882
6578.6103509831	1.0010323811498
6578.6354791729	1.0035437774144
6578.6606074586	1.005388918374
6578.6857358403	1.0074169049877
6578.710864318	1.0117666816247
6578.7359928916	1.018726360624
6578.7611215613	1.0250918021549
6578.7862503269	1.029709837518
6578.8113791885	1.0331180301933
6578.8365081461	1.0342943812449
6578.8616371997	1.0336642573823
6578.8867663493	1.0286043173275
6578.9118955964	1.0244862026875
6578.9370249379	1.0225390135051
6578.9621543755	1.0224541266488
6578.987283909	1.0235551080096
6579.0124135385	1.0274972060062
6579.037543264	1.0363603790173
6579.0626730855	1.0401344190912
6579.0878030029	1.0313163711685
6579.1129330164	1.0236418918273
6579.1380631258	1.019101300874
6579.1631933313	1.0108593257306
6579.1883236327	1.000401835704
6579.2134540301	0.99040282012426
6579.2385845235	0.98770663895698
6579.2637151129	0.98785007567329
6579.2888457983	0.9924849406096
6579.3139765796	0.99733554771861
6579.339107457	1.0023132893991
6579.3642384304	1.0078943556846
6579.3893695012	1.0142013150681
6579.4145006666	1.0224696749171
6579.4396319279	1.0319045374142
6579.4647632852	1.0394463577314
6579.4898947386	1.0394633247249
6579.5150262879	1.0401839884388
6579.5401579332	1.0419937648083
6579.5652896745	1.0441541251758
6579.5904215118	1.0450965715021
6579.6155534451	1.044972563009
6579.6406854744	1.0443301418864
6579.6658175997	1.0397709957815
6579.690949821	1.0251692612362
6579.7160821383	1.0124509560236
6579.7412145515	1.004160887108
6579.7663470608	1.0029978086148
6579.7914796661	1.0142621296304
6579.8166123674	1.0261778619443
6579.8417451646	1.0404643690406
6579.8668780594	1.049937212738
6579.8920110487	1.0507505276905
6579.917144134	1.047376790202
6579.9422773152	1.0366138408247
6579.9674105925	1.0333268116205
6579.9925439658	1.0404470163967
6580.0176774351	1.0500651629357
6580.0428110004	1.0618685068308
6580.0679446616	1.0683546947637
6580.0930784189	1.0630294690017
6580.1182122722	1.0551092902711
6580.1433462215	1.0471130184219
6580.1684802668	1.0375987384519
6580.1936144081	1.0322828105799
6580.2187486454	1.0264167390505
6580.2438829787	1.0251193351828
6580.269017408	1.0248509335788
6580.2941519333	1.0260369524735
6580.3192865546	1.0284230765325
6580.344421272	1.0295031037937
6580.3695560868	1.0248608540002
6580.3946909962	1.0108400760027
6580.4198260015	1.007631568635
6580.4449611029	1.0187389861907
6580.4700963002	1.0260517768054
6580.4952315936	1.0257667743757
6580.520366983	1.0206874161934
6580.5455024684	1.0111357933227
6580.5706380498	1.0121912452011
6580.5957737272	1.0195940621329
6580.6209095006	1.0210593935467
6580.6460453701	1.0155821528885
6580.6711813355	1.0134884050926
6580.696317397	1.0152067883757
6580.7214535544	1.0163688162817
6580.7465898079	1.0167028897008
6580.7717261574	1.0179431629758
6580.7968626029	1.0203501451685
6580.8219991444	1.0228308859345
6580.8471357835	1.025950922246
6580.872272517	1.0291597991588
6580.8974093465	1.0313484586394
6580.9225462721	1.0355154852359
6580.9476832937	1.0408294026984
6580.9728204113	1.0412687856353
6580.9979576249	1.0358490930047
6581.0230949346	1.0271335669288
6581.0482323402	1.0135695965156
6581.0733698419	1.0235705932118
6581.0985074396	1.0532126827567
6581.1236451333	1.0605405313446
6581.148782923	1.0514893994131
6581.1739208087	1.0319281287868
6581.1990587905	1.0042024396073
6581.2241968683	0.99929776409295
6581.2493350421	1.0035317656942
6581.2744733119	1.052522401936
6581.2996116777	1.0563474556296
6581.3247501411	1.0703117596767
6581.349888699	1.0636666008221
6581.3750273529	1.0574746661801
6581.4001661028	1.0698962037458
6581.4253049488	1.0710022557788
6581.4504438907	1.0643409835961
6581.4755829287	1.0277441331266
6581.5007220627	1.0059093461241
6581.5258612928	1.0004561619805
6581.5510006188	1.0016121022695
6581.5761400409	1.0096116172635
6581.601279559	1.0290554626105
6581.6264191731	1.0402545929622
6581.6515588833	1.04335689772
6581.6766986895	1.0422654938755
6581.7018385917	1.0389283030875
6581.7269785899	1.0319107148197
6581.7521186842	1.0295684101728
6581.7772588745	1.0444754145205
6581.8023991623	1.0598434735518
6581.8275395447	1.0539584958594
6581.852680023	1.0418976139274
6581.8778205974	1.0277233585972
6581.9029612679	1.0115211656603
6581.9281020343	1.0188103426356
6581.9532428968	1.0481445889813
6581.9783838553	1.0474013745626
6582.0035249099	1.0321088145675
6582.0286660605	1.0320340774952
6582.0538073071	1.0381878630754
6582.0789486497	1.046556449709
6582.1040900884	1.0608192413768
6582.1292316231	1.0607963922931
6582.1543732538	1.0518835263571
6582.1795149806	1.0285006700493
6582.2046568034	1.0411749007279
6582.2297987223	1.0852471873642
6582.2549407371	1.1028859654874
6582.2800828481	1.1040653181158
6582.3052250565	1.1151588383035
6582.3303673595	1.121075649707
