6543.9774869332	0.9834771650816
6544.0024828365	0.9843371822072
6544.0274788353	0.98743554489829
6544.0524749295	0.98991241735283
6544.0774711192	0.99117799556327
6544.1024674043	0.99084906059992
6544.127463785	0.98895721594588
6544.1524602611	0.98730013468541
6544.1774568327	0.98559139899474
6544.2024534998	0.98492484310339
6544.2274502624	0.98421700999431
6544.2524471204	0.98433670733946
6544.2774440739	0.98523239560609
6544.3024411229	0.98524000935793
6544.3274382674	0.98502822664759
6544.3524355074	0.98337989621775
6544.3774328429	0.98287460465826
6544.4024302738	0.98215456766816
6544.4274278002	0.98222352474866
6544.4524254236	0.98266931261981
6544.477423141	0.98251941889367
6544.5024209538	0.98103207063735
6544.5274188622	0.97887323545058
6544.552416866	0.97546423625553
6544.5774149653	0.97580508939301
6544.6024131601	0.97822197987712
6544.6274114504	0.98026972978668
6544.6524098362	0.98216448738591
6544.6774083174	0.98062014944417
6544.7024068942	0.97890155835026
6544.7274055664	0.97992981367026
6544.7524043341	0.98363449140786
6544.7774031973	0.98586543863681
6544.802402156	0.98722745916833
6544.8274012102	0.98507948022064
6544.8524003599	0.98572665547316
6544.877399605	0.99073725103938
6544.9023989457	0.9948378725441
6544.9273983833	0.99769488677308
6544.9523979149	1.0022744986373
6544.977397542	1.0099178329699
6545.0023972646	1.0138046339296
6545.0273970827	1.0160016932957
6545.0523969963	1.0132938920646
6545.0773970054	1.0057966570265
6545.10239711	0.99932263584404
6545.12739731	0.98303957685717
6545.1523976056	0.97596511157762
6545.1773979966	0.95819233899171
6545.2023984832	0.95496152843189
6545.2273990652	0.94517423450166
6545.2523997427	0.94740783669948
6545.2774005158	0.94828906857912
6545.3024013843	0.94814259522487
6545.3274023483	0.94845606801665
6545.3524034078	0.95137223817982
6545.3774045628	0.95800770243535
6545.4024058148	0.9671259411046
6545.4274071608	0.97062212898016
6545.4524086023	0.97176996377558
6545.4774101393	0.96972972651135
6545.5024117718	0.96776833437429
6545.5274134998	0.96817415795995
6545.5524153233	0.9693808144772
6545.5774172423	0.96811778304835
6545.6024192568	0.96644888119588
6545.6274213668	0.96371153172144
6545.6524235723	0.96228264538245
6545.6774258732	0.96244212962496
6545.7024282697	0.9599572342347
6545.7274307617	0.95394605398258
6545.7524333492	0.9486837166167
6545.7774360322	0.94412981898293
6545.8024388107	0.94226948775857
6545.8274416847	0.94307584216972
6545.8524446542	0.94619727787947
6545.8774477192	0.95018688957899
6545.9024508812	0.95488171961595
6545.9274541372	0.95849292021897
6545.9524574887	0.9620403930483
6545.9774609358	0.96240061703915
6546.0024644783	0.95863511615174
6546.0274681163	0.95233285198133
6546.0524718499	0.94270299786558
6546.0774756789	0.93532687660381
6546.1024796035	0.929892492042
6546.1274836235	0.92667174258409
6546.1524877391	0.92342942602393
6546.1774919502	0.92180173788453
6546.2024962567	0.9212641655988
6546.2275006588	0.92309121948086
6546.2525051564	0.9245893125326
6546.2775097495	0.92386160056309
6546.3025144382	0.92315834818377
6546.3275192223	0.92340781360858
6546.3525241019	0.92540859410567
6546.3775290786	0.92507662209778
6546.4025341492	0.9252763712628
6546.4275393154	0.92359529623538
6546.4525445771	0.92238732035476
6546.4775499343	0.92217931096788
6546.502555387	0.92188169393393
6546.5275609352	0.92281820021166
6546.5525665789	0.92267027804412
6546.5775723182	0.92096236525034
6546.6025781529	0.92109158349801
6546.6275840832	0.92377048157401
6546.652590109	0.92612649575425
6546.6775962303	0.92729950664075
6546.7026024471	0.93018891103567
6546.7276087595	0.93373580781079
6546.7526151673	0.93842382696744
6546.7776216707	0.94586479959378
6546.8026282696	0.95609706097557
6546.827634964	0.96897615611598
6546.8526417554	0.98140272436816
6546.8776486408	0.99106431594316
6546.9026556218	0.99548437883485
6546.9276626983	0.99557589766738
6546.9526698703	0.99294932025264
6546.9776771378	0.98717864518885
6547.0026845008	0.97821386843864
6547.0276919594	0.96960652867853
6547.0526995135	0.96097118995775
6547.077707163	0.96104670807184
6547.1027149082	0.96237657220076
6547.1277227488	0.96580268698231
6547.152730685	0.9695740168395
6547.1777387166	0.9702938929255
6547.2027468438	0.97048875564024
6547.2277550666	0.9700705121901
6547.2527633848	0.97082826394873
6547.2777717986	0.97286885277826
6547.3027803079	0.97290629081928
6547.3277889127	0.9712476289924
6547.3527976146	0.96983558457405
6547.3778064105	0.96871456351235
6547.4028153018	0.96960654726941
6547.4278242888	0.97147036080686
6547.4528333712	0.97025523901995
6547.4778425492	0.96811952985741
6547.5028518227	0.96882254552011
6547.5278611917	0.97099582817154
6547.5528706563	0.97013732859492
6547.5778802164	0.96885640384628
6547.602889872	0.96851153207872
6547.6278996232	0.96961435419383
6547.6529094698	0.97197104647004
6547.677919412	0.9737929531366
6547.7029294498	0.97528253147322
6547.727939583	0.97849047726219
6547.7529498118	0.98367560961103
6547.7779601362	0.9848035490805
6547.802970556	0.98307665677648
6547.8279810729	0.98354768907202
6547.8529916838	0.98346984428973
6547.8780023903	0.98355635898108
6547.9030131923	0.98125695423423
6547.9280240898	0.97782670564761
6547.9530350829	0.97397066016458
6547.9780461714	0.97075365261327
6548.0030573556	0.96677637460214
6548.0280686352	0.9632863569937
6548.0530800104	0.96108676542074
6548.0780914812	0.95988766211148
6548.1031030474	0.958498809978
6548.1281147092	0.95773627809437
6548.1531264666	0.96130923397632
6548.1781383194	0.96641742510606
6548.2031502678	0.96755249249026
6548.2281623118	0.96823593682881
6548.2531744513	0.96784773147377
6548.2781866863	0.96706510019109
6548.3031990184	0.96775540872321
6548.3282114445	0.9682350842084
6548.3532239661	0.97000851765003
6548.3782365833	0.97030730074986
6548.403249296	0.96836412174508
6548.4282621043	0.96784642743474
6548.4532750081	0.96919945914179
6548.4782880074	0.97164949514536
6548.5033011023	0.97424502938788
6548.5283142928	0.97403216666055
6548.5533275787	0.97313707882832
6548.5783409602	0.97189229857739
6548.6033544373	0.96989756585332
6548.6283680099	0.96846204068493
6548.653381678	0.96819274705322
6548.6783954417	0.96874832965735
6548.703409301	0.97000077136795
6548.7284232557	0.97136184607318
6548.7534373061	0.97266120472318
6548.7784514519	0.97353129505004
6548.8034656949	0.97295058585526
6548.8284800318	0.97082193392456
6548.8534944643	0.96883470181759
6548.8785089924	0.96724879129052
6548.903523616	0.96600397783829
6548.9285383351	0.96531762551267
6548.9535531498	0.96602976798913
6548.9785680601	0.9687655317547
6549.0035830659	0.96980727342847
6549.0285981672	0.972292981753
6549.0536133641	0.97439100329022
6549.0786286566	0.97494477022669
6549.1036440446	0.97113508470375
6549.1286595281	0.97000627437078
6549.1536751072	0.97496816247053
6549.1786907819	0.97520925511938
6549.2037065521	0.96920672804349
6549.2287224178	0.96441044685242
6549.2537383791	0.962435289101
6549.2787544375	0.96050307468072
6549.3037705899	0.95972757575875
6549.3287868379	0.9599554991152
6549.3538031814	0.96106547646604
6549.3788196205	0.96469405097372
6549.4038361551	0.96981761956896
6549.4288527853	0.96898554242726
6549.453869511	0.96820100350742
6549.4788863323	0.9701061705792
6549.5039032492	0.9721636816423
6549.5289202616	0.9719690458461
6549.5539373696	0.9709804618862
6549.5789545731	0.97070743354623
6549.6039718722	0.97113162439277
6549.6289892668	0.97158321278303
6549.654006757	0.97228224248736
6549.6790243428	0.97417241308834
6549.7040420241	0.97253029605426
6549.729059801	0.96924832482249
6549.7540776749	0.96585606950264
6549.7790956429	0.96236312567532
6549.8041137065	0.96698822984557
6549.8291318656	0.96920668934009
6549.8541501203	0.9682767755049
6549.8791684705	0.96850874042643
6549.9041869163	0.9740581679565
6549.9292054577	0.98078671317562
6549.9542240946	0.98518939707443
6549.9792428271	0.9852287627457
6550.0042616552	0.98215619856246
6550.0292805788	0.98168808354677
6550.0542995979	0.98211186041397
6550.0793187127	0.97696655372999
6550.104337923	0.97359480649217
6550.1293572289	0.97157395410166
6550.1543766303	0.96994924352093
6550.1793961273	0.96778726420035
6550.2044157199	0.96697766922797
6550.2294354096	0.96771250262812
6550.2544551933	0.96904012509298
6550.2794750726	0.97034293499422
6550.3044950474	0.97148350759198
6550.3295151178	0.97298401915789
6550.3545352838	0.97241052537651
6550.3795555454	0.97077188308297
6550.4045759025	0.96823818325477
6550.4295963552	0.96685772523968
6550.4546169034	0.96565204811067
6550.4796375473	0.96744787367934
6550.5046582867	0.96670616308027
6550.5296791216	0.96555423634777
6550.5547000522	0.96367964790617
6550.5797210783	0.95996077497975
6550.6047422	0.95628039740585
6550.6297634173	0.95051106561496
6550.6547847301	0.94893825968076
6550.6798061385	0.94988118685152
6550.7048276425	0.95444936961421
6550.7298492436	0.95680766022878
6550.7548709387	0.9615482185692
6550.7798927294	0.96932638940017
6550.8049146157	0.98175976708786
6550.8299365975	0.9913765415984
6550.854958675	1.0002436377358
6550.879980848	1.0047209094434
6550.9050031166	1.0060114519258
6550.9300254807	1.0041667613085
6550.9550479405	0.99858758606187
6550.9800704958	0.98987046450995
6551.0050931467	0.98072683077775
6551.0301158932	0.97305753302688
6551.0551387352	0.96900410209451
6551.0801616729	0.9669262964691
6551.1051847061	0.96874497181226
6551.1302078349	0.97199793588405
6551.1552310592	0.97226717226305
6551.1802543792	0.97204657001912
6551.2052777962	0.97291155727093
6551.2303013073	0.97340183105604
6551.2553249141	0.96954388412739
6551.2803486163	0.96661497691967
6551.3053724142	0.9636915745321
6551.3303963076	0.9614770662003
6551.3554202967	0.96126543572806
6551.3804443813	0.95950663905527
6551.4054685615	0.95761455011419
6551.4304928373	0.95787815464392
6551.4555172086	0.9602501561657
6551.4805416756	0.95836698806436
6551.5055662381	0.95527722612801
6551.5305908962	0.95446243896419
6551.5556156499	0.9522864124747
6551.5806404992	0.94982777413226
6551.6056654441	0.94650644259751
6551.6306904846	0.94724211894818
6551.6557156207	0.95019490062378
6551.6807408538	0.95767802275102
6551.705766181	0.96336115918934
6551.7307916039	0.96457404418934
6551.7558171223	0.96558464357674
6551.7808427363	0.96808531502729
6551.8058684459	0.97156635863162
6551.8308942511	0.97445662593083
6551.8559201518	0.97301630062047
6551.8809461482	0.97012755714583
6551.9059722401	0.97518352720292
6551.9309984277	0.97944938911749
6551.9560247108	0.97600374309798
6551.9810510896	0.97320615588284
6552.0060775639	0.97337077602772
6552.0311041338	0.97193152398778
6552.0561307993	0.96869877925499
6552.0811575604	0.9642556470099
6552.1061844171	0.95857022905696
6552.1312113694	0.95352826227382
6552.1562384173	0.9494682482559
6552.1812655623	0.94765940786285
6552.2062928014	0.94724022753905
6552.231320136	0.94833371834971
6552.2563475663	0.95036665775509
6552.2813750922	0.95336451034854
6552.3064027136	0.95651676109338
6552.3314304307	0.95907058749106
6552.3564582434	0.96088988607857
6552.3814861516	0.96051082427257
6552.4065141555	0.96042853577675
6552.4315422549	0.96083525356839
6552.45657045	0.95921359449498
6552.4815987406	0.95684778693041
6552.5066271269	0.95707760368351
6552.5316556088	0.95837005537862
6552.5566841862	0.96041653699156
6552.5817128593	0.96157244659426
6552.6067416279	0.95735298908075
6552.6317704922	0.95588204921479
6552.6567994536	0.95627486881819
6552.681828509	0.95675708790716
6552.7068576601	0.95697097142313
6552.7318869068	0.95728914727759
6552.756916249	0.95763833996876
6552.7819456869	0.95861650211713
6552.8069752204	0.95878112645041
6552.8320048495	0.9590969099239
6552.8570345742	0.95996658725824
6552.8820643945	0.95868287161176
6552.9070943104	0.95972689474064
6552.9321243219	0.96139631192425
6552.957154429	0.96618812559777
6552.9821846318	0.96941665161588
6553.0072149301	0.97479761494549
6553.032245324	0.97614634470536
6553.0572758136	0.97656108701975
6553.0823063987	0.97055226292093
6553.1073370795	0.96323746333019
6553.1323678574	0.95031472483516
6553.1573987294	0.94539092011429
6553.182429697	0.94052870651239
6553.2074607602	0.93997537856992
6553.232491919	0.93985559830503
6553.2575231734	0.94078505401075
6553.2825545235	0.94489367145972
6553.3075859691	0.94812109350885
6553.3326175104	0.952583656678
6553.3576491473	0.95369325418671
6553.3826808797	0.95370264396964
6553.4077127078	0.95203042109821
6553.4327446316	0.95235372181297
6553.4577766509	0.95377035722708
6553.4828087658	0.9549952278395
6553.5078409764	0.95664616557821
6553.5328732826	0.954754161206
6553.5579056843	0.9521648302918
6553.5829381818	0.95174803028564
6553.6079707763	0.95242405588938
6553.6330034649	0.95264933679604
6553.6580362492	0.9518512478572
6553.683069129	0.95012509599772
6553.7081021045	0.94991785347353
6553.7331351756	0.95020475804219
6553.7581683424	0.94837387731281
6553.7832016047	0.94562977489684
6553.8082349627	0.94456277697039
6553.8332684162	0.94480303405952
6553.8583019655	0.94669435471174
6553.8833356103	0.94987115815083
6553.9083693507	0.94816780357895
6553.9334031868	0.94765226293451
6553.9584371185	0.94823681407481
6553.9834711458	0.94900981882036
6554.0085052687	0.94938739522616
6554.0335394872	0.94806480143794
6554.0585738014	0.94515634622348
6554.0836082112	0.94355452639318
6554.1086427181	0.94310829750353
6554.1336773192	0.94357263284245
6554.1587120159	0.94705259797482
6554.1837468081	0.94752634460232
6554.2087816961	0.94947343910911
6554.2338166796	0.94949447943731
6554.2588517588	0.95290010190768
6554.2838869336	0.95293450483872
6554.308922204	0.95256778436509
6554.33395757	0.94961690534888
6554.3589930317	0.94487581919645
6554.384028589	0.93808979666398
6554.4090642419	0.93396102174064
6554.4340999905	0.9338336153425
6554.4591358347	0.93361123064937
6554.4841717745	0.93565744836969
6554.5092078099	0.93653243156263
6554.534243941	0.93828182318479
6554.5592801677	0.94183420743296
6554.5843164916	0.94816244863587
6554.6093529095	0.94745654483913
6554.6343894231	0.94787571078228
6554.6594260324	0.94460057027014
6554.6844627372	0.94245091896806
6554.7094995377	0.94157645132557
6554.7345364338	0.9400513633998
6554.7595734256	0.93829057496688
6554.784610513	0.9383696219599
6554.809647696	0.94191406069773
6554.8346849747	0.94340174365321
6554.859722349	0.94746302149326
6554.8847598189	0.94265437795409
6554.9097973845	0.93713574443233
6554.9348350456	0.93535193112236
6554.9598728025	0.92924933198629
6554.984910655	0.92275002712418
6555.0099486031	0.91295905263617
6555.0349866468	0.90908551091333
6555.0600247877	0.90580552939149
6555.0850630227	0.90776034542339
6555.1101013534	0.91024209191766
6555.1351397797	0.91623934326144
6555.1601783016	0.91829510978369
6555.1852169192	0.92156998030186
6555.2102556324	0.92045055669788
6555.2352944412	0.92048662965001
6555.2603333457	0.92249517651396
6555.2853723459	0.9246028001773
6555.3104114416	0.92316151841139
6555.3354506331	0.92487995539681
6555.3604899201	0.931547846707
6555.3855293028	0.93790488831488
6555.4105687812	0.94283399749788
6555.4356083551	0.94514035398157
6555.4606480248	0.94557498690222
6555.48568779	0.94397034729879
6555.510727651	0.94136669499889
6555.5357676075	0.93405210776862
6555.5608076612	0.92885751544828
6555.5858478091	0.92452412411367
6555.6108880526	0.92315908905919
6555.6359283917	0.92156099728996
6555.6609688265	0.9196211305185
6555.6860093569	0.91657855314462
6555.711049983	0.9143129305621
6555.7360907047	0.91101534652613
6555.7611315221	0.90874992981156
6555.7861724351	0.90769950606142
6555.8112134438	0.90637735224164
6555.8362545481	0.90663427859092
6555.8612957481	0.9058594542951
6555.8863370437	0.90789299075692
6555.911378435	0.9084639848985
6555.9364199219	0.90853078928403
6555.9614615045	0.9095734587966
6555.9865031827	0.91249921999762
6556.0115449566	0.91376726519828
6556.0365868276	0.91496193272077
6556.0616287928	0.91648897861155
6556.0866708536	0.91790162386616
6556.1117130101	0.92002556805746
6556.1367552622	0.92304180205089
6556.16179761	0.92577171537131
6556.1868400534	0.92517126491117
6556.2118825925	0.92528896366677
6556.2369252273	0.92815753383152
6556.2619679577	0.93288103174444
6556.2870107837	0.9399691353898
6556.3120537055	0.94467759891227
6556.3370967228	0.94462902365869
6556.3621398359	0.94513632773647
6556.3871830445	0.94606176756112
6556.4122263489	0.94968674145195
6556.4372697489	0.95192303923659
6556.4623132445	0.94860962371104
6556.4873568358	0.94312016252899
6556.5124005243	0.93774560637781
6556.5374443069	0.93349589588519
6556.5624881852	0.92910470164308
6556.5875321592	0.92756873864826
6556.6125762288	0.93102347590546
6556.6376203941	0.9332497251934
6556.662664655	0.93342425726516
6556.6877090116	0.93319074214702
6556.7127534638	0.9328354700571
6556.7377980118	0.93178888937877
6556.7628426553	0.93050823518174
6556.7878873946	0.93335906614296
6556.8129322295	0.93727889988237
6556.83797716	0.93516979900393
6556.8630221863	0.93350967028551
6556.8880673082	0.93164226237965
6556.9131125257	0.93301297055983
6556.9381578389	0.93954689205249
6556.9632032478	0.94017836053919
6556.9882487524	0.93387841291833
6557.0132943541	0.93142177477468
6557.03834005	0.93087179157911
6557.0633858415	0.93073562338111
6557.0884317288	0.92887975704138
6557.1134777116	0.92969119896458
6557.1385237902	0.92817801554124
6557.1635699644	0.926765687833
6557.1886162343	0.92536867829098
6557.2136625999	0.92393944768915
6557.2387090611	0.92468164006507
6557.263755618	0.92794444061961
6557.2888022706	0.93139848228516
6557.3138490188	0.93526849775746
6557.3388958627	0.93821230993045
6557.3639428023	0.93982181461221
6557.3889898375	0.93986446698559
6557.4140369685	0.93888793192299
6557.439084195	0.93401224644477
6557.4641315173	0.92774456201068
6557.4891789368	0.92469182840122
6557.5142264504	0.92245861799171
6557.5392740597	0.92310024529668
6557.5643217646	0.92483609620345
6557.5893695653	0.927600321706
6557.6144174616	0.93045314534259
6557.6394654535	0.93398570698885
6557.6645135412	0.9348198263875
6557.6895617245	0.93422416103003
6557.7146100035	0.93361506228562
6557.7396583782	0.93256492275573
6557.7647068486	0.93307206635581
6557.7897554146	0.93397397209822
6557.8148040764	0.93538982190334
6557.8398528337	0.93429301404669
6557.8649016868	0.93072797328088
6557.8899506356	0.92662026424535
6557.91499968	0.92292337538781
6557.9400488201	0.92169125397706
6557.9650980574	0.92225009983249
6557.9901473889	0.92399751255965
6558.015196816	0.92579768122692
6558.0402463389	0.92645499428518
6558.0652959574	0.92770284722912
6558.0903456716	0.92620009429351
6558.1153954815	0.92531818131968
6558.140445387	0.92554337742868
6558.1654953883	0.92589022034289
6558.1905454852	0.92822140559705
6558.2155956778	0.92824719689222
6558.2406459661	0.92568283095089
6558.2656963501	0.9253946623689
6558.2907468297	0.92812809109438
6558.3157974051	0.92805150530747
6558.3408480761	0.93042007877563
6558.3658988428	0.93083664630955
6558.3909497052	0.93276509024872
6558.4160006633	0.93025038190505
6558.4410517186	0.92777762428527
6558.466102868	0.9262586342044
6558.4911541132	0.9217494651884
6558.516205454	0.91384210583746
6558.5412568906	0.91137178529991
6558.5663084228	0.91264138154924
6558.5913600507	0.91353589668131
6558.6164117743	0.91704574166881
6558.6414635935	0.91702620819395
6558.6665155085	0.91824690974024
6558.6915675192	0.91822140846399
6558.7166196255	0.91974371175601
6558.7416718276	0.92253550514911
6558.7667241253	0.92394478795467
6558.7917765187	0.92484350231664
6558.8168290079	0.92249501357263
6558.8418815927	0.91844003161144
6558.8669342732	0.91498632155403
6558.8919870494	0.91316456610433
6558.9170399213	0.91377509723239
6558.9420928904	0.9155832367066
6558.9671459536	0.91271962592433
6558.9921991126	0.91187938445511
6559.0172523673	0.91293396634634
6559.0423057176	0.91289538024727
6559.0673591637	0.9106552361339
6559.0924127055	0.90777296697589
6559.1174663429	0.90333476541
6559.1425200761	0.90098822857551
6559.1675739049	0.89822877897591
6559.1926278294	0.89743372430012
6559.2176818497	0.89610456865338
6559.2427359656	0.89554441005616
6559.2677901773	0.89611653167659
6559.2928444846	0.89740701883495
6559.3178988876	0.9004834382942
6559.3429533864	0.90141494192559
6559.3680079808	0.90243129195922
6559.393062671	0.90206314794523
6559.4181174583	0.9007664376914
6559.4431723398	0.89779125013253
6559.4682273171	0.89451864506545
6559.49328239	0.88725343532364
6559.5183375587	0.88461568568312
6559.543392823	0.88116265084696
6559.5684481831	0.88174161226458
6559.5935036388	0.88069675212414
6559.6185591903	0.88030614416335
6559.6436148375	0.88053341141673
6559.6686705803	0.88050317674445
6559.6937264189	0.88080767368979
6559.7187823532	0.88255387060486
6559.7438383832	0.88435850100303
6559.7688945089	0.88570832963847
6559.7939507303	0.88317697616724
6559.8190070474	0.88175742515817
6559.8440634602	0.88117653584986
6559.8691199687	0.87941414382239
6559.8941765744	0.87515491447973
6559.9192332744	0.87368429317851
6559.94429007	0.87721255218435
6559.9693469614	0.87832773638337
6559.9944039484	0.87722038120853
6560.0194610312	0.8762157666883
6560.0445182097	0.87512706327889
6560.0695754839	0.87471325784372
6560.0946328538	0.87431522999296
6560.1196903194	0.87182559934744
6560.1447478807	0.8703086016237
6560.1698055377	0.87018203918836
6560.1948632905	0.86997651358979
6560.219921139	0.87134764405878
6560.2449790831	0.87214210369448
6560.270037123	0.87252198898987
6560.2950952586	0.87243252256367
6560.3201534899	0.87205108157039
6560.345211817	0.87176822598498
6560.3702702397	0.87174410330537
6560.3953287597	0.87370585654786
6560.4203873739	0.87495182723315
6560.4454460837	0.87442913032115
6560.4705048894	0.87349493600669
6560.4955637907	0.87091437138813
6560.5206227877	0.86810998388491
6560.5456818805	0.86545837557379
6560.570741069	0.86516363863404
6560.5958003532	0.86645430878854
6560.6208597331	0.86475562366629
6560.6459192087	0.86282354442163
6560.67097878	0.86183487392122
6560.6960384471	0.86138680653716
6560.7210982099	0.86109083646443
6560.7461580684	0.86012503017394
6560.7712180226	0.85788419448119
6560.7962780726	0.85600910475614
6560.8213382183	0.85519438360229
6560.8463984597	0.85474276517319
6560.8714587983	0.8543060837
6560.8965192311	0.85386997636169
6560.9215797597	0.85354953678622
6560.946640384	0.8533060327467
6560.971701104	0.85439657668805
6560.9967619197	0.85179656068633
6561.0218228312	0.85037110216634
6561.0468838384	0.85012031941376
6561.0719449413	0.84902257568049
6561.0970061399	0.8473827846921
6561.1220674343	0.84587509919868
6561.1471288244	0.84411364585859
6561.1721903102	0.8414497230169
6561.1972518917	0.83799798386871
6561.222313569	0.83530850612305
6561.247375342	0.83181803595382
6561.2724372107	0.82912693059675
6561.2974991751	0.82507148046795
6561.3225612353	0.82159297316165
6561.3476233927	0.81872428237627
6561.3726856444	0.81590175814719
6561.3977479917	0.81301987287321
6561.4228104348	0.81124090101767
6561.4478729737	0.80889467953958
6561.4729356082	0.80588379927899
6561.4979983385	0.80291078425224
6561.5230611645	0.80010329475417
6561.5481240863	0.79614952954253
6561.5731871038	0.79167482508573
6561.598250217	0.78686766410364
6561.6233134259	0.78219231164908
6561.6483767306	0.77948393418912
6561.673440131	0.77629259891118
6561.6985036272	0.77285208470056
6561.7235672191	0.77045780158363
6561.7486309067	0.76786757106779
6561.7736946901	0.76418429034819
6561.7987585692	0.75950329246408
6561.8238225455	0.75446098412418
6561.8488866161	0.74934584599974
6561.8739507824	0.74344379491129
6561.8990150444	0.73765260457356
6561.9240794022	0.7323761930176
6561.9491438557	0.72848696875714
6561.9742084049	0.72562904926599
6561.9992730499	0.7214816600301
6562.0243377907	0.71663677366973
6562.0494026271	0.71243019127281
6562.0744675594	0.70792608193325
6562.0995325873	0.70472999794812
6562.124597711	0.70085697411317
6562.1496629304	0.69500113695835
6562.1747282456	0.68951946702222
6562.1997936565	0.68537005422899
6562.2248591632	0.68133808063646
6562.2499247656	0.67789289658125
6562.2749904637	0.6749877434046
6562.3000562576	0.67132565006526
6562.3251221487	0.66943154714323
6562.3501881341	0.66805226129294
6562.3752542152	0.6648915153632
6562.4003203921	0.66078778406632
6562.4253866647	0.65885892347446
6562.450453033	0.6564454425401
6562.4755194971	0.65401196544533
6562.5005860569	0.65071544631875
6562.5256527125	0.64660735222387
6562.5507194639	0.64276297995764
6562.5757863109	0.63996248137255
6562.6008532538	0.63681339597575
6562.6259202923	0.6349544050487
6562.6509874267	0.6332130154438
6562.6760546567	0.63264816361934
6562.7011219826	0.6342187669579
6562.7261894041	0.63633093855792
6562.7512569214	0.63780662770754
6562.7763245345	0.63856137067093
6562.8013922448	0.63815002613821
6562.8264600494	0.63843683663508
6562.8515279497	0.63883048415109
6562.8765959458	0.63520314127323
6562.9016640376	0.62969262364607
6562.9267322252	0.6305062354601
6562.9518005085	0.63017049835047
6562.9768688876	0.62913464856843
6563.0019373624	0.62704880775513
6563.027005933	0.62549818861331
6563.0520745994	0.62377557882608
6563.0771433615	0.62346333689335
6563.1022122193	0.6250648796078
6563.1272811729	0.62761381037373
6563.1523502223	0.62865945528264
6563.1774193674	0.63001186920158
6563.2024886083	0.63258098805821
6563.2275579449	0.63630037878203
6563.2526273773	0.64206410158091
6563.277696907	0.64714475429103
6563.3027665309	0.64990946578333
6563.3278362505	0.65393296562903
6563.3529060659	0.65863817545905
6563.3779759771	0.66152615660878
6563.403045984	0.66278551861645
6563.4281160867	0.66536026171682
6563.4531862852	0.66797193275794
6563.4782565794	0.6696375229954
6563.5033269694	0.6710129106178
6563.5283974551	0.67279012434668
6563.5534680366	0.67422223602768
6563.5785387139	0.67536234228501
6563.6036094869	0.67649995248962
6563.6286803557	0.67857566228536
6563.6537513202	0.68167403021841
6563.6788223805	0.68487905396515
6563.7038935366	0.68947098505042
6563.7289647884	0.69521949011153
6563.754036136	0.70178772148488
6563.7791075809	0.70763190113568
6563.80417912	0.7105065375389
6563.8292507549	0.71386037998428
6563.8543224856	0.71773593504793
6563.879394312	0.72067924257223
6563.9044662342	0.72333729831403
6563.9295382522	0.72979222900615
6563.9546103659	0.73738415326498
6563.9796825754	0.73965904390723
6564.0047548807	0.74065557805771
6564.0298272817	0.74406802926984
6564.0548997785	0.7488994005712
6564.0799723711	0.75477843219102
6564.1050450594	0.76103594348688
6564.1301178435	0.76767147594498
6564.1551907234	0.77220581752148
6564.180263699	0.77511455298285
6564.2053367704	0.77960749157205
6564.2304099376	0.78612106491855
6564.2554832021	0.79626373244521
6564.2805565608	0.80644156240934
6564.3056300153	0.80562685974213
6564.3307035656	0.80438128256917
6564.3557772117	0.8052893128134
6564.3808509535	0.80621912105077
6564.4059247911	0.80757750803937
6564.4309987245	0.80917073470206
6564.4560727536	0.80980829222935
6564.4811468785	0.8110070434899
6564.5062210992	0.81318249073119
6564.5312954157	0.81727644892141
6564.5563698279	0.82141038068009
6564.581444336	0.82460106806372
6564.6065189398	0.82952517956467
6564.6315936393	0.83555999516507
6564.6566684347	0.84302694864661
6564.6817433258	0.84966631226324
6564.7068183127	0.85288305912839
6564.7318933969	0.8530662206013
6564.7569685754	0.85371287303191
6564.7820438496	0.85392248842399
6564.8071192197	0.85617853901699
6564.8321946855	0.85802992209837
6564.8572702471	0.86258193069802
6564.8823459044	0.86566808965435
6564.9074216576	0.86745106462346
6564.9324975065	0.8687835190296
6564.9575734512	0.86910006891786
6564.9826494917	0.87022128181869
6565.007725628	0.87101339867407
6565.0328018601	0.87171026011789
6565.0578781879	0.87019551893496
6565.0829546115	0.86868540300914
6565.1080311309	0.87186258824487
6565.1331077461	0.87605625403928
6565.1581844571	0.88146598636286
6565.1832612639	0.88826090970426
6565.2083381664	0.89102613523751
6565.2334151663	0.89159888918242
6565.2584922604	0.89381597028891
6565.2835694503	0.89617531439252
6565.308646736	0.89746702873682
6565.3337241175	0.89942633732054
6565.3588015947	0.90009284811996
6565.3838791678	0.89925193949332
6565.4089568366	0.89841784972352
6565.4340346013	0.89805376087137
6565.4591124617	0.89863655799674
6565.4841904179	0.90064572663489
6565.5092684699	0.90166405110851
6565.5343466177	0.90067378778195
6565.5594248613	0.90052250280306
6565.5845032006	0.90176638078008
6565.6095816358	0.90351392095857
6565.6346601668	0.90517769326853
6565.6597387935	0.90770374555661
6565.684817516	0.91177315683845
6565.7098963359	0.91444176224087
6565.73497525	0.91563167019466
6565.7600542599	0.9161963044653
6565.7851333656	0.91564343053032
6565.8102125672	0.91519435559267
6565.8352918645	0.91450806749477
6565.8603712576	0.91208378734412
6565.8854507464	0.90733233222025
6565.9105303311	0.90583493510431
6565.9356100116	0.91056637539241
6565.9606897879	0.91311671946881
6565.98576966	0.91116076119482
6566.0108496278	0.91085422528171
6566.0359296915	0.91458490511885
6566.061009851	0.91786275186083
6566.0860901063	0.91588981176224
6566.1111704573	0.91421930910497
6566.1362509042	0.9167495265019
6566.1613314468	0.91941482532692
6566.1864120868	0.92233199546488
6566.2114928211	0.92548321814158
6566.2365736512	0.92815071080605
6566.261654577	0.93035551876249
6566.2867355987	0.93105814348201
6566.3118167162	0.93132263236202
6566.3368979294	0.93095944696612
6566.3619792385	0.93024495179356
6566.3870606434	0.93182050645927
6566.412142144	0.93214709327879
6566.4372237405	0.93118930245881
6566.4623054328	0.93060685109696
6566.4873872209	0.92591661122124
6566.5124691048	0.92164255948771
6566.5375510845	0.92235159012739
6566.56263316	0.92362443124397
6566.5877153313	0.92417846969048
6566.6127975984	0.92542643276014
6566.6378799613	0.92715221486005
6566.6629624216	0.92945659147186
6566.6880449761	0.93537723837743
6566.7131276264	0.94099727558406
6566.7382103726	0.93874054680042
6566.7632932145	0.93523901265048
6566.7883761523	0.94005570891869
6566.8134591859	0.94599316387795
6566.8385423153	0.94703048751318
6566.8636255405	0.94759299011418
6566.8887088615	0.94506327068411
6566.9137922783	0.94158780656392
6566.9388757909	0.93906444656189
6566.9639593993	0.93761749310163
6566.9890431036	0.94026384595494
6567.0141269036	0.94401973368672
6567.0392107995	0.94630022987431
6567.0642947912	0.94787814958652
6567.0893788787	0.95025848552621
6567.114463062	0.95270942656405
6567.1395473411	0.9505435960361
6567.1646317176	0.94574733590629
6567.1897161883	0.94422592498002
6567.2148007549	0.94498481212083
6567.2398854173	0.94278935879076
6567.2649701755	0.93833920268628
6567.2900550295	0.93672579609331
6567.3151399793	0.93769699110186
6567.3402250249	0.94177429039749
6567.3653101664	0.94703739398963
6567.3903954037	0.94894081886518
6567.4154807368	0.94886435560507
6567.4405661657	0.95064708001602
6567.4656516904	0.95361955692412
6567.490737311	0.95585758979089
6567.5158230273	0.95737752786868
6567.5409088395	0.95725384148832
6567.5659947475	0.95649807298349
6567.5910807514	0.95371341762001
6567.616166851	0.94720187936541
6567.641253048	0.94612299750108
6567.6663393393	0.95259062025863
6567.6914257264	0.95807256229748
6567.7165122093	0.96264593132793
6567.7415987881	0.96479576382091
6567.7666854627	0.96198504094362
6567.7917722331	0.95922153978636
6567.8168590993	0.95448193866196
6567.8419460614	0.9533213898433
6567.8670331192	0.96059886172885
6567.8921202729	0.96505669106402
6567.9172075225	0.96389855238915
6567.9422948678	0.96565785652043
6567.967382309	0.96886834994734
6567.992469846	0.9732891025402
6568.0175574788	0.97121984655208
6568.0426452075	0.97071433419708
6568.0677330319	0.9693770631812
6568.0928209523	0.96387143240505
6568.1179089699	0.95969652623378
6568.1429970819	0.94728091160727
6568.1680852897	0.94303642666313
6568.1931735933	0.93315833854898
6568.2182619927	0.93134481858903
6568.243350488	0.92975308277982
6568.2684390791	0.93328911750368
6568.2935277661	0.93997570085924
6568.3186165488	0.9428005226828
6568.3437054274	0.94811633198725
6568.3687944019	0.9417632054249
6568.3938834721	0.93939499009172
6568.4189726382	0.93701546027112
6568.4440619002	0.93560371951987
6568.4691512579	0.94338748271635
6568.4942407115	0.95260581255124
6568.519330261	0.95192596975344
6568.5444199062	0.9515174925007
6568.5695096473	0.9533292393452
6568.5945994843	0.9540547311272
6568.6196894186	0.94559294163727
6568.6447794472	0.9406793627626
6568.6698695716	0.94210440599653
6568.6949597919	0.9428491250284
6568.720050108	0.93272164873662
6568.7451405199	0.92236513626462
6568.7702310277	0.9187238568096
6568.7953216314	0.91582261419273
6568.8204123308	0.91663332014716
6568.8455031261	0.91512930857078
6568.8705940173	0.91529875513209
6568.8956850043	0.91399031579862
6568.9207760871	0.91527285291897
6568.9458672657	0.91666649805516
6568.9709585402	0.92297937718727
6568.9960499106	0.93160478160456
6569.0211413768	0.93379588840551
6569.0462329388	0.93528202608342
6569.0713245967	0.93358218098297
6569.0964163519	0.93069693012223
6569.1215082014	0.92880082118636
6569.1466001468	0.92649226112123
6569.1716921881	0.92889087933361
6569.1967843251	0.93320905183582
6569.2218765581	0.93022102548202
6569.2469688868	0.92529678515496
6569.2720613114	0.9220960614973
6569.2971538319	0.92134303588229
6569.3222464482	0.91892422858073
6569.3473391603	0.91709812406349
6569.3724319683	0.91605352927844
6569.3975248722	0.91406174521246
6569.4226178719	0.9192254306818
6569.4477109674	0.92696874955271
6569.4728041588	0.9286041390748
6569.497897446	0.92629719385787
6569.5229908291	0.92616779441151
6569.548084308	0.928304003528
6569.5731778843	0.93222009421833
6569.5982715549	0.93674878671431
6569.6233653214	0.93786218939989
6569.6484591838	0.93613239270549
6569.6735531419	0.93462319209034
6569.698647196	0.9328057092761
6569.7237413458	0.93409350789148
6569.7488355916	0.93721992324045
6569.7739299332	0.93682110175428
6569.7990243706	0.93490092910939
6569.8241189039	0.93568732755823
6569.849213533	0.93947268748494
6569.874308258	0.94468164404203
6569.8994030789	0.95233188895851
6569.9244979956	0.95649784439354
6569.9495930081	0.95554530367306
6569.9746881165	0.95750186212294
6569.9997833208	0.9601654228241
6570.0248786209	0.96082149966927
6570.0499740184	0.95999906920687
6570.0750695103	0.95802896094597
6570.100165098	0.95572182319427
6570.1252607815	0.95554527556724
6570.1503565609	0.96080688652892
6570.1754524362	0.96394197191491
6570.2005484073	0.96446354011529
6570.2256444743	0.96614094465578
6570.2507406371	0.96774890953158
6570.2758368958	0.97027666722755
6570.3009332504	0.9715606567593
6570.3260297008	0.97508825502506
6570.3511262471	0.98051863614869
6570.3762228892	0.98146681588209
6570.4013196272	0.97596899433591
6570.4264164611	0.96836356682773
6570.4515133908	0.95952483374432
6570.4766104164	0.95292129888946
6570.5017075379	0.95164847142866
6570.5268047552	0.9513505932855
6570.5519020699	0.95085199436572
6570.5769994789	0.95093900096728
6570.6020969838	0.95384330251103
6570.6271945846	0.95762953816224
6570.6522922812	0.96061272976554
6570.6773900737	0.96175677872312
6570.7024879621	0.95619236580032
6570.7275859463	0.95027001675226
6570.7526840264	0.94602910809452
6570.7777822024	0.94451294690761
6570.8028804742	0.95540333722636
6570.8279788419	0.96402670656518
6570.8530773055	0.95656763942039
6570.8781758649	0.94832600353618
6570.9032745202	0.94345841931145
6570.9283732714	0.94027045270344
6570.9534721184	0.93985704069886
6570.9785710613	0.93897258805627
6571.0036701001	0.93786073576733
6571.0287692363	0.93921583606643
6571.0538684668	0.95089145055062
6571.0789677932	0.96194990743717
6571.1040672154	0.9650297269139
6571.1291667336	0.96827022906559
6571.1542663476	0.96888549691108
6571.1793660575	0.96790164412377
6571.2044658632	0.97212598371111
6571.2295657648	0.97503337191869
6571.2546657623	0.97690024390546
6571.2797658557	0.97991292014183
6571.304866045	0.98399089121409
6571.3299663301	0.98819673060514
6571.3550667111	0.98581698689032
6571.380167188	0.98344585611243
6571.4052677607	0.97718977607695
6571.4303684293	0.97286465857265
6571.4554691938	0.96843266162166
6571.4805700542	0.96563629508391
6571.505671012	0.96250581821215
6571.5307720641	0.96616144430861
6571.5558732121	0.96405593450579
6571.580974456	0.96630202983384
6571.6060757958	0.96721003410865
6571.6311772314	0.96588978717232
6571.656278763	0.96819124046995
6571.6813803904	0.96218703539688
6571.7064821136	0.96802653309263
6571.7315839328	0.96404838077085
6571.7566858479	0.96436298905763
6571.7817878588	0.95823258726753
6571.8068899656	0.95689276840205
6571.8319921683	0.95816618009564
6571.8570944669	0.96114246305635
6571.8821968613	0.96829086457316
6571.9072993517	0.9674436051878
6571.9324019379	0.97017353075744
6571.95750462	0.97427248763399
6571.982607398	0.97902131071524
6572.0077102734	0.97697090035969
6572.0328132432	0.97657859910738
6572.0579163088	0.97402793726758
6572.0830194703	0.97131123099797
6572.1081227278	0.969437354589
6572.1332260811	0.96971799660366
6572.1583295303	0.97209295880603
6572.1834330753	0.97194278265917
6572.2085367163	0.97071692329367
6572.2336404532	0.96695851436562
6572.2587442859	0.96303025163855
6572.2838482145	0.95830608472109
6572.3089522391	0.95354166229778
6572.3340563595	0.95133575790151
6572.3591605758	0.95309742904314
6572.384264888	0.9572487675059
6572.409369296	0.96149241534552
6572.4344738	0.96525835990894
6572.4595783999	0.97153363570293
6572.4846830971	0.97947166350653
6572.5097878888	0.98005162084198
6572.5348927763	0.97693955640822
6572.5599977598	0.97451279812502
6572.5851028391	0.97339986706501
6572.6102080143	0.97454009354918
6572.6353132854	0.97611086144829
6572.6604186524	0.97864500354873
6572.6855241153	0.98118426504501
6572.7106296741	0.98579219383354
6572.7357353288	0.9912138682243
6572.7608410794	0.98972364829985
6572.7859469259	0.98570607033992
6572.8110528683	0.97715910764659
6572.8361589065	0.96514571300598
6572.8612650407	0.96160699594639
6572.8863712708	0.96433002238966
6572.9114775967	0.9682131469932
6572.9365840186	0.9752461205312
6572.9616905379	0.97730553063389
6572.9867971516	0.98045090097799
6573.0119038611	0.98909813974682
6573.0370106666	1.0007395562104
6573.0621175679	1.0082173034356
6573.0872245652	1.0067172340675
6573.1123316584	1.0113290091098
6573.1374388474	1.0142398716241
6573.1625461324	1.0063389932008
6573.1876535133	0.98950093031208
6573.21276099	0.97803968742451
6573.2378685627	0.97585587781656
6573.2629762313	0.97158274576001
6573.2880839958	0.96931468861785
6573.3131918561	0.96604366123449
6573.3382998124	0.96171150861273
6573.3634078646	0.96405214867067
6573.3885160127	0.97078245152519
6573.4136242567	0.98067048274967
6573.4387325966	0.99349816022205
6573.4638410339	0.99936190271595
6573.4889495657	0.99734596126215
6573.5140581933	0.99469373745187
6573.5391669168	0.99119389913351
6573.5642757362	0.98892940099953
6573.5893846516	0.9884146914197
6573.6144936628	0.98076979409659
6573.63960277	0.96420295525622
6573.6647119731	0.9566664259819
6573.6898212721	0.96114431764244
6573.7149306669	0.96712158572351
6573.7400401577	0.97492692735361
6573.7651497445	0.98188855544817
6573.7902594271	0.98689437996055
6573.8153692056	0.99292553326773
6573.8404790801	0.99498352065728
6573.8655890504	0.99706219957733
6573.8906991167	0.99551368862859
6573.9158092789	0.99169640956417
6573.9409195385	0.987048955677
6573.9660298925	0.97800914497408
6573.9911403424	0.97080530172079
6574.0162508882	0.9643434589171
6574.04136153	0.96800211038829
6574.0664722676	0.9710490884669
6574.0915831012	0.97508496382215
6574.1166940307	0.97996752893172
6574.1418050561	0.98309901785549
6574.1669161774	0.98630665852282
6574.1920273947	0.98427021248363
6574.2171387078	0.98109699336573
6574.2422501169	0.97634432861837
6574.2673616219	0.97268130103221
6574.2924732228	0.97032460922216
6574.3175849196	0.96313579101812
6574.3426967124	0.94493766356899
6574.367808601	0.93266364855882
6574.3929205856	0.9331036776521
6574.4180326676	0.93510260742028
6574.4431448441	0.93638356970912
6574.4682571164	0.93870093224602
6574.4933694847	0.94283705253533
6574.5184819489	0.94841379375458
6574.543594509	0.95653050889517
6574.568707165	0.96213623375632
6574.5938199169	0.96211556916519
6574.6189327648	0.96213947606904
6574.6440457086	0.96176642869405
6574.6691587483	0.96195227458288
6574.694271884	0.9615150047617
6574.7193851156	0.96114287905066
6574.7444984431	0.96072891459387
6574.7696118665	0.95916101485548
6574.7947253858	0.95691880806305
6574.8198390011	0.95476131401099
6574.8449527123	0.95417788319976
6574.8700665194	0.95375437952777
6574.895180424	0.95727725108029
6574.9202944229	0.96093532403916
6574.9454085179	0.96443842840522
6574.9705227087	0.96484585885972
6574.9956369954	0.95041684789894
6575.0207513781	0.93976468241546
6575.0458658567	0.93838678769012
6575.0709804313	0.93697686600559
6575.0960951018	0.93466349159386
6575.1212098682	0.93414725075966
6575.1463247305	0.94398528973657
6575.1714396888	0.95157831123386
6575.196554743	0.95541852285533
6575.2216698931	0.95988750409144
6575.2467851392	0.96522724211079
6575.2719004812	0.96915570072343
6575.2970159191	0.97214488472376
6575.322131453	0.97574358690786
6575.3472470827	0.97898669664605
6575.3723628085	0.98106824942534
6575.3974786316	0.9789605355343
6575.4225945492	0.97840570021656
6575.4477105628	0.97869351452726
6575.4728266722	0.97810907291388
6575.4979428776	0.97808160638552
6575.523059179	0.97571335312431
6575.5481755762	0.96573614387012
6575.5732920695	0.9620066323357
6575.5984086586	0.98329826245021
6575.6235253437	0.99605353061414
6575.6486421247	0.97343672558032
6575.6737590017	0.95882020395247
6575.6988759746	0.9689313520649
6575.7239930434	0.9781096202763
6575.7491102082	0.98113880994108
6575.7742274689	0.98321675147978
6575.7993448255	0.98687084726291
6575.8244622781	0.98899024402452
6575.8495798267	0.99239857290998
6575.8746974727	0.99431336519211
6575.8998152131	0.99723207767158
6575.9249330495	1.0012042283232
6575.9500509818	1.0052915783089
6575.97516901	1.0093888150086
6576.0002871342	1.0103104752061
6576.0254053543	1.0119830585015
6576.0505236704	1.0121859545245
6576.0756420824	1.0132322457701
6576.1007605904	1.0166522598216
6576.1258791943	1.0185831756261
6576.1509978941	1.0211698555113
6576.1761166899	1.0223221840093
6576.2012355817	1.0007545978046
6576.2263545694	0.97992652527718
6576.251473653	0.97570330160182
6576.2765928326	0.97392655924877
6576.3017121081	0.97904175735997
6576.3268314796	0.98477945378915
6576.3519509485	0.99293772253003
6576.3770705119	1.0007004246284
6576.4021901712	1.0035632175523
6576.4273099265	1.0078377835595
6576.4524297777	1.019295725548
6576.4775497249	1.0272640531794
6576.502669768	1.0214243175141
6576.5277899071	1.015201020695
6576.5529101421	1.0084967417399
6576.5780304731	1.0025355773943
6576.6031509	1.0069485453008
6576.6282714229	1.010248420818
6576.6533920417	1.0084543437487
6576.6785127565	1.0085849030013
6576.7036335672	1.0131216069138
6576.7287544739	1.0177829249468
6576.7538754766	1.0199463982923
6576.7789965752	1.0209445635856
6576.8041177697	1.0156823535611
6576.8292390602	1.0106497895983
6576.8543604482	1.0061256484245
6576.8794819306	1.0023354995277
6576.904603509	1.0051876028143
6576.9297251833	1.0091108376823
6576.9548469536	1.0197478422044
6576.9799688199	1.0273282804524
6577.0050907821	1.0159343174431
6577.0302128402	1.0077000555469
6577.0553349943	1.0157689192756
6577.0804572444	1.0196215961514
6577.1055795905	1.0022906508858
6577.1307020325	0.98820196748988
6577.1558245704	0.98895776516701
6577.1809472043	0.99306558946793
6577.2060699342	1.0244851142744
6577.23119276	1.0499270097658
6577.2563156818	1.0328192513067
6577.2814386996	1.0180383506538
6577.3065618133	1.0154603153334
6577.3316850245	1.0134356214481
6577.3568083302	1.0173681974865
6577.3819317318	1.0215054534498
6577.4070552293	1.0232624265765
6577.4321788229	1.023606173058
6577.4573025124	1.0199054907428
6577.4824262978	1.0175388514433
6577.5075501793	1.0233693202423
6577.5326741567	1.0278098863283
6577.55779823	1.0211013751025
6577.5829223993	1.0164181272776
6577.6080466646	1.0253140506188
6577.6331710259	1.0344127688398
6577.6582954831	1.0365870631381
6577.6834200363	1.0380728048004
6577.7085446855	1.0372688844825
6577.7336694306	1.0362494301419
6577.7587942717	1.0397973944902
6577.7839192088	1.0412831595517
6577.8090442433	1.0310045762658
6577.8341693723	1.0244604422465
6577.8592945973	1.0476923448081
6577.8844199182	1.0651795307459
6577.9095453352	1.0454984555266
6577.934670848	1.0277920661995
6577.9597964569	1.0236520622908
6577.9849221617	1.0196670430768
6578.0100479625	1.0141452979298
6578.0351738593	1.0105810118874
6578.0602998521	1.0195552390193
6578.0854259408	1.030184866262
6578.1105521255	1.0383593255597
6578.1356784062	1.0446909394266
6578.1608047828	1.0445814849467
6578.1859312554	1.0448294808047
6578.211057824	1.045386585027
6578.2361844886	1.0445740874853
6578.2613112491	1.0412950697213
6578.2864381056	1.0385641118815
6578.3115650596	1.042094839065
6578.3366921081	1.0443576693075
6578.3618192526	1.0444695791449
6578.386946493	1.0450815295076
6578.4120738294	1.0491450518321
6578.4372012618	1.0505553005382
6578.4623287902	1.0312902895295
6578.4874564145	1.0157630710252
6578.5125841348	1.0190416360207
6578.5377119511	1.0211517608055
6578.5628398634	1.0197945293309
6578.5879678717	1.0204251169784
6578.6130959759	1.0264774551618
6578.6382241761	1.0309605935245
6578.6633524724	1.0308077208922
6578.6884808645	1.0326980452332
6578.7136093527	1.0363618730399
6578.7387379369	1.0396359851864
6578.763866617	1.0414194964905
6578.7889953946	1.0424751166748
6578.8141242668	1.0427877308381
6578.8392532348	1.0421094801133
6578.8643822989	1.0381274184076
6578.889511459	1.0355777460859
6578.914640715	1.0385076839108
6578.9397700671	1.0428151444146
6578.9648995151	1.045566655105
6578.9900290591	1.04896247089
6579.0151586991	1.0493751706333
6579.040288435	1.0487317332094
6579.065418267	1.0470081276884
6579.090548195	1.043078687336
6579.1156782189	1.0306661915331
6579.1408083388	1.0205808883316
6579.1659385547	1.0352385600786
6579.1910688667	1.0422056637816
6579.2161992746	1.0276394099708
6579.2413297784	1.0173036979842
6579.2664603798	1.0189984186028
6579.2915910757	1.0210467102396
6579.3167218676	1.0233571649689
6579.3418527554	1.0258823188349
6579.3669837393	1.0273208346782
6579.3921148191	1.0312691493873
6579.4172459949	1.0380785172113
6579.4423772667	1.0454134310309
6579.4675086346	1.0493227827391
6579.4926400984	1.0515840952402
6579.5177716582	1.0472585830036
6579.542903314	1.0445555167679
6579.5680350658	1.0439532954164
6579.5931669136	1.0416082788086
6579.6182988573	1.0363708961091
6579.6434308971	1.0342688956973
6579.6685630329	1.0389647513607
6579.6936952647	1.0405215870219
6579.7188275924	1.0331182997024
6579.7439600177	1.0293411476984
6579.7690925375	1.0336988467354
6579.7942251533	1.0350315941072
6579.819357865	1.0294705798771
6579.8444906728	1.0261194537187
6579.8696235765	1.0291894873517
6579.8947565763	1.0310062042754
6579.9198896721	1.0289264393205
6579.9450228638	1.0341946573391
6579.9701561516	1.053095855058
6579.9952895353	1.0624674324451
6580.0204230151	1.0438635524339
6580.0455565909	1.0318054485706
6580.0706902626	1.0334019810294
6580.0958240304	1.0330739940923
6580.1209578942	1.0381224148131
6580.146091854	1.037146489757
6580.1712259097	1.0353757670394
6580.1963600615	1.0312412011163
6580.2214943093	1.0302580632664
6580.2466286546	1.0296551054803
6580.2717630944	1.0280570166543
6580.2968976302	1.0292660682375
6580.322032262	1.0296136015417
6580.3471669898	1.0278617831718
6580.3723018137	1.0187530686667
6580.3974367335	1.018541751273
6580.4225717493	1.0344530349743
6580.4477068612	1.0422856736123
6580.472842069	1.0314615964627
6580.4979773729	1.0222624280538
6580.5231127728	1.0190445700762
6580.5482482687	1.0192681365034
6580.5733838605	1.0158135208195
6580.5985195484	1.0079232024722
6580.6236553324	0.99346317671168
6580.6487912123	0.9889885192587
6580.6739271882	0.99958298456697
6580.6990632601	1.0101801736446
6580.7241994296	1.0204420580387
6580.7493356936	1.0268054180837
6580.7744720536	1.0272368296853
6580.7996085096	1.0285353261671
6580.8247450616	1.031469419613
6580.8498817096	1.0338121739992
6580.8750184536	1.0334912001023
6580.9001552937	1.0333466502494
6580.9252922297	1.0327449479706
6580.9504292618	1.0270290112272
6580.9755663899	1.0133311083615
6581.000703614	1.0063439561463
6581.0258409341	1.0050105775513
6581.0509783503	1.0030447005902
6581.0761158624	1.0003737031047
6581.1012534706	0.99744295036237
6581.1263911748	0.99725769585446
6581.151528975	1.0001835151854
6581.1766668712	1.0064449024244
6581.201804865	1.0228325856462
6581.2269429533	1.0365052671836
6581.2520811376	1.0833051584616
6581.2772194179	1.0585047544092
6581.3023577942	1.0670572710239
6581.3274962665	1.0686464309364
6581.3526348349	1.0564982436004
6581.3777734993	1.057693651448
6581.4029122597	1.0559959277688
6581.4280511161	1.0537732920639
6581.4531900686	1.0200960730464
6581.4783291171	1.0029927725631
6581.5034682616	1.0023939700639
6581.5286075021	1.0077964590853
6581.5537468386	1.0214608652317
6581.5788862712	1.0507947017375
6581.6040257998	1.0676287488173
6581.6291654244	1.0737868825513
6581.6543051451	1.0768266363561
6581.6794449617	1.0774830330284
6581.704584876	1.0706116787087
6581.7297248847	1.0662361671887
6581.7548649894	1.0587113401551
6581.7800051902	1.0405515937044
6581.805145487	1.0434743636586
6581.8302858799	1.0647936492988
6581.8554263687	1.0674121465039
6581.8805669536	1.0566537755968
6581.9057076345	1.0378369853163
6581.9308484115	1.0284246556498
6581.9559892845	1.0282152415299
6581.9811302535	1.0299985649348
6582.0062713185	1.0374464228213
6582.0314124796	1.0492070981562
6582.0565537367	1.0519021664421
6582.0816950898	1.0567939420779
6582.106836539	1.0582180376472
6582.1319780842	1.0546414715781
6582.1571197254	1.0282934371679
6582.1822614642	1.0380369791008
6582.2074032975	1.0845793106859
6582.2325452268	1.1037899235444
6582.2576872522	1.1053618517483
6582.2828293736	1.1184173250274
6582.307971591	1.1275131431158
