6544.0475457009	0.98444517691347
6544.0725418718	0.98578216484588
6544.0975381381	0.98510551741485
6544.1225345	0.98299702803427
6544.1475309573	0.97921401524029
6544.17252751	0.97359957516196
6544.1975241583	0.96692189637175
6544.222520902	0.96340245327652
6544.2475177412	0.96110380701299
6544.2725146759	0.96133107689003
6544.2975117076	0.96173911115872
6544.3225088333	0.96473194158793
6544.3475060544	0.96842945502067
6544.372503371	0.96809996265995
6544.3975007831	0.96810241975737
6544.4224982907	0.9712135261421
6544.4474958938	0.97369026131572
6544.4724935923	0.97126205896054
6544.4974913864	0.97020053530202
6544.5224892759	0.97060130646155
6544.5474872609	0.9702316437148
6544.5724853414	0.96865969261303
6544.5974835173	0.96995492327376
6544.6224817888	0.97230808170909
6544.6474801557	0.97678994854031
6544.6724786182	0.98125490585222
6544.6974771761	0.98184629954458
6544.7224758295	0.98145943714961
6544.7474745784	0.98276896845925
6544.7724734242	0.98468188078609
6544.7974723641	0.98042513215568
6544.8224713994	0.97835652429482
6544.8474705303	0.97578635986818
6544.8724697566	0.97358175893286
6544.8974690784	0.97310768406721
6544.9224684957	0.97256838254484
6544.9474680085	0.9712360813154
6544.9724676168	0.96823050624178
6544.9974673206	0.96524834167768
6545.0224671198	0.96081519374158
6545.0474670146	0.95847811740104
6545.0724670048	0.95715784708393
6545.0974670906	0.95782831761427
6545.1224672718	0.95783000316669
6545.1474675485	0.95416259296634
6545.1724679208	0.95995578799034
6545.1974683885	0.9574276666459
6545.2224689517	0.97316462460189
6545.2474696119	0.97985658117894
6545.2724703661	0.99330683554623
6545.2974712158	0.9966961907895
6545.3224721609	0.99503135283299
6545.3474732016	0.99256307453956
6545.3724743378	0.99099605292231
6545.3974755695	0.9844233220302
6545.4224768966	0.9772346617188
6545.4474783193	0.97121879564339
6545.4724798375	0.96760335967398
6545.4974814511	0.9666304775727
6545.5224831603	0.96775407502922
6545.5474849649	0.96436117955181
6545.5724868651	0.96161794536123
6545.5974888608	0.95887750125603
6545.6224909519	0.95699044333556
6545.6474931386	0.9571320193585
6545.6724954207	0.95581880603518
6545.6974977984	0.95068610889236
6545.7225002715	0.9463274350228
6545.7475028417	0.94217727097319
6545.7725055059	0.93781012506445
6545.7975082655	0.93401562644591
6545.8225111207	0.92883427449955
6545.8475140714	0.9229024112838
6545.8725171175	0.92341799542807
6545.8975202592	0.92752061482849
6545.9225234964	0.93248959889339
6545.9475268291	0.93750974241032
6545.9725302573	0.9411889700862
6545.9975337809	0.94325317815465
6546.0225374001	0.94180775556134
6546.0475411148	0.93529599977404
6546.0725449251	0.91751123178221
6546.0975488308	0.89763826981499
6546.122552832	0.87684706555299
6546.1475569287	0.86356907654488
6546.172561121	0.85987476014074
6546.1975654087	0.8643511462713
6546.2225697935	0.87406884098472
6546.2475742722	0.88644124568182
6546.2725788465	0.89946326673378
6546.2975835163	0.90686748401843
6546.3225882816	0.91092381424217
6546.3475931424	0.91365880006438
6546.3725980987	0.91685818209617
6546.3976031505	0.91585578738521
6546.4226082979	0.91571377389112
6546.4476135407	0.91115037010655
6546.4726188791	0.90854367797333
6546.497624313	0.90964468498835
6546.5226298423	0.91211405643276
6546.5476354672	0.91634602498298
6546.5726411876	0.92075895152748
6546.5976470036	0.92571888921642
6546.622652915	0.92599266168518
6546.647658922	0.92299287243251
6546.6726650244	0.92223278832399
6546.6976712239	0.92346561860259
6546.7226775174	0.92528908837561
6546.7476839064	0.92628958330536
6546.772690391	0.93091276237578
6546.797696971	0.93626564973972
6546.8227036466	0.94302970131114
6546.8477104177	0.95167046878131
6546.8727172843	0.9596917212882
6546.8977242464	0.96911305500446
6546.922731304	0.97664837801057
6546.9477384572	0.9760556493479
6546.9727457059	0.96497613715079
6546.9977530501	0.94492184465858
6547.0227604898	0.91897998040969
6547.047768025	0.89496469686162
6547.0727756558	0.87068807570174
6547.0977833821	0.86630445458887
6547.1227912039	0.86588920845038
6547.1477991212	0.88657193661251
6547.172807134	0.90796572786362
6547.1978152439	0.92712340220243
6547.2228234478	0.94469354791379
6547.2478317472	0.95338375234865
6547.2728401421	0.96050680878293
6547.2978486326	0.96484642699907
6547.3228572186	0.96791756804667
6547.3478659001	0.96836416138169
6547.3728746771	0.96742535403301
6547.3978835497	0.96594110117529
6547.4228925178	0.96555748431464
6547.4479015814	0.96610548866043
6547.4729107405	0.9644873772566
6547.4979199952	0.96245496155094
6547.5229293454	0.9588255249066
6547.5479387911	0.95518579271964
6547.5729483324	0.9537672875859
6547.5979579692	0.95367697107267
6547.6229677015	0.95462341548032
6547.6479775293	0.95627124695206
6547.6729874542	0.96115982832568
6547.6979974731	0.96500774987995
6547.7230075875	0.9662685750401
6547.7480177975	0.96737810502652
6547.7730281029	0.9688850351152
6547.798038504	0.96922902832676
6547.8230490005	0.96957715138054
6547.8480595926	0.97065145964906
6547.8730702802	0.97119971973661
6547.8980810634	0.97305612945974
6547.923091942	0.97355508459842
6547.9481029163	0.97945902016687
6547.973113986	0.98190240689878
6547.9981251513	0.9775767394496
6548.0231364121	0.97374691925029
6548.0481477685	0.97256138370246
6548.0731592204	0.96951023962947
6548.0981707678	0.9649790473866
6548.1231824107	0.96418788305976
6548.1481941507	0.96696441826775
6548.1732059848	0.96406878218109
6548.1982179144	0.95908320034685
6548.2232299395	0.95830507258672
6548.2482420601	0.95826238952442
6548.2732542763	0.96108505307916
6548.298266588	0.96492948734962
6548.3232789953	0.96438140255889
6548.3482914981	0.96377413645431
6548.3733040964	0.96377821725072
6548.3983167903	0.96381538827226
6548.4233295797	0.96487097822639
6548.4483424647	0.9656345947988
6548.4733554452	0.966834608166
6548.4983685213	0.96828542850311
6548.5233816928	0.96978817363926
6548.54839496	0.97117507662078
6548.5734083226	0.97168828051002
6548.5984217809	0.96853711682469
6548.6234353361	0.96471330191482
6548.6484489854	0.96561022217448
6548.6734627303	0.966700243886
6548.6984765707	0.96527477900611
6548.7234905066	0.9648465270582
6548.7485045381	0.96481137992898
6548.7735186651	0.9656901526293
6548.7985328877	0.96752270865703
6548.8235472058	0.96877221773418
6548.8485616195	0.96884163791728
6548.8735761287	0.96719912255046
6548.8985907335	0.9641716366115
6548.9236054338	0.96278851271701
6548.9486202296	0.96239330687051
6548.973635121	0.96037114766133
6548.998650108	0.95845044727926
6549.0236651905	0.95612718631387
6549.0486803685	0.95572418557843
6549.0736956422	0.95885818381969
6549.0987110113	0.96304032866654
6549.1237264775	0.96452126017221
6549.1487420378	0.96514507545159
6549.1737576936	0.96512722603857
6549.1987734449	0.9664436030756
6549.2237892919	0.96850561018527
6549.2488052343	0.96825592675155
6549.2738212723	0.96509166032681
6549.2988374059	0.96294554063558
6549.323853635	0.96190003489555
6549.3488699597	0.96215699626944
6549.3738863799	0.96396506911856
6549.3989028957	0.96111200816257
6549.4239195071	0.95893372237153
6549.448936214	0.96202089098629
6549.4739530164	0.96531617250366
6549.4989699144	0.96290610916258
6549.523986908	0.96074318869788
6549.5490039971	0.96029163524189
6549.5740211818	0.96307450161454
6549.5990384635	0.96882763218327
6549.6240558393	0.97035777651641
6549.6490733107	0.96984947607217
6549.6740908776	0.96685814485203
6549.6991085401	0.96263643490009
6549.7241262981	0.95953847121218
6549.7491441517	0.9577162859477
6549.7741621009	0.96034448294985
6549.7991801456	0.96258086212745
6549.8241982858	0.96371342923103
6549.8492165217	0.96477613082765
6549.8742348531	0.96774339656578
6549.89925328	0.96962337906805
6549.9242718025	0.9720167987675
6549.9492904206	0.97553029766786
6549.9743091343	0.98233504301762
6549.9993279435	0.98668831992428
6550.0243468483	0.98651866635276
6550.0493658486	0.98460820176322
6550.074384946	0.98158520336166
6550.0994041375	0.97534244239801
6550.1244234245	0.96856098460058
6550.1494428071	0.9610158841389
6550.1744622853	0.95653448098931
6550.199481859	0.95669426027181
6550.2245015283	0.95698692905162
6550.2495212932	0.95658379833685
6550.2745411536	0.95695399027596
6550.2995611096	0.95752613130318
6550.3245811612	0.95824228112985
6550.3496013083	0.95827732706743
6550.374621551	0.95929363016593
6550.3996418893	0.96075048502702
6550.4246623231	0.95579699717343
6550.4496828526	0.94900504622389
6550.4747034775	0.94629973822322
6550.4997241981	0.94585368174233
6550.5247450142	0.94010467588451
6550.5497659259	0.93793741931732
6550.5747869347	0.93954979848779
6550.5998080375	0.94280638816526
6550.624829236	0.95001018536061
6550.64985053	0.95706673395168
6550.6748719195	0.96388765490079
6550.6998934047	0.96817136291029
6550.7249149854	0.97295133707611
6550.7499366616	0.97216788760111
6550.7749584335	0.9701983369476
6550.7999803009	0.96527222604463
6550.8250022639	0.96402920805214
6550.8500243225	0.96799481226241
6550.8750464767	0.97649402782845
6550.9000687264	0.9827807950671
6550.9250910718	0.98717523379151
6550.9501135126	0.98370139409521
6550.9751360491	0.97142923704706
6551.0001586812	0.94472031111805
6551.0251814088	0.91247146196176
6551.0502042335	0.87564497950322
6551.0752271523	0.85124846465938
6551.1002501667	0.83705448465232
6551.1252732766	0.84611722030897
6551.1502964821	0.86405771413512
6551.1753197832	0.89054770411428
6551.2003431799	0.9185989910956
6551.2253666722	0.92914707375324
6551.25039026	0.93901154573864
6551.2754139435	0.94514692089655
6551.3004377225	0.94970893429957
6551.3254615971	0.94928320088877
6551.3504855673	0.95094826496827
6551.375509633	0.95438381082556
6551.4005337944	0.95843013293136
6551.4255580513	0.96303011155652
6551.4505824038	0.96000382527956
6551.4756068519	0.95393964250554
6551.5006313956	0.94924932149581
6551.5256560364	0.94610397490072
6551.5506807713	0.94667643646432
6551.5757056017	0.94752872875289
6551.6007305277	0.94765258833339
6551.6257555494	0.94727063448173
6551.6507806666	0.94998120940013
6551.6758058794	0.95093916689989
6551.7008311877	0.95165309893961
6551.7258565917	0.95364922374977
6551.7508820913	0.95777386163841
6551.7759076864	0.95858989219265
6551.8009333772	0.95615876956805
6551.8259591635	0.95853146662177
6551.8509850454	0.96382042810901
6551.8760110229	0.96693769518989
6551.901037096	0.96863187882223
6551.9260632647	0.97093502341913
6551.951089529	0.97200368321511
6551.9761158889	0.97024363714007
6552.0011423459	0.96894833310648
6552.026168897	0.96810668247602
6552.0511955436	0.96585437385054
6552.0762222859	0.96212815124462
6552.1012491237	0.95733127908708
6552.1262760572	0.95154127441212
6552.1513030862	0.94056442685061
6552.1763302108	0.92649945831638
6552.201357431	0.91724716868456
6552.2263847469	0.90962998376117
6552.2514121583	0.90815520640448
6552.2764396653	0.90832399306962
6552.3014672679	0.91294346905102
6552.3264949661	0.91981300143169
6552.3515227599	0.9320319485079
6552.3765506493	0.94116175573169
6552.4015786344	0.94448049697573
6552.426606715	0.94740166644676
6552.4516348912	0.94926744815856
6552.476663163	0.95124284273075
6552.5016915319	0.95296368330854
6552.5267199949	0.95336492247693
6552.5517485535	0.95348342869266
6552.5767772077	0.95503284290895
6552.6018059575	0.95677651164375
6552.6268348029	0.95288534330374
6552.6518637439	0.94859455815568
6552.6768927805	0.94544710661228
6552.7019219127	0.94402070774429
6552.7269511406	0.94236730215004
6552.751980464	0.94129190298471
6552.777009883	0.94055388022197
6552.8020393976	0.94319500456744
6552.8270690079	0.94762688421773
6552.8520987137	0.95317308762836
6552.8771285152	0.95761647859622
6552.9021584122	0.9538755648786
6552.9271884049	0.94932668857735
6552.9522184931	0.94868811194133
6552.9772486785	0.94945158406276
6553.002278958	0.94416822065647
6553.0273093331	0.93981968902182
6553.0523398038	0.93183442939244
6553.0773703701	0.92870373349812
6553.102401032	0.92886077936423
6553.1274317895	0.93179464022416
6553.1524626427	0.93246041407003
6553.1774935914	0.94226052996072
6553.2025246358	0.94914774013679
6553.2275557757	0.95678587936816
6553.2525870113	0.95887319146433
6553.2776183425	0.96111897673606
6553.3026497693	0.9621722988914
6553.3276812917	0.96198203822602
6553.3527129097	0.96353456092493
6553.3777446233	0.9628619939461
6553.4027764326	0.96233475176689
6553.4278083374	0.95960613894254
6553.4528403394	0.95588740788976
6553.4778724355	0.95196033830672
6553.5029046272	0.94912612406863
6553.5279369145	0.94702401599908
6553.5529692975	0.94479766975075
6553.578001776	0.9432425680606
6553.6030343502	0.94314124146263
6553.62806702	0.94364566451971
6553.6530997854	0.94596063143008
6553.6781326464	0.9473458384398
6553.703165603	0.94248355627561
6553.7281986553	0.94063233070447
6553.7532318031	0.94506028355965
6553.7782650466	0.94749399424135
6553.8032983857	0.9462308739798
6553.8283318204	0.94489675278942
6553.8533653508	0.9435513241585
6553.8783989768	0.94295706354837
6553.9034326983	0.94311742792633
6553.9284665155	0.93934889066846
6553.9535004299	0.93644910091867
6553.9785344383	0.93716516866032
6554.0035685424	0.93884858953795
6554.0286027421	0.9389727491806
6554.0536370374	0.93978691036693
6554.0786714283	0.94098770524916
6554.1037059149	0.93958175407394
6554.1287404971	0.93551838692053
6554.1537751749	0.93652196964945
6554.1788099483	0.94011730534643
6554.2038448174	0.93975165495246
6554.2288797821	0.9408786013534
6554.2539148424	0.93385601884604
6554.2789499983	0.92928163020455
6554.3039852499	0.92846567138349
6554.3290205971	0.92991769412376
6554.3540560399	0.92664654258376
6554.3790915783	0.92554097954361
6554.4041272124	0.92703912633062
6554.4291629436	0.93257577869994
6554.454198769	0.94010326973222
6554.4792346899	0.94662541976141
6554.5042707065	0.9506728081612
6554.5293068187	0.9535430958577
6554.5543430266	0.95730088131171
6554.57937933	0.95643553767695
6554.6044157292	0.95628626627639
6554.6294522239	0.94932868759716
6554.6544888143	0.94458681501532
6554.6795255003	0.93821821890137
6554.7045622819	0.9348242701187
6554.7295991592	0.93430479786791
6554.7546361321	0.93294592309716
6554.7796732006	0.93024946047538
6554.8047103648	0.92801728191799
6554.8297476246	0.926654194566
6554.85478498	0.92229806386695
6554.8798224311	0.92010123497214
6554.9048599793	0.91247708547061
6554.9298976216	0.90855361816911
6554.9549353596	0.91113842030156
6554.9799731932	0.91487106225874
6555.0050111224	0.9207586179142
6555.0300491473	0.92560968583624
6555.0550872678	0.93152769234018
6555.080125484	0.9348934228891
6555.1051637958	0.93847273834405
6555.1302022032	0.93706022856072
6555.1552407063	0.93551636415888
6555.180279305	0.93245878871809
6555.2053179994	0.9331651210228
6555.2303567894	0.92851941273505
6555.255395675	0.92624441923041
6555.2804346563	0.91947027285465
6555.3054737332	0.91474633832364
6555.3305129057	0.9126438138683
6555.3555521739	0.91265100456064
6555.3805915378	0.91524209995593
6555.4056309988	0.91855622883658
6555.4306705539	0.92276290740162
6555.4557102047	0.92467647066418
6555.4807499511	0.92455360091909
6555.5057897931	0.91862456161588
6555.5308297308	0.91047846210413
6555.5558697642	0.89376296157089
6555.5809098932	0.87573107561391
6555.6059501178	0.85388807856305
6555.6309904381	0.8385527997062
6555.656030854	0.83848242358345
6555.6810713656	0.84634562539384
6555.7061119728	0.86289566103684
6555.7311526757	0.87904027863937
6555.7561934742	0.89248559899678
6555.7812343683	0.90614012821942
6555.8062753581	0.91597654661017
6555.8313164436	0.91826977170662
6555.8563576247	0.91857380213803
6555.881398903	0.9175605138293
6555.9064402754	0.91767065817227
6555.9314817434	0.91468986034984
6555.9565233071	0.91351607523739
6555.9815649665	0.91028639334259
6556.0066067215	0.90821949673336
6556.0316485722	0.90958870449754
6556.0566905185	0.91340040475834
6556.0817325604	0.91691531157738
6556.1067746981	0.91713727395623
6556.1318169313	0.91615419107212
6556.1568592603	0.91713445824756
6556.1819016848	0.91922455694283
6556.2069442051	0.92333839387567
6556.2319868209	0.92606443539713
6556.2570295325	0.92257356642408
6556.2820723397	0.92054844393943
6556.3071152425	0.921983786743
6556.332158241	0.92395358888198
6556.3572013367	0.92576390235646
6556.3822445265	0.92864977097312
6556.407287812	0.93118970064634
6556.4323311931	0.93320816672374
6556.4573746699	0.93482787841586
6556.4824182424	0.93578599642948
6556.5074619105	0.93364941237744
6556.5325056743	0.92593540719912
6556.5575495337	0.91667470103244
6556.5825934888	0.90692551285733
6556.6076375395	0.8999301813437
6556.6326816859	0.89715270093884
6556.657725928	0.89680755459057
6556.6827702657	0.89915093745079
6556.7078146991	0.90463804563023
6556.7328592281	0.91197208821086
6556.7579038529	0.91682570695745
6556.7829485732	0.92101371203132
6556.8079933893	0.91969271532372
6556.8330383025	0.91831342246206
6556.8580833098	0.92075855296034
6556.8831284129	0.9234157005722
6556.9081736116	0.92362705710978
6556.9332189059	0.92382634727067
6556.9582642959	0.9236581736394
6556.9833097816	0.92430668827865
6557.008355363	0.92494446912829
6557.03340104	0.92355320581247
6557.0584468127	0.9199335490472
6557.083492681	0.91635085913562
6557.1085386451	0.91189086580031
6557.1335847047	0.91820806396429
6557.1586308601	0.92284481554174
6557.1836771111	0.92856743129229
6557.2087234578	0.93154822658667
6557.2337699002	0.93287535857924
6557.2588164382	0.93248785175534
6557.2838630719	0.93044546430967
6557.3089098013	0.9272670950163
6557.3339566278	0.92393959956767
6557.3590035485	0.92569882070045
6557.3840505649	0.93042268626955
6557.409097677	0.93001078740901
6557.4341448847	0.92806218047829
6557.4591921881	0.9260149547425
6557.4842395872	0.9241221541721
6557.5092870819	0.92623649920147
6557.5343346723	0.92656617162761
6557.5593823584	0.92647604414635
6557.5844301402	0.92452023376496
6557.6094780176	0.9214678566039
6557.6345259908	0.92127880966235
6557.6595740596	0.92348988665543
6557.684622224	0.92193771240733
6557.7096704842	0.92051849118969
6557.73471884	0.92149058346708
6557.7597672915	0.92235986365651
6557.7848158386	0.92283461322713
6557.809864483	0.92230942198143
6557.8349132215	0.92019094732752
6557.8599620557	0.92120491193314
6557.8850109856	0.92603743963745
6557.9100600112	0.926614922527
6557.9351091324	0.92372177574576
6557.9601583494	0.92312846375598
6557.985207662	0.92429110051853
6558.0102570702	0.92301586080439
6558.0353065742	0.92199568710886
6558.0603561739	0.91958500684987
6558.0854058692	0.91774446768678
6558.1104556602	0.92058227739673
6558.1355055469	0.92266951466608
6558.1605555293	0.92087957436252
6558.1856056073	0.92081484682766
6558.210655781	0.92274083796001
6558.2357060505	0.92361933948085
6558.2607564156	0.92516246060713
6558.2858068779	0.92056602364267
6558.3108574344	0.91386437217442
6558.3359080865	0.91065265880011
6558.3609588344	0.91006473249045
6558.3860096779	0.90552017987763
6558.4110606171	0.90315644502609
6558.436111652	0.89952576503435
6558.4611627826	0.9002774034633
6558.4862140089	0.90338096875742
6558.5112653309	0.90937811303605
6558.5363167485	0.91494558977835
6558.5613682619	0.92257710447883
6558.5864198709	0.92757981634559
6558.6114715756	0.92823572315058
6558.636523376	0.92812608012221
6558.6615752721	0.92655648191377
6558.6866272639	0.92705552837892
6558.7116793514	0.92429591873414
6558.7367315346	0.92200189311532
6558.7617838134	0.91826051769919
6558.7868361895	0.91945058716287
6558.8118886598	0.92506337529558
6558.8369412257	0.92154527474845
6558.8619938873	0.91262687756667
6558.8870466447	0.90023501484383
6558.9120994977	0.88736638660965
6558.9371524464	0.87897183707392
6558.9622054908	0.87288758526458
6558.9872586309	0.87076576917369
6559.0123118667	0.87104815816257
6559.0373651982	0.87590667404545
6559.0624186254	0.88025486379524
6559.0874721483	0.88228231140162
6559.1125257668	0.88532385192503
6559.1375794811	0.88868879397736
6559.1626332911	0.88886502307868
6559.1876871968	0.88627490837144
6559.2127411981	0.88955622838819
6559.2377952952	0.89178156936326
6559.2628494895	0.89064844989257
6559.2879037779	0.88853847183655
6559.3129581621	0.88762325546576
6559.338012642	0.88614582596703
6559.3630672175	0.88352616737247
6559.3881218888	0.8818807484674
6559.4131766558	0.88005495591855
6559.4382315184	0.87683502024363
6559.4632864768	0.8724215222436
6559.4883415309	0.86686777084017
6559.5133966807	0.85928165879269
6559.5384519261	0.85909500763522
6559.5635072673	0.85625050516702
6559.5885627042	0.86336904501149
6559.6136182368	0.86970462420035
6559.6386738651	0.87753813112085
6559.6637295891	0.88117301171512
6559.6887854088	0.88131213207493
6559.7138413242	0.88259864558623
6559.7388973368	0.88455552084734
6559.7639534436	0.88404998476617
6559.7890096461	0.88415484523625
6559.8140659444	0.88479628943778
6559.8391223383	0.88487040701952
6559.864178828	0.87806129070999
6559.8892354133	0.87454129699924
6559.9142920944	0.87749243669297
6559.9393488711	0.87634018818078
6559.9644057436	0.86924139001322
6559.9894627118	0.86528038622523
6560.0145197757	0.86420247061279
6560.0395769353	0.86383223425994
6560.0646341906	0.86410156481326
6560.0896915417	0.86491798732451
6560.1147489884	0.86597490393821
6560.1398065308	0.86948202768408
6560.164864169	0.87124016990615
6560.1899219029	0.86520890438604
6560.214979734	0.86165408099134
6560.2400376593	0.86153130681488
6560.2650956803	0.8616627808107
6560.290153797	0.86277023171412
6560.3152120095	0.86544125646105
6560.3402703176	0.86910763927582
6560.3653287215	0.86916289056451
6560.3903872211	0.86859925387456
6560.4154458164	0.86677847599367
6560.4405045074	0.86523545469243
6560.4655632941	0.8643463669793
6560.4906221766	0.86300807319118
6560.5156811547	0.86208832624184
6560.5407402286	0.86176052556891
6560.5657993982	0.86192868222215
6560.5908586635	0.85935798774753
6560.6159180246	0.85547227180168
6560.6409774813	0.85117894063081
6560.6660370338	0.84706763669874
6560.691096682	0.8459054563387
6560.7161564274	0.84561798307714
6560.7412162671	0.84319610706018
6560.7662762024	0.84189384255806
6560.7913362335	0.84299925976919
6560.8163963603	0.84129058082692
6560.8414565828	0.83589644636362
6560.8665169011	0.83058876564778
6560.891577315	0.82597903299034
6560.9166378247	0.82291408898421
6560.9416984301	0.82049626760022
6560.9667591313	0.82175062994286
6560.9918199281	0.8237636344052
6561.0168808207	0.82439058622134
6561.041941809	0.82544423265373
6561.067002893	0.82347107760667
6561.0920640728	0.82257812481399
6561.1171253483	0.82223363009965
6561.1421867195	0.82042734254633
6561.1672481864	0.81782420497767
6561.1923097506	0.81582424314379
6561.217371409	0.81354535876918
6561.2424331631	0.81321051444971
6561.2674950129	0.81249977148276
6561.2925569585	0.81014561014528
6561.3176189998	0.80764239999695
6561.3426811368	0.80780817458134
6561.3677433696	0.80622252532661
6561.3928056981	0.80340559479859
6561.4178681223	0.80106756098704
6561.4429306422	0.79818928408704
6561.4679932579	0.79538618161025
6561.4930559693	0.79279070817621
6561.5181187765	0.78758705116164
6561.5431816794	0.78171764932586
6561.568244678	0.7825252750547
6561.5933077723	0.7824154785679
6561.6183709624	0.77726374238264
6561.6434342482	0.77216956739051
6561.6684976312	0.76752253742373
6561.6935611085	0.76277449285591
6561.7186246815	0.75879218526898
6561.7436883503	0.75575254749875
6561.7687521147	0.75349667461349
6561.793815975	0.75074919374798
6561.8188799309	0.74711579286696
6561.8439439826	0.73991915064731
6561.86900813	0.73216663782566
6561.8940723732	0.72581771391082
6561.9191367121	0.7195030184345
6561.9442011467	0.71321721917226
6561.9692656771	0.70717873009018
6561.9943303032	0.70137307633876
6562.019395025	0.69945797990783
6562.0444598426	0.69919451482438
6562.069524756	0.69847727681723
6562.094589765	0.69748234240158
6562.1196548698	0.69631830725347
6562.1447200704	0.69422511884135
6562.1697853682	0.68938965015119
6562.1948507602	0.68379622220789
6562.219916248	0.67730794475286
6562.2449818315	0.6737174119683
6562.2700475108	0.67338286323908
6562.2951132858	0.67217921206021
6562.3201791565	0.67049791884609
6562.345245123	0.66765403417587
6562.3703111852	0.66309356960938
6562.3953773432	0.66319946882537
6562.4204435969	0.66276813907149
6562.4455099464	0.65971548462655
6562.4705763916	0.6556352904871
6562.4956429326	0.65122655083751
6562.5207095693	0.64545393940424
6562.5457763017	0.63833076732376
6562.5708431299	0.62999563131051
6562.5959100539	0.62122421457387
6562.6209770736	0.60915027538719
6562.6460441905	0.59762723826508
6562.6711114017	0.59488369890019
6562.6961787087	0.59484327476606
6562.7212461113	0.60001070345805
6562.7463136098	0.60636654869206
6562.771381204	0.61443177273421
6562.7964488939	0.62135637805408
6562.8215166796	0.62695539800141
6562.846584561	0.6263745056947
6562.8716525382	0.62286337960252
6562.8967206112	0.62213249742893
6562.9217887799	0.62214907904678
6562.9468570443	0.62415460394221
6562.9719254045	0.6254802485724
6562.9969938605	0.62674655737197
6563.0220624122	0.62780124845257
6563.0471310596	0.63068128132133
6563.0721998028	0.63225726756396
6563.0972686418	0.63321049839851
6563.122337578	0.63304754367693
6563.1474066085	0.63317366671091
6563.1724757347	0.63447665437901
6563.1975449567	0.63613772095793
6563.2226142745	0.63738267303169
6563.247683688	0.63926979821474
6563.2727531972	0.64203797075604
6563.2978228023	0.64492749487122
6563.322892503	0.64680452872763
6563.3479622996	0.64954356544091
6563.3730321919	0.65332077971315
6563.3981021799	0.65727001682947
6563.4231722637	0.66090979180227
6563.4482424433	0.66418151798025
6563.4733127186	0.66698541187291
6563.4983830897	0.66889974571079
6563.5234535566	0.67059078248569
6563.5485241192	0.67253167111221
6563.5735947776	0.67572670269148
6563.5986655317	0.68196319475561
6563.6237363831	0.68540484810429
6563.6488073288	0.68594806266422
6563.6738783702	0.68590080732731
6563.6989495074	0.68647447615467
6563.7240207403	0.68842635027522
6563.749092069	0.69055323324892
6563.7741634935	0.69640496055873
6563.7992350138	0.70270685477749
6563.8243066298	0.70689987899123
6563.8493783416	0.71178581795355
6563.8744501491	0.71842456335303
6563.8995220524	0.72286055457008
6563.9245940515	0.72493639809207
6563.9496661463	0.72706548950654
6563.9747383369	0.72959492135232
6563.9998106233	0.73804844735463
6564.0248830054	0.74675661982928
6564.0499554834	0.74967131479683
6564.075028057	0.7514199022718
6564.100100728	0.75046479751979
6564.1251734932	0.75256753123788
6564.1502463542	0.75826085504839
6564.175319311	0.76200439819843
6564.2003923635	0.76439622662464
6564.2254655118	0.76893157522851
6564.2505387559	0.77518640648164
6564.2756120957	0.77728013087467
6564.3006855314	0.78010883949585
6564.3257590627	0.78173420742372
6564.3508326899	0.78419611910698
6564.3759064128	0.78986606402679
6564.4009802316	0.79420191914647
6564.426054146	0.79727187488974
6564.4511281563	0.80409778251916
6564.4762022623	0.81266425068446
6564.5012764641	0.81708819327606
6564.5263507617	0.81756474085523
6564.5514251551	0.82293759330735
6564.5764996457	0.82874826083039
6564.6015742306	0.83549617741271
6564.6266489113	0.83993421980637
6564.6517236878	0.83846041445966
6564.67679856	0.83879062117493
6564.7018735281	0.84151565077893
6564.7269485919	0.84487021171259
6564.7520237515	0.84805464938287
6564.7770990068	0.84888349148359
6564.8021743579	0.84905230001884
6564.8272498049	0.8497127035387
6564.8523253476	0.8505207436489
6564.877400986	0.85631497613999
6564.9024767203	0.85867278834572
6564.9275525503	0.86175914783307
6564.9526284762	0.8641424424611
6564.9777044978	0.86382130031825
6565.0027806152	0.8630187878501
6565.0278568283	0.86123112174774
6565.0529331388	0.86015628918281
6565.0780095435	0.86551113354212
6565.103086044	0.87219451496748
6565.1281626404	0.87449914721158
6565.1532393324	0.87611652366766
6565.1783161203	0.878336406196
6565.203393004	0.88060259046871
6565.2284699834	0.881704103251
6565.2535470587	0.88313838801905
6565.2786242297	0.8844397386503
6565.3037014965	0.88510745355566
6565.3287788591	0.88757437517865
6565.3538563174	0.89042806811052
6565.3789338716	0.88972076505458
6565.4040115216	0.88811616716178
6565.4290892673	0.88880705970351
6565.4541671088	0.89030451160458
6565.4792450462	0.89127235762663
6565.5043230793	0.89225077123953
6565.5294012082	0.89225282898888
6565.5544794344	0.89201919209094
6565.5795577549	0.89354274120523
6565.6046361711	0.8957008505742
6565.6297146832	0.89857041811481
6565.6547932911	0.90254647012699
6565.6798719947	0.90531531425004
6565.7049507942	0.90637768651075
6565.7300296894	0.90730779112045
6565.7551086804	0.9084065253254
6565.7801877672	0.90796460329664
6565.8052669499	0.90584512489029
6565.8303462283	0.90439955668292
6565.8554256025	0.90375610809945
6565.8805050725	0.90364378113804
6565.9055846383	0.90416977040364
6565.9306642999	0.90562184843261
6565.9557440573	0.90970226291159
6565.9808239104	0.91189381669704
6566.0059038594	0.90927542122064
6566.0309839057	0.90781631190134
6566.0560640463	0.9099347009494
6566.0811442827	0.91192177295129
6566.1062246148	0.91284441656218
6566.1313050428	0.91502365312324
6566.1563855666	0.91826685697458
6566.1814661862	0.92009445769973
6566.2065469015	0.91888427664773
6566.2316277127	0.91812219246968
6566.2567086197	0.91927263675064
6566.2817896224	0.92057511225587
6566.306870721	0.92028770612177
6566.3319519154	0.91972384443351
6566.3570332056	0.92020122780068
6566.3821145916	0.92101392477482
6566.4071960733	0.92873010547568
6566.4322776509	0.93530053224346
6566.4573593243	0.93264126774982
6566.4824410935	0.92900472072481
6566.50752296	0.92834839097144
6566.5326049208	0.92817706398543
6566.5576869774	0.92959338381464
6566.5827691299	0.93137565026685
6566.6078513781	0.92692453328225
6566.6329337221	0.92279287605097
6566.658016162	0.92473151399105
6566.6830986976	0.92772918934011
6566.708181329	0.92852664207453
6566.7332640563	0.92954060422798
6566.7583468794	0.93466021221593
6566.7834297982	0.93964996900826
6566.8085128129	0.94098070051538
6566.8335959234	0.94164600143158
6566.8586791297	0.93987569806775
6566.8837624318	0.93741517587003
6566.9088458297	0.93922540254715
6566.9339293235	0.94240634878452
6566.959012913	0.9414978031788
6566.9840965984	0.93943070862233
6567.009180381	0.93672998221112
6567.034264258	0.93463914141082
6567.0593482308	0.93575816315102
6567.0844322994	0.93764313475689
6567.1095164638	0.93757311596808
6567.134600724	0.93660337425585
6567.1596850801	0.93408864412576
6567.1847695319	0.93061326653619
6567.2098540796	0.9228995760915
6567.2349387231	0.91286855141723
6567.2600234624	0.90883908075388
6567.2851082975	0.90851910911687
6567.3101932284	0.91436897027473
6567.3352782552	0.92340351063091
6567.3603633777	0.92874722631894
6567.3854485961	0.93231792220057
6567.4105339103	0.93588056081311
6567.4356193203	0.93836979582798
6567.4607048262	0.93983201336211
6567.4857904294	0.94118585406874
6567.5108761268	0.93950440386561
6567.5359619201	0.93482147482681
6567.5610478092	0.93279715938437
6567.5861337942	0.93325227523514
6567.6112198749	0.93530456448911
6567.6363060515	0.94013659069717
6567.6613923239	0.9440144462523
6567.6864786921	0.94575399386569
6567.7115651561	0.94436540323376
6567.736651716	0.93911628026985
6567.7617383717	0.93491028933066
6567.7868251232	0.93252909622504
6567.8119119705	0.93164376765176
6567.8369989137	0.93237694192176
6567.8620859527	0.93362996836362
6567.8871730875	0.93405401321398
6567.9122603181	0.93520867221046
6567.9373476445	0.93884119563844
6567.9624350683	0.94100964215964
6567.9875225864	0.94067611653345
6568.0126102004	0.94125849938993
6568.0376979101	0.93843744460731
6568.0627857157	0.93863444358519
6568.0878736171	0.93792778081898
6568.1129616144	0.9399583766616
6568.1380497074	0.94573058709178
6568.1631378963	0.94904952131737
6568.188226181	0.96045512569215
6568.2133145616	0.96397161029517
6568.238403038	0.97436895289109
6568.2634916102	0.9778491087356
6568.2885802782	0.9793227199401
6568.3136690421	0.97888892724739
6568.3387579018	0.97028096349694
6568.3638468574	0.96524382611247
6568.3889359087	0.95977764626863
6568.4140250559	0.95756927746659
6568.439114299	0.95208406104682
6568.4642036393	0.95154272867586
6568.489293074	0.96369012458059
6568.5143826046	0.97416289250509
6568.5394722309	0.95845096492178
6568.5645619531	0.94516452358236
6568.5896517712	0.94694409996595
6568.6147416851	0.94893359696776
6568.6398316948	0.94954777884376
6568.6649218003	0.94927050777928
6568.6900120017	0.93672773234096
6568.7151022989	0.92741077813595
6568.740192692	0.92690291008573
6568.7652831808	0.92575590345755
6568.7903737656	0.92712962442703
6568.8154644461	0.92891339670101
6568.8405552225	0.92743936652662
6568.8656460948	0.92574435707076
6568.8907370629	0.93119391591004
6568.9158281268	0.93461774806146
6568.9409192881	0.93425927053775
6568.9660105437	0.93186158148829
6568.9911018951	0.9317297484673
6569.0161933424	0.93178397593278
6569.0412848855	0.92831227114229
6569.0663765245	0.92547070890474
6569.0914682593	0.92145768773018
6569.1165600899	0.91794318365468
6569.1416520164	0.9190159819641
6569.1667440388	0.9205998881795
6569.1918361569	0.92283233206216
6569.216928371	0.92462605683233
6569.2420206808	0.92388695058145
6569.2671130865	0.92289357128392
6569.2922055881	0.92029500325621
6569.3172981855	0.91788780287508
6569.3423908788	0.91597438972797
6569.3674836678	0.91583762283141
6569.3925765528	0.91299007736952
6569.4176695351	0.91034725510287
6569.4427626117	0.91414046833271
6569.4678557842	0.91959204097971
6569.4929490525	0.92256238545039
6569.5180424167	0.92343024047899
6569.5431358767	0.92407132895598
6569.5682294326	0.92410656625244
6569.5933230843	0.92563807134073
6569.6184168319	0.92869211655633
6569.6435106753	0.93027341881107
6569.6686046146	0.93040049195731
6569.6936986497	0.93162586541071
6569.7187927807	0.93295832223512
6569.7438870076	0.93681771654659
6569.7689813302	0.94179533551561
6569.7940757488	0.94551589457968
6569.8191702632	0.94761897655749
6569.8442648734	0.94826032322653
6569.8693595795	0.94925707119694
6569.8944543829	0.94668823806143
6569.9195492808	0.9417209144281
6569.9446442744	0.94018711634458
6569.9697393639	0.94267024377469
6569.9948345493	0.94592760006841
6570.0199298305	0.94905651805933
6570.0450252076	0.95282190454662
6570.0701206805	0.9548587206034
6570.0952162493	0.95508174241293
6570.1203119139	0.9538029751741
6570.1454076745	0.95435444565439
6570.1705035308	0.95813837896968
6570.195599483	0.96060480731701
6570.2206955311	0.96299135459651
6570.245791675	0.96073444304013
6570.2708879148	0.9528054932427
6570.2959842505	0.95368174971772
6570.321080682	0.96634853842037
6570.3461772094	0.97513023731577
6570.3712738326	0.97533169978689
6570.3963705532	0.97344564871138
6570.4214673682	0.96590444929168
6570.446564279	0.95370256878546
6570.4716612857	0.93546934908292
6570.4967583883	0.91546408222053
6570.5218555867	0.8945583833166
6570.5469528809	0.87965237583801
6570.5720502711	0.87753597453885
6570.5971477571	0.88301903981098
6570.6222453389	0.90436952153676
6570.6473430167	0.92217964083069
6570.6724407903	0.93129360528341
6570.6975386597	0.94031526535017
6570.722636625	0.94641079921002
6570.7477346862	0.95113123627481
6570.7728328433	0.95216202744564
6570.7979310962	0.95348273152766
6570.823029445	0.95784327875562
6570.8481278897	0.9612491851714
6570.8732264317	0.96058223691327
6570.8983250681	0.95946298442736
6570.9234238004	0.95445604827151
6570.9485226285	0.95011698290798
6570.9736215525	0.95364530067168
6570.9987205724	0.95696518347271
6571.0238196881	0.95375692927619
6571.0489188998	0.95125731684131
6571.0740182072	0.95445512016914
6571.0991176106	0.95865280544779
6571.1242171098	0.96133997033735
6571.1493167049	0.96363175170973
6571.1744163959	0.96300247949642
6571.1995161828	0.96329852789609
6571.2246160655	0.96931793978037
6571.2497160441	0.97380604430148
6571.2748161185	0.97934876215244
6571.2999162889	0.98321251506451
6571.3250165551	0.98086030687647
6571.3501169187	0.97968848059623
6571.3752173767	0.98049956566294
6571.4003179305	0.98121639479348
6571.4254185802	0.97755605475858
6571.4505193258	0.97410412342523
6571.4756201673	0.97400140086796
6571.5007211046	0.97571057827333
6571.5258221379	0.9701964864713
6571.550923267	0.96667624709835
6571.576024492	0.95458346005908
6571.6011258128	0.94944663645547
6571.6262272296	0.94020499925157
6571.6513287422	0.93546749741653
6571.6764303507	0.94351559039632
6571.7015320551	0.94915314216022
6571.7266338553	0.96586644333592
6571.7517357515	0.97359300665841
6571.7768377435	0.98710706418495
6571.8019398314	0.98954673179593
6571.8270420152	0.99833090293588
6571.8521442964	1.0007660513757
6571.8772466719	1.0005583735101
6571.9023491433	1.0020309762004
6571.9274517107	0.99464958082902
6571.9525543739	0.99053236471539
6571.9776571329	0.98304137170722
6572.0027599879	0.98027096868295
6572.0278629388	0.98237271259393
6572.0529659855	0.98595819699613
6572.0780691281	0.98507022088461
6572.1031723666	0.98645241291567
6572.128275701	0.98032009039367
6572.1533791313	0.97329539380681
6572.1784826575	0.97148469580409
6572.2035862795	0.97216282087835
6572.2286899975	0.97260967625727
6572.2537938113	0.97031655818282
6572.2788977211	0.97023715797167
6572.3040017267	0.96869156656679
6572.3291058297	0.96966388725363
6572.3542100271	0.97068869548419
6572.3793143204	0.96969514460334
6572.4044187095	0.97042134396273
6572.4295231946	0.96616202362897
6572.4546277755	0.96153366641077
6572.4797324524	0.96348925641812
6572.5048372251	0.96700079144088
6572.5299420938	0.96514323791695
6572.5550470583	0.96204526433252
6572.5801521187	0.96106885560571
6572.605257275	0.96051295534088
6572.6303625272	0.95802928252845
6572.6554678753	0.95561821785005
6572.6805733193	0.95541210079558
6572.7056788592	0.95559997303575
6572.7307844949	0.96191939577038
6572.7558902266	0.97007646177869
6572.7809960542	0.96742432052291
6572.8061019792	0.95982084064589
6572.8312079985	0.95977058618153
6572.8563141138	0.96433581757703
6572.881420325	0.96576460102808
6572.906526632	0.96531613853234
6572.931633035	0.96500546379456
6572.9567395338	0.96591363387361
6572.9818461286	0.95735651458568
6573.0069528192	0.94689150686641
6573.0320596058	0.94411933009797
6573.0571664882	0.95073602037854
6573.0822734666	0.95378996388765
6573.1073805408	0.954487110629
6573.132487711	0.9650567308882
6573.157594977	0.97523340441289
6573.182702339	0.98306477570218
6573.2078097969	0.98112229854194
6573.2329173506	0.9660843599597
6573.2580250003	0.9403678963858
6573.2831327474	0.91742083897923
6573.3082405888	0.89949773499668
6573.3333485262	0.89232041890899
6573.3584565595	0.89679043895288
6573.3835646887	0.90676261030471
6573.4086729137	0.92211226919689
6573.4337812347	0.93977433186035
6573.4588896516	0.95839244940354
6573.4839981644	0.97138827105503
6573.5091067731	0.97997545028633
6573.5342154778	0.98442699390532
6573.5593242783	0.98526902107785
6573.5844331747	0.98547968541149
6573.6095421671	0.98510666153016
6573.6346512553	0.97949533378237
6573.6597604395	0.96943773003615
6573.6848697195	0.96448497249094
6573.7099790955	0.96416169587201
6573.7350885674	0.96382913269998
6573.7601981352	0.96472329243533
6573.7853078004	0.9631436505349
6573.81041756	0.96024584956919
6573.8355274156	0.95533324787614
6573.860637367	0.94889606125945
6573.8857474144	0.95033670318164
6573.9108575576	0.9563649236013
6573.9359677968	0.96781061026321
6573.9610781319	0.980982817111
6573.9861885629	0.99299857568247
6574.0112990898	1.0032047950445
6574.0364097126	1.0109818796799
6574.0615204314	1.0201608973302
6574.0866312461	1.0226127611738
6574.1117421566	1.0226592548198
6574.1368531631	1.0181450681938
6574.1619642655	1.0099703853459
6574.1870754639	1.0040891128924
6574.2121867581	0.99976241919851
6574.2372981483	0.9962162949332
6574.2624096358	0.99040478414472
6574.2875212178	0.98446677221147
6574.3126328958	0.97875931258651
6574.3377446696	0.97452088902232
6574.3628565393	0.97193042778047
6574.387968505	0.9667357887418
6574.4130805666	0.95702113960494
6574.4381927241	0.94980627033121
6574.4633049775	0.94703338155115
6574.4884173269	0.94835424110655
6574.5135297722	0.95359686889556
6574.5386423133	0.95713464038892
6574.5637549505	0.95771481409075
6574.5888676835	0.95588298517358
6574.6139805125	0.94971619215301
6574.6390934373	0.94764142696626
6574.6642064581	0.95266921310059
6574.6893195749	0.95702647272732
6574.7144327875	0.96001388190954
6574.7395460976	0.96244838962895
6574.7646595021	0.96264028819341
6574.7897730026	0.96443610970986
6574.8148865989	0.96893522504314
6574.8400002912	0.9705935283956
6574.8651140794	0.96816835062591
6574.8902279635	0.96682110490186
6574.9153419436	0.96832294879744
6574.9404560196	0.96702577579595
6574.9655701915	0.9622763330773
6574.9906844593	0.96113626169952
6575.0157988231	0.96723624055047
6575.0409132828	0.96919489624677
6575.0660278384	0.95937193346878
6575.09114249	0.95444493484333
6575.1162572375	0.95853560443188
6575.1413720809	0.96531187370395
6575.1664870202	0.97740949562862
6575.1916020555	0.98426590259574
6575.2167171867	0.98172361775413
6575.2418324154	0.98017523342938
6575.2669477385	0.98317660523212
6575.2920631575	0.98554591147748
6575.3171786724	0.98557200621567
6575.3422942833	0.9841294334501
6575.3674099901	0.98156942934642
6575.3925257929	0.98011747649638
6575.4176416915	0.97991285793359
6575.4427576861	0.9822237455638
6575.4678737767	0.99123903867803
6575.4929899632	0.99949530336421
6575.5181062456	1.0026602876274
6575.5432226239	1.0056086560667
6575.5683390982	1.0103199230445
6575.5934556685	1.0148462058207
6575.6185723346	1.0201107207962
6575.6436890967	1.024126966988
6575.6688059548	1.023494050707
6575.6939229087	1.0217266436475
6575.7190399602	1.0184171514032
6575.744157106	1.0187801520272
6575.7692743478	1.0232110737913
6575.7943916856	1.027337227881
6575.8195091192	1.0295602464825
6575.8446266489	1.0289990427855
6575.8697442744	1.0233529353532
6575.8948619959	1.0182191318739
6575.9199798134	1.0193276276155
6575.9450977267	1.0187075152133
6575.9702157361	1.0171498619045
6575.9953338413	1.0167679392026
6576.0204520425	1.0173703133331
6576.0455703397	1.0169255164144
6576.0706887328	1.0114289367556
6576.0958072218	1.0091104529747
6576.1209258068	1.0144034028899
6576.1460444878	1.020458679076
6576.1711632646	1.0278628154951
6576.196282139	1.0293707733336
6576.2214011077	1.0154122632834
6576.2465201725	1.0081381494419
6576.2716393331	1.0172321860022
6576.2967585897	1.0239349629291
6576.3218779423	1.0279606000251
6576.3469973908	1.029142617587
6576.3721169353	1.0161681099045
6576.3972365757	1.0069437521898
6576.422356312	1.0103734517271
6576.4474761443	1.0131241201317
6576.4725960726	1.0123175894609
6576.4977160968	1.0126788738439
6576.5228362169	1.0163865217028
6576.547956433	1.0177776092034
6576.5730767451	1.0150421551878
6576.5981971531	1.0136078504241
6576.623317657	1.0184342241704
6576.6484382569	1.0214038929146
6576.6735589528	1.0194390864802
6576.6986797461	1.0177306726394
6576.7238006339	1.018338653015
6576.7489216176	1.0190975042185
6576.7740426973	1.0160290505141
6576.7991638729	1.0145847323701
6576.8242851445	1.0179381579786
6576.849406512	1.0197031594007
6576.8745279755	1.0163090589829
6576.899649535	1.0139102887202
6576.9247711904	1.0150442983345
6576.9498929418	1.0158190473888
6576.9750147891	1.0155289833737
6577.0001367324	1.0159123976937
6577.0252587716	1.0182350766706
6577.0503809068	1.0196405747365
6577.0755031379	1.0196955660424
6577.1006254651	1.0210365317125
6577.1257478881	1.0236587405402
6577.1508704072	1.0246552261592
6577.1759930237	1.0244294559757
6577.2011157346	1.0252218480688
6577.2262385415	1.0254216196969
6577.2513614444	1.0268954391375
6577.2764844432	1.0336209113767
6577.301607538	1.0374954605459
6577.3267307288	1.0322263668632
6577.3518540155	1.0277879088059
6577.3769773982	1.0238889684436
6577.4021008768	1.0212504838187
6577.4272244515	1.0243927123236
6577.452348122	1.0278150386547
6577.4774718886	1.0306437049053
6577.5025957511	1.0318096374835
6577.5277197096	1.0293790732191
6577.552843764	1.0276098558012
6577.5779679144	1.0274626932331
6577.6030921608	1.0273576473596
6577.6282165031	1.0273750949844
6577.6533409429	1.0273735575368
6577.6784654772	1.0261874369848
6577.7035901074	1.026966669922
6577.7287148336	1.0318813426806
6577.7538396558	1.0355280486872
6577.7789645739	1.0355949736339
6577.804089588	1.0334136979378
6577.8292146981	1.0249796479279
6577.8543399042	1.0187581175008
6577.8794652062	1.023083769892
6577.9045906042	1.0276959948816
6577.9297160981	1.0338173424009
6577.9548416881	1.037657093135
6577.979967374	1.0355664884895
6578.0050931559	1.0340372265329
6578.0302190337	1.0341419257588
6578.0553450075	1.034482117556
6578.0804710773	1.034563815659
6578.1055972431	1.0351763839713
6578.1307235064	1.0369903414965
6578.1558498641	1.0404164190971
6578.1809763178	1.0435012515262
6578.2061028674	1.0452108152148
6578.2312295131	1.044781555413
6578.2563562547	1.0443399262375
6578.2814830923	1.0428650195729
6578.3066100259	1.0427822276437
6578.3317370554	1.050691648703
6578.3568641809	1.0568766969665
6578.3819914024	1.0581584012788
6578.4071187199	1.0556730434708
6578.4322461334	1.0429121842602
6578.4573736428	1.0326895775484
6578.4825012482	1.0312958617255
6578.5076289496	1.0308916129969
6578.532756747	1.0318733902035
6578.5578846404	1.0321996931084
6578.5830126297	1.0286049158213
6578.608140715	1.0259938700583
6578.6332688978	1.0281642476041
6578.6583971751	1.0302794775968
6578.6835255484	1.029393744524
6578.7086540176	1.0285687371618
6578.7337825828	1.0299932499929
6578.758911244	1.0327386104443
6578.7840400012	1.0350370131068
6578.8091688544	1.0366027163889
6578.8342978036	1.0362270120075
6578.8594268487	1.036061682745
6578.8845559899	1.0379831275473
6578.909685227	1.0392929672746
6578.9348145601	1.0396944978329
6578.9599439892	1.0393675326267
6578.9850735142	1.0363566874499
6579.0102031353	1.0368186241187
6579.0353328523	1.04303351192
6579.0604626654	1.0460677889191
6579.0855925744	1.0374670262187
6579.1107225809	1.0333710420565
6579.1358526819	1.0428704239107
6579.1609828789	1.0445473887754
6579.1861131719	1.0262103555817
6579.2112435609	1.0118586003229
6579.2363740458	1.0146945489483
6579.2615046268	1.0173361402261
6579.2866353037	1.0248064255738
6579.3117660766	1.0322060566292
6579.3368969456	1.0369915285681
6579.3620279105	1.0393776432291
6579.3871589714	1.0356854913342
6579.4122901283	1.0336717635007
6579.4374213812	1.0347817850361
6579.4625527301	1.0375033002757
6579.4876841749	1.0407385477456
6579.5128157158	1.0439900579177
6579.5379473527	1.0445728845309
6579.5630790856	1.0455146139116
6579.5882109159	1.0468475530936
6579.6133428408	1.0474057539637
6579.6384748616	1.0445802468392
6579.6636069785	1.0393219989806
6579.6887391913	1.0306894508914
6579.7138715002	1.0247278820866
6579.739003905	1.0224479015911
6579.7641364058	1.020976008747
6579.7892690027	1.0215004227235
6579.8144016955	1.0281975970666
6579.8395344843	1.0449667872191
6579.8646673692	1.0509877792413
6579.88980035	1.0384617618002
6579.9149334268	1.0310507699174
6579.9400665996	1.0330302764458
6579.9651998685	1.0338908453867
6579.9903332333	1.0330545591661
6580.0154666941	1.0344286824524
6580.040600251	1.0370576559045
6580.0657339038	1.0404711826507
6580.0908676542	1.0429850831912
6580.116001499	1.047512746486
6580.1411354398	1.0524905309833
6580.1662694767	1.0582037344163
6580.1914036095	1.0685539599475
6580.2165378384	1.0736742188197
6580.2416721633	1.07693764775
6580.2668065841	1.075685203854
6580.291941101	1.0728327323064
6580.3170757139	1.0701643789037
6580.3422104228	1.067897177152
6580.3673452277	1.0675569229002
6580.3924801286	1.0671673367023
6580.4176151255	1.0613670043989
6580.4427502184	1.0472152339926
6580.4678854073	1.0417312045354
6580.4930206922	1.0470560350381
6580.5181560732	1.0513388242761
6580.5432915501	1.0518446838718
6580.5684271246	1.0504839123138
6580.5935627935	1.0486217791811
6580.6186985585	1.0504105965595
6580.6438344195	1.050496977938
6580.6689703765	1.0482264209725
6580.6941064295	1.0436926942097
6580.7192425785	1.0410390790424
6580.7443788236	1.0402841876173
6580.7695151646	1.0389426499759
6580.7946516017	1.0368615519158
6580.8197881347	1.0342360977523
6580.8449247638	1.031259338492
6580.8700614889	1.0306988217139
6580.89519831	1.0330691764328
6580.9203352272	1.0350534922295
6580.9454722403	1.0356820607689
6580.9706093495	1.0352173921481
6580.9957465546	1.032990333872
6581.0208838558	1.0267522699888
6581.0460212546	1.0160460588948
6581.0711587478	1.0115562820635
6581.096296337	1.0104605608995
6581.1214340223	1.0123498135711
6581.1465718036	1.0159225156984
6581.1717096808	1.0157645335456
6581.1968476542	1.0146549638031
6581.2219857235	1.0133491405667
6581.2471238888	1.0123124461005
6581.2722621502	1.0142417125736
6581.2974005076	1.0132737503452
6581.322538961	1.0454332155165
6581.3476775105	1.034843742842
6581.3728161559	1.0528291554295
6581.3979548974	1.0645903429787
6581.4230937349	1.0612002264254
6581.4482326684	1.0638090537411
6581.4733716979	1.061785552006
6581.4985108235	1.0548927657457
6581.5236500466	1.0202463726872
6581.5487893642	0.9996553589026
6581.5739287779	0.99888526702409
6581.5990682875	1.0069890654603
6581.6242078932	1.0214239037519
6581.6493475949	1.0448604740517
6581.6744873927	1.0495437476804
6581.6996272864	1.0413075281493
6581.7247672762	1.0394462704556
6581.749907362	1.0405716721368
6581.7750475439	1.0455158030593
6581.8001878217	1.0579030550402
6581.8253281956	1.0545955511018
6581.8504686656	1.0373168885656
6581.8756092315	1.0292287196144
6581.9007498935	1.0278657159775
6581.9258906515	1.0270508877602
6581.9510315056	1.0257531432836
6581.9761724556	1.0200233616606
6582.0013135017	1.0238388504494
6582.0264546454	1.0312690633286
6582.0515958836	1.0370310510287
6582.0767372178	1.0404648259132
6582.101878648	1.0436449166114
6582.1270201742	1.0466984789741
6582.1521617965	1.0539708033605
6582.1773035149	1.0611822220814
6582.2024453292	1.0634919238284
6582.2275872396	1.0448664037531
6582.252729246	1.0584355588519
6582.2778713485	1.0967928195139
6582.303013547	1.1092483666293
6582.3281558415	1.1124692000127
