6543.7898767459	0.99483132359545
6543.8148719325	0.99376385637907
6543.8398672147	0.98976582965118
6543.8648625923	0.98816062713811
6543.8898580653	0.98861643822208
6543.9148536339	0.98764992383708
6543.9398492994	0.98651932913813
6543.9648450589	0.98763396837501
6543.9898409139	0.98990873025291
6544.0148368644	0.9888318030859
6544.0398329103	0.98546593001734
6544.0648290517	0.98731100851149
6544.0898252886	0.99004537668363
6544.1148216209	0.98656979353929
6544.1398180488	0.98207348674868
6544.1648145721	0.97851014528937
6544.1898111909	0.97654188832266
6544.2148079052	0.97611628031452
6544.2398047149	0.97607015883772
6544.2648016202	0.97556136767944
6544.2897986209	0.97686975064651
6544.3147957171	0.97971594150038
6544.3397929088	0.98371852865061
6544.3647901959	0.98671753589797
6544.3897875786	0.99045777144328
6544.4147850582	0.99230789346931
6544.4397826318	0.99115184582867
6544.4647803009	0.98942097787106
6544.4897780654	0.98794963084688
6544.5147759255	0.98594545270624
6544.539773881	0.98404634426649
6544.5647719321	0.98426480578861
6544.5897700786	0.98151742857408
6544.6147683206	0.97728669104199
6544.639766658	0.9718110341299
6544.664765091	0.9672694640872
6544.6897636194	0.96528379715949
6544.7147622434	0.95878491815742
6544.7397609628	0.95264277386149
6544.7647597777	0.94075146034259
6544.7897586881	0.93196138636352
6544.814757694	0.9207881650371
6544.8397567954	0.91373178965532
6544.8647559922	0.92353634964258
6544.8897552846	0.93509623442604
6544.9147546739	0.95836339219149
6544.9397541572	0.97715232116384
6544.9647537361	1.0051910160325
6544.9897534104	1.0244464805501
6545.0147531802	1.0404065057495
6545.0397530455	1.0465502583826
6545.0647530062	1.0505528056757
6545.0897530625	1.044365335645
6545.1147532143	1.0321760130314
6545.1397534615	1.0149175826948
6545.1647538043	1.0007495472695
6545.1897542425	0.99072981230614
6545.2147547763	0.98666186100096
6545.2397554055	0.98308889668002
6545.2647561302	0.98183593358482
6545.2897569505	0.97766371873093
6545.3147578662	0.97506819228449
6545.3397588774	0.97266813377433
6545.3647599841	0.97078231649733
6545.3897611878	0.96840074586125
6545.4147624855	0.9657718654288
6545.4397638787	0.9630117986142
6545.4647653674	0.95991843650048
6545.4897669516	0.95532159788879
6545.5147686313	0.94832020174661
6545.5397704065	0.94129614082378
6545.5647722772	0.93903881266958
6545.5897742434	0.93821895307869
6545.614776305	0.93649022545693
6545.6397784622	0.93682150970023
6545.6647807149	0.93823499655432
6545.6897830631	0.94062066466898
6545.7147855068	0.95129663734643
6545.739788046	0.95960760324645
6545.7647906807	0.96018493555102
6545.7897934109	0.95742723976316
6545.8147962366	0.94911489861731
6545.8397991578	0.93742274706829
6545.864802176	0.92532177576038
6545.8898052882	0.91698471990039
6545.9148084959	0.91468671863263
6545.9398117991	0.91665134430613
6545.9648151978	0.91919944847366
6545.9898186921	0.92204468577902
6546.0148222818	0.92504752099775
6546.039825967	0.92890491972224
6546.0648297478	0.92912048511913
6546.089833624	0.92797338290146
6546.1148375958	0.92658238385075
6546.139841663	0.92235209170121
6546.1648458258	0.92005966553656
6546.1898500841	0.92009871876899
6546.2148544379	0.92058848930282
6546.2398588872	0.91995866405228
6546.264863432	0.92239288788611
6546.2898680723	0.92683650526928
6546.3148728081	0.93022915518548
6546.3398776409	0.93227636194704
6546.3648825678	0.93225044552711
6546.3898875901	0.92978988240683
6546.414892708	0.92924062951877
6546.4398979214	0.93209956976473
6546.4649032303	0.93830367411222
6546.4899086347	0.94211267641929
6546.5149141346	0.94110144465247
6546.53991973	0.94059825114468
6546.5649254209	0.94576656241127
6546.5899312074	0.95308307779825
6546.6149370894	0.96140888028401
6546.6399430668	0.97098237575288
6546.6649491398	0.97926548776942
6546.6899553084	0.98372514884236
6546.7149615724	0.98374259152804
6546.7399679319	0.98119798889316
6546.764974387	0.97737791158796
6546.7899809376	0.97453793041444
6546.8149875837	0.97074673408517
6546.8399943268	0.97574679796272
6546.8650011639	0.98013935614741
6546.8900080966	0.98431245186036
6546.9150151247	0.98658221912003
6546.9400222484	0.98647175938575
6546.9650294676	0.98541605921702
6546.9900367823	0.98097383320684
6547.0150441926	0.97831692289405
6547.0400516983	0.97977832772339
6547.0650592996	0.98073607279129
6547.0900669964	0.98016435693858
6547.1150747888	0.97977207170216
6547.1400826766	0.97945744673113
6547.16509066	0.97836867438572
6547.1900987389	0.97771512588115
6547.2151069133	0.97544086540336
6547.2401151832	0.97328115379698
6547.2651235487	0.97231414825357
6547.2901320097	0.97094188529219
6547.3151405677	0.96918501953278
6547.3401492197	0.96965767408298
6547.3651579673	0.97199258007838
6547.3901668104	0.97264633552784
6547.415175749	0.97203248077486
6547.4401847831	0.97204576171497
6547.4651939128	0.97257289005442
6547.490203138	0.97245455369718
6547.5152124587	0.97213708360115
6547.5402218749	0.97143853028483
6547.5652313867	0.97280618275184
6547.590240994	0.97343924680554
6547.6152506969	0.97354019275314
6547.6402604952	0.98140992739057
6547.6652703891	0.98812452982114
6547.6902803785	0.98984852675909
6547.7152904635	0.98980286637416
6547.740300644	0.98994402280143
6547.76531092	0.98763803639384
6547.790321293	0.98407536825974
6547.8153317601	0.97942107871612
6547.8403423227	0.97483076017022
6547.8653529808	0.97089107712695
6547.8903637345	0.96768550963616
6547.9153745837	0.96275816652822
6547.9403855284	0.95986327706275
6547.9653965687	0.95809229345935
6547.9904077045	0.95580941062177
6548.0154189359	0.95699535397005
6548.0404302627	0.95920201904275
6548.0654416852	0.96427875394829
6548.0904532031	0.96875928844044
6548.1154648166	0.96982601113523
6548.1404765256	0.97062763622441
6548.1654883302	0.97216384191401
6548.1905002302	0.9730119879137
6548.2155122259	0.97358736250934
6548.240524317	0.97307295175986
6548.2655365038	0.97165770345661
6548.2905487875	0.97437326797417
6548.3155611653	0.97792375131608
6548.3405736386	0.97813353772767
6548.3655862075	0.9780259145214
6548.3905988719	0.97683008976709
6548.4156116318	0.97464937742081
6548.4406244873	0.97088120229982
6548.4656374383	0.96844833857525
6548.4906504849	0.96727860128398
6548.515663627	0.96855280419671
6548.5406768647	0.97219752261638
6548.5656901978	0.97315092577832
6548.5907036266	0.97113505056336
6548.6157171509	0.9714658179482
6548.6407307707	0.97316567878839
6548.6657444861	0.97231578235554
6548.690758297	0.97079285611622
6548.7157722034	0.97045624238126
6548.7407862054	0.96942405219201
6548.7658003045	0.96722526646426
6548.7908144976	0.96713291293511
6548.8158287862	0.96313272482799
6548.8408431704	0.96200996306412
6548.8658576501	0.96467392775851
6548.8908722254	0.96536138908147
6548.9158868962	0.96345112915842
6548.9409016626	0.96668192031661
6548.9659165245	0.97288806637426
6548.990931482	0.98008193416056
6549.015946535	0.98494045927012
6549.0409616836	0.98507048705822
6549.0659769277	0.98322542246621
6549.0909922674	0.98099559392266
6549.1160077026	0.97970375076257
6549.1410232334	0.97726743314551
6549.1660388597	0.97550920489248
6549.1910545816	0.97364432917688
6549.216070399	0.97413051346684
6549.2410863135	0.97503167969391
6549.266102322	0.97398733267227
6549.2911184261	0.97256588268559
6549.3161346258	0.97453972285588
6549.3411509209	0.97657775667176
6549.3661673117	0.97266264885184
6549.391183798	0.96798637822892
6549.4162003799	0.96626873342387
6549.4412170573	0.9653135533557
6549.4662338302	0.96488955282954
6549.4912506988	0.96596471152694
6549.5162676628	0.96574599632357
6549.5412847225	0.96588268038587
6549.5663018777	0.96965431077944
6549.5913191284	0.97415721627234
6549.6163364747	0.97958093759674
6549.6413539166	0.98316219377985
6549.666371454	0.98572494829095
6549.691389087	0.98766793053256
6549.7164068156	0.99342840895985
6549.7414246412	0.99822276525404
6549.7664425609	0.99884975023142
6549.7914605761	0.99611065947272
6549.8164786869	0.99100070319099
6549.8414968932	0.98329279759785
6549.8665151951	0.97506165185397
6549.8915335926	0.96819959484993
6549.9165520856	0.96455641880198
6549.9415706742	0.96269742132648
6549.9665893584	0.96016091517446
6549.9916081381	0.95726385779379
6550.0166270134	0.95630404431725
6550.0416459842	0.95707277404124
6550.0666650507	0.96033190928788
6550.0916842126	0.96498450180188
6550.1167034702	0.96772294160566
6550.1417228233	0.96840905282321
6550.166742272	0.96389925575399
6550.1917618162	0.95862109200746
6550.2167814575	0.95136697016571
6550.2418011929	0.9447470914998
6550.2668210239	0.94106394675122
6550.2918409504	0.94167103741085
6550.3168609724	0.94401170423308
6550.3418810901	0.95149917981507
6550.3669013033	0.96228091328077
6550.3919216121	0.97487655332681
6550.4169420165	0.98381725651686
6550.4419625164	0.98799106710439
6550.4669831119	0.98945494201121
6550.492003803	0.98520986649247
6550.5170245896	0.97965996649617
6550.5420454718	0.97541401941284
6550.5670664496	0.97583381409436
6550.5920875229	0.9786774897523
6550.6171086919	0.98670259726502
6550.6421299564	0.99138950658374
6550.6671513164	0.99676605145376
6550.6921727736	0.99933246897714
6550.7171943248	0.99698275765183
6550.7422159716	0.99010792270382
6550.767237714	0.98271954018194
6550.7922595519	0.97519340729946
6550.8172814854	0.96972145169686
6550.8423035145	0.96769106655971
6550.8673256392	0.96831202422803
6550.8923478594	0.96935931410712
6550.9173701753	0.97273370132069
6550.9423925867	0.97650922544709
6550.9674150937	0.97681652723884
6550.9924376962	0.97570895112153
6551.0174603943	0.97274003129282
6551.0424831881	0.96958044972626
6551.0675060774	0.96571974474644
6551.0925290622	0.96595566071786
6551.1175521427	0.96856846814013
6551.1425753187	0.97057423931105
6551.1675985918	0.97151573420837
6551.192621959	0.96852341192903
6551.2176454218	0.9647588379516
6551.2426689802	0.95524300929432
6551.2676926341	0.94746313382253
6551.2927163836	0.9477370942028
6551.3177402287	0.94939527175366
6551.3427641694	0.95501546996518
6551.3677882057	0.9594482863189
6551.3928123375	0.9608527953702
6551.417836565	0.96058267543242
6551.442860888	0.96196627871126
6551.4678853066	0.96050551864556
6551.4929098208	0.9587270578343
6551.5179344306	0.96223939395892
6551.542959136	0.96695732109269
6551.5679839369	0.96820926821701
6551.5930088334	0.97153661972569
6551.6180338256	0.97456874253879
6551.6430589133	0.97613106081398
6551.6680840981	0.97499135009526
6551.693109377	0.97414767274324
6551.7181347515	0.97765207153728
6551.7431602215	0.98005725754772
6551.7681857872	0.9796122947477
6551.7932114484	0.97584504293979
6551.8182372053	0.97090934688678
6551.8432630577	0.96729762257952
6551.8682890057	0.96450910275639
6551.8933150493	0.96539387289048
6551.9183411885	0.96554825135381
6551.9433674233	0.96181748310245
6551.9683937537	0.9584504072975
6551.9934201797	0.95731869842443
6552.0184467012	0.95660577677982
6552.0434733184	0.9583297415155
6552.0685000312	0.95926559033574
6552.0935268395	0.95692076779649
6552.1185537434	0.95580094849514
6552.1435807445	0.95705860576558
6552.1686078396	0.95924840709229
6552.1936350304	0.96129455597813
6552.2186623167	0.96141309193666
6552.2436896986	0.96057057312618
6552.2687171761	0.96458995980301
6552.2937447492	0.96864825838576
6552.318772418	0.96541583113797
6552.3438001823	0.96291323406349
6552.3688280422	0.96287140287366
6552.3938559977	0.95988439942996
6552.4188840488	0.95281413634935
6552.4439121955	0.94990107442167
6552.4689404378	0.9508801819006
6552.4939687757	0.95257876521844
6552.5189972092	0.95458243292849
6552.5440257383	0.95858942614877
6552.569054363	0.96298628753337
6552.5940830833	0.96689753589404
6552.6191119007	0.96785414777718
6552.6441408123	0.96631461537079
6552.6691698194	0.96356679607546
6552.6941989221	0.95586338869313
6552.7192281204	0.9485576904394
6552.7442574143	0.94054884107377
6552.7692868039	0.93112751036971
6552.794316289	0.91933248142481
6552.8193458697	0.91360533149133
6552.8443755461	0.91348337720735
6552.869405318	0.92423307673524
6552.8944351856	0.93613649777234
6552.9194651487	0.9587194659617
6552.9444952075	0.9747529381892
6552.9695253619	0.99166732096075
6552.9945556118	0.99890595983626
6553.0195859574	0.99912117050396
6553.0446163986	0.99465415883377
6553.0696469354	0.98536314593624
6553.0946775678	0.97929915834794
6553.1197082974	0.97723523735191
6553.144739121	0.97528854597328
6553.1697700402	0.97310075750233
6553.1948010551	0.96902541754289
6553.2198321656	0.96474689930811
6553.2448633716	0.9597450485706
6553.2698946733	0.95534588679704
6553.2949260706	0.95479208709513
6553.3199575635	0.95520636688771
6553.344989152	0.95314469900916
6553.3700208362	0.95096523998454
6553.3950526159	0.9487478665358
6553.4200844913	0.94819442103069
6553.4451164622	0.94759132753871
6553.4701485288	0.94735164477325
6553.495180691	0.94854087645887
6553.5202129488	0.95226560968226
6553.5452453023	0.95590244971817
6553.5702777513	0.9567023575523
6553.5953102975	0.95463570528829
6553.6203429378	0.95328006449976
6553.6453756736	0.95284493470704
6553.6704085052	0.9520608455288
6553.6954414323	0.95014298134212
6553.720474455	0.94297973392869
6553.7455075734	0.93933944419796
6553.7705407874	0.9401000856059
6553.795574097	0.94173004725603
6553.8206075022	0.94319247240375
6553.845641003	0.9473760960309
6553.8706745995	0.95156828073281
6553.8957082916	0.95295300361268
6553.9207420793	0.95156926433788
6553.9457759626	0.94393120306478
6553.9708099416	0.93826969757338
6553.9958440161	0.93168708362241
6554.0208781863	0.92594789694903
6554.0459124521	0.9160470184736
6554.0709468151	0.91152966232828
6554.0959812721	0.91089015344613
6554.1210158248	0.91754869891291
6554.1460504731	0.92988113765472
6554.171085217	0.94506233539108
6554.1961200566	0.95561036913612
6554.2211549918	0.966483856829
6554.2461900226	0.97193202090501
6554.271225149	0.97349123920176
6554.2962603711	0.97492631998291
6554.3212956887	0.97172883594602
6554.3463311021	0.96719949427343
6554.371366611	0.95659439119673
6554.3964022156	0.94842564178969
6554.4214379158	0.94200668343894
6554.4464737116	0.93755534529871
6554.471509603	0.93413137662862
6554.4965455901	0.93428143875187
6554.5215816728	0.93635573258967
6554.5466178527	0.93578059751043
6554.5716541266	0.93394254101135
6554.5966904962	0.92348991902888
6554.6217269615	0.91439588827525
6554.6467635223	0.90055645857764
6554.6718001788	0.89331608127588
6554.6968369309	0.89530752299129
6554.7218737787	0.90381186055004
6554.7469107221	0.91751692719826
6554.7719477611	0.9366847031547
6554.7969848958	0.95519088142607
6554.8220221261	0.9682192137
6554.847059452	0.97461183227968
6554.8720968735	0.97344683170814
6554.8971343907	0.97074452450059
6554.9221720036	0.96065743400764
6554.947209712	0.95445484428142
6554.9722475161	0.9433724426097
6554.9972854159	0.93674588629492
6555.0223234112	0.93267942331566
6555.0473615038	0.92963334867825
6555.0723996904	0.92700153617102
6555.0974379727	0.92607197056366
6555.1224763506	0.92567893892273
6555.1475148242	0.92620563196335
6555.1725533934	0.92912242189744
6555.1975920582	0.93216361430986
6555.2226308187	0.93468844878998
6555.2476696748	0.93609069523147
6555.2727086266	0.93598746270205
6555.297747674	0.92667943247091
6555.3227868171	0.91568197441542
6555.3478260557	0.90710036671594
6555.3728653901	0.90025930388158
6555.39790482	0.89555624313832
6555.4229443456	0.89726630524059
6555.4479839669	0.90250924144412
6555.4730236838	0.91352569404699
6555.4980634963	0.92474094559628
6555.523103406	0.9358148017982
6555.5481434099	0.93891436536941
6555.5731835093	0.94131656651389
6555.5982237045	0.9415455401627
6555.6232639952	0.93893795026385
6555.6483043816	0.93566452244515
6555.6733448637	0.92826547332912
6555.6983854414	0.92464392834224
6555.7234261148	0.92349432228294
6555.7484668838	0.9195665730877
6555.7735077484	0.91596492455449
6555.7985487087	0.91711218940901
6555.8235897647	0.91789984711936
6555.8486309163	0.92157597886575
6555.8736721635	0.92564847560717
6555.8987135064	0.92889677167088
6555.9237549449	0.9328749633084
6555.9487964791	0.93008034436642
6555.973838109	0.92800759023094
6555.998879836	0.9287581010284
6556.0239216571	0.9292168008199
6556.0489635739	0.93196884020119
6556.0740055864	0.93479322248072
6556.0990476945	0.93805117469992
6556.1240898982	0.93857191685896
6556.1491321976	0.93504567511384
6556.1741745927	0.93969767684764
6556.1992170834	0.94740919377596
6556.2242596698	0.95465246358966
6556.2493023518	0.95720709321556
6556.2743451295	0.95185053949653
6556.2993880028	0.94561006423745
6556.3244309718	0.94277084263749
6556.3494740364	0.9391816633885
6556.3745171967	0.93427912540507
6556.3995604527	0.92955556770426
6556.4246038043	0.92594709144244
6556.4496472516	0.92442143523224
6556.4746907945	0.92417034585051
6556.4997344346	0.92277926438982
6556.5247781689	0.92130082487064
6556.5498219988	0.92431242266133
6556.5748659244	0.92630428110148
6556.5999099456	0.92730799268065
6556.6249540625	0.92683629228702
6556.649998275	0.92100136625831
6556.6750425832	0.91834912842016
6556.7000869871	0.92075924046933
6556.7251314866	0.92255669188381
6556.7501760818	0.92275031299762
6556.7752207727	0.92755225045339
6556.8002655592	0.93162501448486
6556.8253104414	0.93639598698962
6556.8503554192	0.9418281509882
6556.8754004928	0.94523631794647
6556.9004456619	0.94692675374561
6556.9254909268	0.95036273258372
6556.9505362873	0.95059014481527
6556.9755817449	0.95000997831452
6557.0006272968	0.9474767388199
6557.0256729443	0.94508356269055
6557.0507186874	0.93825748818363
6557.0757645263	0.93094186605621
6557.1008104608	0.9327030614083
6557.125856491	0.93853405114668
6557.1509026168	0.93816218318953
6557.1759488383	0.93739271494386
6557.2009951555	0.93719388684535
6557.2260415683	0.93799030036571
6557.2510880768	0.94046138692723
6557.276134681	0.9404078831642
6557.3011813809	0.93937770218325
6557.3262281764	0.93808526849669
6557.3512750676	0.93803230311611
6557.3763220544	0.93526406752372
6557.401369137	0.9324890428432
6557.4264163152	0.92828643273633
6557.4514635906	0.92579635747391
6557.4765109601	0.92569917227278
6557.5015584253	0.92572104482701
6557.5266059862	0.92318922895756
6557.5516536428	0.92338254789218
6557.576701395	0.92961507578426
6557.601749243	0.9361279051296
6557.6267971866	0.94004768840018
6557.6518452258	0.94286806254174
6557.6768933608	0.94390060294815
6557.7019415914	0.9421590211682
6557.7269899177	0.94026103587024
6557.7520383397	0.93785054399772
6557.7770868573	0.93675060588655
6557.8021354706	0.93294244354341
6557.8271841797	0.92897143494566
6557.8522329843	0.92922353717631
6557.8772818847	0.92956269383733
6557.9023308807	0.92723531640762
6557.9273799725	0.92483150913652
6557.9524291614	0.92268681105443
6557.9774784445	0.91971474786023
6558.0025278232	0.91843617904935
6558.0275772977	0.9193950979137
6558.0526268678	0.91871456899337
6558.0776765336	0.90795977952278
6558.1027262951	0.89892157348684
6558.1277761522	0.89072814864542
6558.1528261051	0.8861797866427
6558.1778761536	0.88639339488953
6558.2029262978	0.89288408057012
6558.2279765377	0.90045807420338
6558.2530268733	0.91703538242373
6558.2780773046	0.93247101724474
6558.3031278315	0.94632327446258
6558.3281784542	0.95271466628205
6558.3532291725	0.95127467837478
6558.3782799865	0.94626620062385
6558.4033308962	0.93821244233994
6558.4283819031	0.93303905660282
6558.4534330041	0.9288049621106
6558.4784842009	0.92658405461606
6558.5035354933	0.92700227940545
6558.5285868815	0.92996362090509
6558.5536383653	0.93317313037975
6558.5786899448	0.93244575058269
6558.60374162	0.93032057314712
6558.6287933909	0.92515838331886
6558.6538452574	0.91957592194624
6558.6788972197	0.91555371433096
6558.7039492777	0.91310122445859
6558.7290014313	0.91051284511665
6558.7540536807	0.90749368545169
6558.7791060257	0.90335495355806
6558.8041584664	0.90057938456203
6558.8292110028	0.89951031489261
6558.8542636349	0.89804097778774
6558.8793163627	0.89587492145703
6558.9043691877	0.89823786515457
6558.9294221069	0.89991484800735
6558.9544751218	0.90538271661177
6558.9795282324	0.90879510194662
6559.0045814386	0.90911715642831
6559.0296347406	0.90602643353648
6559.0546881383	0.89899811748769
6559.0797416316	0.88914470068717
6559.1047952207	0.88034515566404
6559.1298489054	0.87583919867205
6559.1549026859	0.87499169862702
6559.179956562	0.87358380157194
6559.2050105339	0.87265457514992
6559.2300646014	0.87308302333956
6559.2551187646	0.87445949024135
6559.2801730236	0.88334567738362
6559.3052273782	0.88850322075588
6559.3302818285	0.89487760794774
6559.3553363746	0.90010846139368
6559.3803910178	0.90515587951837
6559.4054457553	0.90544781026271
6559.4305005884	0.90330884770629
6559.4555555173	0.90202777884147
6559.4806105418	0.90043024407577
6559.505665662	0.89706726339122
6559.530720878	0.89629140627519
6559.5557761896	0.89275871475565
6559.580831597	0.88840916306915
6559.6058871	0.88624692375794
6559.6309426988	0.88578889486149
6559.6559983933	0.88457208721836
6559.6810541834	0.88134077509446
6559.7061100693	0.87683995033771
6559.7311660509	0.87528231045509
6559.7562221282	0.87557781365059
6559.7812783012	0.87305362585157
6559.8063345699	0.87010438963501
6559.8313909343	0.86812304901864
6559.8564473944	0.86714113832885
6559.8815039517	0.86937737478219
6559.9065606033	0.87019640752035
6559.9316173505	0.86918183859744
6559.9566741934	0.86937383477375
6559.9817311321	0.86854352880133
6560.0067881665	0.86988280340139
6560.0318452965	0.87368273841075
6560.0569025223	0.87462089462017
6560.0819598438	0.87435521447517
6560.107017261	0.87282470595634
6560.1320747739	0.87163900231752
6560.1571323826	0.87014985827911
6560.1821900869	0.86959595640041
6560.207247887	0.86982150314067
6560.2323057827	0.86856747206768
6560.2573637742	0.86754516657729
6560.2824218614	0.86653388511185
6560.3074800443	0.86505941225226
6560.3325383229	0.86052414372705
6560.3575966988	0.85525158001217
6560.3826551688	0.85324593419296
6560.4077137346	0.85183014943014
6560.4327723961	0.85055601383628
6560.4578311533	0.84987606844641
6560.4828900062	0.84663480878693
6560.5079489548	0.8441739599092
6560.5330079992	0.84379008228575
6560.5580671392	0.84212743069475
6560.583126375	0.83918651910065
6560.6081857065	0.83701247134483
6560.6332451337	0.83641088880317
6560.6583046567	0.83353140762331
6560.6833642753	0.83014923364825
6560.7084239897	0.82922638339938
6560.7334837998	0.82714984640688
6560.7585437056	0.82093843499354
6560.7836037072	0.81656033492838
6560.8086638044	0.81364569834771
6560.8337239989	0.81101399518423
6560.8587842876	0.80769966314064
6560.8838446721	0.80689591289071
6560.9089051522	0.80823856525013
6560.9339657281	0.80673282687725
6560.9590263997	0.80411390280043
6560.984087167	0.80443216176424
6561.0091480301	0.80408384840115
6561.0342089888	0.80386724712203
6561.0592700433	0.80285442062214
6561.0843311935	0.80036404920059
6561.1093924395	0.79907182195424
6561.1344537812	0.80002070799628
6561.1595152186	0.8014238956962
6561.1845767517	0.80211578774345
6561.2096383805	0.80131491735894
6561.2347001051	0.79948911354767
6561.2597619254	0.79280106076966
6561.2848238414	0.78633528952112
6561.3098858532	0.78329522715533
6561.3349479622	0.78148031207384
6561.3600101654	0.78086394455823
6561.3850724644	0.77962570623198
6561.4101348591	0.77635565080945
6561.4351973495	0.7726651630894
6561.4602599356	0.77005912187124
6561.4853226175	0.76646415971332
6561.5103853951	0.76335597569795
6561.5354482684	0.76109291657906
6561.5605112375	0.75803167129954
6561.5855743023	0.753838728166
6561.6106374628	0.74834425614702
6561.6357007191	0.74178296387051
6561.6607640711	0.73713629437783
6561.6858275188	0.73524504971014
6561.7108910623	0.73130019966406
6561.7359547015	0.72554124242337
6561.7610184364	0.72227545572602
6561.7860822671	0.71927451072545
6561.811146195	0.71554884918338
6561.8362102172	0.71180038466727
6561.8612743351	0.70959766129859
6561.8863385487	0.70707670519731
6561.911402858	0.70459823783765
6561.9364672631	0.70146483486128
6561.961531764	0.6976173326058
6561.9865963605	0.69458651336081
6562.0116610528	0.69191132442781
6562.0367258409	0.69012277556903
6562.0617907247	0.68935483346685
6562.0868557042	0.68872728145009
6562.1119207795	0.68640992438891
6562.1369859505	0.68593188482488
6562.1620512172	0.68648867673065
6562.1871165797	0.68907148872912
6562.212182038	0.69020207237393
6562.2372475919	0.69108127035371
6562.2623132417	0.68852426047522
6562.2873789886	0.68326458274443
6562.3124448298	0.67467227142862
6562.3375107668	0.6644223355174
6562.3625767995	0.66002713069362
6562.3876429279	0.65747758216346
6562.4127091521	0.65358557659712
6562.437775472	0.65169001326671
6562.4628418877	0.64893239143888
6562.4879083991	0.6450857326741
6562.5129750063	0.64118643916236
6562.5380417092	0.63711236754531
6562.5631085078	0.63383301222489
6562.5881754022	0.63065083312538
6562.6132423924	0.62881082567816
6562.6383094783	0.62639088638115
6562.6633766599	0.62536556292853
6562.6884439373	0.62874540053129
6562.7135113104	0.63267234069556
6562.7385787793	0.63856092313352
6562.7636463455	0.64103359383266
6562.7887140059	0.6381999778695
6562.813781762	0.6370313712384
6562.8388496139	0.63759195079889
6562.8639175616	0.63943409596577
6562.888985605	0.6424574039329
6562.9140537441	0.64516200417414
6562.939121979	0.64821974386926
6562.9641903097	0.64811020978942
6562.9892587361	0.64781271006377
6563.0143272582	0.647892132095
6563.0393958761	0.64773999652209
6563.0644645898	0.64756982903373
6563.0895333992	0.64979735108106
6563.1146023044	0.65410153587215
6563.1396713053	0.65760133446129
6563.164740402	0.66038277951537
6563.1898095945	0.66304361423193
6563.2148788827	0.66487689348711
6563.2399482666	0.6659892786321
6563.2650177478	0.66785631250193
6563.2900873233	0.67272418905515
6563.3151569945	0.67640522223396
6563.3402267615	0.67867146150453
6563.3652966243	0.68081041979134
6563.3903665828	0.68206313941891
6563.415436637	0.68291830390865
6563.4405067871	0.68532545039603
6563.4655770329	0.6891356680845
6563.4906473744	0.69222981446671
6563.5157178117	0.69551930348721
6563.5407883448	0.69959646371605
6563.5658589736	0.70228183445898
6563.5909296982	0.70662718975196
6563.6160005185	0.71285523966002
6563.6410714346	0.71865106884605
6563.6661424465	0.72434537401472
6563.6912135542	0.72729436422276
6563.7162847576	0.72950337931517
6563.7413560582	0.7352942092846
6563.7664274532	0.7414957480998
6563.7914989439	0.74662480341587
6563.8165705303	0.74972557251452
6563.8416422126	0.75298381264276
6563.8667139905	0.75672459889856
6563.8917858643	0.7583047562301
6563.9168578338	0.75957161720266
6563.9419298991	0.76164832991052
6563.9670020602	0.76363675359133
6563.992074317	0.76670139239929
6564.0171466696	0.76813420022962
6564.042219118	0.77122803797718
6564.0672916621	0.77598927227959
6564.092364302	0.78075818589954
6564.1174370377	0.78360073530888
6564.1425098691	0.78800300754454
6564.1675827963	0.79509970516176
6564.1926558193	0.80305014401719
6564.2177289396	0.80960713605342
6564.2428021541	0.82018648078318
6564.2678754644	0.82773560373263
6564.2929488704	0.83337399886936
6564.3180223723	0.83832747305542
6564.3430959699	0.84313849118985
6564.3681696633	0.8450924247389
6564.3932434524	0.84380679861417
6564.4183173374	0.84029441892875
6564.4433913181	0.83743137152122
6564.4684653946	0.84021064906502
6564.4935395668	0.84515407403267
6564.5186138348	0.84508087638189
6564.5436881987	0.84501196194792
6564.5687626582	0.85093614736552
6564.5938372136	0.85766446447191
6564.6189118647	0.86386465617082
6564.6439866116	0.86873785979601
6564.6690614543	0.87203637848778
6564.6941363928	0.87312971015219
6564.7192114286	0.87222672178466
6564.7442865586	0.87037647177267
6564.7693617844	0.86870404693826
6564.794437106	0.86813600627235
6564.8195125233	0.87032325499168
6564.8445880365	0.87324622857834
6564.8696636454	0.87584457552213
6564.8947393501	0.87901877426609
6564.9198151506	0.8802927412122
6564.9448910469	0.87994597690895
6564.9699670389	0.88131453106277
6564.9950431268	0.88499558086768
6565.0201193104	0.88909730035335
6565.0451955898	0.89251151698153
6565.070271965	0.89176618853506
6565.0953484359	0.88748611555013
6565.1204250027	0.88522734499972
6565.1455016652	0.88640884962001
6565.1705784235	0.88783400031772
6565.1956552791	0.88795032036582
6565.220732229	0.88838869288746
6565.2458092747	0.88981952798177
6565.2708864162	0.89061791170292
6565.2959636534	0.89189389290461
6565.3210409864	0.89253182250577
6565.3461184153	0.89021883931361
6565.3711959399	0.8910964262502
6565.3962735603	0.89760160404326
6565.4213512765	0.90243028417781
6565.4464290884	0.90362782869176
6565.4715069962	0.90533429575811
6565.4965849998	0.90911747488099
6565.5216630991	0.91015939747934
6565.5467412942	0.90656635019416
6565.5718195852	0.90465855663041
6565.5968979719	0.90612360083095
6565.6219764544	0.90832104274183
6565.6470550327	0.91150915681479
6565.6721337083	0.91382876862559
6565.6972124782	0.91585170094856
6565.7222913439	0.91675566077718
6565.7473703053	0.91174073431483
6565.7724493626	0.90847128465503
6565.7975285157	0.91457385564606
6565.8226077645	0.92037209044605
6565.8476871091	0.92321781846571
6565.8727665496	0.9268316122767
6565.8978460858	0.9257053575299
6565.9229257179	0.9237106186143
6565.9480054457	0.92293903945494
6565.9730852693	0.92231186232127
6565.9981651887	0.92211314551214
6566.023245204	0.9220944655908
6566.048325315	0.92065095433479
6566.0734055218	0.9191837207567
6566.0984858244	0.9190764898132
6566.1235662228	0.91851933417899
6566.148646717	0.92098602023098
6566.1737273086	0.92298788559545
6566.1988079944	0.93125421742202
6566.223888776	0.93809871992103
6566.2489696534	0.93420574307546
6566.2740506266	0.93019075600045
6566.2991316956	0.92469195052111
6566.3242128605	0.91955075523178
6566.3492941211	0.92646642714132
6566.3743754775	0.93527219998403
6566.3994569297	0.93287079351553
6566.4245384777	0.92953281869583
6566.4496201216	0.93339360565644
6566.4747018612	0.93929254061691
6566.4997836966	0.93932121536083
6566.5248656279	0.93716999234804
6566.5499476549	0.93584883808097
6566.5750297778	0.93459402259884
6566.6001119964	0.93302180487121
6566.6251943109	0.93090016409989
6566.6502767227	0.93097553286068
6566.6753592288	0.93259973875959
6566.7004418307	0.93356983281725
6566.7255245284	0.93401523579316
6566.7506073219	0.93249481616091
6566.7756902112	0.93102522057228
6566.8007731963	0.93109385676751
6566.8258562772	0.93147386395815
6566.8509394539	0.93229228726377
6566.8760227265	0.93336086610214
6566.9011060948	0.92919350867343
6566.926189559	0.92169427516746
6566.951273119	0.91780679440437
6566.9763567748	0.91586910449874
6567.0014405264	0.91594616738601
6567.0265243738	0.91806022223388
6567.051608317	0.92581913822104
6567.0766923561	0.93755509919735
6567.1017764909	0.94366424417611
6567.1268607231	0.94562217363951
6567.1519450496	0.9471145921292
6567.1770294718	0.94641302040164
6567.2021139899	0.94692375284692
6567.2271986039	0.95021376882077
6567.2522833136	0.95169872841699
6567.2773681192	0.94986207355676
6567.3024530205	0.9495701997151
6567.3275380177	0.95152678563009
6567.3526231107	0.94734009341551
6567.3777082995	0.93599894794446
6567.4027935842	0.93070446685748
6567.4278789646	0.93293461293276
6567.4529644409	0.93413068807413
6567.478050013	0.93366540628866
6567.5031356809	0.93346332126961
6567.5282214446	0.93490832037302
6567.5533073042	0.93525607273586
6567.5783932595	0.93125930449229
6567.6034793122	0.9308474959888
6567.6285654592	0.93560130027256
6567.6536517021	0.93848371294659
6567.6787380407	0.93802938248606
6567.7038244752	0.93540236002893
6567.7289110055	0.92766611498153
6567.7539976316	0.92093969457249
6567.7790843535	0.90858391382157
6567.8041711713	0.90146350401699
6567.8292580849	0.89881983636535
6567.8543450943	0.90230344359203
6567.8794321995	0.92112931629357
6567.9045194006	0.93811377655604
6567.9296066975	0.96713850414293
6567.9546940902	0.98318458263889
6567.9797815787	0.99117940708881
6568.0048691631	0.99016908364039
6568.0299568433	0.99307509665226
6568.0550446193	0.99306902494497
6568.0801324911	0.97803891322144
6568.1052204603	0.9668768616359
6568.1303085238	0.95549792476448
6568.1553966831	0.94823363929358
6568.1804849383	0.94214011652824
6568.2055732893	0.94120209732972
6568.2306617361	0.94397982919656
6568.2557502787	0.9470276670813
6568.2808389172	0.94327319702019
6568.3059276515	0.94182002229147
6568.3310164817	0.93524063774047
6568.3561054076	0.92871899633459
6568.3811944294	0.9273834488379
6568.4062835471	0.92426328885582
6568.4313727605	0.91697658512701
6568.4564620698	0.9141210099885
6568.4815514749	0.91194080043023
6568.5066409759	0.90843280748151
6568.5317305727	0.90347618043738
6568.5568202653	0.89886660233615
6568.5819100553	0.90219247181769
6568.6069999396	0.9075148432984
6568.6320899197	0.92130798600869
6568.6571799957	0.93350563184498
6568.6822701675	0.93456682432749
6568.7073604352	0.93150321097495
6568.7324507987	0.92965694984727
6568.757541258	0.9273404383668
6568.7826318131	0.92560878881163
6568.8077224641	0.92596674597911
6568.832813211	0.92400162504675
6568.8579040536	0.9220594677303
6568.8829949921	0.92106762416329
6568.9080860265	0.92011046839252
6568.9331771567	0.91741829496321
6568.9582683827	0.91313024398214
6568.9833597046	0.90861933693131
6569.0084511223	0.90444571446039
6569.0335426358	0.9034128968795
6569.0586342467	0.90442470833757
6569.083725952	0.9037024447431
6569.108817753	0.90439312448592
6569.13390965	0.89792356336661
6569.1590016427	0.88919053895017
6569.1840937313	0.89323213604211
6569.2091859158	0.90259253699957
6569.2342781961	0.90956319499599
6569.2593705722	0.91343219797899
6569.2844630442	0.91492591157453
6569.309555612	0.91423312455429
6569.3346482757	0.91368978473554
6569.3597410352	0.91475979533458
6569.3848338906	0.91650881990962
6569.4099268418	0.91824305430024
6569.4350198889	0.92033304734871
6569.4601130318	0.92276265430901
6569.4852062705	0.93099065896279
6569.5102996051	0.94433694972821
6569.5353930356	0.95121936089521
6569.5604865634	0.95037617091449
6569.5855801856	0.94476887374729
6569.6106739035	0.93619359987293
6569.6357677174	0.93688763804758
6569.6608616271	0.94838052464624
6569.6859556326	0.95190564839887
6569.711049734	0.94695682908021
6569.7361439313	0.94377813322549
6569.7612382244	0.94131517794061
6569.7863326134	0.94384074633727
6569.8114270982	0.94925432585427
6569.8365216788	0.955426687692
6569.8616163554	0.96491024165044
6569.8867111277	0.97231730915588
6569.911805996	0.97762808160192
6569.93690096	0.97828406679909
6569.96199602	0.97406657306466
6569.9870911758	0.96777424651098
6570.0121864274	0.9589365573465
6570.0372817764	0.95694234117183
6570.0623772198	0.96689709751375
6570.087472759	0.97309444563123
6570.112568394	0.96607756950438
6570.137664125	0.96507639996182
6570.1627599518	0.97376830810109
6570.1878558744	0.97634129404645
6570.2129518929	0.96704496856159
6570.2380480073	0.95875048681456
6570.2631442175	0.96051906334125
6570.2882405236	0.96062320188961
6570.3133369255	0.95409818390372
6570.3384334233	0.94884245961858
6570.3635300169	0.94336151934162
6570.3886267065	0.94010317234755
6570.4137234919	0.94913985796969
6570.4388203731	0.95777541216083
6570.4639173502	0.95797536036385
6570.4890144232	0.95586527704802
6570.5141115935	0.9416995907374
6570.5392088582	0.92980807281129
6570.5643062188	0.93654906185506
6570.5894036752	0.94269322202997
6570.6145012275	0.94492347553027
6570.6395988756	0.94760583497496
6570.6646966196	0.94420405247358
6570.6897944595	0.93912705669127
6570.7148923953	0.93631118489292
6570.7399904269	0.93600220318871
6570.7650885543	0.94409119489653
6570.7901867777	0.9508314988465
6570.8152850969	0.95112691410251
6570.840383512	0.95302483089229
6570.8654820229	0.95144783609226
6570.8905806297	0.94994101380416
6570.9156793324	0.94709860870432
6570.940778131	0.94531488871191
6570.9658770254	0.9569454711164
6570.9909760157	0.96624613545586
6571.0160751034	0.9711056382837
6571.0411742854	0.97438192511172
6571.0662735633	0.97415133028071
6571.0913729371	0.9751570426268
6571.1164724067	0.97579672306349
6571.1415719723	0.97650512436014
6571.1666716336	0.96649506032173
6571.1917713909	0.95589330287045
6571.216871244	0.94494693963009
6571.2419711931	0.93597311648248
6571.2670712379	0.92636035990344
6571.2921713787	0.91736076246181
6571.3172716153	0.91115700417774
6571.3423719478	0.91197990931207
6571.3674723762	0.90245055415993
6571.3925729005	0.89773269513515
6571.4176735206	0.91272728242619
6571.4427742366	0.92934430782268
6571.4678750485	0.95275442578551
6571.4929759578	0.96947714500434
6571.5180769614	0.9947028323638
6571.543178061	1.0092006308625
6571.5682792564	1.0246816046464
6571.5933805476	1.0316429211175
6571.6184819348	1.0261776398093
6571.6435834178	1.0200599047496
6571.6686849967	1.0141661505902
6571.6937866715	1.0120430673525
6571.7188884422	1.000810404807
6571.7439903088	0.99318755136653
6571.7690922712	0.98567100698262
6571.7941943295	0.97793040895813
6571.8192964837	0.97489802660944
6571.8443987338	0.97720346567206
6571.8695010798	0.96729287067516
6571.8946035216	0.95453499590083
6571.9197060593	0.95177982535839
6571.944808693	0.95498829469916
6571.969911424	0.9700463867871
6571.9950142494	0.98470664687026
6572.0201171706	0.99178088724257
6572.0452201878	0.99313480621053
6572.0703233008	0.98454403917755
6572.0954265097	0.97090967037001
6572.1205298146	0.96169486157697
6572.1456332153	0.95779610105207
6572.1707367118	0.95364014358226
6572.1958403043	0.95019186806939
6572.2209439927	0.95042130069095
6572.2460477769	0.95176543206895
6572.2711516571	0.95321834079841
6572.2962556331	0.95550016375855
6572.321359705	0.9571531557865
6572.3464638728	0.95799900442979
6572.3715681365	0.94755008361634
6572.3966724961	0.93273640718631
6572.4217769515	0.93563105386611
6572.4468815044	0.94688195990462
6572.4719861517	0.96020780159613
6572.4970908948	0.97467574825063
6572.5221957339	0.97390837421157
6572.5473006688	0.96311122529144
6572.5724056996	0.96088745241465
6572.5975108263	0.96651562324938
6572.622616049	0.96984199697453
6572.6477213675	0.97028502403008
6572.6728267819	0.96373083079438
6572.6979322922	0.95251144117815
6572.7230378984	0.94089566592186
6572.7481436004	0.93091121826606
6572.7732493984	0.92136244619739
6572.7983552923	0.91761764685815
6572.8234612821	0.91494471560653
6572.8485673678	0.91307425750428
6572.8736735493	0.92859719711229
6572.8987798268	0.95308982706039
6572.9238862002	0.98458085360702
6572.9489926709	1.0142575920839
6572.9740992361	1.0308823693811
6572.9992058971	1.035230352245
6573.0243126541	1.0294194184867
6573.049419507	1.0197324222134
6573.0745264557	1.0051350477059
6573.0996335004	0.99063524201954
6573.1247406409	0.9879058391844
6573.1498478774	0.99668673955551
6573.1749552098	1.0001025175983
6573.200062638	0.99499658944106
6573.2251701622	0.99092621693182
6573.2502777823	0.98782505406161
6573.2753854982	0.98429502720266
6573.3004933101	0.9797330581225
6573.3256012179	0.97804428584631
6573.3507092216	0.97947123199918
6573.3758173212	0.97480020460228
6573.4009255167	0.96350572780954
6573.4260338096	0.95612357599285
6573.4511421969	0.95244746505795
6573.4762506801	0.94638405209756
6573.5013592592	0.93772718650929
6573.5264679343	0.92814737882039
6573.5515767052	0.91734994840861
6573.576685572	0.90666786648391
6573.6017945348	0.89667599023625
6573.6269035934	0.90004148956975
6573.652012748	0.91664801540357
6573.6771219985	0.93603132248864
6573.7022313448	0.95449133497626
6573.7273407871	0.97464403665147
6573.7524503253	0.99771892618337
6573.7775599595	1.0152054204082
6573.8026696895	1.0337487779917
6573.8277795154	1.039661747141
6573.8528894373	1.035796926989
6573.877999455	1.0288532906861
6573.9031095702	1.0203316572754
6573.9282197798	1.0111425055043
6573.9533300853	0.99804593519439
6573.9784404867	0.98970026734784
6574.003550984	0.98302663014715
6574.0286615772	0.97347795620434
6574.0537722664	0.95942075230345
6574.0788830515	0.95217339773165
6574.1039939324	0.95718600866267
6574.1291049093	0.95888301287725
6574.1542159822	0.95105026465835
6574.1793271509	0.94151282121739
6574.2044384155	0.9309403962187
6574.2295497761	0.92718868871943
6574.2546612326	0.9329168076439
6574.279772785	0.93641155558076
6574.3048844333	0.93437450191644
6574.3299961775	0.9343121679128
6574.3551080177	0.93760306736204
6574.3802199537	0.94018276183269
6574.4053319873	0.94225836656275
6574.4304441152	0.94283884204386
6574.455556339	0.9390906977841
6574.4806686588	0.93666072452786
6574.5057810744	0.93516222333576
6574.530893586	0.93586195426881
6574.5560061935	0.94134868174101
6574.581118897	0.94291789275657
6574.6062316963	0.93716144812762
6574.6313445916	0.9348597285503
6574.6564575828	0.9419287249343
6574.68157067	0.94696147823311
6574.706683853	0.95207549393774
6574.731797132	0.95463479238035
6574.7569105069	0.94982572425995
6574.7820239777	0.94493316823877
6574.8071375445	0.93337463831748
6574.8322512072	0.92820057260864
6574.8573649658	0.93993565380362
6574.8824788218	0.94860554909361
6574.9075927723	0.94539161027218
6574.9327068187	0.94403800331381
6574.957820961	0.95305155698376
6574.9829351992	0.95948807228674
6575.0080495334	0.96266142040695
6575.0331639635	0.96667353753254
6575.0582784895	0.97130386260193
6575.0833931115	0.97310258271458
6575.1085078294	0.96991994781922
6575.1336226432	0.96813271553618
6575.1587375529	0.96897822855486
6575.1838525586	0.96822975559086
6575.2089676602	0.96177760034166
6575.2340828578	0.95875513174684
6575.2591981513	0.96322821258548
6575.2843135407	0.96303033636947
6575.309429026	0.94720755304342
6575.3345446073	0.93593752188174
6575.359660286	0.94725254316293
6575.3847760591	0.95724477508915
6575.4098919282	0.95782158766591
6575.4350078932	0.95636286211495
6575.4601239542	0.95332906194043
6575.4852401111	0.95448543193328
6575.5103563639	0.95994133626518
6575.5354727126	0.96679714362713
6575.5605891573	0.97694345568264
6575.5857056979	0.98687307923002
6575.6108223345	0.99907407938129
6575.635939067	1.0084275482975
6575.6610558954	1.013567653788
6575.6861728198	1.0150249396454
6575.7112898401	1.0106573600543
6575.7364069564	1.0071715618004
6575.7615241686	1.0021786664425
6575.7866414767	0.99764603035683
6575.8117588808	0.99334237353351
6575.8368763823	0.99065009527889
6575.8619939783	0.99083812116163
6575.8871116702	0.99156058481547
6575.912229458	0.99045691356469
6575.9373473418	0.98831600940568
6575.9624653215	0.99285388134763
6575.9875833972	1.0016868644728
6576.0127015688	1.0158571815542
6576.0378198363	1.0219887048093
6576.0629381998	0.99937920211621
6576.0880566592	0.98245087185847
6576.1131752146	0.98642499718104
6576.138293866	0.99038946424449
6576.1634126132	0.99604631179797
6576.1885314564	1.0004796651271
6576.2136503956	0.99462215747023
6576.2387694307	0.99046090951736
6576.2638885618	0.99086637414465
6576.2890077888	0.99058350705898
6576.3141271117	0.9994579269887
6576.3392465321	1.0084477535707
6576.364366047	1.014931904013
6576.3894856578	1.0194127865556
6576.4146053645	1.0188647300865
6576.4397251672	1.0158857947648
6576.4648450659	1.0027109770941
6576.4899650605	0.99255721438854
6576.515085151	0.99135691232393
6576.5402053375	0.99192286674152
6576.56532562	1.0014586724984
6576.5904459983	1.0078868231054
6576.6155664727	0.99653128443518
6576.640687043	0.98739945907315
6576.6658077093	0.98976497313765
6576.6909284715	0.99321509680536
6576.7160493296	1.0054278611156
6576.7411702837	1.014764401989
6576.7662913338	1.0030086202395
6576.7914124798	0.99250695164111
6576.8165337233	0.9961367150744
6576.8416550613	1.0015884264705
6576.8667764951	1.0096725506151
6576.891898025	1.0140055351737
6576.9170196508	1.0097867495984
6576.9421413725	1.0077225268089
6576.9672631903	1.0045741878847
6576.9923851039	1.0038549818995
6577.0175071136	1.0185396061594
6577.0426292191	1.0280518819333
6577.0677514207	1.0128931955164
6577.0928737182	1.00108293545
6577.1179961116	1.0033988780029
6577.1431186011	1.004580585182
6577.1682411865	1.0000434757913
6577.1933638678	0.99595145101444
6577.2184866451	0.99022760549993
6577.2436095184	0.98586016901651
6577.2687324876	0.99834983617396
6577.2938555543	1.0094959219769
6577.3189787154	1.0076047091029
6577.3441019725	1.0058391209391
6577.3692253256	1.0078717100746
6577.3943487747	1.0092715282141
6577.4194723197	1.0028011600425
6577.4445959606	0.99792617323618
6577.4697196976	0.9969816951557
6577.4948435304	0.99854276887199
6577.5199674593	1.0159353877042
6577.5450914841	1.0280850079626
6577.5702156049	1.0125119862409
6577.5953398217	1.0014515117604
6577.6204641344	1.0241258009055
6577.6455885431	1.0411426465778
6577.6707130478	1.0227330965088
6577.6958376484	1.00793042727
6577.720962345	1.021614289497
6577.7460871375	1.0329018012104
6577.7712120261	1.0278362760621
6577.7963370121	1.0231469109107
6577.8214620925	1.0184644609872
6577.846587269	1.0147352194699
6577.8717125414	1.0178824228524
6577.8968379098	1.0217459081463
6577.9219633741	1.015174134838
6577.9470889344	1.0092363138021
6577.9722145907	1.013347740969
6577.997340343	1.0185733639125
6578.0224661912	1.0270404381096
6578.0475921354	1.0332736235856
6578.0727181756	1.0333069911296
6578.0978443118	1.0326260216354
6578.1229705439	1.0298463020042
6578.148096872	1.0238907863298
6578.1732232961	1.0071462459917
6578.1983498161	0.99529810357672
6578.2234764322	1.0082237640547
6578.2486031442	1.0195602932116
6578.2737299537	1.020640642092
6578.2988568576	1.0212393878044
6578.3239838576	1.0141447665521
6578.3491109535	1.0077199959333
6578.3742381453	1.0099576773134
6578.3993654332	1.0123862469016
6578.4244928171	1.0088270370705
6578.4496202969	1.0049214255609
6578.4747478727	1.0050466541524
6578.4998755445	1.0080260384317
6578.5250033122	1.0151821332174
6578.550131176	1.0215708957116
6578.5752591357	1.0235181384407
6578.6003871914	1.0244792317342
6578.6255153431	1.0233140544594
6578.6506435907	1.0221049794777
6578.6757719344	1.0242159743494
6578.700900374	1.0265023076923
6578.7260289096	1.0291744839811
6578.7511575427	1.0325562553079
6578.7762862703	1.031557702572
6578.8014150939	1.034905008327
6578.8265440134	1.0499822262896
6578.8516730289	1.0572045933404
6578.8768021404	1.0366653981642
6578.9019313479	1.0283235345922
6578.9270606514	1.0604951014551
6578.9521900509	1.0811193454515
6578.9773195464	1.0723143608206
6579.0024491378	1.0581336524864
6579.0275788252	1.0379446016391
6579.0527086087	1.023119932027
6579.0778384881	1.0209252337873
6579.1029684635	1.0189680537758
6579.1280985348	1.0179593506025
6579.1532287022	1.0192314020624
6579.1783589656	1.0274366158215
6579.2034893249	1.0348211682079
6579.2286197803	1.0337753935942
6579.2537503331	1.0349608213543
6579.2788809804	1.0365178917621
6579.3040117237	1.0377743614234
6579.329142563	1.0367818665214
6579.3542734983	1.0362865502181
6579.3794045296	1.0336860167223
6579.4045356569	1.0262529616348
6579.4296668802	1.0093737241023
6579.4547981994	0.99753745172922
6579.4799296147	0.9950789163996
6579.505061126	0.99178703673908
6579.5301927332	0.98836017771599
6579.5553244364	0.99308772424959
6579.5804562357	1.0142320256887
6579.6055881309	1.0272025911476
6579.6307201221	1.0229306252762
6579.6558522094	1.0166924582936
6579.6809843926	1.0065883007749
6579.7061166718	0.99800409643503
6579.7312490485	0.99391254147197
6579.7563815198	0.99097713015923
6579.781514087	0.98576276669052
6579.8066467502	0.98641282465783
6579.8317795094	0.99834188705683
6579.8569123646	1.015582976593
6579.8820453158	1.0375749208508
6579.907178363	1.0562766553084
6579.9323115062	1.0742023168002
6579.9574447454	1.0843438352633
6579.9825780806	1.0886567825621
6580.0077115118	1.0847693288061
6580.032845039	1.0744310959502
6580.0579786623	1.0644857180636
6580.0831123815	1.0548530948185
6580.1082461967	1.0389617265126
6580.1333801079	1.0083760224466
6580.1585141151	0.9901005962522
6580.1836482184	0.9906193355774
6580.2087824191	0.99545392372825
6580.2339167144	1.0068511063135
6580.2590511056	1.0220114860252
6580.2841855929	1.039419464456
6580.3093201761	1.0441253924596
6580.3344548554	1.0298226417166
6580.3595896306	1.0293872904288
6580.3847245019	1.0374130428106
6580.4098594692	1.0387403305605
6580.4349945325	1.0283138394717
6580.4601296918	1.0223925057609
6580.4852649471	1.0236379519791
6580.5104002984	1.0220156570938
6580.5355357457	1.0158735130594
6580.5606712891	1.0129909309683
6580.5858069284	1.0145840480319
6580.6109426637	1.0163213774414
6580.6360784951	1.0189274757008
6580.6612144225	1.0224218301984
6580.6863504474	1.0252913800397
6580.7114865668	1.0284826061869
6580.7366227822	1.0311596402683
6580.7617590936	1.0293792723301
6580.786895501	1.0185228303225
6580.8120320045	1.0046911939451
6580.8371686039	0.9858448218281
6580.8623052994	0.9846006793154
6580.8874420909	0.99967364597664
6580.9125789784	1.0108431579373
6580.9377159619	1.0219287317317
6580.9628530415	1.0208025698975
6580.987990217	1.0076727061683
6581.0131274886	1.0063429334092
6581.0382648561	0.98396190668496
6581.0634023197	1.0424759145818
6581.0885398794	1.006572558193
6581.113677535	1.030525130013
6581.1388152866	1.061692893309
6581.1639531343	1.054814421181
6581.1890910795	1.0526360408752
6581.2142291192	1.0496142986331
6581.2393672549	1.0564630792423
6581.2645054867	1.0113686323734
6581.2896438144	0.98257729574567
6581.3147822382	0.97631374306529
6581.339920758	0.97778578201487
6581.3650593738	0.98346104172866
6581.3901980857	1.0136187250088
6581.4153368936	1.0263329987413
6581.4404757975	1.0207467395128
6581.4656147974	1.0104154506593
6581.4907538933	0.9973548813203
6581.5158930853	0.98973039427134
6581.5410323732	0.997480333132
6581.5661717573	1.0133069247193
6581.5913112373	1.0217751244656
6581.6164508133	1.0199615458463
6581.6415904854	1.0184617890373
6581.6667302551	1.0191329512119
6581.6918701192	1.016830747456
6581.7170100793	1.0076981302024
6581.7421501355	1.0188043609566
6581.7672902877	1.0303870908937
6581.792430536	1.037125257804
6581.8175708803	1.04133788407
6581.8427113205	1.0471387951166
6581.8678518569	1.0450653013827
6581.8929924892	1.0509999311172
6581.9181332176	1.0478186873615
6581.943274042	1.0395887380194
6581.9684149625	1.0034629997996
6581.9935559789	1.0154884488164
6582.0186970914	1.0743024455569
