28.6792
30.059
38.1727
33.1103
35.1287
47.8845
66.3956
84.972
87.4706
63.9032
24.332
20.3421
21.416
20.0559
28.6505
63.2155
92.3498
39.5494
37.5622
-22.4226
-21.1921
-24.8783
-28.1026
-27.6187
-21.1653
34.2693
30.4954
26.9592
13.8307
30.8566
34.3
27.9216
61.3644
63.1825
62.7839
61.6116
58.8715
90.9065
38.0653
50.2788
55.6169
19.2847
19.4272
17.9537
35.549921054081
30.059
38.1727
33.1103
35.1287
47.8845
66.3956
84.972
87.4706
63.9032
24.332
20.3421
21.416
20.0559
28.6505
63.2155
92.3498
39.5494
37.5622
-22.4226
-21.1921
-24.8783
-28.1026
-27.6187
-21.1653
34.2693
30.4954
26.9592
13.8307
30.8566
34.3
27.9216
61.3644
63.1825
62.7839
61.6116
58.8715
90.9065
38.0653
50.2788
55.6169
19.2847
19.4272
17.9537
28.6792
36.929721054081
38.1727
33.1103
35.1287
47.8845
66.3956
84.972
87.4706
63.9032
24.332
20.3421
21.416
20.0559
28.6505
63.2155
92.3498
39.5494
37.5622
-22.4226
-21.1921
-24.8783
-28.1026
-27.6187
-21.1653
34.2693
30.4954
26.9592
13.8307
30.8566
34.3
27.9216
61.3644
63.1825
62.7839
61.6116
58.8715
90.9065
38.0653
50.2788
55.6169
19.2847
19.4272
17.9537
28.6792
30.059
45.043421054081
33.1103
35.1287
47.8845
66.3956
84.972
87.4706
63.9032
24.332
20.3421
21.416
20.0559
28.6505
63.2155
92.3498
39.5494
37.5622
-22.4226
-21.1921
-24.8783
-28.1026
-27.6187
-21.1653
34.2693
30.4954
26.9592
13.8307
30.8566
34.3
27.9216
61.3644
63.1825
62.7839
61.6116
58.8715
90.9065
38.0653
50.2788
55.6169
19.2847
19.4272
17.9537
28.6792
30.059
38.1727
39.981021054081
35.1287
47.8845
66.3956
84.972
87.4706
63.9032
24.332
20.3421
21.416
20.0559
28.6505
63.2155
92.3498
39.5494
37.5622
-22.4226
-21.1921
-24.8783
-28.1026
-27.6187
-21.1653
34.2693
30.4954
26.9592
13.8307
30.8566
34.3
27.9216
61.3644
63.1825
62.7839
61.6116
58.8715
90.9065
38.0653
50.2788
55.6169
19.2847
19.4272
17.9537
28.6792
30.059
38.1727
33.1103
41.999421054081
47.8845
66.3956
84.972
87.4706
63.9032
24.332
20.3421
21.416
20.0559
28.6505
63.2155
92.3498
39.5494
37.5622
-22.4226
-21.1921
-24.8783
-28.1026
-27.6187
-21.1653
34.2693
30.4954
26.9592
13.8307
30.8566
34.3
27.9216
61.3644
63.1825
62.7839
61.6116
58.8715
90.9065
38.0653
50.2788
55.6169
19.2847
19.4272
17.9537
28.6792
30.059
38.1727
33.1103
35.1287
54.755221054081
66.3956
84.972
87.4706
63.9032
24.332
20.3421
21.416
20.0559
28.6505
63.2155
92.3498
39.5494
37.5622
-22.4226
-21.1921
-24.8783
-28.1026
-27.6187
-21.1653
34.2693
30.4954
26.9592
13.8307
30.8566
34.3
27.9216
61.3644
63.1825
62.7839
61.6116
58.8715
90.9065
38.0653
50.2788
55.6169
19.2847
19.4272
17.9537
28.6792
30.059
38.1727
33.1103
35.1287
47.8845
73.266321054081
84.972
87.4706
63.9032
24.332
20.3421
21.416
20.0559
28.6505
63.2155
92.3498
39.5494
37.5622
-22.4226
-21.1921
-24.8783
-28.1026
-27.6187
-21.1653
34.2693
30.4954
26.9592
13.8307
30.8566
34.3
27.9216
61.3644
63.1825
62.7839
61.6116
58.8715
90.9065
38.0653
50.2788
55.6169
19.2847
19.4272
17.9537
28.6792
30.059
38.1727
33.1103
35.1287
47.8845
66.3956
91.842721054081
87.4706
63.9032
24.332
20.3421
21.416
20.0559
28.6505
63.2155
92.3498
39.5494
37.5622
-22.4226
-21.1921
-24.8783
-28.1026
-27.6187
-21.1653
34.2693
30.4954
26.9592
13.8307
30.8566
34.3
27.9216
61.3644
63.1825
62.7839
61.6116
58.8715
90.9065
38.0653
50.2788
55.6169
19.2847
19.4272
17.9537
28.6792
30.059
38.1727
33.1103
35.1287
47.8845
66.3956
84.972
94.341321054081
63.9032
24.332
20.3421
21.416
20.0559
28.6505
63.2155
92.3498
39.5494
37.5622
-22.4226
-21.1921
-24.8783
-28.1026
-27.6187
-21.1653
34.2693
30.4954
26.9592
13.8307
30.8566
34.3
27.9216
61.3644
63.1825
62.7839
61.6116
58.8715
90.9065
38.0653
50.2788
55.6169
19.2847
19.4272
17.9537
28.6792
30.059
38.1727
33.1103
35.1287
47.8845
66.3956
84.972
87.4706
70.773921054081
24.332
20.3421
21.416
20.0559
28.6505
63.2155
92.3498
39.5494
37.5622
-22.4226
-21.1921
-24.8783
-28.1026
-27.6187
-21.1653
34.2693
30.4954
26.9592
13.8307
30.8566
34.3
27.9216
61.3644
63.1825
62.7839
61.6116
58.8715
90.9065
38.0653
50.2788
55.6169
19.2847
19.4272
17.9537
28.6792
30.059
38.1727
33.1103
35.1287
47.8845
66.3956
84.972
87.4706
63.9032
31.202721054081
20.3421
21.416
20.0559
28.6505
63.2155
92.3498
39.5494
37.5622
-22.4226
-21.1921
-24.8783
-28.1026
-27.6187
-21.1653
34.2693
30.4954
26.9592
13.8307
30.8566
34.3
27.9216
61.3644
63.1825
62.7839
61.6116
58.8715
90.9065
38.0653
50.2788
55.6169
19.2847
19.4272
17.9537
28.6792
30.059
38.1727
33.1103
35.1287
47.8845
66.3956
84.972
87.4706
63.9032
24.332
27.212821054081
21.416
20.0559
28.6505
63.2155
92.3498
39.5494
37.5622
-22.4226
-21.1921
-24.8783
-28.1026
-27.6187
-21.1653
34.2693
30.4954
26.9592
13.8307
30.8566
34.3
27.9216
61.3644
63.1825
62.7839
61.6116
58.8715
90.9065
38.0653
50.2788
55.6169
19.2847
19.4272
17.9537
28.6792
30.059
38.1727
33.1103
35.1287
47.8845
66.3956
84.972
87.4706
63.9032
24.332
20.3421
28.286721054081
20.0559
28.6505
63.2155
92.3498
39.5494
37.5622
-22.4226
-21.1921
-24.8783
-28.1026
-27.6187
-21.1653
34.2693
30.4954
26.9592
13.8307
30.8566
34.3
27.9216
61.3644
63.1825
62.7839
61.6116
58.8715
90.9065
38.0653
50.2788
55.6169
19.2847
19.4272
17.9537
28.6792
30.059
38.1727
33.1103
35.1287
47.8845
66.3956
84.972
87.4706
63.9032
24.332
20.3421
21.416
26.926621054081
28.6505
63.2155
92.3498
39.5494
37.5622
-22.4226
-21.1921
-24.8783
-28.1026
-27.6187
-21.1653
34.2693
30.4954
26.9592
13.8307
30.8566
34.3
27.9216
61.3644
63.1825
62.7839
61.6116
58.8715
90.9065
38.0653
50.2788
55.6169
19.2847
19.4272
17.9537
28.6792
30.059
38.1727
33.1103
35.1287
47.8845
66.3956
84.972
87.4706
63.9032
24.332
20.3421
21.416
20.0559
35.521221054081
63.2155
92.3498
39.5494
37.5622
-22.4226
-21.1921
-24.8783
-28.1026
-27.6187
-21.1653
34.2693
30.4954
26.9592
13.8307
30.8566
34.3
27.9216
61.3644
63.1825
62.7839
61.6116
58.8715
90.9065
38.0653
50.2788
55.6169
19.2847
19.4272
17.9537
28.6792
30.059
38.1727
33.1103
35.1287
47.8845
66.3956
84.972
87.4706
63.9032
24.332
20.3421
21.416
20.0559
28.6505
70.086221054081
92.3498
39.5494
37.5622
-22.4226
-21.1921
-24.8783
-28.1026
-27.6187
-21.1653
34.2693
30.4954
26.9592
13.8307
30.8566
34.3
27.9216
61.3644
63.1825
62.7839
61.6116
58.8715
90.9065
38.0653
50.2788
55.6169
19.2847
19.4272
17.9537
28.6792
30.059
38.1727
33.1103
35.1287
47.8845
66.3956
84.972
87.4706
63.9032
24.332
20.3421
21.416
20.0559
28.6505
63.2155
99.220521054081
39.5494
37.5622
-22.4226
-21.1921
-24.8783
-28.1026
-27.6187
-21.1653
34.2693
30.4954
26.9592
13.8307
30.8566
34.3
27.9216
61.3644
63.1825
62.7839
61.6116
58.8715
90.9065
38.0653
50.2788
55.6169
19.2847
19.4272
17.9537
28.6792
30.059
38.1727
33.1103
35.1287
47.8845
66.3956
84.972
87.4706
63.9032
24.332
20.3421
21.416
20.0559
28.6505
63.2155
92.3498
46.420121054081
37.5622
-22.4226
-21.1921
-24.8783
-28.1026
-27.6187
-21.1653
34.2693
30.4954
26.9592
13.8307
30.8566
34.3
27.9216
61.3644
63.1825
62.7839
61.6116
58.8715
90.9065
38.0653
50.2788
55.6169
19.2847
19.4272
17.9537
28.6792
30.059
38.1727
33.1103
35.1287
47.8845
66.3956
84.972
87.4706
63.9032
24.332
20.3421
21.416
20.0559
28.6505
63.2155
92.3498
39.5494
44.432921054081
-22.4226
-21.1921
-24.8783
-28.1026
-27.6187
-21.1653
34.2693
30.4954
26.9592
13.8307
30.8566
34.3
27.9216
61.3644
63.1825
62.7839
61.6116
58.8715
90.9065
38.0653
50.2788
55.6169
19.2847
19.4272
17.9537
28.6792
30.059
38.1727
33.1103
35.1287
47.8845
66.3956
84.972
87.4706
63.9032
24.332
20.3421
21.416
20.0559
28.6505
63.2155
92.3498
39.5494
37.5622
-15.551878945919
-21.1921
-24.8783
-28.1026
-27.6187
-21.1653
34.2693
30.4954
26.9592
13.8307
30.8566
34.3
27.9216
61.3644
63.1825
62.7839
61.6116
58.8715
90.9065
38.0653
50.2788
55.6169
19.2847
19.4272
17.9537
28.6792
30.059
38.1727
33.1103
35.1287
47.8845
66.3956
84.972
87.4706
63.9032
24.332
20.3421
21.416
20.0559
28.6505
63.2155
92.3498
39.5494
37.5622
-22.4226
-14.321378945919
-24.8783
-28.1026
-27.6187
-21.1653
34.2693
30.4954
26.9592
13.8307
30.8566
34.3
27.9216
61.3644
63.1825
62.7839
61.6116
58.8715
90.9065
38.0653
50.2788
55.6169
19.2847
19.4272
17.9537
28.6792
30.059
38.1727
33.1103
35.1287
47.8845
66.3956
84.972
87.4706
63.9032
24.332
20.3421
21.416
20.0559
28.6505
63.2155
92.3498
39.5494
37.5622
-22.4226
-21.1921
-18.007578945919
-28.1026
-27.6187
-21.1653
34.2693
30.4954
26.9592
13.8307
30.8566
34.3
27.9216
61.3644
63.1825
62.7839
61.6116
58.8715
90.9065
38.0653
50.2788
55.6169
19.2847
19.4272
17.9537
28.6792
30.059
38.1727
33.1103
35.1287
47.8845
66.3956
84.972
87.4706
63.9032
24.332
20.3421
21.416
20.0559
28.6505
63.2155
92.3498
39.5494
37.5622
-22.4226
-21.1921
-24.8783
-21.231878945919
-27.6187
-21.1653
34.2693
30.4954
26.9592
13.8307
30.8566
34.3
27.9216
61.3644
63.1825
62.7839
61.6116
58.8715
90.9065
38.0653
50.2788
55.6169
19.2847
19.4272
17.9537
28.6792
30.059
38.1727
33.1103
35.1287
47.8845
66.3956
84.972
87.4706
63.9032
24.332
20.3421
21.416
20.0559
28.6505
63.2155
92.3498
39.5494
37.5622
-22.4226
-21.1921
-24.8783
-28.1026
-20.747978945919
-21.1653
34.2693
30.4954
26.9592
13.8307
30.8566
34.3
27.9216
61.3644
63.1825
62.7839
61.6116
58.8715
90.9065
38.0653
50.2788
55.6169
19.2847
19.4272
17.9537
28.6792
30.059
38.1727
33.1103
35.1287
47.8845
66.3956
84.972
87.4706
63.9032
24.332
20.3421
21.416
20.0559
28.6505
63.2155
92.3498
39.5494
37.5622
-22.4226
-21.1921
-24.8783
-28.1026
-27.6187
-14.294578945919
34.2693
30.4954
26.9592
13.8307
30.8566
34.3
27.9216
61.3644
63.1825
62.7839
61.6116
58.8715
90.9065
38.0653
50.2788
55.6169
19.2847
19.4272
17.9537
28.6792
30.059
38.1727
33.1103
35.1287
47.8845
66.3956
84.972
87.4706
63.9032
24.332
20.3421
21.416
20.0559
28.6505
63.2155
92.3498
39.5494
37.5622
-22.4226
-21.1921
-24.8783
-28.1026
-27.6187
-21.1653
41.140021054081
30.4954
26.9592
13.8307
30.8566
34.3
27.9216
61.3644
63.1825
62.7839
61.6116
58.8715
90.9065
38.0653
50.2788
55.6169
19.2847
19.4272
17.9537
28.6792
30.059
38.1727
33.1103
35.1287
47.8845
66.3956
84.972
87.4706
63.9032
24.332
20.3421
21.416
20.0559
28.6505
63.2155
92.3498
39.5494
37.5622
-22.4226
-21.1921
-24.8783
-28.1026
-27.6187
-21.1653
34.2693
37.366121054081
26.9592
13.8307
30.8566
34.3
27.9216
61.3644
63.1825
62.7839
61.6116
58.8715
90.9065
38.0653
50.2788
55.6169
19.2847
19.4272
17.9537
28.6792
30.059
38.1727
33.1103
35.1287
47.8845
66.3956
84.972
87.4706
63.9032
24.332
20.3421
21.416
20.0559
28.6505
63.2155
92.3498
39.5494
37.5622
-22.4226
-21.1921
-24.8783
-28.1026
-27.6187
-21.1653
34.2693
30.4954
33.829921054081
13.8307
30.8566
34.3
27.9216
61.3644
63.1825
62.7839
61.6116
58.8715
90.9065
38.0653
50.2788
55.6169
19.2847
19.4272
17.9537
28.6792
30.059
38.1727
33.1103
35.1287
47.8845
66.3956
84.972
87.4706
63.9032
24.332
20.3421
21.416
20.0559
28.6505
63.2155
92.3498
39.5494
37.5622
-22.4226
-21.1921
-24.8783
-28.1026
-27.6187
-21.1653
34.2693
30.4954
26.9592
20.701421054081
30.8566
34.3
27.9216
61.3644
63.1825
62.7839
61.6116
58.8715
90.9065
38.0653
50.2788
55.6169
19.2847
19.4272
17.9537
28.6792
30.059
38.1727
33.1103
35.1287
47.8845
66.3956
84.972
87.4706
63.9032
24.332
20.3421
21.416
20.0559
28.6505
63.2155
92.3498
39.5494
37.5622
-22.4226
-21.1921
-24.8783
-28.1026
-27.6187
-21.1653
34.2693
30.4954
26.9592
13.8307
37.727321054081
34.3
27.9216
61.3644
63.1825
62.7839
61.6116
58.8715
90.9065
38.0653
50.2788
55.6169
19.2847
19.4272
17.9537
28.6792
30.059
38.1727
33.1103
35.1287
47.8845
66.3956
84.972
87.4706
63.9032
24.332
20.3421
21.416
20.0559
28.6505
63.2155
92.3498
39.5494
37.5622
-22.4226
-21.1921
-24.8783
-28.1026
-27.6187
-21.1653
34.2693
30.4954
26.9592
13.8307
30.8566
41.170721054081
27.9216
61.3644
63.1825
62.7839
61.6116
58.8715
90.9065
38.0653
50.2788
55.6169
19.2847
19.4272
17.9537
28.6792
30.059
38.1727
33.1103
35.1287
47.8845
66.3956
84.972
87.4706
63.9032
24.332
20.3421
21.416
20.0559
28.6505
63.2155
92.3498
39.5494
37.5622
-22.4226
-21.1921
-24.8783
-28.1026
-27.6187
-21.1653
34.2693
30.4954
26.9592
13.8307
30.8566
34.3
34.792321054081
61.3644
63.1825
62.7839
61.6116
58.8715
90.9065
38.0653
50.2788
55.6169
19.2847
19.4272
17.9537
28.6792
30.059
38.1727
33.1103
35.1287
47.8845
66.3956
84.972
87.4706
63.9032
24.332
20.3421
21.416
20.0559
28.6505
63.2155
92.3498
39.5494
37.5622
-22.4226
-21.1921
-24.8783
-28.1026
-27.6187
-21.1653
34.2693
30.4954
26.9592
13.8307
30.8566
34.3
27.9216
68.235121054081
63.1825
62.7839
61.6116
58.8715
90.9065
38.0653
50.2788
55.6169
19.2847
19.4272
17.9537
28.6792
30.059
38.1727
33.1103
35.1287
47.8845
66.3956
84.972
87.4706
63.9032
24.332
20.3421
21.416
20.0559
28.6505
63.2155
92.3498
39.5494
37.5622
-22.4226
-21.1921
-24.8783
-28.1026
-27.6187
-21.1653
34.2693
30.4954
26.9592
13.8307
30.8566
34.3
27.9216
61.3644
70.053221054081
62.7839
61.6116
58.8715
90.9065
38.0653
50.2788
55.6169
19.2847
19.4272
17.9537
28.6792
30.059
38.1727
33.1103
35.1287
47.8845
66.3956
84.972
87.4706
63.9032
24.332
20.3421
21.416
20.0559
28.6505
63.2155
92.3498
39.5494
37.5622
-22.4226
-21.1921
-24.8783
-28.1026
-27.6187
-21.1653
34.2693
30.4954
26.9592
13.8307
30.8566
34.3
27.9216
61.3644
63.1825
69.654621054081
61.6116
58.8715
90.9065
38.0653
50.2788
55.6169
19.2847
19.4272
17.9537
28.6792
30.059
38.1727
33.1103
35.1287
47.8845
66.3956
84.972
87.4706
63.9032
24.332
20.3421
21.416
20.0559
28.6505
63.2155
92.3498
39.5494
37.5622
-22.4226
-21.1921
-24.8783
-28.1026
-27.6187
-21.1653
34.2693
30.4954
26.9592
13.8307
30.8566
34.3
27.9216
61.3644
63.1825
62.7839
68.482321054081
58.8715
90.9065
38.0653
50.2788
55.6169
19.2847
19.4272
17.9537
28.6792
30.059
38.1727
33.1103
35.1287
47.8845
66.3956
84.972
87.4706
63.9032
24.332
20.3421
21.416
20.0559
28.6505
63.2155
92.3498
39.5494
37.5622
-22.4226
-21.1921
-24.8783
-28.1026
-27.6187
-21.1653
34.2693
30.4954
26.9592
13.8307
30.8566
34.3
27.9216
61.3644
63.1825
62.7839
61.6116
65.742221054081
90.9065
38.0653
50.2788
55.6169
19.2847
19.4272
17.9537
28.6792
30.059
38.1727
33.1103
35.1287
47.8845
66.3956
84.972
87.4706
63.9032
24.332
20.3421
21.416
20.0559
28.6505
63.2155
92.3498
39.5494
37.5622
-22.4226
-21.1921
-24.8783
-28.1026
-27.6187
-21.1653
34.2693
30.4954
26.9592
13.8307
30.8566
34.3
27.9216
61.3644
63.1825
62.7839
61.6116
58.8715
97.777221054081
38.0653
50.2788
55.6169
19.2847
19.4272
17.9537
28.6792
30.059
38.1727
33.1103
35.1287
47.8845
66.3956
84.972
87.4706
63.9032
24.332
20.3421
21.416
20.0559
28.6505
63.2155
92.3498
39.5494
37.5622
-22.4226
-21.1921
-24.8783
-28.1026
-27.6187
-21.1653
34.2693
30.4954
26.9592
13.8307
30.8566
34.3
27.9216
61.3644
63.1825
62.7839
61.6116
58.8715
90.9065
44.936021054081
50.2788
55.6169
19.2847
19.4272
17.9537
28.6792
30.059
38.1727
33.1103
35.1287
47.8845
66.3956
84.972
87.4706
63.9032
24.332
20.3421
21.416
20.0559
28.6505
63.2155
92.3498
39.5494
37.5622
-22.4226
-21.1921
-24.8783
-28.1026
-27.6187
-21.1653
34.2693
30.4954
26.9592
13.8307
30.8566
34.3
27.9216
61.3644
63.1825
62.7839
61.6116
58.8715
90.9065
38.0653
57.149521054081
55.6169
19.2847
19.4272
17.9537
28.6792
30.059
38.1727
33.1103
35.1287
47.8845
66.3956
84.972
87.4706
63.9032
24.332
20.3421
21.416
20.0559
28.6505
63.2155
92.3498
39.5494
37.5622
-22.4226
-21.1921
-24.8783
-28.1026
-27.6187
-21.1653
34.2693
30.4954
26.9592
13.8307
30.8566
34.3
27.9216
61.3644
63.1825
62.7839
61.6116
58.8715
90.9065
38.0653
50.2788
62.487621054081
19.2847
19.4272
17.9537
28.6792
30.059
38.1727
33.1103
35.1287
47.8845
66.3956
84.972
87.4706
63.9032
24.332
20.3421
21.416
20.0559
28.6505
63.2155
92.3498
39.5494
37.5622
-22.4226
-21.1921
-24.8783
-28.1026
-27.6187
-21.1653
34.2693
30.4954
26.9592
13.8307
30.8566
34.3
27.9216
61.3644
63.1825
62.7839
61.6116
58.8715
90.9065
38.0653
50.2788
55.6169
26.155421054081
19.4272
17.9537
28.6792
30.059
38.1727
33.1103
35.1287
47.8845
66.3956
84.972
87.4706
63.9032
24.332
20.3421
21.416
20.0559
28.6505
63.2155
92.3498
39.5494
37.5622
-22.4226
-21.1921
-24.8783
-28.1026
-27.6187
-21.1653
34.2693
30.4954
26.9592
13.8307
30.8566
34.3
27.9216
61.3644
63.1825
62.7839
61.6116
58.8715
90.9065
38.0653
50.2788
55.6169
19.2847
26.297921054081
17.9537
28.6792
30.059
38.1727
33.1103
35.1287
47.8845
66.3956
84.972
87.4706
63.9032
24.332
20.3421
21.416
20.0559
28.6505
63.2155
92.3498
39.5494
37.5622
-22.4226
-21.1921
-24.8783
-28.1026
-27.6187
-21.1653
34.2693
30.4954
26.9592
13.8307
30.8566
34.3
27.9216
61.3644
63.1825
62.7839
61.6116
58.8715
90.9065
38.0653
50.2788
55.6169
19.2847
19.4272
24.824421054081
